# Number of parameters = 199 Objective function value = 16587.7426837377  Maximum gradient component = 2.17543460783256e-05
# ln_yr1N:
 10.0427042082637 9.87735134974031 9.08849523083324 6.09944912183895 -363.874198404845
 -5.45472762739264 11.9381436340521 9.57074721465877 8.89213756226772 8.62974607563096
 10.3373808134117 -24.0671884593252 7.72822782631480 6.73100602370841 -0.957079077643889
 -148.529100266275 10.6505809169766 10.2146435455310 7.32772431467044 1.83358249028159
# recruitment_alpha:
 0.00000000000000 0.00000000000000 0.00000000000000 0.00000000000000
# recruitment_shape:
 0.00000000000000 0.00000000000000 0.00000000000000 0.00000000000000
# recruitment_beta:
 0.00000000000000 0.00000000000000 0.00000000000000 0.00000000000000
# ln_avg_recruitment:
 7.38050932309186 13.1680589310302 9.37201365563793 11.0890090144014
# recruitment_devs:
 0.0546250469559708 3.21002305282977 0.309806965293550 0.233245450119312 2.86768797266516 0.552917243217103 0.256645629711608 3.79102082533545 0.115210659881820 2.28747291636882 0.171356766872376 -0.0668509463031442 -0.144155485909282 -0.283632406588430 -0.423493582734306 0.685082476617625 2.90977520818425 0.173796213570688 1.55698299439595 0.594925634841711 0.213779160179222 -0.128749167566104 -0.562829922711986 -0.782373888181007 -0.429277022442024 1.24479897112109 -0.0932216280504634 -0.991305866463281 -1.56506023972693 -1.83194551849283 -1.90779523269972 -1.91117365298173 -1.53081030357559 -0.730048981831293 -0.948155825216594 -1.33089778364563 -1.62416676137568 -1.97357475262735 -1.75468867687356 -0.745959505658504 0.531014001518664
 -1.02596464582419 -1.88987743061435 -2.43253975180799 -1.44766844719321 -1.68751234875400 -1.82564777603651 -1.29564507060739 -1.95436618497627 0.204299406840766 -0.601536147418332 -1.50601660384742 -3.07734281904718 -4.59534953318478 -5.25240752820557 -4.12988579316049 1.91299992992329 1.48273939038861 2.04907465877697 -0.118122665936892 3.11120386456927 -0.204397427190919 2.59452371646849 1.48634002896965 1.46754112223458 2.03829542400211 -0.487413698152236 0.606727604317322 2.43146577423000 -0.191344147473208 2.60166322360459 2.78552495646607 2.78607887013666 3.01349025569876 2.88411962661612 1.45849416020779 1.21830790696223 -0.904174248197663 -1.90603215760010 -1.45438025819086 -0.209455525041349 2.06419030407528
 -0.721978623606461 3.35187955042693 0.0205367382683052 -0.0184398871184082 2.38616137672982 2.39539881309637 -0.319772402730066 -0.731898359844299 -1.08192805105487 2.67112666248916 -0.755365370360099 -0.437165392821492 3.19984301834575 0.361892571115753 -1.35802558872150 -1.18227117465565 -0.656296715334876 1.33407481531753 1.49463227459960 -1.77170775539740 -1.87115429085291 2.02554450237966 2.63916031147841 -0.608954607406339 -0.866702378118283 2.16921494386762 -1.41771381884968 -2.19089457164826 -2.62560316909499 -2.74107036115157 -2.31505803614084 -1.21108092096557 3.02354938628660 -0.752968054929676 -0.825961280478237 1.14746197261822 1.20036142289544 -1.24928518903834 -1.53557519261493 0.0192537475598339 -0.193220853276320
 0.0349792255547526 0.0560746368259634 -0.00339593970555148 -0.0408743920391268 -0.00412525075201370 0.0805561959057949 0.193481601455625 0.294234930458881 0.271395511206861 0.185461717171962 0.121100476576086 0.100970191313635 0.157504776026452 0.244079579337416 0.291448858634069 0.253696479177889 0.302306773756573 0.311127790419651 0.196241087133948 0.0423388181150998 -0.124955103734931 -0.248129408591289 -0.314837248741348 -0.343751162170918 -0.338302168323219 -0.308231507322754 -0.269098694167383 -0.248156091069696 -0.207926014760686 -0.162473420375363 -0.108072716560769 -0.0362831631272541 0.0342610746708861 0.0514472091176759 0.000244376778149601 -0.0797475975314148 -0.123853370335092 -0.124054768544170 -0.0945115760842311 -0.0433489000630535 0.00117718249425377
# ln_recsigma:
 -0.693147181000000 -0.693147181000000 -0.693147181000000 -2.30258509300000
# avg_F:
 -0.693147181000000 -0.693147181000000
# F_devs:
 0.00000000000000 0.00000000000000 0.00000000000000 0.00000000000000 0.00000000000000 0.00000000000000 0.00000000000000 0.00000000000000 0.00000000000000 0.00000000000000 0.00000000000000 0.00000000000000 0.00000000000000 0.00000000000000 0.00000000000000 0.00000000000000 0.00000000000000 0.00000000000000 0.00000000000000 0.00000000000000 -0.900000000000000 -0.900000000000000 -0.900000000000000 -0.900000000000000 -0.900000000000000 -0.900000000000000 -0.900000000000000 -0.900000000000000 -0.900000000000000 -0.900000000000000 -0.900000000000000 -0.900000000000000 -0.900000000000000 -0.900000000000000 -0.900000000000000 -0.900000000000000 -0.900000000000000 -0.900000000000000 -0.900000000000000 -0.900000000000000 -0.900000000000000 -0.900000000000000
 0.00000000000000 0.00000000000000 0.00000000000000 0.00000000000000 0.00000000000000 0.00000000000000 0.00000000000000 0.00000000000000 0.00000000000000 0.00000000000000 0.00000000000000 0.00000000000000 0.00000000000000 0.00000000000000 0.00000000000000 0.00000000000000 0.00000000000000 0.00000000000000 0.00000000000000 0.00000000000000 0.00000000000000 0.00000000000000 0.00000000000000 0.00000000000000 0.00000000000000 0.00000000000000 0.00000000000000 0.00000000000000 0.00000000000000 0.00000000000000 0.00000000000000 0.00000000000000 0.00000000000000 0.00000000000000 0.00000000000000 0.00000000000000 0.00000000000000 0.00000000000000 0.00000000000000 0.00000000000000 0.00000000000000 0.00000000000000
# logit_vuln:
 2.00000000000000 2.00000000000000 2.00000000000000 2.00000000000000 2.00000000000000 2.00000000000000 2.00000000000000 2.00000000000000 2.00000000000000 2.00000000000000
# fishsel_pars:
 3.86280281620468 3.08693711567771
 2.56750887818539 1.00561029741016
# ln_fishery_q:
 -1.38629436100000 0.405465108000000
# ln_survey_q:
 -1.56617526787935 -3.02583253915264 -2.19669662770305 0.371017285241294
# survey_selpars:
 3.04252164326733
 1.69516243260074
# ln_M1ann:
 -2.30258509300000 -0.916290732000000 -1.20397280400000 -2.30258509300000
# ln_otherFood_base:
19.0397356291
# otherFood_dev:
 0.00000000000 0.00000000000 0.00000000000
