# This file was created using create_datpin_files.R function write_tsDatFile
      #and used all inputs from csv files found in folder:
      #hydradata/data-raw
# Survey index data 
# Number of observations, init_int Nsurvey_obs
  329
# init_matrix obs_survey_biomass(1,Nsurvey_obs,1,5)
# survey year spp value cv
  1 1 4 237969.006596814 0.212720515437525
  2 1 4 237968.23375291 0.25363203301826
  1 2 4 214021.77734485 0.222168779300385
  2 2 4 214020.979858331 0.187773345626693
  1 3 4 192396.185791451 0.394113240257454
  2 3 4 192394.689267513 0.423618201694685
  1 4 4 172849.384380559 0.310035034727007
  2 4 4 172849.429041199 0.327069686277164
  1 5 4 155198.909260984 0.378629084128514
  2 5 4 155197.76408846 0.391316523019912
  1 6 4 139285.142552786 0.494427832556011
  2 6 4 139284.216834295 0.376280830351703
  1 7 4 124973.43391769 0.759062286891916
  2 7 4 124974.552637006 0.665352569827422
  1 8 4 112143.084542106 0.383150869515862
  2 8 4 112143.687669588 0.433685089735353
  1 9 4 100670.358883717 0.48934963094834
  2 9 4 100670.288923898 0.392371299771634
  1 10 4 90445.7386338994 0.382452035825211
  2 10 4 90444.8468160757 0.333798529002863
  1 11 4 81356.6950450282 0.566792532611316
  2 11 4 81356.3371365267 0.868042030585988
  1 12 4 73302.691058226 0.381518572031255
  2 12 4 73302.6059501251 0.445144789260538
  1 13 4 66184.1523899212 0.438380584739347
  2 13 4 66184.8744149562 0.947226139495183
  1 14 4 59910.5996698259 0.482345652338289
  2 14 4 59909.7683711195 0.377075764230608
  1 15 4 54393.0521490717 0.420835086749712
  2 15 4 54392.3352897502 0.614716212748607
  1 16 4 49553.3171838352 0.515165860253858
  2 16 4 49551.9614409598 0.704031323768783
  1 17 4 45315.9450504702 0.559532625975744
  2 17 4 45315.4697496103 0.319774204956139
  1 18 4 41614.332355037 0.479008946214672
  2 18 4 41615.3316148007 0.41351869139049
  1 19 4 38387.7367755092 0.429419179801904
  2 19 4 38386.6405217955 0.387615780132326
  1 20 4 35577.7522190567 0.477074256852948
  2 20 4 35577.5680035433 0.315868813200741
  1 21 4 33136.6556853954 0.410621521476155
  2 21 4 33136.5776785982 0.630050999524052
  1 22 4 31018.8170742953 0.294672690077384
  2 22 4 31018.2499337748 0.335469505128288
  1 23 4 29182.9772705284 0.477447511398437
  2 23 4 29182.362743752 0.407625761955908
  1 24 4 27595.9900557338 0.384568504019134
  2 24 4 27595.8088005414 0.43049173366256
  1 25 4 26223.2753732592 0.333261603198005
  2 25 4 26223.6237714501 0.843960441627036
  1 26 4 25039.5247488935 0.685474246042822
  2 26 4 25039.3194405307 0.429620783824035
  1 27 4 24017.936377434 0.286882992344226
  2 27 4 24018.8437371262 0.81343687860715
  1 28 4 23138.6124197165 0.371822434434906
  2 28 4 23138.5797579844 0.53327636373572
  1 29 4 22381.2217691928 0.592639130460935
  2 29 4 22381.9686083639 0.590339711107796
  1 30 4 21730.8953981734 0.374062101432949
  2 30 4 21731.0471839066 0.701775131617819
  1 31 4 21171.6857010832 0.304499664309564
  2 31 4 21171.4354514749 0.210828956182955
  1 32 4 20691.9094995584 0.233962995093855
  2 32 4 20691.5271584321 0.329779252894958
  1 33 4 20279.9950529857 0.270006842918168
  2 33 4 20279.374995826 0.460124990024536
  1 34 4 19927.3464499721 0.350007507053818
  2 34 4 19926.5640089812 0.837656243552001
  1 35 4 19624.9271191495 0.34274593698132
  2 35 4 19625.0183576287 0.291986952078346
  1 36 4 19366.0043185539 0.261906583866089
  2 36 4 19365.4753838029 0.425399553458769
  1 37 4 19144.9634758857 0.417429035160016
  2 37 4 19144.7062333226 0.287702894520317
  1 38 4 18955.9265594085 0.441211421515246
  2 38 4 18954.2987572352 0.866971810340233
  1 39 4 18792.205125727 0.495234601454268
  2 39 4 18793.4786545218 0.556663444153977
  1 40 4 18654.8653241173 0.237858203733512
  2 40 4 18654.5706121725 0.295404104464232
  1 41 4 18537.0538859556 0.327346172729995
  2 41 4 18536.6338666609 0.994030515469621
  1 42 4 18435.9735063027 0.368315456462939
  2 42 4 18435.9937056927 0.461505384764764
  1 1 2 726250.61421868 0.601375663623589
  2 1 2 726249.014839848 0.565196579518992
  2 2 2 326886.237267119 0.686052062200317
  2 3 2 151936.688051729 0.378997614818957
  1 4 2 76205.0063713662 1
  2 4 2 76204.4164288149 0.459316778181236
  1 5 2 43979.7821080276 0.611089023955187
  2 5 2 43978.1782520986 0.780615956536472
  1 6 2 30451.0576194573 0.702037850017464
  2 6 2 30451.9609258615 0.461790555986525
  1 7 2 24825.4909256581 0.948289691951521
  2 7 2 24825.2625496305 0.685175011742778
  1 8 2 22501.7517573809 0.544380631361087
  2 8 2 22501.1523252368 0.424096495665332
  1 9 2 21544.2338744152 0.5393131982084
  2 9 2 21545.1829719573 0.454629127333952
  1 10 2 21152.0016863137 0.88095039530815
  2 10 2 21153.3601691212 0.419344308350161
  1 11 2 20992.5059510546 0.799987970388403
  2 11 2 20993.2781612421 0.839124360078806
  1 12 2 20925.8748602829 0.774991903603438
  2 12 2 20926.3466127442 0.424721667998453
  1 13 2 20900.1282093675 0.863215133786584
  2 13 2 20899.8143150289 0.387073469025502
  1 14 2 20890.4238378622 0.704083892007286
  2 14 2 20889.1540773998 0.312793018147624
  1 15 2 20885.4215294649 0.457459057188701
  2 15 2 20884.6933954732 0.459652287866146
  1 16 2 20883.7352228135 0.853197309912465
  2 16 2 20882.7115888049 0.628928805514438
  1 17 2 20882.1455046508 0.61116783920211
  2 17 2 20882.1726407526 0.3895964128798
  1 18 2 20882.4578555779 0.416775375911518
  2 18 2 20882.791938911 0.495180348393774
  1 19 2 20883.8685399096 0.69077510766454
  2 19 2 20881.9399723255 0.347120352110889
  1 20 2 20881.466959403 0.793751288508348
  2 20 2 20882.0587605929 0.526946514998015
  1 21 2 20882.6582270722 0.339376634127756
  2 21 2 20881.7912365614 0.609998621037514
  1 22 2 20882.2172717906 0.601950919776798
  2 22 2 20882.2509307503 0.389299707202565
  1 23 2 20882.9417590422 0.658556209578282
  2 23 2 20882.0380230139 0.288585466763824
  1 24 2 20880.9942377793 0.637453135075156
  2 24 2 20881.4233004632 0.480513100150493
  1 25 2 20881.9974048124 0.510473149998029
  2 25 2 20882.4978326332 0.338488147626423
  1 26 2 20882.952412115 0.548437091427541
  2 26 2 20882.7341005943 0.345955330423839
  1 27 2 20882.5376475466 0.492912195981742
  2 27 2 20882.6893390126 0.33164245084141
  1 28 2 20881.4061809696 0.747597319880804
  2 28 2 20883.1046527646 0.447853531697379
  1 29 2 20882.8619704218 0.451616070879294
  2 29 2 20882.6398426323 0.305275882623724
  1 30 2 20881.8979337862 0.797269558848634
  2 30 2 20881.8821089407 0.605264936420634
  1 31 2 20883.4178408596 0.666772556553203
  2 31 2 20882.2318738982 0.359836468902791
  1 32 2 20883.2751454898 0.96787270074405
  2 32 2 20883.6056135976 0.422601396160012
  1 33 2 20882.1762066583 0.404694020855087
  2 33 2 20881.9316945173 0.465820030674526
  1 34 2 20882.9445404433 0.814873375751391
  2 34 2 20883.0490811335 0.505954372112585
  1 35 2 20883.1210779297 0.533219898766676
  2 35 2 20881.7120276666 0.287403659199158
  1 36 2 20881.9977512564 0.371953858881132
  2 36 2 20882.3259713437 0.365560779244073
  1 37 2 20882.3366221968 0.791301167226987
  2 37 2 20882.3001809383 0.487536998609889
  1 38 2 20882.3921734795 0.633364993316759
  2 38 2 20882.4981567986 0.644823084547079
  1 39 2 20882.1030138025 0.827253682697507
  2 39 2 20882.4942106192 0.354235596542703
  1 40 2 20883.0676049362 0.900216415173481
  2 40 2 20882.7652323364 0.395846441583114
  1 41 2 20882.9116318726 0.957770995377006
  2 41 2 20882.1285800517 0.496084887173497
  1 42 2 20883.0907169172 0.55870584954739
  2 42 2 20883.0025723493 0.604660139936764
  1 1 1 1201030.15143521 0.241799049430762
  2 1 1 1201019.98803056 0.250018379470286
  1 2 1 1151900.03651198 0.142636213550947
  2 2 1 1151900.07798657 0.163647146277456
  1 3 1 1095119.63555234 0.225478190042395
  2 3 1 1095110.16969429 0.192013183632222
  1 4 1 1028679.82776 0.323579734794357
  2 4 1 1028669.70323281 0.162432383538487
  1 5 1 954391.173438411 0.320666395151501
  2 5 1 954386.179424647 0.822390366318268
  1 6 1 875625.197929871 0.452044832991261
  2 6 1 875620.916617125 0.192408532269243
  1 7 1 795881.083370055 0.28209645893665
  2 7 1 795876.772997972 0.262097825842625
  1 8 1 718088.481749716 0.414010381101596
  2 8 1 718086.029324182 0.189959250209439
  1 9 1 644389.259430781 0.40638853202345
  2 9 1 644386.981022238 0.178404315527443
  1 10 1 576143.74016138 0.290993157294119
  2 10 1 576140.870497221 0.156753980046499
  1 11 1 514069.624416645 0.324615016521962
  2 11 1 514066.888610474 0.174348711952217
  1 12 1 458401.79051636 0.294780938380682
  2 12 1 458400.141149846 0.195232854572048
  1 13 1 409031.940593052 0.440402569626277
  2 13 1 409030.010928251 0.185762358850192
  1 14 1 365636.029940538 0.372421878022742
  2 14 1 365634.080907199 0.151581173531864
  1 15 1 327758.06320742 0.341871348717721
  2 15 1 327756.928664445 0.233364310094868
  1 16 1 294882.841657892 0.416897355424411
  2 16 1 294881.289214482 0.283802183917676
  1 17 1 266478.856610388 0.500820840736393
  2 17 1 266478.996674726 0.495024013362717
  1 18 1 242027.916000126 0.389853340834037
  2 18 1 242026.971132146 0.390988792530431
  1 19 1 221039.75049275 0.293941849282161
  2 19 1 221038.724585331 0.322403741112933
  1 20 1 203067.033144799 0.525509720403112
  2 20 1 203066.260597779 0.218361153170241
  1 21 1 187705.854840399 0.266433769579894
  2 21 1 187705.470823688 0.421115605185845
  1 22 1 174596.423389349 0.374831371194202
  2 22 1 174594.855144072 0.227391091044855
  1 23 1 163421.945017876 0.352011231642473
  2 23 1 163420.931396535 0.384269029090844
  1 24 1 153908.700614375 0.34725908523047
  2 24 1 153906.614534808 0.331291933735556
  1 25 1 145812.486157348 0.578696888706846
  2 25 1 145811.986378985 0.247394190789157
  1 26 1 138929.89777235 0.459728456052307
  2 26 1 138930.116230466 0.394189312610479
  1 27 1 133081.725009806 0.539982548576019
  2 27 1 133080.267888147 0.72948972943007
  1 28 1 128113.05307421 0.364309332200766
  2 28 1 128112.0926546 0.278656828353639
  1 29 1 123894.091697944 0.562793580097325
  2 29 1 123893.230498172 0.316141323613091
  1 30 1 120312.18938614 0.420348818797864
  2 30 1 120312.145832742 0.30511736182771
  1 31 1 117272.537913043 0.403753427903273
  2 31 1 117271.997621103 0.278331587636247
  1 32 1 114693.245634311 0.491331418922754
  2 32 1 114693.258882673 0.329726795744574
  1 33 1 112504.999096381 0.537081122476055
  2 33 1 112504.944913887 0.33086845072982
  1 34 1 110648.587032682 0.379030815152119
  2 34 1 110648.020569016 0.278881417082292
  1 35 1 109074.330024917 0.519511456600017
  2 35 1 109073.157737068 0.27351876283918
  1 36 1 107739.196871294 0.556056214854877
  2 36 1 107737.036223604 0.714061811185508
  1 37 1 106604.874449108 0.588197671943964
  2 37 1 106604.825767536 0.340315242626747
  1 38 1 105643.647004994 0.324588369174256
  2 38 1 105644.119872432 0.300199803594678
  1 39 1 104828.937096094 0.501841796783066
  2 39 1 104829.564267618 0.438397059851219
  1 40 1 104137.560320418 0.403101009292275
  2 40 1 104138.171645291 0.410378233550251
  1 41 1 103552.086453156 0.478602624152216
  2 41 1 103552.333355919 0.362128776577143
  1 42 1 103055.844924297 0.646634922078809
  2 42 1 103056.758519051 0.816170985475773
  1 1 3 225144.146556455 0.499484636786782
  1 2 3 98751.3457737233 0.358153914340203
  2 2 3 98751.0013200564 0.577110518633802
  1 3 3 43812.7916228879 0.678339172154909
  2 3 3 43812.9414591867 0.738121970739642
  1 4 3 20026.4895390033 1
  2 4 3 20024.7359150104 0.52056341701904
  1 5 3 9781.11239331779 0.693225535250834
  2 5 3 9780.98817080406 1
  1 6 3 5397.24679838482 1
  2 6 3 5395.78907649995 0.48452157876779
  1 7 3 3529.45123201446 0.912293822979085
  1 8 3 2739.41687324597 0.655734850091527
  2 8 3 2739.09466890614 0.750382084373246
  1 9 3 2406.55516903908 0.670809892238012
  2 9 3 2406.77539760841 0.47273108889926
  1 10 3 2267.54638137031 0.631102684426709
  2 10 3 2267.63511043168 0.919260399745188
  1 11 3 2209.17602071518 0.496475444687371
  1 12 3 2183.27908898849 0.740682868109632
  2 12 3 2184.92706911053 1
  1 13 3 2174.57838447228 0.360862225436052
  1 14 3 2169.99533653781 0.547901331396328
  2 14 3 2170.45483789718 0.478873954421528
  1 15 3 2167.82694706285 0.429608216382601
  2 15 3 2169.18076576809 0.654713783069401
  1 16 3 2169.34169789006 0.69118921143411
  2 16 3 2168.61876482953 0.8614889831113
  1 17 3 2168.34827103427 0.426971754606328
  2 17 3 2168.16105549118 0.572182042928152
  1 18 3 2167.94753232622 0.505524319387353
  2 18 3 2167.92152256513 0.488492827246527
  1 19 3 2166.89821357311 0.644591984223249
  2 19 3 2168.44325252583 0.51925665989311
  1 20 3 2170.02026883798 0.899065435378594
  2 20 3 2167.39480730074 0.59569628754064
  1 21 3 2168.16493396518 0.543826822033971
  2 21 3 2167.92908679754 0.466111862829518
  1 22 3 2167.9367962544 0.88174616562504
  2 22 3 2168.32535189407 0.568444982816852
  1 23 3 2167.34668657066 0.408104676406013
  2 23 3 2168.11600709082 0.357346049869971
  1 24 3 2167.45761814482 0.92608255019157
  2 24 3 2167.3437720331 0.539541007788685
  1 25 3 2167.70463636049 0.648664057223823
  2 25 3 2168.33838565544 0.576168087832409
  1 26 3 2166.39399015869 0.695927823776047
  2 26 3 2167.56200541164 0.549529982814455
  1 27 3 2167.94119595505 0.708713243925404
  2 27 3 2167.20425611805 0.496269825160911
  1 28 3 2167.65681509415 0.489543853646182
  1 29 3 2167.06995978497 0.703511357168505
  2 29 3 2168.56326183816 0.875017095315649
  1 30 3 2167.32271361502 0.631659802692532
  2 30 3 2168.36345187498 0.908152223575802
  1 31 3 2168.53832807378 0.626570332091694
  2 31 3 2167.98793567631 0.712465807947941
  1 32 3 2167.38699727132 0.661895735249442
  2 32 3 2169.29739658876 0.86012943797605
  1 33 3 2167.89436438479 0.783155911787346
  2 33 3 2167.45421964724 0.598390099709208
  1 34 3 2168.02617587417 0.542775440757204
  2 34 3 2168.31495221491 0.743173480285892
  1 35 3 2166.79788185592 0.870542376054271
  2 35 3 2168.07233232327 0.446478967244395
  1 36 3 2166.8578323848 0.492193512682958
  2 36 3 2167.44241918677 0.490110041691513
  1 37 3 2167.70433105853 0.909630520329322
  2 37 3 2167.21133122379 0.433872317628348
  1 38 3 2167.56877139987 0.644773009949607
  2 38 3 2167.50655920648 0.484949159815328
  1 39 3 2167.72038427851 0.515045488987725
  2 39 3 2167.53353701876 0.388710136036013
  1 40 3 2167.80695917323 0.442573167063876
  2 40 3 2167.75002330116 0.395139923022642
  1 41 3 2168.10631355374 0.88587618368699
  2 41 3 2168.47890565172 0.537531419606343
  1 42 3 237968.770587948 0.983269433580366
  2 42 3 237968.054860638 0.849696423298534
# end survey index observations 
#  
# Survey size comp data 
# Number of observations, init_int Nsurvey_size_obs 
  329
# init_matrix obs_survey_size(1,Nsurvey_size_obs,1,ncol) 
# Survey  Year  Species Type (0=whole, 1=retained, 2=discard) InpN, proportion by length bin 
  1 1 Atlantic_cod 0 57 0.1754386 0.2807018 0.1929825 0.245614 0.1052632
  1 2 Atlantic_cod 0 65 0.1076923 0.2769231 0.2923077 0.2461538 0.07692308
  1 3 Atlantic_cod 0 32 0.0625 0.28125 0.28125 0.28125 0.09375
  1 4 Atlantic_cod 0 32 0.0625 0.21875 0.28125 0.3125 0.125
  1 5 Atlantic_cod 0 21 0.04761905 0.2857143 0.3333333 0.2380952 0.0952381
  1 6 Atlantic_cod 0 18 0.05555556 0.2222222 0.1666667 0.5555556 0
  1 7 Atlantic_cod 0 25 0.08 0.08 0.32 0.44 0.08
  1 8 Atlantic_cod 0 20 0 0.1 0.3 0.55 0.05
  1 9 Atlantic_cod 0 16 0 0 0.375 0.625 0
  1 10 Atlantic_cod 0 19 0.05263158 0 0.05263158 0.8947368 0
  1 11 Atlantic_cod 0 20 0.2 0.2 0.15 0.3 0.15
  1 12 Atlantic_cod 0 22 0.04545455 0.04545455 0.2272727 0.5454545 0.1363636
  1 13 Atlantic_cod 0 23 0.04347826 0.04347826 0.2173913 0.6521739 0.04347826
  1 14 Atlantic_cod 0 14 0 0.1428571 0 0.7857143 0.07142857
  1 15 Atlantic_cod 0 21 0 0.1428571 0.04761905 0.8095238 0
  1 16 Atlantic_cod 0 14 0.07142857 0.4285714 0.1428571 0.2857143 0.07142857
  1 17 Atlantic_cod 0 17 0.05882353 0.1764706 0.05882353 0.7058824 0
  1 18 Atlantic_cod 0 19 0.1052632 0.3157895 0.05263158 0.5263158 0
  1 19 Atlantic_cod 0 18 0.05555556 0.1111111 0.1666667 0.6666667 0
  1 20 Atlantic_cod 0 15 0.2666667 0.1333333 0.3333333 0.2666667 0
  1 21 Atlantic_cod 0 21 0.1428571 0.1428571 0.2380952 0.4285714 0.04761905
  1 22 Atlantic_cod 0 13 0.07692308 0.3076923 0.2307692 0.3076923 0.07692308
  1 23 Atlantic_cod 0 14 0 0.2142857 0.2142857 0.5714286 0
  1 24 Atlantic_cod 0 14 0.2142857 0.2142857 0.3571429 0.2142857 0
  1 25 Atlantic_cod 0 18 0.05555556 0.2777778 0.2222222 0.4444444 0
  1 26 Atlantic_cod 0 14 0.2857143 0.2142857 0.2142857 0.2857143 0
  1 27 Atlantic_cod 0 23 0.2608696 0.173913 0.1304348 0.4347826 0
  1 28 Atlantic_cod 0 14 0.1428571 0.2142857 0.2857143 0.3571429 0
  1 29 Atlantic_cod 0 17 0.1176471 0.2941176 0.4705882 0.1176471 0
  1 30 Atlantic_cod 0 18 0 0.3888889 0.2777778 0.3333333 0
  1 31 Atlantic_cod 0 20 0.15 0.3 0.2 0.35 0
  1 32 Atlantic_cod 0 10 0.2 0.3 0.4 0.1 0
  1 33 Atlantic_cod 0 15 0.2 0.2 0.3333333 0.2666667 0
  1 34 Atlantic_cod 0 18 0.1111111 0.1666667 0.4444444 0.2777778 0
  1 35 Atlantic_cod 0 8 0.125 0.25 0.5 0.125 0
  1 36 Atlantic_cod 0 12 0 0.5 0.25 0.25 0
  1 37 Atlantic_cod 0 8 0.125 0.25 0.25 0.375 0
  1 38 Atlantic_cod 0 16 0.0625 0.25 0.3125 0.375 0
  1 39 Atlantic_cod 0 10 0.2 0.4 0.2 0.2 0
  1 40 Atlantic_cod 0 10 0.2 0.3 0.3 0.2 0
  1 41 Atlantic_cod 0 13 0.07692308 0.3846154 0.1538462 0.3846154 0
  1 42 Atlantic_cod 0 8 0.25 0 0.375 0.375 0
  1 1 Atlantic_herring 0 11 0 0.1818182 0.1818182 0.1818182 0.4545455
  1 4 Atlantic_herring 0 1 0 0 1 0 0
  1 5 Atlantic_herring 0 5 0 0.6 0 0.2 0.2
  1 6 Atlantic_herring 0 1 0 1 0 0 0
  1 7 Atlantic_herring 0 3 0 1 0 0 0
  1 8 Atlantic_herring 0 4 0 1 0 0 0
  1 9 Atlantic_herring 0 5 0 0.6 0.4 0 0
  1 10 Atlantic_herring 0 10 0 0.6 0.4 0 0
  1 11 Atlantic_herring 0 13 0 0.8461538 0.07692308 0.07692308 0
  1 12 Atlantic_herring 0 15 0 0.7333333 0.2 0.06666667 0
  1 13 Atlantic_herring 0 9 0 0.8888889 0.1111111 0 0
  1 14 Atlantic_herring 0 6 0 0.6666667 0.3333333 0 0
  1 15 Atlantic_herring 0 13 0 0.7692308 0.2307692 0 0
  1 16 Atlantic_herring 0 10 0 0.5 0.5 0 0
  1 17 Atlantic_herring 0 10 0 0.5 0.5 0 0
  1 18 Atlantic_herring 0 18 0 0.7222222 0.2777778 0 0
  1 19 Atlantic_herring 0 27 0 0.7777778 0.1851852 0.03703704 0
  1 20 Atlantic_herring 0 23 0 0.6521739 0.2608696 0.08695652 0
  1 21 Atlantic_herring 0 25 0 0.48 0.44 0.08 0
  1 22 Atlantic_herring 0 9 0 0.5555556 0.2222222 0.2222222 0
  1 23 Atlantic_herring 0 8 0 0.75 0 0.25 0
  1 24 Atlantic_herring 0 9 0 0.5555556 0.2222222 0.2222222 0
  1 25 Atlantic_herring 0 14 0 0.5714286 0.2857143 0.1428571 0
  1 26 Atlantic_herring 0 18 0 0.6666667 0.2222222 0.1111111 0
  1 27 Atlantic_herring 0 16 0 0.5625 0.4375 0 0
  1 28 Atlantic_herring 0 6 0 0.6666667 0.3333333 0 0
  1 29 Atlantic_herring 0 8 0 0.75 0.25 0 0
  1 30 Atlantic_herring 0 17 0 0.7058824 0.1764706 0.1176471 0
  1 31 Atlantic_herring 0 9 0 0.6666667 0.1111111 0.2222222 0
  1 32 Atlantic_herring 0 30 0 0.6666667 0.3 0.03333333 0
  1 33 Atlantic_herring 0 24 0 0.7083333 0.2916667 0 0
  1 34 Atlantic_herring 0 25 0 0.68 0.24 0.08 0
  1 35 Atlantic_herring 0 16 0 0.6875 0.25 0.0625 0
  1 36 Atlantic_herring 0 13 0 0.6923077 0.2307692 0.07692308 0
  1 37 Atlantic_herring 0 8 0 0.625 0.25 0.125 0
  1 38 Atlantic_herring 0 10 0 0.7 0.3 0 0
  1 39 Atlantic_herring 0 13 0 0.6923077 0.2307692 0.07692308 0
  1 40 Atlantic_herring 0 8 0 0.5 0.5 0 0
  1 41 Atlantic_herring 0 5 0 0.8 0.2 0 0
  1 42 Atlantic_herring 0 17 0 0.8235294 0.1764706 0 0
  1 1 Atlantic_mackerel 0 27 0.1481481 0.2962963 0.2222222 0.1851852 0.1481481
  1 2 Atlantic_mackerel 0 13 0.1538462 0.4615385 0.07692308 0.1538462 0.1538462
  1 3 Atlantic_mackerel 0 5 0 0.4 0.2 0.2 0.2
  1 4 Atlantic_mackerel 0 2 0 0.5 0.5 0 0
  1 5 Atlantic_mackerel 0 5 0.4 0.2 0 0.4 0
  1 6 Atlantic_mackerel 0 1 0 0 1 0 0
  1 7 Atlantic_mackerel 0 3 0 1 0 0 0
  1 8 Atlantic_mackerel 0 3 0.3333333 0.6666667 0 0 0
  1 9 Atlantic_mackerel 0 4 0.25 0.5 0.25 0 0
  1 10 Atlantic_mackerel 0 4 0 1 0 0 0
  1 11 Atlantic_mackerel 0 4 0.25 0.5 0.25 0 0
  1 12 Atlantic_mackerel 0 2 0.5 0.5 0 0 0
  1 13 Atlantic_mackerel 0 8 0.5 0.5 0 0 0
  1 14 Atlantic_mackerel 0 19 0.2631579 0.5263158 0.2105263 0 0
  1 15 Atlantic_mackerel 0 15 0.2666667 0.6 0.06666667 0.06666667 0
  1 16 Atlantic_mackerel 0 12 0.4166667 0.5833333 0 0 0
  1 17 Atlantic_mackerel 0 14 0.5714286 0.3571429 0.07142857 0 0
  1 18 Atlantic_mackerel 0 14 0.5 0.4285714 0.07142857 0 0
  1 19 Atlantic_mackerel 0 15 0.4666667 0.4666667 0.06666667 0 0
  1 20 Atlantic_mackerel 0 17 0.3529412 0.4117647 0.2352941 0 0
  1 21 Atlantic_mackerel 0 12 0.25 0.6666667 0.08333333 0 0
  1 22 Atlantic_mackerel 0 11 0.6363636 0.3636364 0 0 0
  1 23 Atlantic_mackerel 0 16 0.4375 0.375 0.125 0.0625 0
  1 24 Atlantic_mackerel 0 15 0.2666667 0.4 0.2 0.1333333 0
  1 25 Atlantic_mackerel 0 4 0.25 0.75 0 0 0
  1 26 Atlantic_mackerel 0 14 0.2857143 0.7142857 0 0 0
  1 27 Atlantic_mackerel 0 6 0.3333333 0.5 0.1666667 0 0
  1 28 Atlantic_mackerel 0 4 0.75 0 0.25 0 0
  1 29 Atlantic_mackerel 0 2 0.5 0 0.5 0 0
  1 30 Atlantic_mackerel 0 10 0.4 0.4 0.2 0 0
  1 31 Atlantic_mackerel 0 9 0.6666667 0.2222222 0.1111111 0 0
  1 32 Atlantic_mackerel 0 12 0.25 0.6666667 0.08333333 0 0
  1 33 Atlantic_mackerel 0 5 0.2 0.8 0 0 0
  1 34 Atlantic_mackerel 0 9 0.4444444 0.4444444 0.1111111 0 0
  1 35 Atlantic_mackerel 0 5 0.6 0.4 0 0 0
  1 36 Atlantic_mackerel 0 5 0.2 0.8 0 0 0
  1 37 Atlantic_mackerel 0 3 0.6666667 0 0.3333333 0 0
  1 38 Atlantic_mackerel 0 15 0.2666667 0.6 0.1333333 0 0
  1 39 Atlantic_mackerel 0 12 0.5833333 0.4166667 0 0 0
  1 40 Atlantic_mackerel 0 9 0.5555556 0.3333333 0.1111111 0 0
  1 41 Atlantic_mackerel 0 8 0.375 0.5 0.125 0 0
  1 42 Atlantic_mackerel 0 12 0.5 0.4166667 0.08333333 0 0
  1 1 Spiny_dogfish 0 86 0.1744186 0.3255814 0.2906977 0.127907 0.08139535
  1 2 Spiny_dogfish 0 100 0.13 0.42 0.26 0.16 0.03
  1 3 Spiny_dogfish 0 33 0.09090909 0.3333333 0.2727273 0.2727273 0.03030303
  1 4 Spiny_dogfish 0 44 0.1590909 0.4545455 0.2045455 0.09090909 0.09090909
  1 5 Spiny_dogfish 0 34 0.2058824 0.2058824 0.4411765 0.05882353 0.08823529
  1 6 Spiny_dogfish 0 40 0.2 0.25 0.275 0.15 0.125
  1 7 Spiny_dogfish 0 39 0.07692308 0.2820513 0.4358974 0.1025641 0.1025641
  1 8 Spiny_dogfish 0 49 0.1632653 0.2857143 0.3469388 0.122449 0.08163265
  1 9 Spiny_dogfish 0 36 0.2222222 0.2777778 0.3611111 0.1111111 0.02777778
  1 10 Spiny_dogfish 0 43 0.2093023 0.2790698 0.255814 0.255814 0
  1 11 Spiny_dogfish 0 41 0.1707317 0.2439024 0.2926829 0.195122 0.09756098
  1 12 Spiny_dogfish 0 35 0.2285714 0.3428571 0.2571429 0.1428571 0.02857143
  1 13 Spiny_dogfish 0 32 0.34375 0.1875 0.1875 0.21875 0.0625
  1 14 Spiny_dogfish 0 21 0.1428571 0.5714286 0.1904762 0.0952381 0
  1 15 Spiny_dogfish 0 30 0.2666667 0.3666667 0.1333333 0.2 0.03333333
  1 16 Spiny_dogfish 0 19 0.1578947 0.3157895 0.4210526 0.1052632 0
  1 17 Spiny_dogfish 0 35 0.2857143 0.3714286 0.2 0.1428571 0
  1 18 Spiny_dogfish 0 27 0.2592593 0.2592593 0.3333333 0.1481481 0
  1 19 Spiny_dogfish 0 34 0.4117647 0.2352941 0.2352941 0.1176471 0
  1 20 Spiny_dogfish 0 42 0.2619048 0.2619048 0.2619048 0.2142857 0
  1 21 Spiny_dogfish 0 41 0.2926829 0.3658537 0.195122 0.1219512 0.02439024
  1 22 Spiny_dogfish 0 44 0.25 0.4545455 0.25 0.04545455 0
  1 23 Spiny_dogfish 0 28 0.25 0.2857143 0.2142857 0.2142857 0.03571429
  1 24 Spiny_dogfish 0 34 0.2941176 0.4117647 0.2058824 0.05882353 0.02941176
  1 25 Spiny_dogfish 0 36 0.3611111 0.25 0.25 0.1111111 0.02777778
  1 26 Spiny_dogfish 0 31 0.3870968 0.3870968 0.1935484 0.03225806 0
  1 27 Spiny_dogfish 0 39 0.3076923 0.3076923 0.2051282 0.1794872 0
  1 28 Spiny_dogfish 0 38 0.1842105 0.5263158 0.1842105 0.1052632 0
  1 29 Spiny_dogfish 0 48 0.2916667 0.4166667 0.25 0.04166667 0
  1 30 Spiny_dogfish 0 38 0.4736842 0.2894737 0.1842105 0.05263158 0
  1 31 Spiny_dogfish 0 61 0.295082 0.3770492 0.2622951 0.06557377 0
  1 32 Spiny_dogfish 0 48 0.4583333 0.3125 0.1458333 0.08333333 0
  1 33 Spiny_dogfish 0 49 0.2857143 0.2857143 0.3469388 0.08163265 0
  1 34 Spiny_dogfish 0 44 0.3863636 0.4090909 0.1363636 0.06818182 0
  1 35 Spiny_dogfish 0 61 0.4262295 0.3770492 0.147541 0.04918033 0
  1 36 Spiny_dogfish 0 67 0.3880597 0.3731343 0.1791045 0.05970149 0
  1 37 Spiny_dogfish 0 57 0.3508772 0.3157895 0.2105263 0.122807 0
  1 38 Spiny_dogfish 0 38 0.5526316 0.2631579 0.1578947 0.02631579 0
  1 39 Spiny_dogfish 0 52 0.5 0.3653846 0.1153846 0.01923077 0
  1 40 Spiny_dogfish 0 43 0.3953488 0.3023256 0.2093023 0.09302326 0
  1 41 Spiny_dogfish 0 42 0.4285714 0.3095238 0.1428571 0.1190476 0
  1 42 Spiny_dogfish 0 61 0.2786885 0.4262295 0.2295082 0.06557377 0
  2 1 Atlantic_cod 0 58 0.0862069 0.362069 0.2413793 0.2413793 0.06896552
  2 2 Atlantic_cod 0 83 0.08433735 0.4096386 0.2409639 0.2289157 0.03614458
  2 3 Atlantic_cod 0 63 0.04761905 0.2539683 0.3650794 0.2380952 0.0952381
  2 4 Atlantic_cod 0 56 0.07142857 0.1607143 0.4464286 0.2321429 0.08928571
  2 5 Atlantic_cod 0 55 0 0.1272727 0.4363636 0.4 0.03636364
  2 6 Atlantic_cod 0 45 0.04444444 0.1555556 0.2 0.5555556 0.04444444
  2 7 Atlantic_cod 0 46 0.04347826 0.08695652 0.2826087 0.5434783 0.04347826
  2 8 Atlantic_cod 0 56 0.05357143 0.125 0.2857143 0.5357143 0
  2 9 Atlantic_cod 0 51 0.03921569 0.1176471 0.254902 0.5098039 0.07843137
  2 10 Atlantic_cod 0 44 0.09090909 0.1136364 0.25 0.4772727 0.06818182
  2 11 Atlantic_cod 0 49 0.1020408 0.08163265 0.1428571 0.6734694 0
  2 12 Atlantic_cod 0 50 0.1 0.16 0.1 0.6 0.04
  2 13 Atlantic_cod 0 48 0.0625 0.125 0.2083333 0.5416667 0.0625
  2 14 Atlantic_cod 0 52 0.05769231 0.1538462 0.1153846 0.6153846 0.05769231
  2 15 Atlantic_cod 0 31 0.09677419 0.2258065 0.09677419 0.5483871 0.03225806
  2 16 Atlantic_cod 0 38 0.02631579 0.2631579 0.1052632 0.5789474 0.02631579
  2 17 Atlantic_cod 0 26 0.03846154 0.1538462 0.2307692 0.5384615 0.03846154
  2 18 Atlantic_cod 0 33 0.06060606 0.2424242 0.2121212 0.4545455 0.03030303
  2 19 Atlantic_cod 0 31 0.06451613 0.03225806 0.3225806 0.5483871 0.03225806
  2 20 Atlantic_cod 0 38 0.07894737 0.2105263 0.1578947 0.5263158 0.02631579
  2 21 Atlantic_cod 0 30 0.2333333 0.3666667 0.1 0.3 0
  2 22 Atlantic_cod 0 35 0.02857143 0.2857143 0.2285714 0.4571429 0
  2 23 Atlantic_cod 0 35 0.1142857 0.2 0.2857143 0.4 0
  2 24 Atlantic_cod 0 26 0.1538462 0.1923077 0.1923077 0.4615385 0
  2 25 Atlantic_cod 0 32 0.09375 0.34375 0.125 0.40625 0.03125
  2 26 Atlantic_cod 0 26 0.2307692 0.3461538 0.1538462 0.2692308 0
  2 27 Atlantic_cod 0 37 0.1621622 0.4054054 0.08108108 0.3513514 0
  2 28 Atlantic_cod 0 35 0.2571429 0.1142857 0.1428571 0.4571429 0.02857143
  2 29 Atlantic_cod 0 33 0 0.3636364 0.2121212 0.4242424 0
  2 30 Atlantic_cod 0 45 0.1777778 0.4 0.1555556 0.2666667 0
  2 31 Atlantic_cod 0 34 0.1470588 0.2058824 0.3529412 0.2941176 0
  2 32 Atlantic_cod 0 36 0.2222222 0.2222222 0.25 0.3055556 0
  2 33 Atlantic_cod 0 42 0.1190476 0.3571429 0.3571429 0.1666667 0
  2 34 Atlantic_cod 0 34 0.08823529 0.3235294 0.2058824 0.3823529 0
  2 35 Atlantic_cod 0 35 0.1428571 0.3142857 0.2571429 0.2857143 0
  2 36 Atlantic_cod 0 28 0.1785714 0.3214286 0.3214286 0.1785714 0
  2 37 Atlantic_cod 0 22 0.04545455 0.1818182 0.5454545 0.2272727 0
  2 38 Atlantic_cod 0 32 0.125 0.28125 0.28125 0.3125 0
  2 39 Atlantic_cod 0 27 0.1111111 0.4814815 0.2592593 0.1481481 0
  2 40 Atlantic_cod 0 39 0.1794872 0.2051282 0.3589744 0.2564103 0
  2 41 Atlantic_cod 0 20 0.15 0.25 0.35 0.25 0
  2 42 Atlantic_cod 0 30 0.1 0.2666667 0.2666667 0.3666667 0
  2 1 Atlantic_herring 0 16 0 0.25 0.3125 0.125 0.3125
  2 2 Atlantic_herring 0 20 0 0.1 0.1 0.3 0.5
  2 3 Atlantic_herring 0 34 0 0.2352941 0.4411765 0.05882353 0.2647059
  2 4 Atlantic_herring 0 15 0 0.7333333 0.1333333 0 0.1333333
  2 5 Atlantic_herring 0 4 0 0.25 0.25 0.25 0.25
  2 6 Atlantic_herring 0 7 0 0.8571429 0 0.1428571 0
  2 7 Atlantic_herring 0 18 0 0.7777778 0.2222222 0 0
  2 8 Atlantic_herring 0 22 0 0.5 0.5 0 0
  2 9 Atlantic_herring 0 21 0 0.6666667 0.2380952 0.0952381 0
  2 10 Atlantic_herring 0 11 0 0.6363636 0.3636364 0 0
  2 11 Atlantic_herring 0 7 0 0.4285714 0.4285714 0.1428571 0
  2 12 Atlantic_herring 0 19 0 0.6842105 0.3157895 0 0
  2 13 Atlantic_herring 0 32 0 0.78125 0.21875 0 0
  2 14 Atlantic_herring 0 34 0 0.7058824 0.2352941 0.05882353 0
  2 15 Atlantic_herring 0 27 0 0.6666667 0.1851852 0.1481481 0
  2 16 Atlantic_herring 0 42 0 0.7380952 0.1904762 0.07142857 0
  2 17 Atlantic_herring 0 34 0 0.5588235 0.3529412 0.08823529 0
  2 18 Atlantic_herring 0 28 0 0.8214286 0.1428571 0.03571429 0
  2 19 Atlantic_herring 0 26 0 0.6538462 0.2692308 0.07692308 0
  2 20 Atlantic_herring 0 32 0 0.65625 0.3125 0.03125 0
  2 21 Atlantic_herring 0 37 0 0.7027027 0.1891892 0.1081081 0
  2 22 Atlantic_herring 0 38 0 0.6315789 0.2894737 0.07894737 0
  2 23 Atlantic_herring 0 41 0 0.6585366 0.2439024 0.09756098 0
  2 24 Atlantic_herring 0 33 0 0.6666667 0.3030303 0.03030303 0
  2 25 Atlantic_herring 0 45 0 0.6444444 0.3333333 0.02222222 0
  2 26 Atlantic_herring 0 28 0 0.7142857 0.2857143 0 0
  2 27 Atlantic_herring 0 47 0 0.7446809 0.1914894 0.06382979 0
  2 28 Atlantic_herring 0 22 0 0.7272727 0.2727273 0 0
  2 29 Atlantic_herring 0 40 0 0.85 0.1 0.05 0
  2 30 Atlantic_herring 0 28 0 0.5357143 0.3928571 0.07142857 0
  2 31 Atlantic_herring 0 32 0 0.5625 0.34375 0.09375 0
  2 32 Atlantic_herring 0 40 0 0.625 0.3 0.075 0
  2 33 Atlantic_herring 0 43 0 0.7209302 0.255814 0.02325581 0
  2 34 Atlantic_herring 0 46 0 0.6521739 0.3043478 0.04347826 0
  2 35 Atlantic_herring 0 60 0 0.7666667 0.2 0.03333333 0
  2 36 Atlantic_herring 0 49 0 0.7142857 0.2857143 0 0
  2 37 Atlantic_herring 0 32 0 0.65625 0.25 0.09375 0
  2 38 Atlantic_herring 0 30 0 0.6666667 0.2 0.1333333 0
  2 39 Atlantic_herring 0 29 0 0.6551724 0.2758621 0.06896552 0
  2 40 Atlantic_herring 0 31 0 0.5806452 0.3225806 0.09677419 0
  2 41 Atlantic_herring 0 14 0 0.7857143 0.2142857 0 0
  2 42 Atlantic_herring 0 19 0 0.6315789 0.3684211 0 0
  2 2 Atlantic_mackerel 0 3 0 0 0.3333333 0.3333333 0.3333333
  2 3 Atlantic_mackerel 0 3 0 0 0.3333333 0.6666667 0
  2 4 Atlantic_mackerel 0 7 0.5714286 0.1428571 0 0.1428571 0.1428571
  2 5 Atlantic_mackerel 0 1 0 1 0 0 0
  2 6 Atlantic_mackerel 0 14 0.3571429 0.5 0.07142857 0.07142857 0
  2 8 Atlantic_mackerel 0 10 0.4 0.6 0 0 0
  2 9 Atlantic_mackerel 0 6 0.8333333 0.1666667 0 0 0
  2 10 Atlantic_mackerel 0 2 0 1 0 0 0
  2 12 Atlantic_mackerel 0 1 0 1 0 0 0
  2 14 Atlantic_mackerel 0 9 0.6666667 0.2222222 0.1111111 0 0
  2 15 Atlantic_mackerel 0 5 0.6 0 0.4 0 0
  2 16 Atlantic_mackerel 0 9 0.3333333 0.4444444 0.2222222 0 0
  2 17 Atlantic_mackerel 0 9 0.4444444 0.5555556 0 0 0
  2 18 Atlantic_mackerel 0 13 0.5384615 0.3846154 0.07692308 0 0
  2 19 Atlantic_mackerel 0 14 0.5714286 0.2857143 0.1428571 0 0
  2 20 Atlantic_mackerel 0 19 0.3684211 0.4736842 0.1578947 0 0
  2 21 Atlantic_mackerel 0 20 0.5 0.45 0.05 0 0
  2 22 Atlantic_mackerel 0 23 0.3478261 0.5652174 0.08695652 0 0
  2 23 Atlantic_mackerel 0 26 0.3846154 0.4230769 0.1923077 0 0
  2 24 Atlantic_mackerel 0 28 0.5357143 0.4285714 0.03571429 0 0
  2 25 Atlantic_mackerel 0 20 0.55 0.35 0.1 0 0
  2 26 Atlantic_mackerel 0 7 0.2857143 0.7142857 0 0 0
  2 27 Atlantic_mackerel 0 5 0.8 0.2 0 0 0
  2 29 Atlantic_mackerel 0 6 0.5 0.5 0 0 0
  2 30 Atlantic_mackerel 0 14 0.07142857 0.9285714 0 0 0
  2 31 Atlantic_mackerel 0 7 0.1428571 0.7142857 0.1428571 0 0
  2 32 Atlantic_mackerel 0 20 0.25 0.65 0.1 0 0
  2 33 Atlantic_mackerel 0 18 0.3888889 0.4444444 0.1666667 0 0
  2 34 Atlantic_mackerel 0 15 0.3333333 0.6 0.06666667 0 0
  2 35 Atlantic_mackerel 0 28 0.3571429 0.5714286 0.07142857 0 0
  2 36 Atlantic_mackerel 0 25 0.08 0.76 0.16 0 0
  2 37 Atlantic_mackerel 0 19 0.4210526 0.5263158 0 0.05263158 0
  2 38 Atlantic_mackerel 0 33 0.4242424 0.5151515 0.03030303 0.03030303 0
  2 39 Atlantic_mackerel 0 32 0.375 0.53125 0.0625 0.03125 0
  2 40 Atlantic_mackerel 0 34 0.4117647 0.5588235 0 0.02941176 0
  2 41 Atlantic_mackerel 0 20 0.35 0.6 0.05 0 0
  2 42 Atlantic_mackerel 0 27 0.4074074 0.5185185 0.07407407 0 0
  2 1 Spiny_dogfish 0 44 0.3181818 0.2954545 0.25 0.09090909 0.04545455
  2 2 Spiny_dogfish 0 75 0.2 0.32 0.24 0.12 0.12
  2 3 Spiny_dogfish 0 66 0.1818182 0.3333333 0.3333333 0.09090909 0.06060606
  2 4 Spiny_dogfish 0 54 0.1666667 0.2962963 0.2777778 0.2037037 0.05555556
  2 5 Spiny_dogfish 0 31 0.1935484 0.2258065 0.2903226 0.2580645 0.03225806
  2 6 Spiny_dogfish 0 24 0.2916667 0.125 0.25 0.3333333 0
  2 7 Spiny_dogfish 0 20 0.1 0.2 0.5 0.2 0
  2 8 Spiny_dogfish 0 25 0.2 0.28 0.28 0.16 0.08
  2 9 Spiny_dogfish 0 44 0.2045455 0.2727273 0.3181818 0.1363636 0.06818182
  2 10 Spiny_dogfish 0 36 0.1944444 0.1944444 0.2222222 0.3611111 0.02777778
  2 11 Spiny_dogfish 0 22 0.2727273 0.1818182 0.3181818 0.1818182 0.04545455
  2 12 Spiny_dogfish 0 21 0.3333333 0.2857143 0.2380952 0.0952381 0.04761905
  2 13 Spiny_dogfish 0 26 0.1538462 0.1538462 0.1923077 0.4615385 0.03846154
  2 14 Spiny_dogfish 0 35 0.2285714 0.3428571 0.3142857 0.1142857 0
  2 15 Spiny_dogfish 0 21 0.1904762 0.4761905 0.1428571 0.1904762 0
  2 16 Spiny_dogfish 0 30 0.2 0.3666667 0.2 0.2333333 0
  2 17 Spiny_dogfish 0 40 0.25 0.325 0.275 0.1 0.05
  2 18 Spiny_dogfish 0 42 0.2142857 0.2142857 0.2619048 0.3095238 0
  2 19 Spiny_dogfish 0 46 0.2173913 0.3695652 0.173913 0.2173913 0.02173913
  2 20 Spiny_dogfish 0 37 0.3513514 0.3513514 0.1621622 0.1081081 0.02702703
  2 21 Spiny_dogfish 0 44 0.3409091 0.2727273 0.1818182 0.1818182 0.02272727
  2 22 Spiny_dogfish 0 42 0.2857143 0.3571429 0.1666667 0.1666667 0.02380952
  2 23 Spiny_dogfish 0 35 0.4857143 0.3428571 0.1428571 0.02857143 0
  2 24 Spiny_dogfish 0 26 0.3461538 0.2692308 0.2307692 0.1538462 0
  2 25 Spiny_dogfish 0 19 0.2105263 0.2105263 0.5263158 0.05263158 0
  2 26 Spiny_dogfish 0 29 0.5517241 0.2068966 0.1724138 0.06896552 0
  2 27 Spiny_dogfish 0 10 0.3 0.5 0.2 0 0
  2 28 Spiny_dogfish 0 20 0.25 0.25 0.4 0.1 0
  2 29 Spiny_dogfish 0 25 0.36 0.32 0.2 0.12 0
  2 30 Spiny_dogfish 0 18 0.3333333 0.3333333 0.2222222 0.1111111 0
  2 31 Spiny_dogfish 0 24 0.4166667 0.2916667 0.1666667 0.125 0
  2 32 Spiny_dogfish 0 21 0.3809524 0.3333333 0.0952381 0.1904762 0
  2 33 Spiny_dogfish 0 10 0.4 0.4 0 0.2 0
  2 34 Spiny_dogfish 0 12 0.3333333 0.5833333 0.08333333 0 0
  2 35 Spiny_dogfish 0 29 0.2758621 0.3448276 0.3448276 0.03448276 0
  2 36 Spiny_dogfish 0 17 0.2941176 0.5294118 0.05882353 0.1176471 0
  2 37 Spiny_dogfish 0 39 0.3333333 0.4358974 0.1538462 0.07692308 0
  2 38 Spiny_dogfish 0 9 0.4444444 0.4444444 0.1111111 0 0
  2 39 Spiny_dogfish 0 50 0.34 0.46 0.16 0.04 0
  2 40 Spiny_dogfish 0 15 0.3333333 0.2 0.3333333 0.1333333 0
  2 41 Spiny_dogfish 0 7 0.4285714 0.5714286 0 0 0
  2 42 Spiny_dogfish 0 9 0.1111111 0.5555556 0.3333333 0 0
# end survey length observations 
#  
# Fishery catch data 
# Number of observations, init_int Ncatch_obs
  168
# init_matrix obs_catch_biomass(1,Ncatch_obs,1,6) 
# Fleet	Area	Year	Species	Catch(biomass t)	CV 
  1 1 1 1 74914.2379476626 0.05
  1 1 2 1 71944.5550982082 0.05
  1 1 3 1 69003.1916662487 0.05
  1 1 4 1 65602.9984937276 0.05
  1 1 5 1 61624.5352504944 0.05
  1 1 6 1 57176.1556883562 0.05
  1 1 7 1 52459.5794049165 0.05
  1 1 8 1 47684.4341236073 0.05
  1 1 9 1 43026.213018167 0.05
  1 1 10 1 38612.9443192628 0.05
  1 1 11 1 34526.2269365881 0.05
  1 1 12 1 30809.0412684007 0.05
  1 1 13 1 27475.5849776519 0.05
  1 1 14 1 24519.2275635201 0.05
  1 1 15 1 21920.5342515219 0.05
  1 1 16 1 19652.2540048738 0.05
  1 1 17 1 17683.7732704052 0.05
  1 1 18 1 15982.7926646911 0.05
  1 1 19 1 14518.5712023261 0.05
  1 1 20 1 13261.6314496359 0.05
  1 1 21 1 12185.4021528354 0.05
  1 1 22 1 11265.5257184917 0.05
  1 1 23 1 10480.4691845142 0.05
  1 1 24 1 9811.34677627244 0.05
  1 1 25 1 9241.60610040823 0.05
  1 1 26 1 8756.89629517222 0.05
  1 1 27 1 8344.70734348929 0.05
  1 1 28 1 7994.44909291754 0.05
  1 1 29 1 7696.94265073032 0.05
  1 1 30 1 7444.24651380789 0.05
  1 1 31 1 7229.86028377204 0.05
  1 1 32 1 7047.77012699984 0.05
  1 1 33 1 6893.34404623898 0.05
  1 1 34 1 6762.32408412177 0.05
  1 1 35 1 6651.10059878439 0.05
  1 1 36 1 6556.81204206246 0.05
  1 1 37 1 6476.76360260821 0.05
  1 1 38 1 6409.01524162595 0.05
  1 1 39 1 6351.42573316938 0.05
  1 1 40 1 6302.63120792562 0.05
  1 1 41 1 6261.36666225005 0.05
  1 1 42 1 6226.18085696706 0.05
  1 1 1 4 15852.2660883954 0.05
  1 1 2 4 14260.0031890561 0.05
  1 1 3 4 12826.1745634573 0.05
  1 1 4 4 11531.1720358458 0.05
  1 1 5 4 10360.8332088125 0.05
  1 1 6 4 9303.85694585506 0.05
  1 1 7 4 8350.90162536617 0.05
  1 1 8 4 7494.09669494742 0.05
  1 1 9 4 6725.69997838874 0.05
  1 1 10 4 6038.8854760406 0.05
  1 1 11 4 5426.51439347845 0.05
  1 1 12 4 4882.26521761607 0.05
  1 1 13 4 4400.00999105934 0.05
  1 1 14 4 3973.76647017892 0.05
  1 1 15 4 3598.07946220677 0.05
  1 1 16 4 3267.71571999762 0.05
  1 1 17 4 2977.90936474685 0.05
  1 1 18 4 2724.03654617893 0.05
  1 1 19 4 2502.48941777656 0.05
  1 1 20 4 2309.24785592974 0.05
  1 1 21 4 2140.99543011051 0.05
  1 1 22 4 1994.80491654065 0.05
  1 1 23 4 1867.89145321442 0.05
  1 1 24 4 1757.95502397026 0.05
  1 1 25 4 1662.99553931582 0.05
  1 1 26 4 1580.8490025675 0.05
  1 1 27 4 1509.92500849143 0.05
  1 1 28 4 1448.76867079756 0.05
  1 1 29 4 1396.13273803166 0.05
  1 1 30 4 1350.68396230107 0.05
  1 1 31 4 1311.78154753792 0.05
  1 1 32 4 1278.27120209229 0.05
  1 1 33 4 1249.51202190694 0.05
  1 1 34 4 1224.92297533266 0.05
  1 1 35 4 1203.76845397187 0.05
  1 1 36 4 1185.66517122545 0.05
  1 1 37 4 1170.26941839969 0.05
  1 1 38 4 1156.9487940924 0.05
  1 1 39 4 1145.57017244573 0.05
  1 1 40 4 1135.87557803231 0.05
  1 1 41 4 1127.50898729744 0.05
  1 1 42 4 1120.51883566477 0.05
  2 1 1 2 863951.908727215 0.05
  2 1 2 2 382236.984939751 0.05
  2 1 3 2 172336.918356424 0.05
  2 1 4 2 80382.7942239208 0.05
  2 1 5 2 40576.4309572281 0.05
  2 1 6 2 23637.8838684947 0.05
  2 1 7 2 16527.3992500783 0.05
  2 1 8 2 13570.6222490385 0.05
  2 1 9 2 12348.8334641664 0.05
  2 1 10 2 11846.4590544908 0.05
  2 1 11 2 11640.2684200443 0.05
  2 1 12 2 11555.8404481986 0.05
  2 1 13 2 11521.5644247482 0.05
  2 1 14 2 11507.434787375 0.05
  2 1 15 2 11501.7428741717 0.05
  2 1 16 2 11499.4841013615 0.05
  2 1 17 2 11498.611864286 0.05
  2 1 18 2 11498.2782102483 0.05
  2 1 19 2 11498.2857277243 0.05
  2 1 20 2 11498.110000022 0.05
  2 1 21 2 11498.1346291823 0.05
  2 1 22 2 11498.251105394 0.05
  2 1 23 2 11498.20336945 0.05
  2 1 24 2 11498.2859163892 0.05
  2 1 25 2 11498.3041579518 0.05
  2 1 26 2 11498.3973116475 0.05
  2 1 27 2 11498.4348350717 0.05
  2 1 28 2 11498.3341332757 0.05
  2 1 29 2 11498.4179663982 0.05
  2 1 30 2 11498.3930757498 0.05
  2 1 31 2 11498.3643617505 0.05
  2 1 32 2 11498.32133014 0.05
  2 1 33 2 11498.396681768 0.05
  2 1 34 2 11498.3638882328 0.05
  2 1 35 2 11498.3500652361 0.05
  2 1 36 2 11498.355618998 0.05
  2 1 37 2 11498.3149976176 0.05
  2 1 38 2 11498.495611008 0.05
  2 1 39 2 11498.3187994984 0.05
  2 1 40 2 11498.3220388366 0.05
  2 1 41 2 11498.3547763832 0.05
  2 1 42 2 11498.3160532579 0.05
  2 1 1 3 271170.986959298 0.05
  2 1 2 3 118480.056443364 0.05
  2 1 3 3 52045.1008046527 0.05
  2 1 4 3 23167.9301860972 0.05
  2 1 5 3 10664.5915934795 0.05
  2 1 6 3 5279.76596183931 0.05
  2 1 7 3 2974.75971532327 0.05
  2 1 8 3 1993.55059305525 0.05
  2 1 9 3 1578.30643901442 0.05
  2 1 10 3 1403.42101068376 0.05
  2 1 11 3 1330.16223168915 0.05
  2 1 12 3 1299.62684340539 0.05
  2 1 13 3 1286.78787003539 0.05
  2 1 14 3 1281.49230446542 0.05
  2 1 15 3 1279.38374027136 0.05
  2 1 16 3 1278.53600600706 0.05
  2 1 17 3 1278.10965264087 0.05
  2 1 18 3 1277.90408675435 0.05
  2 1 19 3 1277.7903686537 0.05
  2 1 20 3 1277.81924687309 0.05
  2 1 21 3 1277.85267126888 0.05
  2 1 22 3 1277.83961238148 0.05
  2 1 23 3 1277.95079190213 0.05
  2 1 24 3 1277.93998912734 0.05
  2 1 25 3 1277.9072565116 0.05
  2 1 26 3 1277.82551624932 0.05
  2 1 27 3 1277.9699983559 0.05
  2 1 28 3 1277.87549054182 0.05
  2 1 29 3 1277.88129671768 0.05
  2 1 30 3 1277.88361985641 0.05
  2 1 31 3 1277.91646661909 0.05
  2 1 32 3 1277.84117591641 0.05
  2 1 33 3 1277.83517764461 0.05
  2 1 34 3 1277.93579172212 0.05
  2 1 35 3 1277.86056549611 0.05
  2 1 36 3 1277.8273329149 0.05
  2 1 37 3 1277.80361387081 0.05
  2 1 38 3 1277.84749122068 0.05
  2 1 39 3 1277.87995103652 0.05
  2 1 40 3 1277.80163464191 0.05
  2 1 41 3 74914.1916221195 0.05
  2 1 42 3 71944.5170296989 0.05
# end catch observations 
#  
# Fishery size comp data 
# Number of observations, init_int Ncatch_size_obs 
  168
# init_matrix obs_catch_size(1,Ncatch_size_obs,1,ncol) 
# Fleet Area  Year  Species Type (0=whole, 1=retained, 2=discard) InpN, proportion by size bin 
  1 1 1 Atlantic_cod 0 81 0.2222222 0.2839506 0.1481481 0.2716049 0.07407407
  1 1 2 Atlantic_cod 0 73 0.1369863 0.3013699 0.2876712 0.1780822 0.09589041
  1 1 3 Atlantic_cod 0 65 0.1076923 0.2615385 0.3230769 0.2615385 0.04615385
  1 1 4 Atlantic_cod 0 56 0.07142857 0.2857143 0.3571429 0.2678571 0.01785714
  1 1 5 Atlantic_cod 0 120 0.05833333 0.2 0.3333333 0.3666667 0.04166667
  1 1 6 Atlantic_cod 0 130 0.06923077 0.1461538 0.3 0.4 0.08461538
  1 1 7 Atlantic_cod 0 94 0.07446809 0.1808511 0.2340426 0.4893617 0.0212766
  1 1 8 Atlantic_cod 0 94 0.07446809 0.05319149 0.2021277 0.6170213 0.05319149
  1 1 9 Atlantic_cod 0 82 0.08536585 0.1341463 0.3536585 0.3658537 0.06097561
  1 1 10 Atlantic_cod 0 76 0.1052632 0.1052632 0.2105263 0.5394737 0.03947368
  1 1 11 Atlantic_cod 0 74 0.06756757 0.06756757 0.1621622 0.6351351 0.06756757
  1 1 12 Atlantic_cod 0 65 0.09230769 0.07692308 0.2615385 0.5538462 0.01538462
  1 1 13 Atlantic_cod 0 77 0.1688312 0.06493506 0.1688312 0.5454545 0.05194805
  1 1 14 Atlantic_cod 0 88 0.1818182 0.09090909 0.1590909 0.5113636 0.05681818
  1 1 15 Atlantic_cod 0 66 0.1212121 0.07575758 0.1818182 0.6212121 0
  1 1 16 Atlantic_cod 0 69 0.173913 0.1594203 0.2173913 0.4347826 0.01449275
  1 1 17 Atlantic_cod 0 43 0.1860465 0.1627907 0.1627907 0.4651163 0.02325581
  1 1 18 Atlantic_cod 0 34 0.1176471 0.2352941 0.08823529 0.5588235 0
  1 1 19 Atlantic_cod 0 55 0.2181818 0.2181818 0.1454545 0.4181818 0
  1 1 20 Atlantic_cod 0 64 0.265625 0.1875 0.1875 0.359375 0
  1 1 21 Atlantic_cod 0 77 0.2337662 0.1818182 0.1168831 0.4675325 0
  1 1 22 Atlantic_cod 0 67 0.2686567 0.1940299 0.1492537 0.358209 0.02985075
  1 1 23 Atlantic_cod 0 133 0.2030075 0.2180451 0.1654135 0.3909774 0.02255639
  1 1 24 Atlantic_cod 0 98 0.1632653 0.255102 0.1938776 0.3571429 0.03061224
  1 1 25 Atlantic_cod 0 91 0.1648352 0.2307692 0.2197802 0.3846154 0
  1 1 26 Atlantic_cod 0 77 0.2337662 0.1948052 0.2467532 0.2987013 0.02597403
  1 1 27 Atlantic_cod 0 102 0.2058824 0.2058824 0.1960784 0.3823529 0.009803922
  1 1 28 Atlantic_cod 0 76 0.1973684 0.3289474 0.25 0.2105263 0.01315789
  1 1 29 Atlantic_cod 0 110 0.2181818 0.2454545 0.2636364 0.2727273 0
  1 1 30 Atlantic_cod 0 100 0.24 0.22 0.22 0.32 0
  1 1 31 Atlantic_cod 0 108 0.2777778 0.287037 0.1759259 0.25 0.009259259
  1 1 32 Atlantic_cod 0 118 0.3050847 0.220339 0.2033898 0.2711864 0
  1 1 33 Atlantic_cod 0 129 0.2790698 0.2945736 0.1550388 0.2635659 0.007751938
  1 1 34 Atlantic_cod 0 90 0.1333333 0.3 0.2222222 0.3444444 0
  1 1 35 Atlantic_cod 0 69 0.2608696 0.2608696 0.2318841 0.2318841 0.01449275
  1 1 36 Atlantic_cod 0 80 0.3125 0.2125 0.1375 0.3375 0
  1 1 37 Atlantic_cod 0 62 0.1774194 0.1935484 0.2096774 0.4193548 0
  1 1 38 Atlantic_cod 0 94 0.3297872 0.2659574 0.2021277 0.2021277 0
  1 1 39 Atlantic_cod 0 75 0.32 0.2 0.28 0.2 0
  1 1 40 Atlantic_cod 0 75 0.2533333 0.28 0.2133333 0.2533333 0
  1 1 41 Atlantic_cod 0 35 0.2571429 0.2857143 0.2857143 0.1714286 0
  1 1 42 Atlantic_cod 0 22 0.3636364 0.2272727 0.1363636 0.2727273 0
  1 1 1 Spiny_dogfish 0 5 0 0.2 0 0 0.2
  1 1 2 Spiny_dogfish 0 5 0 0.2 0 0.2 0.6
  1 1 3 Spiny_dogfish 0 5 0 0 0 0.2 0.2
  1 1 4 Spiny_dogfish 0 5 0.2 0.2 0 0.6 0
  1 1 5 Spiny_dogfish 0 5 0.4 0 0 0.2 0.4
  1 1 6 Spiny_dogfish 0 5 0.4 0.4 0.2 0 0
  1 1 7 Spiny_dogfish 0 5 0 0.8 0.2 0 0
  1 1 8 Spiny_dogfish 0 5 0.2 0 0 0 0
  1 1 9 Spiny_dogfish 0 5 0.8 0.2 0 0 0
  1 1 10 Spiny_dogfish 0 5 0.2 0.4 0.2 0.2 0
  1 1 11 Spiny_dogfish 0 1 2 0 0 0 0
  1 1 12 Spiny_dogfish 0 5 0.6 0.4 0 0 0
  1 1 13 Spiny_dogfish 0 1 2 3 0 0 0
  1 1 14 Spiny_dogfish 0 2 1.5 0.5 0.5 0 0
  1 1 15 Spiny_dogfish 0 8 0.125 0.375 0.125 0 0
  1 1 16 Spiny_dogfish 0 3 1 0.6666667 0 0 0
  1 1 17 Spiny_dogfish 0 3 1 0.3333333 0.3333333 0 0
  1 1 18 Spiny_dogfish 0 1 4 1 0 0 0
  1 1 19 Spiny_dogfish 0 3 1 0.6666667 0 0 0
  1 1 20 Spiny_dogfish 0 3 3 5 1.666667 0.3333333 0
  1 1 21 Spiny_dogfish 0 3 10.33333 4 1 0 0
  1 1 22 Spiny_dogfish 0 2 3 1 1 0 0
  1 1 23 Spiny_dogfish 0 6 1 1.666667 0.5 0 0
  1 1 24 Spiny_dogfish 0 1 34 21 5 1 0
  1 1 25 Spiny_dogfish 0 1 10 16 2 1 0
  1 1 26 Spiny_dogfish 0 2 10.5 3 2 0.5 0
  1 1 27 Spiny_dogfish 0 2 3.5 3.5 0.5 0.5 0
  1 1 28 Spiny_dogfish 0 4 4.5 2.75 0.25 0.25 0
  1 1 29 Spiny_dogfish 0 7 3.428571 2.428571 0.4285714 0 0
  1 1 30 Spiny_dogfish 0 6 2.833333 0.5 1.5 0 0
  1 1 31 Spiny_dogfish 0 10 1.1 1 0.4 0 0
  1 1 32 Spiny_dogfish 0 7 1.571429 1.428571 0 0.1428571 0
  1 1 33 Spiny_dogfish 0 15 1.2 0.5333333 0.5333333 0.06666667 0
  1 1 34 Spiny_dogfish 0 19 0.6315789 0.4736842 0.3157895 0.05263158 0
  1 1 35 Spiny_dogfish 0 13 1.230769 1.538462 0.4615385 0.2307692 0
  1 1 36 Spiny_dogfish 0 23 1.130435 0.6086957 0.4347826 0.04347826 0
  1 1 37 Spiny_dogfish 0 7 3.428571 2 0.4285714 0 0
  1 1 38 Spiny_dogfish 0 7 2.571429 1.571429 0.7142857 0.2857143 0
  1 1 39 Spiny_dogfish 0 19 0.4210526 0.4736842 0.1052632 0.05263158 0
  1 1 40 Spiny_dogfish 0 25 0.24 0.28 0.04 0 0
  1 1 41 Spiny_dogfish 0 31 0.3225806 0.1935484 0 0.03225806 0
  1 1 42 Spiny_dogfish 0 31 0.3548387 0.2903226 0.06451613 0.06451613 0
  2 1 1 Atlantic_herring 0 2 0 0.5 0 0 0
  2 1 2 Atlantic_herring 0 5 0 0.2 0.6 0.2 0
  2 1 3 Atlantic_herring 0 2 1.5 0.5 0.5 0 0
  2 1 4 Atlantic_herring 0 5 0 0.2 0 0 0
  2 1 5 Atlantic_herring 0 5 0.6 0.6 0 0 0
  2 1 6 Atlantic_herring 0 5 0.6 0.2 0 0 0
  2 1 7 Atlantic_herring 0 5 0.8 0.2 0 0 0
  2 1 8 Atlantic_herring 0 1 1 0 0 0 0
  2 1 9 Atlantic_herring 0 5 0.2 0 0 0 0
  2 1 10 Atlantic_herring 0 5 0.2 0 0 0 0
  2 1 11 Atlantic_herring 0 2 0.5 0 0 0.5 0
  2 1 12 Atlantic_herring 0 5 0.6 0.4 0 0 0
  2 1 13 Atlantic_herring 0 5 0.6 0.2 0 0 0
  2 1 14 Atlantic_herring 0 5 1.2 0.4 0 0 0
  2 1 15 Atlantic_herring 0 5 1.6 0.6 0 0 0
  2 1 16 Atlantic_herring 0 5 0.6 0.2 0.2 0 0
  2 1 17 Atlantic_herring 0 5 0.4 0.4 0.2 0 0
  2 1 18 Atlantic_herring 0 5 0.2 0 0 0 0
  2 1 19 Atlantic_herring 0 5 0.2 0 0 0 0
  2 1 20 Atlantic_herring 0 30 0.06666667 0.03333333 0.03333333 0 0
  2 1 21 Atlantic_herring 0 46 0.04347826 0 0.02173913 0 0
  2 1 22 Atlantic_herring 0 10 0.4 0 0 0 0
  2 1 23 Atlantic_herring 0 19 0.05263158 0.1052632 0 0 0
  2 1 24 Atlantic_herring 0 61 0.04918033 0 0 0 0
  2 1 25 Atlantic_herring 0 29 0.03448276 0.03448276 0 0 0
  2 1 26 Atlantic_herring 0 32 0.125 0 0 0 0
  2 1 27 Atlantic_herring 0 16 0.125 0.1875 0 0 0
  2 1 28 Atlantic_herring 0 31 0.06451613 0.03225806 0 0.03225806 0
  2 1 29 Atlantic_herring 0 44 0.09090909 0 0 0 0
  2 1 30 Atlantic_herring 0 29 0.7241379 0.1034483 0 0 0
  2 1 31 Atlantic_herring 0 25 0.36 0.04 0 0 0
  2 1 32 Atlantic_herring 0 22 0.4090909 0.09090909 0.04545455 0 0
  2 1 33 Atlantic_herring 0 35 0.05714286 0.05714286 0 0 0
  2 1 34 Atlantic_herring 0 28 0.07142857 0.1071429 0.03571429 0 0
  2 1 35 Atlantic_herring 0 45 0.02222222 0 0 0.02222222 0
  2 1 36 Atlantic_herring 0 51 0.1568627 0.01960784 0.01960784 0 0
  2 1 37 Atlantic_herring 0 41 0.2195122 0 0 0 0
  2 1 38 Atlantic_herring 0 36 0.2222222 0.1388889 0 0 0
  2 1 39 Atlantic_herring 0 20 0.55 0.25 0 0 0
  2 1 40 Atlantic_herring 0 14 1.357143 0.4285714 0.07142857 0.07142857 0
  2 1 41 Atlantic_herring 0 17 0.4705882 0.3529412 0.05882353 0 0
  2 1 42 Atlantic_herring 0 24 0.4166667 0.2083333 0.04166667 0 0
  2 1 1 Atlantic_mackerel 0 1 1 0 2 1 1
  2 1 2 Atlantic_mackerel 0 5 0.4 0.4 0.2 0 0
  2 1 3 Atlantic_mackerel 0 5 0 0.6 0.2 0.2 0
  2 1 4 Atlantic_mackerel 0 1 0 3 2 0 0
  2 1 5 Atlantic_mackerel 0 6 0.1666667 0.1666667 0.5 0 0
  2 1 6 Atlantic_mackerel 0 4 0.5 0 0.25 0.25 0.25
  2 1 7 Atlantic_mackerel 0 5 0.2 0.4 0.2 0.2 0
  2 1 8 Atlantic_mackerel 0 1 1 2 1 1 0
  2 1 9 Atlantic_mackerel 0 1 1 2 0 2 0
  2 1 10 Atlantic_mackerel 0 1 0 3 1 0 1
  2 1 11 Atlantic_mackerel 0 2 0 0.5 0 0 0
  2 1 12 Atlantic_mackerel 0 5 0.2 0.4 0 0.2 0.2
  2 1 13 Atlantic_mackerel 0 4 0.25 0 0 0 0
  2 1 14 Atlantic_mackerel 0 8 0 0.125 0 0.125 0
  2 1 15 Atlantic_mackerel 0 11 0.3636364 0.09090909 0.1818182 0.09090909 0
  2 1 16 Atlantic_mackerel 0 5 0.2 0.2 0.2 0 0
  2 1 17 Atlantic_mackerel 0 5 0.4 0.2 0 0 0
  2 1 18 Atlantic_mackerel 0 1 0 1 0 0 0
  2 1 19 Atlantic_mackerel 0 1 1 0 1 1 0
  2 1 20 Atlantic_mackerel 0 4 0.25 0.5 0 0 0
  2 1 21 Atlantic_mackerel 0 3 1 0 0 0 0
  2 1 22 Atlantic_mackerel 0 4 0 0.25 0.25 0 0
  2 1 23 Atlantic_mackerel 0 3 0.3333333 0.3333333 1.333333 0 0
  2 1 24 Atlantic_mackerel 0 3 0 0.3333333 0 0 0
  2 1 25 Atlantic_mackerel 0 2 0.5 0 0 0 0
  2 1 26 Atlantic_mackerel 0 4 0.25 0.25 0 0 0
  2 1 27 Atlantic_mackerel 0 5 0 0.2 0 0.2 0
  2 1 28 Atlantic_mackerel 0 4 0.5 0.25 0 0.25 0
  2 1 29 Atlantic_mackerel 0 4 0.75 0.25 0.25 0.5 0
  2 1 30 Atlantic_mackerel 0 24 0.125 0.125 0 0 0
  2 1 31 Atlantic_mackerel 0 10 0.7 0.3 0 0 0
  2 1 32 Atlantic_mackerel 0 12 0.1666667 0.08333333 0.1666667 0.1666667 0
  2 1 33 Atlantic_mackerel 0 4 1.75 1.25 0.5 0.25 0
  2 1 34 Atlantic_mackerel 0 6 2 0.8333333 0.3333333 0 0
  2 1 35 Atlantic_mackerel 0 2 1.5 2.5 2.5 0 0
  2 1 36 Atlantic_mackerel 0 10 0.9 0.9 0.4 0.1 0
  2 1 37 Atlantic_mackerel 0 9 0.6666667 0.1111111 0 0 0
  2 1 38 Atlantic_mackerel 0 13 0.2307692 0.3076923 0 0 0
  2 1 39 Atlantic_mackerel 0 16 0.6875 0.25 0.0625 0.1875 0
  2 1 40 Atlantic_mackerel 0 27 0.5185185 0.1851852 0.1481481 0.07407407 0
  2 1 41 Atlantic_mackerel 0 15 1.333333 0.1333333 0.5333333 0.06666667 0
  2 1 42 Atlantic_mackerel 0 16 0.8125 0.5625 0.4375 0.125 0
# end fishery length observations 
#  
# Survey diet proportion observations 
# Number of observations, init_int Ndietprop_obs 
  115
# init_matrix obs_dietprop(1,Ndietprop_obs,1,ncol) 
# Survey  Year  Predator  Predator_size InpN  wt_prey_1 wt_prey_2 wt_prey_3 wt_prey_4 wt_prey_5 wt_prey_6 wt_prey_7 wt_prey_8 wt_prey_9 wt_prey_10 wt_prey_11 other 
  1 12 Atlantic_cod 2 100 0.02 0 0 0 0.98
  1 12 Atlantic_cod 3 100 0.59 0 0 0 0.41
  1 13 Atlantic_cod 3 100 0 0.07 0 0 0.93
  1 13 Atlantic_cod 4 100 0 0.99 0 0 0.01
  1 15 Atlantic_cod 2 100 0 0.06 0 0 0.94
  1 18 Atlantic_cod 1 100 0.55 0 0 0 0.45
  1 18 Atlantic_cod 2 100 0 0 0 0 1
  1 18 Atlantic_cod 3 100 0 0.08 0 0 0.92
  1 19 Atlantic_cod 2 100 0 0.33 0 0 0.67
  1 19 Atlantic_cod 3 100 0 0.16 0 0 0.84
  1 20 Atlantic_cod 3 100 0 0.12 0 0 0.88
  1 21 Atlantic_cod 2 100 0 0.02 0 0 0.98
  1 21 Atlantic_cod 3 100 0 0.22 0 0 0.78
  1 24 Atlantic_cod 3 100 0 0.39 0 0 0.61
  1 25 Atlantic_cod 3 100 0 0.32 0 0 0.68
  1 26 Atlantic_cod 3 100 0 0.27 0.3 0 0.43
  1 27 Atlantic_cod 3 100 0 0.23 0.21 0 0.56
  1 28 Atlantic_cod 3 100 0 0.84 0 0 0.16
  1 33 Atlantic_cod 3 100 0 0.17 0 0 0.83
  1 34 Atlantic_cod 3 100 0 0.32 0 0 0.68
  1 35 Atlantic_cod 3 100 0 0.35 0 0 0.65
  1 38 Atlantic_cod 3 100 0 0.11 0 0 0.89
  1 39 Atlantic_cod 3 100 0 0.39 0 0 0.61
  1 40 Atlantic_cod 2 100 0 0.34 0 0 0.66
  1 41 Atlantic_cod 2 100 0 0 0.47 0 0.53
  2 2 Atlantic_cod 4 100 0.04 0 0 0 0.96
  2 11 Atlantic_cod 3 100 0.01 0 0 0 0.99
  2 14 Atlantic_cod 3 100 0 0.01 0 0 0.99
  2 14 Atlantic_cod 4 100 0 0 0 0 1
  2 15 Atlantic_cod 3 100 0 0.45 0 0 0.55
  2 16 Atlantic_cod 3 100 0 0.25 0.14 0 0.61
  2 16 Atlantic_cod 4 100 0 0.07 0 0 0.93
  2 19 Atlantic_cod 3 100 0 0.59 0 0 0.41
  2 19 Atlantic_cod 4 100 0 0.47 0 0 0.53
  2 21 Atlantic_cod 3 100 0 0.62 0 0 0.38
  2 21 Atlantic_cod 4 100 0 0.76 0 0 0.24
  2 22 Atlantic_cod 3 100 0 0.02 0 0 0.98
  2 23 Atlantic_cod 3 100 0 0.14 0 0 0.86
  2 24 Atlantic_cod 3 100 0 0.03 0 0 0.97
  2 24 Atlantic_cod 4 100 0 0.13 0 0 0.87
  2 25 Atlantic_cod 2 100 0 0 0.04 0 0.96
  2 25 Atlantic_cod 3 100 0 0.04 0 0 0.96
  2 26 Atlantic_cod 3 100 0 0.39 0 0 0.61
  2 27 Atlantic_cod 3 100 0 0 0.17 0 0.83
  2 27 Atlantic_cod 4 100 0 0.27 0 0 0.73
  2 29 Atlantic_cod 3 100 0 0 0 0.07 0.93
  2 33 Atlantic_cod 3 100 0 0 0.02 0 0.98
  2 35 Atlantic_cod 1 100 0 1 0 0 0
  2 35 Atlantic_cod 2 100 0 0.04 0 0 0.96
  2 35 Atlantic_cod 3 100 0 0.47 0 0 0.53
  2 36 Atlantic_cod 3 100 0 0.59 0 0 0.41
  2 39 Atlantic_cod 3 100 0 0 0.33 0 0.67
  2 40 Atlantic_cod 2 100 0 0.14 0.1 0 0.76
  2 36 Atlantic_herring 3 100 0 0.06 0 0 0.94
  2 30 Atlantic_mackerel 2 100 0 0.16 0 0 0.84
  2 30 Atlantic_mackerel 4 100 0 0.37 0 0 0.63
  1 8 Spiny_dogfish 2 100 0 0.04 0.02 0 0.94
  1 8 Spiny_dogfish 3 100 0 0 0.42 0 0.58
  1 11 Spiny_dogfish 3 100 0 0 0.69 0 0.31
  1 13 Spiny_dogfish 2 100 0 0.07 0 0 0.93
  1 13 Spiny_dogfish 3 100 1 0 0 0 0
  1 13 Spiny_dogfish 4 100 0 0.01 0 0 0.99
  1 14 Spiny_dogfish 3 100 0 0.03 0 0 0.97
  1 15 Spiny_dogfish 3 100 0 0 0 0.02 0.98
  1 15 Spiny_dogfish 4 100 0 0.15 0 0 0.85
  1 16 Spiny_dogfish 3 100 0 0.29 0 0 0.71
  1 16 Spiny_dogfish 4 100 0 0.33 0 0 0.67
  1 17 Spiny_dogfish 3 100 0 0.18 0.01 0 0.81
  1 18 Spiny_dogfish 3 100 0 0.39 0 0 0.61
  1 19 Spiny_dogfish 2 100 0 0.23 0.08 0 0.69
  1 19 Spiny_dogfish 3 100 0 0 0.15 0 0.85
  1 20 Spiny_dogfish 2 100 0 0.29 0 0 0.71
  1 20 Spiny_dogfish 3 100 0 0.19 0.04 0 0.77
  1 21 Spiny_dogfish 3 100 0 0.14 0.04 0 0.82
  1 22 Spiny_dogfish 2 100 0 0.91 0 0 0.09
  1 23 Spiny_dogfish 3 100 0 0.06 0 0 0.94
  1 24 Spiny_dogfish 3 100 0 0.08 0 0 0.92
  1 25 Spiny_dogfish 3 100 0 0.14 0 0 0.86
  1 25 Spiny_dogfish 4 100 0.01 0.06 0 0 0.93
  1 26 Spiny_dogfish 3 100 0 0.16 0 0 0.84
  1 27 Spiny_dogfish 2 100 0 0.12 0 0 0.88
  1 27 Spiny_dogfish 3 100 0 0.03 0 0 0.97
  1 28 Spiny_dogfish 2 100 0 0.8 0 0 0.2
  1 28 Spiny_dogfish 3 100 0 0.19 0 0 0.81
  1 29 Spiny_dogfish 3 100 0 0.1 0.09 0 0.81
  1 31 Spiny_dogfish 3 100 0 0.6 0 0 0.4
  1 31 Spiny_dogfish 4 100 0 0 0.24 0 0.76
  1 34 Spiny_dogfish 3 100 0 0 0.08 0 0.92
  1 40 Spiny_dogfish 3 100 0 0.12 0 0 0.88
  1 40 Spiny_dogfish 4 100 0 0.18 0 0 0.82
  1 42 Spiny_dogfish 3 100 0 1 0 0 0
  2 6 Spiny_dogfish 3 100 0 0 0.08 0 0.92
  2 8 Spiny_dogfish 3 100 0 0 0.13 0 0.87
  2 9 Spiny_dogfish 4 100 0 0 0 0.06 0.94
  2 14 Spiny_dogfish 4 100 0.03 0 0 0 0.97
  2 15 Spiny_dogfish 3 100 0 0.03 0 0 0.97
  2 16 Spiny_dogfish 3 100 0 0.01 0 0 0.99
  2 17 Spiny_dogfish 2 100 0 0.05 0 0 0.95
  2 18 Spiny_dogfish 3 100 0 0.01 0 0 0.99
  2 19 Spiny_dogfish 3 100 0 0.1 0 0 0.9
  2 21 Spiny_dogfish 3 100 0 0.07 0 0 0.93
  2 22 Spiny_dogfish 3 100 0 0.25 0 0 0.75
  2 23 Spiny_dogfish 3 100 0 0.13 0.06 0 0.81
  2 24 Spiny_dogfish 3 100 0 0.28 0.25 0 0.47
  2 25 Spiny_dogfish 3 100 0 0.24 0 0 0.76
  2 25 Spiny_dogfish 4 100 0 0 0.8 0 0.2
  2 27 Spiny_dogfish 3 100 0 0.22 0 0 0.78
  2 30 Spiny_dogfish 3 100 0 0.2 0 0 0.8
  2 33 Spiny_dogfish 3 100 0 0.08 0 0 0.92
  2 34 Spiny_dogfish 3 100 0 1 0 0 0
  2 35 Spiny_dogfish 3 100 0 0.71 0 0 0.29
  2 36 Spiny_dogfish 2 100 0 0.6 0 0 0.4
  2 36 Spiny_dogfish 3 100 0 0.87 0 0 0.13
  2 37 Spiny_dogfish 3 100 0 0.22 0 0 0.78
  2 42 Spiny_dogfish 3 100 0 0 0.73 0 0.27
# end survey diet proportion observations 
#  
