# Number of parameters = 292  Objective function value = 88463.5  Maximum gradient component = 0.000291209
# ln_yr1N:
 1.15069 4.26198 3.68786 -27.0508 -35.3313
 8.21115 -53.3423 5.65644 -23.7277 -88.3635
 -2.17049 4.93895 -50.8940 0.787518 -92.0081
 -134.414 4.69613 -43.6665 1.56703 -231.288
# recruitment_alpha:
 0.00000 0.00000 0.00000 0.00000
# recruitment_shape:
 0.00000 0.00000 0.00000 0.00000
# recruitment_beta:
 0.00000 0.00000 0.00000 0.00000
# ln_avg_recruitment:
 2.95057 8.26851 5.95476 5.30128
# recruitment_devs:
 2.27078 3.40974 4.66926 -0.319984 -1.18052 -0.859840 -2.78321 3.78709 0.419804 -1.36605 3.13074 -0.402330 2.88260 -0.223057 -1.68636 2.36868 0.329853 -2.03629 1.70354 1.97016 0.540158 -3.05395 1.99499 -0.937431 1.69088 -2.60113 1.19220 -1.56293 2.72020 -0.0628559 -1.33612 -2.97442 -3.36961 0.506603 -0.469182 1.24817 -0.784044 -1.82301 -3.18087 -2.44628 -1.37598
 0.0131989 -0.825323 -1.03209 -0.435307 -0.808430 -0.980284 -1.21242 -0.665007 -0.921795 -0.0182677 -0.627993 -0.526460 -0.858023 -0.344107 -1.72635 -1.78586 -0.448077 -0.233353 0.786120 0.653527 0.584393 0.864589 -0.182465 0.680465 0.126517 0.376347 0.296347 0.379010 0.380008 1.16847 0.209400 0.968450 1.05360 1.00171 1.24229 1.42043 0.835897 0.266911 0.0965136 0.0325950 0.194830
 -0.975561 -0.665009 0.612966 1.49115 1.58580 -0.262723 0.521093 1.60282 1.62592 -0.778318 -0.451919 0.372718 0.277707 -1.09359 1.08126 2.01335 -2.72598 -0.0349601 -1.66241 -0.00341562 0.527492 -1.82311 -1.05668 0.379559 0.565225 0.335892 -0.940107 0.953359 0.797595 -1.62886 -2.54085 -2.48116 -2.47329 -1.36731 1.28000 -0.123207 0.454711 -0.264613 0.351453 2.98132 3.54169
 -0.870240 1.15538 2.04133 1.30930 1.32956 -1.51687 -3.20117 1.37925 0.488489 0.0368377 1.03416 0.455321 1.24676 -0.356450 -0.372141 1.43756 -2.04790 -0.359165 0.817730 0.318032 0.148379 0.149030 0.480782 -0.182628 0.121510 -0.471077 -0.537624 0.353294 0.758727 -1.51678 0.717112 -1.87390 -0.797070 0.0864006 -0.0103313 1.14267 0.823220 0.464350 -2.21296 -0.732909 -1.23598
# ln_recsigma:
 0.00000 0.00000 0.00000 0.00000
# avg_F:
 -0.486346 0.255429
# F_devs:
 -1.71612 -0.957493 -0.429749 -1.34326 -1.15627 -1.02946 -0.568900 0.781491 -0.402900 -0.279076 0.446314 0.336910 0.908849 0.417200 0.559235 1.34507 0.466764 0.408920 1.03772 0.807269 0.0178408 0.0465416 0.814153 0.578268 0.787127 0.691427 0.573919 0.0293680 0.431530 -0.695024 -0.814023 -0.634749 -0.451030 0.451384 0.289125 -0.203124 -0.700905 -0.988033 -0.740092 -0.398347 0.361333 0.920795
 -2.15347 -1.87497 -1.22960 -1.37655 -0.100885 -0.125998 0.0463875 0.478067 0.237094 -0.561958 -0.135354 -1.41173 0.223846 0.0816349 -0.00728122 -0.528443 1.15843 0.244735 0.250887 0.508785 -0.00436652 0.618786 0.534995 0.205077 0.390778 0.682333 0.935297 0.483433 0.330167 0.130015 0.278843 0.341934 0.241461 0.429513 -0.0260269 0.280183 0.261923 -0.246612 -0.312864 0.146198 0.774753 -0.199443
# fishsel_pars:
 5.90856e-010 1.43602
 8.21056e-009 -2.77938
# ln_fishery_q:
 0.300521 -0.685163
# ln_survey_q:
 0.253322 2.00000 2.00000 2.00000
 1.36665 2.00000 2.00000 2.00000
# survey_selpars:
 3.94352 4.09955
 2.62020 2.69724
# ln_M1ann:
 0.00000 0.00000 0.00000 0.00000
# ln_otherFood_base:
0.00000000000
# otherFood_dev:
 0.00000000000 0.00000000000 0.00000000000
