# Number of parameters = 292 Objective function value = 88072.1945281480  Maximum gradient component = 0.000216356660736986
# ln_yr1N:
 1.82609875136561 4.28723909152922 3.39531649073442 1.35150119992163 -126.930659738793
 6.78751128786913 6.47818129171154 4.57716657677976 -5.29917770667647 -37.0046542753161
 -1.59504997829827 4.00010026401538 2.92867972423796 0.333707282763809 -545.895033922431
 -32.2098884644119 4.32192288609176 2.30639097539139 1.51487221142272 -4.86540531824618
# recruitment_alpha:
 0.00000000000000 0.00000000000000 0.00000000000000 0.00000000000000
# recruitment_shape:
 0.00000000000000 0.00000000000000 0.00000000000000 0.00000000000000
# recruitment_beta:
 0.00000000000000 0.00000000000000 0.00000000000000 0.00000000000000
# ln_avg_recruitment:
 2.96794403604164 8.25219438173630 5.99218208900409 5.31792422338733
# recruitment_devs:
 2.66709455114668 3.33695176554568 4.64489787038478 -0.498723884933857 -1.25312951379210 -0.867316306752485 -2.74161857346976 3.75804578097199 0.401897798896016 -0.908442353739388 3.11765036939785 0.386933474885543 2.86802730631070 -0.916987074925272 -2.31554347855737 2.28531573917337 0.751630879424894 -2.08977735044983 1.67287482089924 1.85491555802289 0.833504258373821 -2.90442294429914 2.00771687696410 -1.31439774970503 1.61906687564905 -2.10036036539600 1.26335916246635 -1.75591774684458 2.61631881406440 0.787633324417402 -1.79329388139721 -3.21317198813875 -3.42732331957795 0.387604549004848 -0.288939822244924 1.19843520847229 -0.493335821955910 -1.76177575933098 -2.66886932376809 -3.65508061445275 -1.49144710544833
 0.178405722185854 -1.23800636988329 -0.759464791478472 -0.572337473815508 -0.813174835585581 -1.04939892538786 -1.13138588899432 -0.623556070441538 -0.976230768568729 -0.0141833559844909 -0.554447469301264 -0.573571312188156 -0.886096217500198 -0.379667903788455 -1.55193683163900 -1.78918643694653 -0.420655289791029 -0.165045016239870 0.816780321620521 0.658783156910890 0.497654216816035 0.904039908910085 -0.112019841762017 0.637668608263981 0.134055216264485 0.410302879583630 0.362032827380765 0.343268631183389 0.385906757250678 1.11693025161797 0.292114332535082 0.946116783939731 1.14521666520930 0.909777573497016 1.23703120393931 1.39625973916919 0.845237203039266 0.307442256692624 0.154603328765825 0.0680201431018457 -0.137282930113751
 -0.502958543443613 -0.574477095094864 0.0638301773085743 1.63441853236921 1.24072098490720 0.346548859371843 0.350575092018498 1.79795008115981 1.27651659266813 -1.12005705528470 0.213502400429738 0.136330160926084 -0.0293366809443886 -0.794226172132082 1.03983299797438 1.99861205424187 -2.65950240582773 -0.116205983622813 -1.61428097323512 -0.0538173160562312 0.431284265002987 -2.27650379729428 -0.856588267159638 0.358170333365966 0.372520655478669 0.474782041305359 -0.869558321404338 0.961155055470920 0.541949112190893 -1.27712616408014 -2.55237127693098 -2.49317832446715 -2.30552337005848 -1.42631818365907 1.18790920365318 0.0214438859908975 0.322634480837497 -0.0208422710526609 0.437668539841461 3.06293200721946 3.27158468909854
 -0.559886296689728 1.11770982222283 2.08805099367101 0.978500539549190 1.40336374978609 -1.37001269420122 -3.25565039398144 1.30507248476402 0.615400213041214 -0.0817559589779500 1.04054618517221 0.430207127305103 1.25813979751544 -0.494690416069121 -0.425642767566525 1.40088160681595 -1.42560264724544 -0.377179819697673 0.804824110439909 0.247972429481441 0.153327436267245 0.0937800309339639 0.494369167701500 -0.205913198817588 0.0806544103170196 -0.521277049815475 -0.443187683721650 0.352438338154223 0.654394200844177 -1.23666614188843 0.730314061179009 -2.09026445930047 -0.630485531748179 -0.0364120597031855 0.0966832547108396 1.06719622337623 0.958233087741564 0.264669426104603 -2.12694606028486 -0.397227571583275 -1.95792794722456
# ln_recsigma:
 0.00000000000000 0.00000000000000 0.00000000000000 0.00000000000000
# avg_F:
 -0.484378819824338 0.299496668224311
# F_devs:
 -1.72675437984727 -0.961761647268573 -0.444199425045366 -1.37116730097431 -1.12312198722978 -1.01141920304577 -0.557793545303965 0.794714290948902 -0.362103088739336 -0.275156936081803 0.472509580761577 0.337001614430485 0.882762494251219 0.386317838485276 0.537966026319858 1.36454688673357 0.531522279101976 0.427567388654533 1.00463259542500 0.799927455700455 0.0877621418472981 0.0932309422812455 0.870571638964846 0.563185798004557 0.767075892630443 0.729084938618124 0.663817339396139 -0.0205470806523282 0.350961677044867 -0.632167800867094 -0.779525011084489 -0.648454429976622 -0.479241681500332 0.337670144144723 0.330104429726595 -0.239958777306542 -0.684921448181735 -1.02564297268301 -0.763844173366734 -0.427506094172522 0.213858656663953 0.988494933574515
 -2.08401161893704 -1.80699867828662 -1.28976844658605 -1.23030775446338 -0.121314231682362 -0.00597252347231373 0.133794446101911 0.600416990759880 -0.00180618321360665 -0.639820143799449 -0.0358396822748803 -1.41545910724877 0.128501615350904 0.121221780134822 0.114976006506795 -0.508965989549256 1.12316719937125 0.150191710052822 0.198728455669303 0.395615094644469 -0.0682020456463409 0.582309968414489 0.747043984621391 0.227874999347053 0.316060238994439 0.769225995394222 0.904268161424866 0.318571443879947 0.172517765918005 0.104433573605915 0.305964915141841 0.425422923060783 0.325261240792753 0.426058317345216 -0.0993724661910980 0.339680406492594 0.368649497373225 -0.164123108700207 -0.287403577812756 0.0614727132115724 0.548062325116518 -0.150126207740338
# fishsel_pars:
 3.09076909667430e-08 1.51193776586781
 4.29479979165097e-07 -1.81332567098346
# ln_fishery_q:
 0.296420625929179 -0.702452024857835
# ln_survey_q:
 0.274654336448307 1.99999999928758 1.99999999965063 1.99999999989736
 1.37732128418713 1.99999999911839 1.99999999981194 1.99999999989740
# survey_selpars:
 3.94907465606686 4.10588707672518
 2.63291110151141 2.70632926001681
# ln_M1ann:
 0.00000000000000 0.00000000000000 0.00000000000000 0.00000000000000
# ln_otherFood_base:
0.00000000000
# otherFood_dev:
 0.00000000000 0.00000000000 0.00000000000
