# Number of parameters = 286 Objective function value = 9217.80259758521  Maximum gradient component = 5.15977191790160e-05
# ln_yr1N:
 3.24017195937218 3.60307873193814 2.39864044388861 -6.49502866241282 -6.22333043309824
 5.23179913320932 -1.89098013686203 4.97840518249402 4.13059348026648 -2.30107760857756
 4.63076280372665 3.97193866364458 3.46972384103832 3.24133122991794 -4.15930297506571
 6.56454497961120 3.26649284496060 5.93748977854228 3.28487183606087 2.53503228058483
# recruitment_alpha:
 0.00000000000000 0.00000000000000 0.00000000000000 0.00000000000000
# recruitment_shape:
 0.00000000000000 0.00000000000000 0.00000000000000 0.00000000000000
# recruitment_beta:
 0.00000000000000 0.00000000000000 0.00000000000000 0.00000000000000
# ln_avg_recruitment:
 1.51546140667539 7.85377245348737 6.70494140520123 5.46462379220370
# recruitment_devs:
 0.152496757830178 1.84089524900936 0.722075441153176 1.68773414503162 0.335092601659741 1.60303755196171 0.572464432224722 2.05609927489639 1.22310202448152 0.938464970868591 1.06919941840403 0.796958244252593 0.380212276159382 0.850564042436254 -0.0408658882654351 0.535848165117455 -0.211367637545379 -0.190834654102694 -0.0538984975170750 0.250812804447790 0.181985369858695 -0.0111338446477549 -0.186819198084782 -0.643822504443697 -0.401107910619351 -0.491366051268505 -0.364242542701604 -0.319322292695398 -0.855607368734407 -0.969111441359242 -1.07850539679940 -1.82628775072648 -1.63765658177005 -0.842283108944613 -0.838846457141026 -0.894459232135721 -0.906293024126431 -1.27627483377004 -1.46866222928405 -0.179094233844772 0.490819711976418
 -2.52995859570167 -2.81616760364642 -2.75993487544430 -1.82175651378304 -2.23618862599967 -1.94145031145993 -1.86894195861887 -0.860812407645881 -1.15455289323607 -0.602898704319742 -0.985875680427526 -1.44249582147250 -1.04007563172055 -0.496376183900506 -0.957606749157849 0.582054955463986 0.741123716364493 1.15486776593315 0.932092364095049 0.914070843929109 0.870958810831371 1.16311686580479 0.0208140128694079 0.0140193095198425 1.47882719650555 0.205878154848304 0.783079051393460 0.951885261218260 0.569225635738154 1.50213418693722 1.10452401597534 1.95471706672409 1.50242599684181 0.309475888370161 1.23543758442388 0.889288166940117 1.02201922835709 0.666768653794378 0.630885723175625 -0.532386973538710 2.84778893672168
 -0.655720084433633 0.747229644060528 0.165431967735644 0.397731224909690 -0.147521887185162 -0.0759339623421037 -0.397302701433061 0.525770928643668 -0.373715411782412 -0.193945685890332 -0.186748757100128 0.178256325897646 0.752951753777826 0.241151405898004 0.585780077334154 -0.492246753167606 0.0192861872285008 -0.147792085946607 -0.724733191366431 0.349299508019508 -0.415966013335934 0.657160442771151 -0.292117541832052 -0.199102586423076 0.392559340940700 -0.714833474296604 -0.752075835970451 -0.117725883586314 -0.176120559007592 -1.10887550187233 -1.41727784921592 0.0706207679318369 0.553952149184506 0.213468837267386 0.335798993935759 0.236943400044543 0.674750100598296 1.12946594007338 1.08889064042198 -0.177949862567237 -0.548793972251277
 0.00176764063952754 0.0150314475898641 0.0206658691548916 0.0147126125189279 0.0194211718843186 0.0233420555959095 0.0144310883617989 0.00612332047712274 -0.0120246374610588 -0.0198847438195846 -0.0230024781012829 -0.0140302580405092 -0.00199492866650491 0.00829728190341619 0.0133849447298724 0.0250810228375734 0.0217351757336288 0.0183007824932383 0.0123445909293171 0.00410943543563197 -0.00498350401913507 -0.0193762287437105 -0.0348846219945765 -0.0520610322206200 -0.0585716726926118 -0.0607367519501316 -0.0544880208685624 -0.0440740656380640 -0.0289007322716033 -0.0111226260667703 0.00680944693096767 0.0238454010183817 0.0166964240069889 0.0268154995016831 0.0299006121616810 0.0312505195139257 0.0282758276009306 0.0233494292030646 0.0184897102493247 0.0108272684685847 0.00512772400381745
# ln_recsigma:
 -0.693147181000000 -0.693147181000000 -0.693147181000000 -2.30258509300000
# avg_F:
 2.48097446480985 -1.03806540913195
# F_devs:
 0.713947876030586 0.432527023140161 0.506903712582526 0.422914465033516 0.468360921790084 0.452533667611447 0.545961445613735 0.546100224354134 0.494405180491883 0.527634957226307 0.566267253471899 0.510760480440002 0.483053901860030 0.457522890278499 0.472537876688828 0.462237066183107 0.415221799056474 0.337628812282090 0.297713675440622 0.386449234715908 -0.536927599900495 -0.551623601123052 -0.498423648983335 -0.497829024889237 -0.451031197596677 -0.476064578036572 -0.481609743025942 -0.459172095190896 -0.383740175255740 -0.424156143890584 -0.440749290650533 -0.430937789021888 -0.460706465674170 -0.433773067567493 -0.434953033176899 -0.384990030012931 -0.374488923059419 -0.337713213855117 -0.348923099669042 -0.345124715404349 -0.407033828728546 -0.340711226033666
 -0.788905950589665 -0.743395056164428 -0.405595434620945 -0.370138710212191 -0.398495253080530 -0.239503611245314 -0.189806250012402 -0.294300315766531 -0.227860467432627 -0.130462297611481 -0.357958026968112 -0.441850419522322 -0.404754750934372 -0.279987960839810 -0.110914087995648 -0.0744393222878131 -0.0314789685189676 -0.0535978413054585 -0.0730371753318085 -0.00454914091106635 0.0767992772920605 0.126470282208051 0.114419775326336 0.221418418454722 0.122742169746578 0.163259084802106 0.492459351669851 0.182493707956807 0.0522066565700605 0.347613973974962 0.303341050692111 0.0880614876113428 0.176572487375018 0.309663567952358 0.237717611621301 0.0954131917906394 0.268630158854106 0.495176257373113 0.543987999417371 0.471460432971210 0.387790739432756 0.343333356595967
# logit_vuln:
 5.00000000000000 5.00000000000000 5.00000000000000 5.00000000000000
# fishsel_pars:
 4.69938970762167 3.15324348555681
 3.59886405904786 1.66060873134201
# ln_fishery_q:
 -6.62484598877431 -1.76783903185632
# ln_survey_q:
 -1.00953457730633 -3.52524549932158 -4.56260145131519 -2.60288984146505
# survey_selpars:
 3.13484616299034
 1.88239526373219
# ln_M1ann:
 -1.23787435600000 -1.60943800000000 -1.60943800000000 -2.28278246600000
# ln_otherFood_base:
13.5278300000
# otherFood_dev:
 0.00000000000
