# Number of parameters = 286 Objective function value = 9143.87457235175  Maximum gradient component = 4.57240278866184e-05
# ln_yr1N:
 2.51872197914820 3.44865796554632 2.54657011473146 -6.07728817645141 1.14625090165619
 6.27657690901054 -2.83926476706294 5.69731628071830 4.34668674882155 4.15485475062089
 5.96286483070655 -2.52611870709572 4.30759785174090 3.37664675006755 -3.76902936647472
 -1.14332199379646 3.87620126067238 5.78685806241127 4.63009691867054 -2.37632961417354
# recruitment_alpha:
 0.00000000000000 0.00000000000000 0.00000000000000 0.00000000000000
# recruitment_shape:
 0.00000000000000 0.00000000000000 0.00000000000000 0.00000000000000
# recruitment_beta:
 0.00000000000000 0.00000000000000 0.00000000000000 0.00000000000000
# ln_avg_recruitment:
 1.63786506687674 7.79050924833384 5.77033286805601 5.13503200352069
# recruitment_devs:
 -0.163229933491913 1.98647870158769 0.580280112345088 1.58575342542162 0.272666038860576 1.15243923056905 0.256001711994984 2.28402559400742 0.586998517136680 0.725496756084263 0.646939461711219 0.436968734709528 0.176451779445047 0.775585102355119 0.0934468894628159 0.544334040106451 -0.0939775984415402 0.0128769720601155 0.0193302513726001 0.693536180586129 0.384847296905311 0.352152463218164 -0.575602935408611 -0.840080356919070 -0.668142298244162 -0.533647385363508 0.175483424585161 -0.140241760866851 -0.972014033766005 -0.955895205255644 -0.980654978607801 -1.67185936589420 -1.52555835972233 -0.825416756352394 -0.634516098202618 -0.614344347861945 -0.748391209334812 -1.14586094397852 -1.41195133918575 -0.0882997515290673 0.847591971795357
 -2.23137217715230 -2.33159910220827 -2.26639122534597 -1.18291242491997 -1.98433938208808 -2.18996594729362 -1.47601091003622 -0.314823840193714 -1.21592086947642 -0.637977727607212 -0.960173738703820 -1.34029631192001 -0.485255417834348 -0.651740454877809 -1.47019594553275 0.583043712988152 1.48942364894386 0.219778862964571 1.38914838151281 0.517315436757391 0.638544535610233 0.574220465922941 0.503318063303259 0.228493626091236 1.26951448300066 0.392275479227810 0.894595550521735 0.617262880740956 0.661354594409244 1.35666014890330 2.15743493804854 0.825286509076298 1.17279252699854 -0.0232881516629340 1.67696223369386 0.238567150887323 0.738588163236173 0.807473880337914 -0.550179434404881 -0.565784948273740 2.92617283955781
 -0.269768514319589 1.26269750035146 0.445653484281731 0.722492970809324 -0.101510345139819 -0.561682330413114 -0.384346506700735 0.583493028078750 0.130215668858361 -0.443149311525321 -0.0221114185475915 0.165895336605273 1.23011541545261 -0.128306507431718 -0.689959063471946 -0.845279360112965 0.292304493066163 0.121628548879461 -0.650307515955730 0.261861676741342 -0.659972024252647 0.253674962744350 -0.750589350640143 0.270945165661974 0.180106705791246 -0.525977260397988 -0.493960048335006 -0.388511576775108 -0.943188068563543 -1.60406081917121 -1.47256143825688 0.818105857220756 -0.164350774497163 0.814953780048184 -0.232196439929237 1.56846186659184 0.544379291131873 0.568968211082391 1.69411974941794 -0.191900914628793 -0.406384106295519
 -0.0336118807990041 -0.0437673883237365 -0.0341593616502532 -0.0465660886637325 -0.0197830357733982 -0.00714529524797942 -0.00729665901401705 -0.00518544773497215 -0.0154596593923235 -0.0239676405644095 -0.0204813867572506 -0.000697050553119415 0.0198371165832654 0.0341321608041384 0.0362639871793513 0.0448092963355807 0.0460228234050620 0.0415303397622681 0.0324693554795678 0.0222371595271746 0.00982428190530554 -0.00473188079915881 -0.0202606363522515 -0.0386962657564868 -0.0469461355081158 -0.0482775737311344 -0.0425259076229988 -0.0350756866680108 -0.0197721181655339 -0.00315420555333230 0.0141280426857870 0.0272430065934397 0.0288195108186001 0.0345753481410018 0.0322988820504069 0.0287833874081830 0.0241823397549806 0.0167956053290866 0.0126820227297683 0.00689832024603649 0.00402832732767791
# ln_recsigma:
 -0.693147181000000 -0.693147181000000 -0.693147181000000 -2.30258509300000
# avg_F:
 -0.984187117285378 -1.51299031404708
# F_devs:
 0.0737878241006694 0.0835881104510229 0.122491542795065 0.252482243878116 0.208787291754755 0.397576458282465 0.381353691982486 0.446202975681351 0.427421240613947 0.480610070326066 0.546861242465960 0.419966303235960 0.462932846161971 0.488356867694656 0.415289650852626 0.479972270900863 0.394204305798754 0.396730886681949 0.488685731318313 0.362089222691284 -0.523216664334873 -0.335654982323419 -0.329893951231842 -0.371007049761888 -0.393517373886282 -0.363440724039625 -0.366957144609286 -0.306817312981280 -0.318768415521921 -0.269544527047460 -0.289682191120667 -0.343547863255830 -0.357516722262298 -0.325709122126064 -0.324045256930587 -0.353418225341807 -0.283763515682430 -0.260547546511569 -0.241762997420531 -0.312026388510177 -0.334323269049262 -0.324229602823028
 -1.37514524142026 -1.12736855616838 -0.799253822771290 -0.638497148998959 -0.246176506719741 0.0505964751102654 0.0982422061101324 -0.0342994293044961 0.0636183484886235 0.181936152665827 -0.00798702260729430 -0.212108398845476 -0.161457431642236 -0.119241914427562 -0.143993864613868 -0.0468743805947665 -0.104084310767354 -0.0477241635483335 0.113444745018468 0.181456327782634 0.0225029287145185 0.0276573333130280 -0.0197070214743388 0.0781304430506383 0.122492846588300 0.305957949741429 0.373883015671440 0.308482271989411 0.332274880687838 0.242719564415667 0.276957330626666 0.217566551345843 0.251889307402166 0.277081350109022 -0.0156612993173294 0.143550729543937 0.215445842974628 0.367823522626747 0.189970169011005 0.144195694222170 0.266591796351150 0.245112739942131
# logit_vuln:
 5.00000000000000 5.00000000000000 5.00000000000000 5.00000000000000
# fishsel_pars:
 4.01346149192101 3.34512556202999
 2.82847414708675 2.09336847308737
# ln_fishery_q:
 -4.17371871198988 -1.05218421471599
# ln_survey_q:
 -1.49394676086235 -4.51282175360922 -4.56038790283706 -2.20758073761692
# survey_selpars:
 3.07382819780630
 1.93125214981594
# ln_M1ann:
 -1.23787435600000 -1.60943800000000 -1.60943800000000 -2.28278246600000
# ln_otherFood_base:
13.5278300000
# otherFood_dev:
 0.00000000000
