# Number of parameters = 292 Objective function value = 179253.157427937  Maximum gradient component = 122.881692399772
# ln_yr1N:
 -299.922696339472 13.4423235107252 12.4399447552148 -73.4655082001819 7.85558051364074
 1.75299249564406 -66.8165226319125 -141.060756856977 -121.614657242511 22.4040715528508
 14.6120908829463 18.5942640793197 19.3433016657079 17.5533593090405 7.19066972673385
 12.9400893274241 -53.8789924288171 12.9306864674387 -7.95375935092066 6.79696574008066
# recruitment_alpha:
 0.00000000000000 0.00000000000000 0.00000000000000 0.00000000000000
# recruitment_shape:
 0.00000000000000 0.00000000000000 0.00000000000000 0.00000000000000
# recruitment_beta:
 0.00000000000000 0.00000000000000 0.00000000000000 0.00000000000000
# ln_avg_recruitment:
 12.1790209963688 20.1198465751155 16.6230948022645 13.1668229362516
# recruitment_devs:
 2.89756068938713 2.56612111752078 3.68649131582243 3.50024722749763 -1.68069283658184 3.74046275799678 -2.54514364157008 1.61630303630484 2.90269202363643 1.31860989935835 1.73070235783067 0.909167206830727 0.880922857128535 0.426095240465504 0.0549751944886856 0.452374720867622 -0.361890697875498 -0.682650289985210 -0.0892081156011619 -0.804380670130263 0.255290028210531 -0.427816109107146 -0.261232836712696 -0.705238541781008 -0.197548655918193 -1.52603527446077 -0.731024165454266 -0.669491996638081 -0.0622320591099055 0.145189037094610 1.22732373732173 -3.80530308647895 -0.745673926342806 -1.41323576876727 -1.77850770477052 -0.798477558469519 -0.234332398350893 -2.87350840691838 -1.89069378142603 -1.36131193548837 -2.66489878242067
 5.05834182789166 4.71013765298881 2.86122045751771 2.71434622598847 0.695831407891137 1.07556288827452 -0.436155359225408 -0.123704477769511 0.396688028516432 -0.182619692157019 0.136179990245869 0.190825085850894 0.0855787037313794 -0.316221952502499 -0.652466244400780 -1.45954074502663 -3.44169526952046 -1.38439030880865 -0.336848128299508 -1.06956144059836 0.0500752088738800 -0.0825637993173154 -0.384184308431606 -0.896148228065765 -0.653627015527652 -1.63586582977815 -1.09380728854659 -0.713225298779511 -0.803349122181513 0.395770409393584 0.590206484036877 -0.226304687176124 -0.198166177225859 -0.622374706577035 -0.507415361563264 0.527899253164942 1.14478459234931 0.321358373288052 -0.324822719002421 -1.08273219298292 -2.32701625934547
 -2.46156584692188 3.86017755037904 0.821393452433424 4.54197286202417 2.70794693736337 3.99989913097484 1.94579674785589 2.52705448753194 3.16435192700545 2.18685355021146 1.28829106476732 1.14176539734368 1.17176238451928 0.784637560005410 -0.0530260325786593 1.87254788412274 0.952295380572271 -1.22958754006574 -0.725702093361814 -2.69177219381317 -0.560101994227834 -0.860888217381217 -3.55694499939075 -1.53209817478045 -0.848496300889892 -1.57138262114385 -2.13456409491612 -0.975077981090968 -0.437908582342199 -0.0113422784024195 -1.52634062240673 -3.04355812714961 -3.95110216253240 -3.90324269530699 -1.30332461349080 -0.245202337257347 -0.547903319393139 -0.726397988149999 -0.532889117403407 1.30058491748985 1.16308659011487
 -4.02501539332076 1.28747479868999 2.26715174022294 2.12232533275414 1.12659418756541 2.50933937047783 0.546159399624232 0.685947787986771 1.82514038582344 0.589319577914742 0.856765101832027 0.579958995407008 0.314577937563822 -0.227023412543692 -0.525149968916975 0.557638765403374 -0.800564314510948 -0.882411259518357 0.167785876280299 -1.03159425951030 -0.202186760123161 -0.141118374220194 -0.267314706491835 -0.625561860272326 -0.614088299282751 -1.22574775967410 -1.06548694665388 -0.338360510669187 -0.388799298992350 -0.649358282154197 0.831362635722579 -0.448677971199768 -0.659043817276778 -0.641337001175209 -0.650719542206101 0.106510177523558 0.644498047709006 -0.247730558188831 -0.509190833419072 -0.000617302050030606 -0.851454204112030
# ln_recsigma:
 0.00000000000000 0.00000000000000 0.00000000000000 0.00000000000000
# avg_F:
 -0.0753617193193555 0.901646456422856
# F_devs:
 -3.78931465337513 -1.42027909376929 -1.05685327134921 -1.98468085230289 -1.68700500386205 -0.139903858975445 -2.02050551456095 0.189722928973996 -0.155582272022455 -1.16473379622495 0.255043830220898 0.189600225347572 0.603366320246072 0.692031699210566 0.878119105581356 0.941270501906104 0.698634588711922 0.957710873926239 0.994876353736924 0.750771390284522 0.921164494904915 0.214273387454033 0.741298958213948 0.830765196716836 0.927085813706795 0.862325781924424 0.884319208000477 0.186473704785982 0.557382936575633 0.190052619571833 -0.0588986119780530 -0.982062532836548 0.230753646175555 0.323635225576045 0.386321184696536 0.113902536932928 -0.240710259090906 -0.878662871785243 0.477533801035118 0.248438428763851 -0.192358510789790 0.524676977287454
 -8.88735712933509 -6.42515547316292 -5.64873301781446 -4.21209584406590 -3.66516171461290 -1.58033139317293 -2.29123370583526 -0.565699017687097 -0.977389150071399 -1.65151203599338 -0.723491901925112 -1.33119573207420 -0.0252514976980938 -0.675979807716362 -0.837565464586892 0.174763429560721 1.63214898425409 -0.172788624222954 1.44402502155560 0.832316685084645 2.38542487498750 1.54005693625389 0.988716853151134 2.18276663436278 1.89941742496463 1.86012118719394 2.88278754408278 1.92375859492448 1.84975316371107 1.54126906807258 0.360442438285438 0.865179412628720 1.29549408006755 1.88975315068709 2.28641368982124 2.23459984438962 1.14345360196001 0.519138517917056 0.798669877214463 1.03811595051160 1.93997928240108 2.16237503429013
# logit_vuln:
 0.00000000000000 0.00000000000000 0.00000000000000 0.00000000000000 2.00000000000000 2.00000000000000 2.00000000000000 2.00000000000000 2.00000000000000 2.00000000000000
# fishsel_pars:
 -2.14879530506655 0.211663430202528
 -18.1014430763668 -2.49704725044911
# ln_fishery_q:
 0.387971233074740 -3.26014632292918
# ln_survey_q:
 1.35265306185243 -0.370653743362283 -0.240774044908328 1.99999999999295
 1.99999999994752 -1.18007742861624 1.99999999999955 1.99999999985829
# survey_selpars:
 1.79175943740705 3.94746569703197
 -17.1085963447341 3.03802373440245
# ln_M1ann:
 1.00000000000000 1.00000000000000 1.00000000000000 1.00000000000000
# ln_otherFood_base:
-2.30258509299
# otherFood_dev:
 -2.30258509299 -2.30258509299 -2.30258509299
