# Number of parameters = 292 Objective function value = 174158.441909154  Maximum gradient component = 0.000693438293934456
# ln_yr1N:
 10.1354417578241 13.4329175097414 12.2359179006175 8.68461838349132 7.89266936177132
 -5.83552028540517 -35.7376190671114 -88.2744837336720 -92.8165617509066 22.2101272773981
 14.6557437362755 18.8832517293409 19.6092431303994 -26.8803606459515 7.42160989720719
 12.5113507246383 -0.230917374537766 12.8387056370696 -27.7354418708302 6.68527018930423
# recruitment_alpha:
 0.00000000000000 0.00000000000000 0.00000000000000 0.00000000000000
# recruitment_shape:
 0.00000000000000 0.00000000000000 0.00000000000000 0.00000000000000
# recruitment_beta:
 0.00000000000000 0.00000000000000 0.00000000000000 0.00000000000000
# ln_avg_recruitment:
 12.1734641518575 20.1216847365242 16.7757343700318 13.1758756668730
# recruitment_devs:
 2.92056641522054 2.78564087284594 3.96778773656265 3.45311057586181 -2.14168811084301 3.67791289448165 -1.94038057147042 1.64206903484862 2.73499252603355 1.29882098246903 1.65052531415780 0.999222896421978 0.793687962309044 0.501504786622772 -0.162926666910953 0.498831910268054 -0.239209522550445 -0.757291925704799 0.0318524294989719 -0.847173262763211 0.246950766500246 -0.377168515602180 -0.243816703031998 -0.527294608276031 0.0822415920268450 -1.46071950703292 -0.586334097274573 -0.729512041197302 -0.168588301964530 0.124930385160976 1.42837656682450 -4.00475620227036 -0.731585057555958 -1.35953431086433 -1.68615552932410 -0.885064743471336 -0.151778030692778 -3.90199630222757 -1.97852805626593 -1.39226481510685 -2.56525876763584
 4.86103640961785 4.34003956119652 2.82773109243582 2.66264604246564 0.671646818720678 1.20527444320461 -0.158244676471611 -0.0436201683256195 0.236822596534023 -0.649209640240747 0.113960214464902 0.162149023951475 -0.194750865578951 -0.197676991157449 -0.883213763728746 -1.04429817279215 -3.66090920429172 -1.19120905835622 -0.285501214994734 -1.21737570766314 -0.222802353798517 0.100810678610499 -0.517113748094308 -0.735857949739029 -0.666426249141326 -1.47404779740099 -0.170970631393056 -0.826010727753927 -1.04902312899267 -0.145496163958191 0.625384237481969 -0.139609522244231 -0.0430198135349645 -0.707097180846330 -0.366532770095163 0.625517030754593 1.19451664386110 0.551189712344208 -0.717976927608703 -0.885234224985975 -1.98549584425529
 -2.58381480761029 3.56185322242228 2.40750658982675 4.43983707677298 2.73699961659931 3.88864439718483 2.01439677896286 2.52163173233161 2.90630400932337 1.90836772543676 1.29266363621843 1.02605747028146 0.906472465839627 0.647731969587479 -0.569737203906875 2.08166098578900 0.731539760436721 -1.00402590122675 -0.735375252958613 -2.73263303926304 -0.654674776680974 -0.572882174503939 -3.93898012783332 -1.09888387083795 -0.855043695708494 -1.27414483957523 -1.67656218527750 -1.18808144274623 -0.490742710075671 -0.475233179490295 -0.928512993701896 -2.95640993757536 -3.87193617434499 -4.05272143872527 -1.38788198078064 -0.297850362385686 -0.594653983284005 -0.828981181742650 -0.836661370187987 1.36440319476995 1.17035398021989
 -4.26108066523896 1.41930934540934 2.30669716083591 2.00149728013433 0.961006987301805 2.40152409551726 0.576810205896873 0.758120615737743 1.61649857269278 0.503136620895989 0.763067917658577 0.579742051467245 0.332645432820549 0.0833732722560697 -0.654518580798950 0.631148321898833 -0.749424198637990 -0.788586525850566 0.254867877656037 -1.13349275407095 -0.284608596235774 -0.0841122707700200 -0.290881976550497 -0.390653657961811 -0.456891788638924 -1.14220583316109 -1.04123047227908 -0.336026397193507 -0.499170016665950 -0.748915118066655 1.16110410166056 -0.582965514675014 -0.641716740193269 -0.734499426299085 -0.609996487498926 0.222855835776690 0.652814262237730 -0.372705363171117 -0.645308108915534 0.0141154262169491 -0.791344897249635
# ln_recsigma:
 0.00000000000000 0.00000000000000 0.00000000000000 0.00000000000000
# avg_F:
 -0.102093681173852 0.910036395949412
# F_devs:
 -3.71556900455440 -1.31045485480544 -1.22821734907734 -2.13032096826230 -1.56628195720892 -0.0877321509204472 -1.98735950914612 0.132029013195959 -0.192602501602258 -0.967049124730033 0.358641891315285 0.241610944488526 0.644111400224910 0.713507568276286 0.841921345710214 0.967253016938086 0.738859865279545 0.913471377985210 1.03294873834518 0.735074355940919 0.978731164946206 0.245215185424886 0.726257327814307 0.871447842406264 0.827545974048856 0.714874856783136 0.831451887903777 0.0569437664938980 0.547626680433742 0.337254049916223 0.0165901597950332 -1.20833352175689 0.222557870768090 0.336252148193850 0.430134130724067 0.0742319804439037 -0.201835016416873 -0.957138359357457 0.570875738598537 0.289556886538013 -0.166026199835090 0.321943347752854
 -8.66796068582360 -6.23112336946104 -5.25808332434705 -4.19872658183273 -3.60130142223471 -1.53233775620523 -2.35685193771647 -0.732002900904832 -1.06675576792343 -1.46263430142274 -0.314897222403355 -1.42510234385534 -0.0500607450983226 -0.358729719230435 -0.762376403541191 0.555580051958307 1.16604741753057 0.125939000639413 1.13601226835294 0.784821935825655 2.47736578033652 1.78380881052014 0.709382314590634 2.22211408172181 1.60703823619679 1.84837606463859 2.58507496484890 1.03649008826018 1.94189257331904 1.78915379037235 0.890328265503178 0.883698340127511 1.14745074341356 1.74086086634060 2.43564472852957 2.18278796020569 1.02400604953449 0.399629810593395 0.551084746051574 1.38735917294547 1.73456400644299 1.87243240105973
# logit_vuln:
 0.00000000000000 0.00000000000000 0.00000000000000 0.00000000000000 2.00000000000000 2.00000000000000 2.00000000000000 2.00000000000000 2.00000000000000 2.00000000000000
# fishsel_pars:
 2.64853662668458 0.428967168505615
 -5.77098025273916 -2.22958674228955
# ln_fishery_q:
 0.403533997234159 -3.38242009509778
# ln_survey_q:
 1.34503233266888 -18.3802275383787 -0.412490591315880 1.99999999996358
 1.99999999994792 -13.6653768331894 1.99999999985191 1.99999999987639
# survey_selpars:
 0.802752360680473 3.94541512876217
 -4.55165326970378 3.03645652259205
# ln_M1ann:
 1.00000000000000 1.00000000000000 1.00000000000000 1.00000000000000
# ln_otherFood_base:
-2.30258509299
# otherFood_dev:
 -2.30258509299 -2.30258509299 -2.30258509299
