# Number of parameters = 292 Objective function value = 177266.124503783  Maximum gradient component = 1.36393192331151
# ln_yr1N:
 10.3054618919182 13.5175523962635 12.2770442438498 9.37715866431079 8.01826549944387
 3.72750952825627 -59.0918522162740 -106.417206829366 -42.2971431103847 22.4266481424657
 17.7072777059395 -45.5355449115239 19.5813869581106 17.2483931711665 6.93307444783627
 12.4637885514647 8.03241756393797 12.8634968455405 -15.3896596139555 6.96158973873552
# recruitment_alpha:
 0.00000000000000 0.00000000000000 0.00000000000000 0.00000000000000
# recruitment_shape:
 0.00000000000000 0.00000000000000 0.00000000000000 0.00000000000000
# recruitment_beta:
 0.00000000000000 0.00000000000000 0.00000000000000 0.00000000000000
# ln_avg_recruitment:
 12.2414900333683 20.1250161631003 16.6761415973152 13.1682316683740
# recruitment_devs:
 2.94434083371259 2.51095955867668 3.65049402217649 3.53185400726875 -1.34229566561049 3.78133188959955 -1.60620645998698 1.53741646428562 3.01121233019575 1.28879361318293 1.64164587641952 0.981336347900381 0.742078797215204 0.376898636503614 -0.157008284350973 0.527390454803199 -0.358369577707029 -0.817518495758145 -0.0408761110724317 -0.919134813104297 0.319971100546560 -0.524603166426740 -0.240886772236892 -0.745762649107507 -0.214202829821423 -1.50486482757064 -0.767990917609603 -0.296512159182502 -0.206716644091554 0.249771728248869 1.30844592189901 -3.73631778287686 -0.872382658107211 -1.48391493953208 -1.68499767208637 -0.792066663555414 -0.272105575936143 -3.38438325857372 -2.06686143689512 -1.55611752452190 -2.81182619783244
 4.89096259668405 4.77713265637661 2.90215749619663 2.64320301110769 0.667408501052739 1.17258230837958 -0.285759573298742 -0.105281277570132 0.262851219251379 -0.572251784003388 0.0688541397898983 0.517315423910141 0.0639770208266344 -0.896530591409241 -0.814176764897518 -0.928542035630707 -3.58231837973740 -1.07541620080860 -0.607419739669570 -1.02159362081049 -0.0543084204203158 0.100912883065018 -0.472416525221496 -1.01238177960754 -0.154766869970855 -1.67408106759891 -0.864043800296082 -0.417083481631591 -1.04538816744553 0.712327944985837 0.603302899490549 -0.246388914534848 -0.140540332103364 -0.904233125829923 -0.407054902223703 0.548510673349515 1.08759316081047 0.498399404901670 -0.682065100907027 -1.16689653763248 -2.38660012549706
 -2.50630678488909 3.93209970319060 0.392665023943842 4.57919855758041 2.78518782142448 4.05938302027689 1.95626844819132 2.47642453493758 3.19785381223181 2.02642868529151 1.35961527568951 1.17098537569909 0.992408791747297 0.459852968438335 -0.354208557304650 2.04132442478335 0.888360903089501 -1.06251236584797 -0.719237687173960 -2.73145226172634 -0.193665658322964 -0.617440471347675 -3.69205369242284 -1.48024822703810 -0.282875050479393 -1.48356028185353 -2.05669360958899 -0.850887362172797 -0.324864915358676 0.0816214661699493 -1.60973536367687 -2.95305948572359 -3.87477004902534 -4.02888100049536 -1.26898601830380 -0.317167332648701 -0.568615592219930 -0.901146326858902 -0.784496757057597 1.27681012086169 0.986463206283611
 -4.29056030426789 1.19458761901063 2.11502760501508 2.09298848155409 1.23208387187303 2.56568649396426 0.463330459844409 0.715466129587955 2.05916228526848 0.514181214515988 0.805329065022208 0.625688107244757 0.426301426109304 -0.215973764818388 -0.610625130355383 0.587104145738490 -0.717180656372944 -0.823015402046527 0.213981378982526 -1.04942776277496 0.00564372702990480 -0.0285039671243458 -0.398845517544201 -0.651916748599380 -0.590763451854824 -1.15463789311822 -1.08095933492776 -0.147241968158530 -0.495003972656690 -0.632383289981520 0.991701437342128 -0.407683311202387 -0.690425794931310 -0.784189213524400 -0.594063520995403 0.234453751591578 0.640882514985521 -0.306726132419310 -0.685316080670437 -0.0624366326565205 -1.06570885660236
# ln_recsigma:
 0.00000000000000 0.00000000000000 0.00000000000000 0.00000000000000
# avg_F:
 -0.118260749806666 0.902694726727678
# F_devs:
 -3.74330588810382 -1.44582337675531 -0.977012749679630 -1.87288310196433 -1.64744988161603 -0.188003630912261 -2.07062779073032 0.217943064303067 -0.171659857732133 -1.26405290755234 0.296622136811950 0.139470532778859 0.646560988971531 0.736585495209118 0.848184537624223 0.999161357058078 0.635820723367484 0.979054989786363 0.968885416766227 0.695914361095422 0.881798128679178 0.179242116665748 0.772283298382633 0.839823871983152 0.908822864349544 0.859143139894991 0.817321636731902 0.117217234054509 0.284702327308987 0.294879133168546 -0.118831776583005 -1.07086590047829 0.236132363400362 0.418452188122106 0.441309435244656 0.0746128486652111 -0.302084535751104 -0.975379429539502 0.631391609668576 0.334979883244291 -0.0545615929623282 0.646212724012403
 -8.78125049646909 -6.29849637909305 -5.66444696079666 -4.29202251895096 -3.59490143152612 -1.54572547577732 -2.36759407527419 -0.636632534291971 -1.00849712896514 -1.41204579542632 -0.389745036493925 -1.42980451066338 -0.367682430789149 -0.554456079260773 -0.244454495560771 0.522261393611753 1.11736377756570 0.123607521120224 1.18869178777521 1.12497279300075 2.34668572386727 1.37039379977856 0.781810535124308 2.17305715737202 1.95905289678971 1.14734372393692 2.83293609632078 1.74891404154302 1.59295784428480 1.64767886237959 0.0554110816407318 0.851539551509766 1.28407710344508 1.88103274714771 2.61042765628913 2.21322631295376 1.11489042159406 0.513768824194193 0.693294731387056 1.41783980467998 2.04120029519871 2.23339650405311
# logit_vuln:
 0.00000000000000 0.00000000000000 0.00000000000000 0.00000000000000 2.00000000000000 2.00000000000000 2.00000000000000 2.00000000000000 2.00000000000000 2.00000000000000
# fishsel_pars:
 -0.615219220363331 0.291331137712615
 -8.30477513943729 -2.36670695366580
# ln_fishery_q:
 0.427716788524683 -3.33806668163629
# ln_survey_q:
 1.35104092940604 -1.60534546803101 -0.488992186135881 1.99999999969619
 1.99999999997572 -2.15121984618321 1.99999999997075 1.99999993709522
# survey_selpars:
 1.79141268181828 3.96154887140107
 -32.8027511673269 3.04076292058215
# ln_M1ann:
 1.00000000000000 1.00000000000000 1.00000000000000 1.00000000000000
# ln_otherFood_base:
-2.30258509299
# otherFood_dev:
 -2.30258509299 -2.30258509299 -2.30258509299
