# Number of parameters = 292 Objective function value = 178249.653892437  Maximum gradient component = 0.576728500641259
# ln_yr1N:
 9.12905624420698 13.6845655738874 12.2399727044383 9.04204749967447 7.31130962467822
 4.99226583564000 -30.0144812939087 -85.9835869677203 -87.5557933515128 22.2253191197307
 17.9650552446211 -13.5089444716350 19.7212899002056 16.3800588973804 -47.4822948706948
 13.0039816941237 -49.5333194611502 12.9503664944907 -46.5689146621793 6.65585879666799
# recruitment_alpha:
 0.00000000000000 0.00000000000000 0.00000000000000 0.00000000000000
# recruitment_shape:
 0.00000000000000 0.00000000000000 0.00000000000000 0.00000000000000
# recruitment_beta:
 0.00000000000000 0.00000000000000 0.00000000000000 0.00000000000000
# ln_avg_recruitment:
 12.2234710551085 20.1139392581216 16.7260389805204 13.1809813087623
# recruitment_devs:
 3.06433529874280 2.74597431489343 3.78266505570738 3.51257775685233 -2.19652057154598 3.82054146435888 -2.29333849271490 1.52972800207785 2.99768124539970 1.23429142287195 1.66200005694043 0.871667730574127 0.827676447785364 0.434575125681238 -0.00635964211636806 0.503156792061243 -0.409117909290006 -0.852533070011493 -0.241592565928893 -0.821750785755365 0.169564375701080 -0.488557985057704 -0.166612557617900 -0.626647268794636 -0.0802151908322620 -1.48158625075431 -0.721205073585181 -0.817834239771161 -0.183688698919214 0.0646787849906995 1.32315193125419 -3.51768523551452 -0.718184641223682 -1.46843777187706 -1.73220200486742 -0.873077865258497 -0.332006710533140 -2.31346228754159 -2.04012517642131 -1.44986414069744 -2.71165972981390
 4.89812134703485 4.59223352904160 2.87892876746618 2.55960938535463 0.732968937400651 1.07324574427616 -0.590253673490054 -0.0318920361872403 0.477502843891631 -0.336018447789660 0.0739268313398232 0.212806134561323 0.193910629622129 -0.511211004826369 -0.242609606569136 -1.56349345937588 -3.53248530024491 -1.32592779632802 -0.406256950988372 -1.10327254842244 -0.204304967938452 0.358992633050321 -0.159966710073077 -1.10242467558813 -0.503354374063777 -1.50989116262453 -0.850512155343111 -0.608098904084299 -0.949780822062386 0.0574555159073491 0.619374824087190 -0.193021870419295 -0.0704763256058557 -0.859730325838055 -0.444859352255758 0.646470731693255 1.17761828464195 0.430981920496879 -0.330595380411146 -1.06020774223223 -2.49350300696770
 -2.60545592354840 3.76793304704865 1.91922319862895 4.53306665216997 2.74525259332516 4.01342360276488 1.81307795922948 2.46376675420808 3.30085650823957 2.09218237538347 1.17769773350506 0.984432149362848 1.08836698849918 0.588741789768658 -0.129127096964036 1.85169468623387 0.855303496194264 -1.08264425896572 -0.858355527172409 -2.83222002503103 -0.652892706102499 -0.412562852389808 -4.41152042782483 -1.45686370196033 -0.731682508792544 -1.37846637228959 -2.03630934895754 -0.983438995832715 -0.357782162166741 -0.385944557910998 -1.09897044337578 -2.93530430328765 -3.74532305748327 -4.16320841989505 -1.25450649034464 -0.155740655109468 -0.453141601427108 -0.752157279083853 -0.597045778592315 1.32488761716986 0.950757569123633
 -3.97875777784523 1.45133794472553 2.22768882786821 2.08108749483503 0.991827354031365 2.61459947357760 0.447642309857782 0.767449294127388 2.01889833310311 0.625949619393298 0.778392546964876 0.471037942378454 0.443836217476940 -0.0568952223729282 -0.474971112998290 0.560493600231367 -0.768868593623712 -0.931310596647429 0.134406891274562 -1.05148573622794 -0.264026821755543 -0.213550193288531 -0.229325416736055 -0.693508395933355 -0.574739286161357 -1.17533198287554 -1.11142609818292 -0.345119217951665 -0.497764909795440 -0.683995465548068 0.881519358551499 -0.574415755561910 -0.618058797388318 -0.746498382990345 -0.631875513078644 0.215256811662012 0.511855971249060 -0.121485076422797 -0.571338369192485 0.0109977891149116 -0.919528716408931
# ln_recsigma:
 0.00000000000000 0.00000000000000 0.00000000000000 0.00000000000000
# avg_F:
 -0.100228276929750 0.920929486622762
# F_devs:
 -3.83544200975559 -1.48047850537762 -1.25472521468978 -2.02053022506933 -1.64422269734519 -0.104531826484679 -2.08996824149635 0.256501308018246 -0.159594248042086 -1.33762924989435 0.308784236896238 0.146843917582247 0.664439848317676 0.660806873707125 0.888275442437728 0.921670501659225 0.730427398265721 0.997922060389914 1.02612167799878 0.751003424611577 0.941950940184968 0.321086752796984 0.822393207371029 0.832760940134281 0.900769746156830 0.839192996941045 0.861484128575504 0.0983431175561960 0.624472195077450 0.316570091566629 -0.00945733262200582 -1.05936535664029 0.188517298315344 0.336145896688693 0.500216087450531 0.135253780304936 -0.264094102700700 -0.802090505914892 0.362726482904498 0.257766129263824 -0.175957313041629 0.545640856560979
 -8.76883585259834 -6.29617314430360 -5.52672306037768 -4.22053378092220 -3.57551420173885 -1.56543901662945 -2.23294756126836 -0.390302756418189 -1.05503971015549 -1.60487668347868 -0.533661260962025 -1.25404431647425 -0.0870273068231213 -0.747011557375508 -0.449182236025136 -0.0901080817736273 1.65712597222022 -0.00760368703499475 1.19933494755701 0.933684675410362 2.40925405258412 1.69025644422224 0.474647763277036 1.76504315474753 2.11155644147119 1.68852062100577 2.61341623145764 1.74485943502420 1.78615805605218 1.60670479515936 0.745156184743291 0.873927001038199 1.18425728402055 1.77050709133860 2.59556886608480 2.22666340153270 0.940728412527646 0.317232394484710 0.730558350085260 0.999091257702992 1.95516386554143 2.38560810585485
# logit_vuln:
 0.00000000000000 0.00000000000000 0.00000000000000 0.00000000000000 2.00000000000000 2.00000000000000 2.00000000000000 2.00000000000000 2.00000000000000 2.00000000000000
# fishsel_pars:
 1.17438340402336 0.431260239049845
 -6.63031538221222 -2.15370755254177
# ln_fishery_q:
 0.387095340853313 -3.37201603457354
# ln_survey_q:
 1.23230964059557 -17.2374209698663 -0.386954073090287 1.99999999998258
 1.99999999991993 -21.7274591000417 1.99999999991987 1.99999999985770
# survey_selpars:
 1.79175946655764 3.96792354190456
 -20.0264756690543 3.02749858547000
# ln_M1ann:
 1.00000000000000 1.00000000000000 1.00000000000000 1.00000000000000
# ln_otherFood_base:
-2.30258509299
# otherFood_dev:
 -2.30258509299 -2.30258509299 -2.30258509299
