# Number of parameters = 196 Objective function value = 10730.1178469945  Maximum gradient component = 3.31387236045908e-05
# ln_yr1N:
 3.16400638920901 2.53802344993192 2.80872222468338 1.79542590507401 -1.23180577127960
 2.42210244061116 3.42328208968931 3.25526855825817 2.09404493801821 1.81361163401588
 2.71586945675131 -1.91789996481791 0.0497900457002794 0.928209556432109 -2.74074406226216
 3.86688193502522 2.45756220681159 2.38297025022950 1.81475896485731 1.26121951537662
# recruitment_alpha:
 0.00000000000000 0.00000000000000 0.00000000000000 0.00000000000000
# recruitment_shape:
 0.00000000000000 0.00000000000000 0.00000000000000 0.00000000000000
# recruitment_beta:
 0.00000000000000 0.00000000000000 0.00000000000000 0.00000000000000
# ln_avg_recruitment:
 1.47187102917119 5.64710255064095 2.81572406242227 2.96717073332884
# recruitment_devs:
 0.831102176695854 1.10784468008167 1.98171600127273 0.572526313076340 0.451185137391131 1.85612463136314 0.584467015082512 2.08216958046870 -0.0664395865794499 0.861806553760742 0.950024848845197 0.210571046876481 0.936112989532497 0.266005032376668 -0.232429674117524 0.619592466409848 -0.294326476524681 -0.0894743222099985 0.506170651653247 0.260054817406396 -0.111837813729823 -0.00940385389069577 -0.624957833903557 -0.896894320840851 -0.959366684309289 -0.0963205468227375 -0.479627672880535 -0.165712733951335 -0.948778104749196 -0.859767121324680 -1.07031786993007 -1.26436958453176 -0.894417488921045 -0.879165307693990 -0.587455812708825 -0.841085379163810 -0.843972811533805 -1.15844426920868 -0.979739715087895 -0.144574191359204 0.421405368930902
 -1.44955990542709 -1.79697865532235 -1.86661888500297 -1.74672253575545 -1.60683909171488 -1.54602551004131 -1.23822899509614 -0.928295154130340 -0.00350928280463321 -0.421469478860980 -0.767030689152820 -0.848004597522669 -0.878778784213038 -0.586802125236172 -0.725745149129336 0.316950274510076 1.68051528918910 1.72506845890254 0.846391843593373 0.997325123727160 0.812924426333085 0.198120948833463 0.0452068169899699 0.553252809533727 1.71676481905279 0.0581475241018357 0.150572695392457 0.734921148918728 0.105937309170315 -0.0144649243690984 2.36516152696909 1.98609880378177 1.72023702758603 0.299280706977118 -0.454822635632034 -0.470330809156372 -0.324222670962845 0.385267588339380 0.00582403849377917 -0.231700522814903 1.20218193044291
 -0.256102540386847 1.79900779376126 0.132264240190406 -0.187915689042427 -0.250611067709306 -0.366638060001579 -0.325374712398477 -0.0175035484489484 -0.159406244375463 0.0512194674121050 0.403307622594238 -0.0164246941843436 0.546857760306327 -0.311466281417071 -0.640765014718654 -0.412163605210440 -0.277452059027918 -0.0636841660939585 0.379834190961745 -0.181539627630196 0.00561813512864777 0.799465897603767 0.264549157539296 -0.402553970158832 -0.288094057273516 -0.843469980098191 -1.07929703831573 -1.24877841906406 -1.12434054110830 -1.23003264090071 -0.829515101828577 -0.209981346050733 1.30702037275255 -0.196450524094256 -0.342417213748384 -0.219180593030808 0.981974998099139 1.83830806822067 2.54823908920402 0.182946683393398 0.240545124209635
 -0.0260758830786854 -0.00540145844558867 0.0150577859354668 0.00670057382224276 0.0155420714884549 0.0113916943873494 0.0227114474349086 0.0194276155957443 0.0245289304186078 -0.00760351455872377 -0.0236425958225723 -0.0441224676626061 -0.0431627735639585 -0.0366171459702679 -0.0336609326469285 -0.0160082756932645 -0.00826231587189030 -0.0112324831312710 -0.0257326274619076 -0.0426546334968087 -0.0670405994230496 -0.0876808001134900 -0.100706964745857 -0.117436564245418 -0.119807573993130 -0.116065728684668 -0.108744708239481 -0.0919899667665811 -0.0687609449472224 -0.0400838796108461 -0.00453845238156372 0.0474909029658537 0.103117558603483 0.178561979956339 0.211256569336943 0.147685794068223 0.0938817018740240 0.108385964342553 0.107361810233934 0.0818559618148254 0.0520748506790263
# ln_recsigma:
 -0.693147181000000 -0.693147181000000 -0.693147181000000 -2.30258509300000
# avg_F:
 -0.693147181000000 -0.693147181000000
# F_devs:
 0.00000000000000 0.00000000000000 0.00000000000000 0.00000000000000 0.00000000000000 0.00000000000000 0.00000000000000 0.00000000000000 0.00000000000000 0.00000000000000 0.00000000000000 0.00000000000000 0.00000000000000 0.00000000000000 0.00000000000000 0.00000000000000 0.00000000000000 0.00000000000000 0.00000000000000 0.00000000000000 -0.900000000000000 -0.900000000000000 -0.900000000000000 -0.900000000000000 -0.900000000000000 -0.900000000000000 -0.900000000000000 -0.900000000000000 -0.900000000000000 -0.900000000000000 -0.900000000000000 -0.900000000000000 -0.900000000000000 -0.900000000000000 -0.900000000000000 -0.900000000000000 -0.900000000000000 -0.900000000000000 -0.900000000000000 -0.900000000000000 -0.900000000000000 -0.900000000000000
 0.00000000000000 0.00000000000000 0.00000000000000 0.00000000000000 0.00000000000000 0.00000000000000 0.00000000000000 0.00000000000000 0.00000000000000 0.00000000000000 0.00000000000000 0.00000000000000 0.00000000000000 0.00000000000000 0.00000000000000 0.00000000000000 0.00000000000000 0.00000000000000 0.00000000000000 0.00000000000000 0.00000000000000 0.00000000000000 0.00000000000000 0.00000000000000 0.00000000000000 0.00000000000000 0.00000000000000 0.00000000000000 0.00000000000000 0.00000000000000 0.00000000000000 0.00000000000000 0.00000000000000 0.00000000000000 0.00000000000000 0.00000000000000 0.00000000000000 0.00000000000000 0.00000000000000 0.00000000000000 0.00000000000000 0.00000000000000
# logit_vuln:
 5.00000000000000 5.00000000000000 5.00000000000000 5.00000000000000
# fishsel_pars:
 3.89566254712042 3.51786233085273
 2.34874504268037 2.43887305739127
# ln_fishery_q:
 -1.38629436100000 0.405465108000000
# ln_survey_q:
 -1.23401627742317 -3.40188311532640 -1.82237196953432 0.444726788656297
# survey_selpars:
 4.12713438500000
 3.40119738200000
# ln_M1ann:
 -1.23787435600000 -1.60943800000000 -1.60943800000000 -2.28278246600000
# ln_otherFood_base:
13.5278300000
# otherFood_dev:
 0.00000000000
