# Number of parameters = 194 Objective function value = 2528.58605248749  Maximum gradient component = 6.36544301087246e-05
# ln_yr1N:
 3.77964612196478 3.40167331850818 2.64552015819638 0.0134070877160339 -1.23284313911092
 2.21382932161665 3.92169218482006 4.09457835342200 4.87363500443140 3.56088881519218
 -1.22514449734578 3.93532024971525 1.31684231784542 2.35377523709029 -3.09584535435524
 4.30945784919996 2.85778343172052 2.51465517805142 0.997750723776014 -3.37152867946910
# recruitment_alpha:
 0.00000000000000 0.00000000000000 0.00000000000000 0.00000000000000
# recruitment_shape:
 0.00000000000000 0.00000000000000 0.00000000000000 0.00000000000000
# recruitment_beta:
 0.00000000000000 0.00000000000000 0.00000000000000 0.00000000000000
# ln_avg_recruitment:
 1.53305021131547 6.18380414577334 3.76566523990346 2.66383350583954
# recruitment_devs:
 0.113749497336903 0.316472253496636 2.28287662243799 0.356088811538523 0.423046733895348 1.50947965332441 0.333925148638039 2.44637386229267 0.388720609896632 0.582237381710496 1.46962920154967 0.386227344035849 0.440277298671243 0.309744878689274 0.155498237026442 0.778415032655547 0.183251661331523 0.186263211770452 0.557986074832285 0.647967240210225 0.310665824840495 0.184835901747854 -0.225707981541656 -0.452017069394722 -0.441987500539651 -0.190010156484116 -0.0379953274918941 -0.298298390707311 -0.802300966831209 -1.16553490915290 -1.37857944177623 -1.44186700294220 -1.32487766544170 -1.02621131827195 -0.843664670605063 -0.966849355739440 -1.18783091938014 -1.30489019580759 -1.11170323511216 -0.386688421691475 0.223282049688154
 -1.08386357943582 -1.24130536018955 -1.29742296904456 -1.26772968734221 -1.17575923413009 -0.970765069787049 -0.587564347093337 -0.148651138140606 -0.380896443036165 -0.475363955053984 -0.688405258496434 -0.751531234889528 -0.729705980572879 -0.707947919755323 -0.463842239212548 1.64134679785673 2.02413793946690 0.385449230838452 0.558342546936033 0.355032184788617 0.223059314273570 0.172267516697049 0.286440226513403 0.577161300778553 1.53643276844502 0.225527436923740 0.229923108351096 0.199083496282132 0.165347104554031 2.67486678933591 0.390173513655413 0.316181504612192 0.147861107488945 -0.0137195926760784 -0.109445114694345 -0.173668892948858 -0.218271161444953 -0.266354708618284 -0.203165137583914 0.0816916876276336 0.765053208261415
 0.174015845177568 2.12935540761499 0.0554344252495795 -0.127871197371377 -0.225685226333322 -0.266683622505922 -0.261093202175664 -0.211301540827385 -0.116512743675354 0.0423175673584413 0.243698365282162 0.272806095814218 0.0768263239945988 -0.103067425175374 -0.173186137053111 -0.146937819377546 -0.0509201709403809 -0.0277762475795966 -0.0397433336903634 -0.0416257636503538 -0.117163058569826 -0.197062202101669 -0.316210984443233 -0.446813639806471 -0.582156201269304 -0.703435349509991 -0.781560589699017 -0.805697012233032 -0.763084960629741 -0.633854260479221 -0.345907320939237 0.260048848767481 1.60622454106761 0.528163722152624 0.518575140168946 0.569274365943587 0.479461108728666 0.348910065483357 0.154584120256844 0.0300171531837456 -0.00436308641439172
 0.00282566619047318 0.00820362420480782 0.0152288288605930 0.0228376355630811 0.0300787469977279 0.0361894432070525 0.0406185280034174 0.0430308721847664 0.0432977444177828 0.0414887722671805 0.0378521936761878 0.0327010045657908 0.0263377206011209 0.0190051604868617 0.0109155112256115 0.00227599881937123 -0.00670933864721003 -0.0158065806913242 -0.0245519463716349 -0.0321385175981569 -0.0381632627242349 -0.0424350719943863 -0.0448203313988843 -0.0452689831181177 -0.0438163027289414 -0.0405967026620486 -0.0358478917647576 -0.0298543679558177 -0.0229966833654951 -0.0157516824820952 -0.00866845317192852 -0.00238539048067486 0.00258938535614808 0.00588295785060284 0.00738786850080384 0.00730960967645071 0.00607147715538056 0.00422123938838004 0.00233213756910680 0.000911354978647181 0.000218015970938297
# ln_recsigma:
 -0.693147181000000 -0.693147181000000 -0.693147181000000 -2.30258509300000
# avg_F:
 0.223797815667371 -3.44149906767625
# F_devs:
 0.00000000000000 0.00000000000000 0.00000000000000 0.00000000000000 0.00000000000000 0.00000000000000 0.00000000000000 0.00000000000000 0.00000000000000 0.00000000000000 0.00000000000000 0.00000000000000 0.00000000000000 0.00000000000000 0.00000000000000 0.00000000000000 0.00000000000000 0.00000000000000 0.00000000000000 0.00000000000000 -0.900000000000000 -0.900000000000000 -0.900000000000000 -0.900000000000000 -0.900000000000000 -0.900000000000000 -0.900000000000000 -0.900000000000000 -0.900000000000000 -0.900000000000000 -0.900000000000000 -0.900000000000000 -0.900000000000000 -0.900000000000000 -0.900000000000000 -0.900000000000000 -0.900000000000000 -0.900000000000000 -0.900000000000000 -0.900000000000000 -0.900000000000000 -0.900000000000000
 0.00000000000000 0.00000000000000 0.00000000000000 0.00000000000000 0.00000000000000 0.00000000000000 0.00000000000000 0.00000000000000 0.00000000000000 0.00000000000000 0.00000000000000 0.00000000000000 0.00000000000000 0.00000000000000 0.00000000000000 0.00000000000000 0.00000000000000 0.00000000000000 0.00000000000000 0.00000000000000 0.00000000000000 0.00000000000000 0.00000000000000 0.00000000000000 0.00000000000000 0.00000000000000 0.00000000000000 0.00000000000000 0.00000000000000 0.00000000000000 0.00000000000000 0.00000000000000 0.00000000000000 0.00000000000000 0.00000000000000 0.00000000000000 0.00000000000000 0.00000000000000 0.00000000000000 0.00000000000000 0.00000000000000 0.00000000000000
# logit_vuln:
 5.00000000000000 5.00000000000000 5.00000000000000 5.00000000000000
# fishsel_pars:
 4.09434456200000 2.99573227400000
 3.21887582500000 2.07944154200000
# ln_fishery_q:
 -1.38629436100000 0.405465108000000
# ln_survey_q:
 -0.665242789181292 -4.40879989277606 -3.25614928788283 1.41727067563875
# survey_selpars:
 4.12713438500000
 3.40119738200000
# ln_M1ann:
 -1.23787435600000 -1.60943800000000 -1.60943800000000 -2.28278246600000
# ln_otherFood_base:
13.5278300000
# otherFood_dev:
 0.00000000000
