# Number of parameters = 199 Objective function value = 8076.08556853077  Maximum gradient component = 2.77209966599622e-05
# ln_yr1N:
 8.14586983001390 10.3684880445152 9.49946983986697 -63.9689954950703 5.61514367055051
 11.0242492870666 -104.116103151066 11.8533804460429 10.6347232385415 7.56937333093041
 13.1438045189771 -16.9397963683932 9.32128310829234 7.92265155459829 5.67147349426880
 11.8897804413554 -30.5355949840563 10.9036533213945 7.22390485538579 5.58504894652226
# recruitment_alpha:
 0.00000000000000 0.00000000000000 0.00000000000000 0.00000000000000
# recruitment_shape:
 0.00000000000000 0.00000000000000 0.00000000000000 0.00000000000000
# recruitment_beta:
 0.00000000000000 0.00000000000000 0.00000000000000 0.00000000000000
# ln_avg_recruitment:
 6.84425845262493 13.5553218628575 10.7355525507467 10.8729460010411
# recruitment_devs:
 0.267768175356462 0.0551299478389076 4.23780788494113 0.0627236229737408 -0.0161965427219807 0.573360109170662 0.421571465710054 4.37499744490004 0.00605331165447758 -0.0686846144880590 -0.144164013592995 -0.213857093988154 -0.139086202645304 0.117059306252325 -0.172480851055924 0.816053468830164 3.71744439014718 -0.184266231971357 -0.145040445268557 0.168854087933173 -0.0622247431988675 0.0695494896166123 -0.0229603365628135 -0.187120811143094 -0.0469078097576778 0.758515051296725 -0.155118647340248 -0.833129646547042 -1.12006384569935 -1.40852543279351 -1.10616079011819 -1.25991872468248 -1.10288912903593 -0.725374467973199 -0.951032326203931 -0.936142591503249 -1.20628737450453 -1.19781199745504 -1.12905848607069 -0.770026757860948 -0.342357832935698
 -0.705454173042884 -1.59267424222475 -1.73948393071753 -1.77072616798038 -1.68713860057528 -1.75705218119651 -1.60223491467230 -0.945236903828058 0.341026229295349 -1.37173431848779 -2.33675940237758 -2.65725928041247 -2.81984737645545 -2.75189361250167 -1.93938160226152 0.930596666198471 2.63795655263519 0.0661358959759539 0.442527540400471 1.97538083968358 2.24135699355976 1.51036859716871 0.762744932136177 2.03232546860722 2.10318198198467 -0.321141413543085 0.134824292280621 2.13187982376333 0.399021641717344 2.72043147339801 0.508665957721887 2.95027077424618 2.83599918720302 1.19834587725435 0.806391918532241 -0.235606901728534 -0.643383100742626 -0.680331573429566 -0.440561961857810 -0.449251222621430 -0.282279761973246
 2.63586520183297 -0.135689469817525 -0.339117423544041 -0.352208144519482 -0.384826196526092 -0.329080709770395 -0.317046700977065 -0.0616028253479550 0.303833171743350 1.65290154603884 0.155875595897149 -0.255857444889525 -0.503864901020873 -0.654832369818937 -0.902987671026971 -0.849250956186144 -0.760450853380631 -0.423957950299411 0.0385422316027457 1.77996799888870 0.488272250565306 -0.491058321458263 -0.960334884741714 -1.25987380961849 -1.38709540965305 -1.42941468577052 -1.40560961415460 -1.15290605087053 -0.374636232324231 -0.423402112924380 0.277008920823242 1.98077828145841 -0.250638382188841 -0.332488831616648 0.0688980150032950 0.228353748727948 5.67851693764027 0.137766894641758 0.112972826465742 0.0937295262775208 0.104948810276768
 0.0501929907752929 0.0849747699283516 0.116282094483339 0.145540538264891 0.157894651226534 0.156907911663965 0.145069152710247 0.134145648273147 0.127847962160474 0.117197459349801 0.104898319916518 0.106016869223655 0.0997556081313157 0.0914378794788838 0.0815356022459338 0.0632121735701387 0.0496462956872817 0.0357277108534748 0.0224515905072957 0.0132786294425242 -0.00803321073765641 -0.0221111523136528 -0.0370165335125863 -0.0480972739897512 -0.0656762914807692 -0.0863700721083013 -0.0990277385218836 -0.107610628889072 -0.122058198122977 -0.118422850948170 -0.114281864304472 -0.123097981500170 -0.131222580654800 -0.119547999784196 -0.139018885376948 -0.128216277039067 -0.127715244607062 -0.125978423949686 -0.0964598141198707 -0.0651630800180531 -0.0188877561240998
# ln_recsigma:
 -0.693147181000000 -0.693147181000000 -0.693147181000000 -2.30258509300000
# avg_F:
 -0.693147181000000 -0.693147181000000
# F_devs:
 0.00000000000000 0.00000000000000 0.00000000000000 0.00000000000000 0.00000000000000 0.00000000000000 0.00000000000000 0.00000000000000 0.00000000000000 0.00000000000000 0.00000000000000 0.00000000000000 0.00000000000000 0.00000000000000 0.00000000000000 0.00000000000000 0.00000000000000 0.00000000000000 0.00000000000000 0.00000000000000 -0.900000000000000 -0.900000000000000 -0.900000000000000 -0.900000000000000 -0.900000000000000 -0.900000000000000 -0.900000000000000 -0.900000000000000 -0.900000000000000 -0.900000000000000 -0.900000000000000 -0.900000000000000 -0.900000000000000 -0.900000000000000 -0.900000000000000 -0.900000000000000 -0.900000000000000 -0.900000000000000 -0.900000000000000 -0.900000000000000 -0.900000000000000 -0.900000000000000
 0.00000000000000 0.00000000000000 0.00000000000000 0.00000000000000 0.00000000000000 0.00000000000000 0.00000000000000 0.00000000000000 0.00000000000000 0.00000000000000 0.00000000000000 0.00000000000000 0.00000000000000 0.00000000000000 0.00000000000000 0.00000000000000 0.00000000000000 0.00000000000000 0.00000000000000 0.00000000000000 0.00000000000000 0.00000000000000 0.00000000000000 0.00000000000000 0.00000000000000 0.00000000000000 0.00000000000000 0.00000000000000 0.00000000000000 0.00000000000000 0.00000000000000 0.00000000000000 0.00000000000000 0.00000000000000 0.00000000000000 0.00000000000000 0.00000000000000 0.00000000000000 0.00000000000000 0.00000000000000 0.00000000000000 0.00000000000000
# logit_vuln:
 2.00000000000000 2.00000000000000 2.00000000000000 2.00000000000000 2.00000000000000 2.00000000000000 2.00000000000000 2.00000000000000 2.00000000000000 2.00000000000000
# fishsel_pars:
 8.46866380282225 5.81295913831620
 5.45103977913011 2.75884081325078
# ln_fishery_q:
 -1.38629436100000 0.405465108000000
# ln_survey_q:
 -1.86253567167914 -4.05583680204957 -4.65620506255121 -0.0265757219894383
# survey_selpars:
 2.97908094016481
 1.66664837609616
# ln_M1ann:
 -2.30258509300000 -1.04982212400000 -1.60943791200000 -2.30258509300000
# ln_otherFood_base:
20.1159175689
# otherFood_dev:
 0.00000000000 0.00000000000 0.00000000000
