# Number of parameters = 199 Objective function value = 9917.08845640289  Maximum gradient component = 7.34936661984291e-05
# ln_yr1N:
 8.20601872338531 10.3778999310304 9.51639489220735 -5333.20875343668 -420.592563996265
 9.56600767087778 -10648.2147079214 11.9333953552642 10.7666825609065 7.11936476254895
 13.1418742867649 -66.5751106161809 8.56673582065293 8.83695404134643 -4618.74610111590
 10.0023739674238 11.1030065741259 10.6003985564307 7.25616501191264 5.54169206098274
# recruitment_alpha:
 0.00000000000000 0.00000000000000 0.00000000000000 0.00000000000000
# recruitment_shape:
 0.00000000000000 0.00000000000000 0.00000000000000 0.00000000000000
# recruitment_beta:
 0.00000000000000 0.00000000000000 0.00000000000000 0.00000000000000
# ln_avg_recruitment:
 6.98625720986630 13.4709196806715 10.6117016673770 10.8604342000935
# recruitment_devs:
 0.184193425125420 0.0398862511855841 4.08115617704386 0.286892550554818 0.271666182816940 1.40698784131795 0.207068705490408 4.19143914190742 0.0184397790080246 0.0216228942542029 -0.0118968722980892 0.0602641708319944 0.0822526866353403 -0.103027067438378 0.0569810864657164 0.290903750867562 3.60568785713999 -0.232544257505207 -0.101810711422840 0.000114632250990264 -0.199223250507875 -0.434098796474981 -0.0438286586892026 -0.362230437285377 0.294361648782771 0.208830282815391 -0.432326175746117 -0.771279240450058 -0.900856764097514 -1.41524685369109 -1.44501782951624 -1.24095201187084 -1.00251888928740 -0.854675907670770 -0.947620656005377 -0.906777787116474 -1.05071702145468 -0.982116625253607 -0.971669608465456 -0.652951711816303 -0.245361933070308
 -0.530158318545751 -1.73632238357425 -1.84212583730093 -1.77507518013834 -1.40988298819079 -1.68663099642644 -1.40680359936982 -0.517050269788880 0.363432981822414 -1.58688984716166 -2.30788164598629 -2.53409082045376 -2.68569545607559 -2.85218268073911 -2.10781508162273 1.03534274707232 2.74242259682121 0.0855568931543196 1.02802042341949 1.61283281970951 2.49523278894723 1.64028237959920 0.791032584370740 2.76544749628175 0.281504313113581 -0.271545050959079 0.473607695328167 2.47220743024072 0.220163622536223 2.59177423836990 -0.0523653843166364 3.23615217413461 2.61774798319861 1.37681496544152 1.31609408891779 0.00562072482088962 -0.680347763610048 -0.802253726452501 -0.542531010902942 -0.652386751183518 -1.17125616651084
 2.82054198221524 -0.191924284161506 -0.396104733267719 -0.416558294812931 -0.467995815159492 -0.445442162119234 -0.415830958515408 -0.182290570462407 0.136980181491422 2.01511789975526 0.143592362337816 -0.261122927660277 -0.480255446167096 -0.601316984331232 -0.762609791360566 -0.748195989152396 -0.688542832795444 -0.428878693461694 -0.0692915201174420 2.00735979817849 0.163250114273154 -0.565330072458261 -0.957258758098846 -1.16924528963127 -1.30501692603549 -1.30228137532152 -1.23486581489952 -1.00577629644224 -0.573049029979737 -0.665352792455775 -0.167943679052596 2.30536248231116 -0.228075678326403 -0.304323047026941 0.0615042647776736 0.184601221036219 5.81603741275000 0.0984318424175724 0.103393150102431 0.0758844845291327 0.102822568468055
 0.0341552498955287 0.118627672935703 0.145291643361620 0.170887376254083 0.185438887514822 0.182781680554441 0.173658255509986 0.166535405617277 0.144582679776849 0.128864886523349 0.116374262145459 0.113653370398701 0.0962758190778773 0.0711828033861756 0.0677529503994540 0.0409490600977468 0.0310068382128027 0.0170774052694782 0.000796316020068971 -0.0117065944219443 -0.0328928642951796 -0.0492037424387233 -0.0644910316519406 -0.0770152928831362 -0.0932283464446508 -0.103372754780208 -0.101436138655190 -0.101620272769001 -0.107915929121195 -0.108681241306729 -0.107674989472544 -0.110861292202449 -0.115289505262622 -0.108715420966532 -0.129318253882363 -0.121116605798668 -0.124582801402744 -0.124730528029419 -0.100046456048968 -0.0773574592685772 -0.0346350342850575
# ln_recsigma:
 -0.693147181000000 -0.693147181000000 -0.693147181000000 -2.30258509300000
# avg_F:
 -0.693147181000000 -0.693147181000000
# F_devs:
 0.00000000000000 0.00000000000000 0.00000000000000 0.00000000000000 0.00000000000000 0.00000000000000 0.00000000000000 0.00000000000000 0.00000000000000 0.00000000000000 0.00000000000000 0.00000000000000 0.00000000000000 0.00000000000000 0.00000000000000 0.00000000000000 0.00000000000000 0.00000000000000 0.00000000000000 0.00000000000000 -0.900000000000000 -0.900000000000000 -0.900000000000000 -0.900000000000000 -0.900000000000000 -0.900000000000000 -0.900000000000000 -0.900000000000000 -0.900000000000000 -0.900000000000000 -0.900000000000000 -0.900000000000000 -0.900000000000000 -0.900000000000000 -0.900000000000000 -0.900000000000000 -0.900000000000000 -0.900000000000000 -0.900000000000000 -0.900000000000000 -0.900000000000000 -0.900000000000000
 0.00000000000000 0.00000000000000 0.00000000000000 0.00000000000000 0.00000000000000 0.00000000000000 0.00000000000000 0.00000000000000 0.00000000000000 0.00000000000000 0.00000000000000 0.00000000000000 0.00000000000000 0.00000000000000 0.00000000000000 0.00000000000000 0.00000000000000 0.00000000000000 0.00000000000000 0.00000000000000 0.00000000000000 0.00000000000000 0.00000000000000 0.00000000000000 0.00000000000000 0.00000000000000 0.00000000000000 0.00000000000000 0.00000000000000 0.00000000000000 0.00000000000000 0.00000000000000 0.00000000000000 0.00000000000000 0.00000000000000 0.00000000000000 0.00000000000000 0.00000000000000 0.00000000000000 0.00000000000000 0.00000000000000 0.00000000000000
# logit_vuln:
 2.00000000000000 2.00000000000000 2.00000000000000 2.00000000000000 2.00000000000000 2.00000000000000 2.00000000000000 2.00000000000000 2.00000000000000 2.00000000000000
# fishsel_pars:
 8.51131587997683 5.79838263529908
 5.50887366374885 2.74323321836898
# ln_fishery_q:
 -1.38629436100000 0.405465108000000
# ln_survey_q:
 -1.10125918072353 -4.55434900530953 -4.53222175884611 1.05350495194894
# survey_selpars:
 7.97085078498822
 4.98636411957800
# ln_M1ann:
 -2.30258509300000 -1.04982212400000 -1.60943791200000 -2.30258509300000
# ln_otherFood_base:
20.1405530589
# otherFood_dev:
 0.00000000000 0.00000000000 0.00000000000
