# Number of parameters = 199 Objective function value = 9302.47480197878  Maximum gradient component = 0.850151214550912
# ln_yr1N:
 8.62318778469900 10.3334345557054 9.31176501200754 5.81118850957183 5.30167923520056
 8.70998642685437 10.9925313417852 11.6956551982170 10.5811331841500 6.84787813493629
 10.9793296198126 -23.1932999372218 8.04031241541221 7.18300213014528 -193.491490609391
 -115.595120296494 10.0613441655464 10.7564499910375 7.57737371513634 5.07957695343032
# recruitment_alpha:
 0.00000000000000 0.00000000000000 0.00000000000000 0.00000000000000
# recruitment_shape:
 0.00000000000000 0.00000000000000 0.00000000000000 0.00000000000000
# recruitment_beta:
 0.00000000000000 0.00000000000000 0.00000000000000 0.00000000000000
# ln_avg_recruitment:
 7.17308348217325 13.5779429024962 10.1110165423286 10.9953169070978
# recruitment_devs:
 0.372479667556164 0.184632954576306 3.87933107241950 0.168622789084503 0.168907209884806 0.883181417403931 1.35426888954575 4.01531281967246 0.157572877052285 0.119925456388189 0.0247288367470731 0.0166142593453007 -0.155764366876373 -0.357665539539499 -0.0279447639644378 0.249852674411639 3.43152330582247 -0.392283562635114 -0.252176637062585 -0.246821436308007 -0.168225054930217 0.106099138010844 -0.0409201898847242 -0.316991170594742 -0.302511159841838 0.390884871631516 -0.149838188285495 -0.574086282475084 -0.989530386459959 -1.21608582813699 -1.45373587507817 -1.21040631879068 -1.23409367448937 -1.01041902599609 -0.816318181867195 -0.885995789762817 -1.14478867217841 -1.28294257996444 -0.947031479089678 -0.449002608722250 0.0333559717594972
 -0.750400394056176 -1.72950548189917 -1.91545280729508 -1.89599445085259 -1.69463371871661 -1.67025481174785 -1.51467085536684 -0.890788681241122 0.248043267752009 -1.33538957313627 -2.34729467362624 -2.66769500028708 -2.83403728703031 -2.87814921062222 -2.12067847696277 0.902941221535988 2.41009655824226 0.0255262337959532 1.27725229297546 2.47924843003709 1.15240112358039 2.31096175825506 0.244229442944289 2.93392160455571 0.989946791191248 -0.260059852741210 0.0683130462657400 2.45557397619242 0.523878226067501 2.67960910237477 0.575359977863011 3.19123278028803 2.53319752283686 2.90568465293573 0.364619548480534 -0.196453651702779 -0.972238167895921 -1.18764316385418 -0.877607278505971 -0.576864932556175 0.0574154464615904
 1.64893650744318 2.12945332721653 -0.145714252746367 -0.0556116068950548 0.00901471902315090 0.0160282556941203 -0.225732768626479 -0.187140066837648 0.0677297263337150 0.884653370364755 1.26544100256817 0.252640046787315 -0.0758453636522950 -0.412526175479563 -0.689901506331502 -0.818849720029408 -0.909842018673434 -0.919962379687441 -0.751388211292178 -0.346556063846511 1.27302574962617 0.877011024930167 -0.494757815853968 -0.900185604481252 -1.14800451810891 -1.35766169372842 -1.46525616347641 -1.39852416803867 -1.10628341824242 -1.08357485488816 -0.435564150417241 1.48973983206856 -0.0696646474935782 -0.417956445022885 -0.359817386846939 -0.333833006528152 0.400450670899362 5.65766809107941 0.0571207767236700 0.0393354068351899 0.0820882342699505
 0.267332861691771 0.183081614515361 0.170829195291033 0.165028318707026 0.142207446249161 0.125269714131559 0.124929892407902 0.128386036801211 0.118271893613738 0.0972528942155229 0.0768166273894657 0.0767683916096125 0.0586959015896804 0.0354327876742772 0.0330041300275163 0.0151991514276017 0.00822998534729370 0.000583429024480697 -0.00275762666729287 -0.0101409274824725 -0.0264889816427167 -0.0489714095892336 -0.0613353294288103 -0.0757389610392925 -0.0922056532572243 -0.104288738501045 -0.108410680209643 -0.103309476149749 -0.110426077871020 -0.0974167327604971 -0.0953444500705550 -0.0949039451035433 -0.0979286988157117 -0.0933332918607161 -0.111892818735452 -0.111536314838962 -0.108752192528364 -0.106805143579628 -0.0870130298127848 -0.0570534103106539 -0.0164840950339759
# ln_recsigma:
 -0.693147181000000 -0.693147181000000 -0.693147181000000 -2.30258509300000
# avg_F:
 -0.693147181000000 -0.693147181000000
# F_devs:
 0.00000000000000 0.00000000000000 0.00000000000000 0.00000000000000 0.00000000000000 0.00000000000000 0.00000000000000 0.00000000000000 0.00000000000000 0.00000000000000 0.00000000000000 0.00000000000000 0.00000000000000 0.00000000000000 0.00000000000000 0.00000000000000 0.00000000000000 0.00000000000000 0.00000000000000 0.00000000000000 -0.900000000000000 -0.900000000000000 -0.900000000000000 -0.900000000000000 -0.900000000000000 -0.900000000000000 -0.900000000000000 -0.900000000000000 -0.900000000000000 -0.900000000000000 -0.900000000000000 -0.900000000000000 -0.900000000000000 -0.900000000000000 -0.900000000000000 -0.900000000000000 -0.900000000000000 -0.900000000000000 -0.900000000000000 -0.900000000000000 -0.900000000000000 -0.900000000000000
 0.00000000000000 0.00000000000000 0.00000000000000 0.00000000000000 0.00000000000000 0.00000000000000 0.00000000000000 0.00000000000000 0.00000000000000 0.00000000000000 0.00000000000000 0.00000000000000 0.00000000000000 0.00000000000000 0.00000000000000 0.00000000000000 0.00000000000000 0.00000000000000 0.00000000000000 0.00000000000000 0.00000000000000 0.00000000000000 0.00000000000000 0.00000000000000 0.00000000000000 0.00000000000000 0.00000000000000 0.00000000000000 0.00000000000000 0.00000000000000 0.00000000000000 0.00000000000000 0.00000000000000 0.00000000000000 0.00000000000000 0.00000000000000 0.00000000000000 0.00000000000000 0.00000000000000 0.00000000000000 0.00000000000000 0.00000000000000
# logit_vuln:
 2.00000000000000 2.00000000000000 2.00000000000000 2.00000000000000 2.00000000000000 2.00000000000000 2.00000000000000 2.00000000000000 2.00000000000000 2.00000000000000
# fishsel_pars:
 4.41290260704792 3.69983524466022
 4.66606631733981 2.69194029210867
# ln_fishery_q:
 -1.38629436100000 0.405465108000000
# ln_survey_q:
 -1.76797396253337 -4.11810355557987 -3.38626102530691 0.142205467977139
# survey_selpars:
 3.00164923396462
 1.65187256755544
# ln_M1ann:
 -2.30258509300000 -1.04982212400000 -1.60943791200000 -2.30258509300000
# ln_otherFood_base:
19.7136908840
# otherFood_dev:
 0.00000000000 0.00000000000 0.00000000000
