# Number of parameters = 199 Objective function value = 7575.11243383209  Maximum gradient component = 8.88763457523524e-05
# ln_yr1N:
 7.50376035625101 10.2900861829994 9.48986569209320 -111.592871004784 5.57019857093459
 -155.712699657233 10.7511775562447 11.5660753414969 10.6684833118750 6.85764626189241
 10.7995111388843 -126.345280538375 8.21772895582208 6.87125470229449 -27.1510868766827
 11.4532364116041 -137.131426431274 11.0592629213676 5.93488362740880 5.31035468426521
# recruitment_alpha:
 0.00000000000000 0.00000000000000 0.00000000000000 0.00000000000000
# recruitment_shape:
 0.00000000000000 0.00000000000000 0.00000000000000 0.00000000000000
# recruitment_beta:
 0.00000000000000 0.00000000000000 0.00000000000000 0.00000000000000
# ln_avg_recruitment:
 7.07363156748483 13.5081705021375 10.1016052870020 11.0346479673783
# recruitment_devs:
 0.231085190116269 0.0767241262618404 4.03050447734005 0.0706731539299812 0.262870528371665 1.19052102821196 0.560142215643629 4.15966156388419 0.0998728725881889 -0.0284156584734440 -0.194797901525845 -0.176435368704289 0.00660395415996459 0.143991182378701 0.00187959041504761 0.201370746137468 3.52966676230196 -0.0283422619930186 0.0855047516181941 -0.00104519812651048 0.179325134203668 0.124737284999125 -0.350716066393200 -0.109556713637676 -0.131897720605631 0.380203484026968 -0.329920090623060 -0.665619363009953 -1.05478381304245 -1.38858923502098 -1.49524770442061 -1.29469434854815 -1.20419617550582 -0.795151509377029 -0.653751830616978 -0.933389409028369 -1.09729762719260 -1.24768312427703 -1.15956487594206 -0.673627053155487 -0.320614888291409
 -0.626019303887876 -1.95674560419676 -2.12831494395217 -2.08227306816659 -1.60729373157217 -1.51746565329782 -1.46633172284702 -0.993632286437118 0.297030790169381 -1.55774081100396 -2.42310028715509 -2.76091944009684 -2.91132815510185 -2.85628905354950 -1.93811495262765 1.17228397013047 2.41148835024773 0.0176360634838095 1.86404512544290 1.74397290409001 2.29282441965052 1.34484597238552 0.561870175231492 2.42093658197926 1.65861713932587 -0.252538798026465 0.114086732835628 2.05061177479229 1.85021338447846 2.36066362485226 0.400049343878229 3.07213700176561 3.16353635562830 0.705803236595840 0.560936145658651 -0.327931846617738 -0.797691783361063 -1.00083098494330 -0.595022605293737 -0.378913225723857 0.114909264976993
 1.42695644870766 2.00040002340174 0.122834834405985 0.130067902487847 0.0974972485165777 0.127311399659937 -0.0355256616776498 0.0531368587534984 0.309207159416227 0.713645058838013 0.860222266806877 0.378871436802585 -0.0804661850737230 -0.448887138328225 -0.759333729250289 -0.826355594661533 -0.796983123442066 -0.651672816755192 -0.456285046797055 -0.317185662811466 0.821595555492473 0.812237375198765 -0.238619533404305 -0.714756492593759 -0.974352496253765 -1.19546319090846 -1.45111850772101 -1.52750747083381 -1.34268370430694 -1.36198491684022 -0.697651863771918 1.15807660062512 0.479822073355017 -0.449779242851909 -0.540530149176500 -0.406592675799921 0.130340563741147 5.48000129802580 0.0183146095637072 0.0529646036499093 0.100232326561028
 0.0832082783833081 0.0848831676108330 0.0940023363668321 0.0910948790063690 0.0847882153561768 0.0913922077059990 0.0949514389758643 0.110046356191145 0.111087262276906 0.102914055054692 0.0985000358794606 0.107785135186363 0.102009552947291 0.0858758003453179 0.0775330259060858 0.0483022338910791 0.0258357831475897 0.00661575861481439 -0.00543771538091471 -0.0236414754221946 -0.0477564419144995 -0.0631688298995397 -0.0641601667989535 -0.0682030702514055 -0.0759585123305140 -0.0762664506587620 -0.0702452242098379 -0.0675427061569383 -0.0724837824887511 -0.0634815385924582 -0.0641487648935127 -0.0610183365397960 -0.0686927253001477 -0.0634014153439731 -0.0898048024957799 -0.0872125054043132 -0.0955603660550988 -0.103828100407677 -0.0918374485117398 -0.0604389868180433 -0.0165361367651419
# ln_recsigma:
 -0.693147181000000 -0.693147181000000 -0.693147181000000 -2.30258509300000
# avg_F:
 -0.693147181000000 -0.693147181000000
# F_devs:
 0.00000000000000 0.00000000000000 0.00000000000000 0.00000000000000 0.00000000000000 0.00000000000000 0.00000000000000 0.00000000000000 0.00000000000000 0.00000000000000 0.00000000000000 0.00000000000000 0.00000000000000 0.00000000000000 0.00000000000000 0.00000000000000 0.00000000000000 0.00000000000000 0.00000000000000 0.00000000000000 -0.900000000000000 -0.900000000000000 -0.900000000000000 -0.900000000000000 -0.900000000000000 -0.900000000000000 -0.900000000000000 -0.900000000000000 -0.900000000000000 -0.900000000000000 -0.900000000000000 -0.900000000000000 -0.900000000000000 -0.900000000000000 -0.900000000000000 -0.900000000000000 -0.900000000000000 -0.900000000000000 -0.900000000000000 -0.900000000000000 -0.900000000000000 -0.900000000000000
 0.00000000000000 0.00000000000000 0.00000000000000 0.00000000000000 0.00000000000000 0.00000000000000 0.00000000000000 0.00000000000000 0.00000000000000 0.00000000000000 0.00000000000000 0.00000000000000 0.00000000000000 0.00000000000000 0.00000000000000 0.00000000000000 0.00000000000000 0.00000000000000 0.00000000000000 0.00000000000000 0.00000000000000 0.00000000000000 0.00000000000000 0.00000000000000 0.00000000000000 0.00000000000000 0.00000000000000 0.00000000000000 0.00000000000000 0.00000000000000 0.00000000000000 0.00000000000000 0.00000000000000 0.00000000000000 0.00000000000000 0.00000000000000 0.00000000000000 0.00000000000000 0.00000000000000 0.00000000000000 0.00000000000000 0.00000000000000
# logit_vuln:
 2.00000000000000 2.00000000000000 2.00000000000000 2.00000000000000 2.00000000000000 2.00000000000000 2.00000000000000 2.00000000000000 2.00000000000000 2.00000000000000
# fishsel_pars:
 7.46289601737062 3.64339495367536
 5.41822358918578 2.63034532890429
# ln_fishery_q:
 -1.38629436100000 0.405465108000000
# ln_survey_q:
 -1.82451714118972 -4.18573035631912 -3.16862711164259 0.0375081011213183
# survey_selpars:
 3.00401276743617
 1.69027050274230
# ln_M1ann:
 -2.30258509300000 -1.04982212400000 -1.60943791200000 -2.30258509300000
# ln_otherFood_base:
19.9447543783
# otherFood_dev:
 0.00000000000 0.00000000000 0.00000000000
