# Number of parameters = 199 Objective function value = 7789.52488562605  Maximum gradient component = 2.57196413895081e-05
# ln_yr1N:
 8.29586351819430 10.3120701752205 9.52112792234214 -4839.13384948543 5.68950025984710
 -1259.21010185584 -183.071657895385 12.2179869485300 -182.077455832812 8.60200506539618
 12.9851247378863 -11.2990400411845 8.77972637866432 8.78738717320928 -79.6140058651002
 11.6993873738860 -59.3851406647120 10.9360656534568 6.89269831513907 5.63143137330853
# recruitment_alpha:
 0.00000000000000 0.00000000000000 0.00000000000000 0.00000000000000
# recruitment_shape:
 0.00000000000000 0.00000000000000 0.00000000000000 0.00000000000000
# recruitment_beta:
 0.00000000000000 0.00000000000000 0.00000000000000 0.00000000000000
# ln_avg_recruitment:
 6.96768606370967 13.6243883456063 10.7716802266942 10.9252321586926
# recruitment_devs:
 0.100270407291810 -0.136959367041560 4.10448824167205 0.128054649358016 0.356042175132842 1.28537944006771 0.463747578307753 4.26451604900137 -0.0331829284761808 -0.0774624893258230 -0.194066164149734 -0.164954589691818 -0.350949483488191 -0.417452208100508 0.360344276170814 0.511640882565946 3.57251223370279 -0.0976167091311281 0.0243982799902486 0.0988434341768120 -0.0463707912859005 -0.171614979645093 -0.175519449022539 -0.330288933773635 0.189197942583682 0.454967383221821 0.0304147550946272 -0.569330592274155 -1.16701258749522 -1.35741946079791 -1.48320843859063 -1.48840517702910 -1.00668700798024 -0.752172356262756 -0.568690927371175 -0.944888879572141 -1.28444521526823 -1.11196724368502 -1.09230214408307 -0.767381215335408 -0.154468371164357
 -0.590626641266340 -1.75858948071140 -1.90186768538470 -1.71125580475813 -1.81292043671869 -1.61816394139099 -1.34162050190800 -0.981990488418351 0.206406671095992 -1.20872300162080 -2.15111647286902 -2.54530697297241 -2.81193948373835 -2.84660432842217 -2.06003319713294 0.455672962670713 2.50645992210420 0.311952281996624 0.896744247696090 2.31629726733220 1.38925680082040 2.27344742094798 0.0372176012885480 1.76266736673590 1.74543673649080 -0.265413840498470 0.445511579419182 2.44501187436445 0.329800213413210 2.44002526783221 0.759355488499107 3.26011403786121 2.04393571069535 2.41560862662423 0.187201542682263 -0.265513607480039 -0.471606187801049 -0.644615339277970 -0.492637588072302 -0.471668403979154 -0.275910189511059
 2.76641729681718 -0.161436572776515 -0.393458551902382 -0.424761004550761 -0.478484581120771 -0.416156758216193 -0.397514705371751 -0.161496366016377 0.244116384652571 1.82552908029424 0.0564158056749911 -0.290581388524258 -0.442652817907242 -0.594132641118599 -0.742606396134129 -0.748297950206568 -0.626497603307498 -0.403714609369505 -0.00916171697095074 1.78370646752810 0.335069957993822 -0.472867385161239 -0.887171440254843 -1.16076818869168 -1.30498683094689 -1.35930781199949 -1.35849598560468 -1.14882812094634 -0.531006917920950 -0.489520088548398 0.324366921658109 1.93595044134202 -0.0934232038198755 -0.342013134920980 -0.117146246126037 0.100286810745683 5.63529116983845 0.142943872597755 0.116689403187054 0.120868884690276 0.168836538115246
 0.0648102037899020 0.0896336308785347 0.111719237183005 0.125896811491452 0.137854144837218 0.143615227985697 0.135949169439745 0.131756609806530 0.126441319257982 0.108571104764357 0.0891961879668773 0.0878876445078334 0.0735016728392479 0.0517984505028432 0.0446511505709873 0.0234852792874665 0.00735017386679450 -0.00849854983737318 -0.0138828586477137 -0.0214383422875870 -0.0393605129265596 -0.0505138319593417 -0.0534013998924124 -0.0576678774980827 -0.0650790340537086 -0.0648875312698409 -0.0619837991818462 -0.0610124300097330 -0.0680394207409832 -0.0661571008632338 -0.0678371722105360 -0.0799650591199148 -0.0981680804427881 -0.0895027759017487 -0.107308489386866 -0.102825496314589 -0.107628999612350 -0.105690263382099 -0.0881406386595947 -0.0566026784124167 -0.0185256740455920
# ln_recsigma:
 -0.693147181000000 -0.693147181000000 -0.693147181000000 -2.30258509300000
# avg_F:
 -0.693147181000000 -0.693147181000000
# F_devs:
 0.00000000000000 0.00000000000000 0.00000000000000 0.00000000000000 0.00000000000000 0.00000000000000 0.00000000000000 0.00000000000000 0.00000000000000 0.00000000000000 0.00000000000000 0.00000000000000 0.00000000000000 0.00000000000000 0.00000000000000 0.00000000000000 0.00000000000000 0.00000000000000 0.00000000000000 0.00000000000000 -0.900000000000000 -0.900000000000000 -0.900000000000000 -0.900000000000000 -0.900000000000000 -0.900000000000000 -0.900000000000000 -0.900000000000000 -0.900000000000000 -0.900000000000000 -0.900000000000000 -0.900000000000000 -0.900000000000000 -0.900000000000000 -0.900000000000000 -0.900000000000000 -0.900000000000000 -0.900000000000000 -0.900000000000000 -0.900000000000000 -0.900000000000000 -0.900000000000000
 0.00000000000000 0.00000000000000 0.00000000000000 0.00000000000000 0.00000000000000 0.00000000000000 0.00000000000000 0.00000000000000 0.00000000000000 0.00000000000000 0.00000000000000 0.00000000000000 0.00000000000000 0.00000000000000 0.00000000000000 0.00000000000000 0.00000000000000 0.00000000000000 0.00000000000000 0.00000000000000 0.00000000000000 0.00000000000000 0.00000000000000 0.00000000000000 0.00000000000000 0.00000000000000 0.00000000000000 0.00000000000000 0.00000000000000 0.00000000000000 0.00000000000000 0.00000000000000 0.00000000000000 0.00000000000000 0.00000000000000 0.00000000000000 0.00000000000000 0.00000000000000 0.00000000000000 0.00000000000000 0.00000000000000 0.00000000000000
# logit_vuln:
 2.00000000000000 2.00000000000000 2.00000000000000 2.00000000000000 2.00000000000000 2.00000000000000 2.00000000000000 2.00000000000000 2.00000000000000 2.00000000000000
# fishsel_pars:
 8.43049004022282 5.81125867953264
 5.42888056487259 2.75834047891996
# ln_fishery_q:
 -1.38629436100000 0.405465108000000
# ln_survey_q:
 -1.89617598443200 -4.25653887794835 -4.82095436798450 -0.0512195658905767
# survey_selpars:
 2.97868849665723
 1.63736220145567
# ln_M1ann:
 -2.30258509300000 -1.04982212400000 -1.60943791200000 -2.30258509300000
# ln_otherFood_base:
20.0876434769
# otherFood_dev:
 0.00000000000 0.00000000000 0.00000000000
