# Number of parameters = 199 Objective function value = 8566.47849555176  Maximum gradient component = 9.00043224076256e-05
# ln_yr1N:
 8.09606000957461 10.4699428223098 9.18218886687996 6.31680106452420 5.39741430939038
 -47.3709131107515 9.12186392885183 11.6774241281174 10.3334470173020 6.53887384678381
 -1462.92508244591 10.5306188900835 7.09881707643726 8.13188100733419 4.41974972371121
 8.77774179973178 11.0285071442394 10.6483984243132 -175.543658246212 4.85328134980713
# recruitment_alpha:
 0.00000000000000 0.00000000000000 0.00000000000000 0.00000000000000
# recruitment_shape:
 0.00000000000000 0.00000000000000 0.00000000000000 0.00000000000000
# recruitment_beta:
 0.00000000000000 0.00000000000000 0.00000000000000 0.00000000000000
# ln_avg_recruitment:
 6.96924030200085 13.0415987444694 10.3276506878987 10.7172419710080
# recruitment_devs:
 0.219648651761003 0.0351023827237700 3.97770963825105 -0.0219284674811086 0.202067960153363 1.39585001047217 0.253702487331804 4.21895149595615 0.0513175206119310 -0.0266949946213312 -0.129046868458501 0.0361857839529849 0.0847130055970698 -0.0334620753788189 0.0121698128215400 0.0759967524747495 3.49472005728930 -0.117756539612984 0.0753632645924205 0.133248386624299 0.303909690569900 0.130845709059751 -0.160495535172071 -0.328611177058436 -0.294489966189755 0.603808594149252 -0.429002124699750 -0.730716679539229 -1.04243918054599 -1.24249297062309 -1.26251083574456 -1.19972137548903 -1.06864979802471 -0.688287997313113 -0.798653298463471 -0.996895437193680 -1.59057028430439 -1.37032078494334 -0.914273699846574 -0.704921003187271 -0.153370203543327
 -0.486330674760035 -1.11534279722397 -1.42746469137295 -1.72616391102997 -1.60782802609996 -1.38690609344053 -1.41058051724034 -1.05958997873317 0.640007185643624 -1.04572546780019 -2.04474798361177 -2.47684238430966 -2.75167661266010 -2.85441270010073 -2.24268229726310 0.0185817446936678 2.78017754882553 0.130698413846783 1.53950543360445 1.22719980494431 2.65301509037094 1.50737202126851 0.585373307935493 2.06290127287138 1.81347794920898 -0.251290836255907 0.313640646709803 2.43344231647242 0.114465562429859 2.61496853788693 -0.0290851518129284 3.52131727705346 1.21801940924705 2.09132177984362 0.328461771639715 -0.178933418588626 -0.531122104931491 -0.665422277807078 -0.486200347623009 -0.713507674275804 -1.10209145659790
 3.21294921378871 -0.222187675525502 -0.402988734980636 -0.431465211537452 -0.478075783210290 -0.480319379667605 -0.465696511801128 -0.264748197382827 0.0923652136439540 1.88083973036739 0.181227378599598 -0.331526936070504 -0.596186761347168 -0.702414902390390 -0.885030298919456 -0.917824478409343 -0.862374166720381 -0.664812788031989 -0.320838538304431 1.84817637462087 0.432875853309809 -0.391873207558246 -0.812656771637797 -1.06115299582977 -1.26650142841404 -1.30658223495503 -1.35716688858092 -1.17259879367393 -0.812334853200467 -0.834842776221961 -0.424433409073596 2.09511406996524 0.152493493019199 -0.0861923797971452 0.293118907529329 0.380785345792177 0.602396465873828 6.34829224535540 -0.00101445979438668 0.00716434653875821 0.0260418796080757
 -0.0407632201396206 0.132647963735082 0.142639752482092 0.171532187161855 0.170455411414866 0.167035382237193 0.159646261449964 0.168741732314754 0.158189672408119 0.146520958883295 0.140943934884140 0.137034077403230 0.125495303898624 0.0966867749818197 0.0894028024652470 0.0579568958288812 0.0426855461818137 0.0162936513881700 0.00130130746774386 -0.0154395665378750 -0.0314210956485871 -0.0397052660010934 -0.0585783311370363 -0.0691257626380428 -0.0750753608823805 -0.0867175288076659 -0.0902568800334917 -0.105367507557521 -0.113108087122886 -0.119556966049700 -0.110772025366963 -0.114097926203166 -0.126404648851374 -0.124515164727572 -0.137557606536686 -0.124863415516735 -0.123535112777223 -0.138071292974676 -0.120906691906877 -0.0957883801008592 -0.0635817613085152
# ln_recsigma:
 -0.693147181000000 -0.693147181000000 -0.693147181000000 -2.30258509300000
# avg_F:
 -0.693147181000000 -0.693147181000000
# F_devs:
 0.00000000000000 0.00000000000000 0.00000000000000 0.00000000000000 0.00000000000000 0.00000000000000 0.00000000000000 0.00000000000000 0.00000000000000 0.00000000000000 0.00000000000000 0.00000000000000 0.00000000000000 0.00000000000000 0.00000000000000 0.00000000000000 0.00000000000000 0.00000000000000 0.00000000000000 0.00000000000000 -0.900000000000000 -0.900000000000000 -0.900000000000000 -0.900000000000000 -0.900000000000000 -0.900000000000000 -0.900000000000000 -0.900000000000000 -0.900000000000000 -0.900000000000000 -0.900000000000000 -0.900000000000000 -0.900000000000000 -0.900000000000000 -0.900000000000000 -0.900000000000000 -0.900000000000000 -0.900000000000000 -0.900000000000000 -0.900000000000000 -0.900000000000000 -0.900000000000000
 0.00000000000000 0.00000000000000 0.00000000000000 0.00000000000000 0.00000000000000 0.00000000000000 0.00000000000000 0.00000000000000 0.00000000000000 0.00000000000000 0.00000000000000 0.00000000000000 0.00000000000000 0.00000000000000 0.00000000000000 0.00000000000000 0.00000000000000 0.00000000000000 0.00000000000000 0.00000000000000 0.00000000000000 0.00000000000000 0.00000000000000 0.00000000000000 0.00000000000000 0.00000000000000 0.00000000000000 0.00000000000000 0.00000000000000 0.00000000000000 0.00000000000000 0.00000000000000 0.00000000000000 0.00000000000000 0.00000000000000 0.00000000000000 0.00000000000000 0.00000000000000 0.00000000000000 0.00000000000000 0.00000000000000 0.00000000000000
# logit_vuln:
 2.00000000000000 2.00000000000000 2.00000000000000 2.00000000000000 2.00000000000000 2.00000000000000 2.00000000000000 2.00000000000000 2.00000000000000 2.00000000000000
# fishsel_pars:
 4.30050791754197 6.01452238089202
 4.61600212526113 2.99341764383990
# ln_fishery_q:
 -1.38629436100000 0.405465108000000
# ln_survey_q:
 -1.77355356996416 -4.17644570355048 -4.41060858550586 0.0544816034272202
# survey_selpars:
 -228.622880724472
 4.17629086168804
# ln_M1ann:
 -2.30258509300000 -1.04982212400000 -1.60943791200000 -2.30258509300000
# ln_otherFood_base:
20.0016437714
# otherFood_dev:
 0.00000000000 0.00000000000 0.00000000000
