# Number of parameters = 199 Objective function value = 8119.76959869867  Maximum gradient component = 9.72838500721955e-05
# ln_yr1N:
 7.72770485764980 10.4861094043289 9.53862565843326 0.471934277579021 4.49654424344051
 10.0164865628486 -5.78224233816572 11.6128735099886 10.4421842426951 7.23358854938236
 11.7456599269208 -60.0456764326548 8.52548904415754 8.30880692240153 3.76400856574293
 11.3299511424564 -1.61417214714248 10.9269068163482 7.60626130790538 5.46878465661953
# recruitment_alpha:
 0.00000000000000 0.00000000000000 0.00000000000000 0.00000000000000
# recruitment_shape:
 0.00000000000000 0.00000000000000 0.00000000000000 0.00000000000000
# recruitment_beta:
 0.00000000000000 0.00000000000000 0.00000000000000 0.00000000000000
# ln_avg_recruitment:
 7.05766293294955 13.3875128287372 10.6015078217163 11.0869449368895
# recruitment_devs:
 0.151352025072575 0.138159853195293 4.00008583795808 0.0785010474624400 0.226202336640237 0.895332019536797 0.232437478240308 4.15040267132793 0.0262748822198815 -0.0796568852554920 -0.140075190636847 -0.107050241257499 0.0357218018305641 -0.0689671774211402 0.0827913692745107 0.243065929748254 3.55138768850482 -0.0501992936271325 0.120620594736374 0.229711056163993 0.0689563383228183 0.121689885713925 -0.157668844863318 -0.273485953118779 -0.0164920418587297 0.614673552216169 -0.399342179697190 -0.789222275523252 -0.811389679585235 -0.952840606740995 -1.44530925787201 -1.46010075446259 -0.970915812612890 -0.694104052793040 -0.883415233809691 -1.02714568713613 -1.31291961950932 -1.32617682367001 -1.14854785833711 -0.768468202387103 -0.0838724071498964
 -0.665247336148892 -1.61863483344127 -1.87816653622754 -1.76431416312527 -1.67432106422580 -1.56982220850295 -1.45441962959684 -1.26681415171517 0.359677773606966 -1.11996729215910 -2.12082943397636 -2.40473515982235 -2.62657894668602 -2.76968578652333 -2.18720997770812 -0.181224867603069 2.70509627604113 0.0680752247308792 0.799707785680056 2.12614953272102 1.89094153330499 1.68947285679758 0.882835576235293 2.56031433982443 1.24315643592554 -0.393714567506113 -0.0530397156214226 2.30310458983864 0.543499523338288 2.40413622279618 0.704503584393253 3.22038549477808 1.94862256317335 2.68280800479353 0.359358201574616 -0.232483968028378 -0.759539401025773 -0.781749641294320 -0.606634461187983 -0.339885852935303 -0.0228265479822594
 2.97841472076280 -0.0850335769423807 -0.361667343544462 -0.450656400208273 -0.526998804295335 -0.466772306917187 -0.469566926389138 -0.278448570315172 0.0319369998018449 1.91283230927734 0.253881629108504 -0.167721369556070 -0.445184908552622 -0.698895933936172 -0.900159917592911 -0.924466632190524 -0.894868945947608 -0.652896038376628 -0.184196042875709 0.716988218376637 1.73397230239897 -0.500856109873812 -0.959431365053770 -1.20810360894437 -1.33635001061711 -1.37986012147293 -1.37021657543394 -1.20487283098034 -0.802268267745308 -0.714142646872214 -0.106406359010680 2.02583733260424 -0.0689615709948335 -0.266839857714564 -0.00226341846765274 0.226475668391432 1.12885231109266 6.35993566484530 0.0150443391754898 0.0136501459313697 0.0302850341692954
 0.0556867557863713 0.0848266250467549 0.0930611893269736 0.102112196591106 0.108887495082033 0.114276048611679 0.116006186535129 0.121772986225335 0.109676469189512 0.0936971408587518 0.0693816627438628 0.0688385788513817 0.0564682481296425 0.0434453025277524 0.0387479007938158 0.0289827324088072 0.0219042895611396 0.0211991128828894 0.0224657117515018 0.0142797828129004 0.00301152440087315 -0.0117437513987437 -0.0211989442572570 -0.0311884755058525 -0.0483082151341496 -0.0606833374522719 -0.0654120566369131 -0.0616315407551608 -0.0751810852970525 -0.0769711157142916 -0.0730629509781464 -0.0776750962768931 -0.0949660609534789 -0.0874625164661063 -0.0994371490069293 -0.103516074775095 -0.109897523063378 -0.113596150016576 -0.0995766838556925 -0.0631933785146370 -0.0140259359735545
# ln_recsigma:
 -0.693147181000000 -0.693147181000000 -0.693147181000000 -2.30258509300000
# avg_F:
 -0.693147181000000 -0.693147181000000
# F_devs:
 0.00000000000000 0.00000000000000 0.00000000000000 0.00000000000000 0.00000000000000 0.00000000000000 0.00000000000000 0.00000000000000 0.00000000000000 0.00000000000000 0.00000000000000 0.00000000000000 0.00000000000000 0.00000000000000 0.00000000000000 0.00000000000000 0.00000000000000 0.00000000000000 0.00000000000000 0.00000000000000 -0.900000000000000 -0.900000000000000 -0.900000000000000 -0.900000000000000 -0.900000000000000 -0.900000000000000 -0.900000000000000 -0.900000000000000 -0.900000000000000 -0.900000000000000 -0.900000000000000 -0.900000000000000 -0.900000000000000 -0.900000000000000 -0.900000000000000 -0.900000000000000 -0.900000000000000 -0.900000000000000 -0.900000000000000 -0.900000000000000 -0.900000000000000 -0.900000000000000
 0.00000000000000 0.00000000000000 0.00000000000000 0.00000000000000 0.00000000000000 0.00000000000000 0.00000000000000 0.00000000000000 0.00000000000000 0.00000000000000 0.00000000000000 0.00000000000000 0.00000000000000 0.00000000000000 0.00000000000000 0.00000000000000 0.00000000000000 0.00000000000000 0.00000000000000 0.00000000000000 0.00000000000000 0.00000000000000 0.00000000000000 0.00000000000000 0.00000000000000 0.00000000000000 0.00000000000000 0.00000000000000 0.00000000000000 0.00000000000000 0.00000000000000 0.00000000000000 0.00000000000000 0.00000000000000 0.00000000000000 0.00000000000000 0.00000000000000 0.00000000000000 0.00000000000000 0.00000000000000 0.00000000000000 0.00000000000000
# logit_vuln:
 2.00000000000000 2.00000000000000 2.00000000000000 2.00000000000000 2.00000000000000 2.00000000000000 2.00000000000000 2.00000000000000 2.00000000000000 2.00000000000000
# fishsel_pars:
 7.48401227165486 5.33135825647628
 5.41289155111083 2.94642219588493
# ln_fishery_q:
 -1.38629436100000 0.405465108000000
# ln_survey_q:
 -1.92672032322032 -3.91240474789365 -4.55154855402703 -0.130599611454933
# survey_selpars:
 2.97812083863405
 1.58475807689902
# ln_M1ann:
 -2.30258509300000 -1.04982212400000 -1.60943791200000 -2.30258509300000
# ln_otherFood_base:
19.9360313892
# otherFood_dev:
 0.00000000000 0.00000000000 0.00000000000
