# Number of parameters = 199 Objective function value = 9653.36945894919  Maximum gradient component = 2.60855785104383e-05
# ln_yr1N:
 8.42084413888145 10.3192534125629 9.45097692199266 6.23584872351358 5.61445742722380
 -573.027291231575 11.3106680289474 11.6207449008729 10.6372818537279 7.81094896497888
 -106.561888380024 11.6072401806926 -47.0164148430750 8.49096955595787 5.03119184615539
 11.6683234438956 -2.06497172937668 11.0236254515409 -44.0070090022179 5.55069728022834
# recruitment_alpha:
 0.00000000000000 0.00000000000000 0.00000000000000 0.00000000000000
# recruitment_shape:
 0.00000000000000 0.00000000000000 0.00000000000000 0.00000000000000
# recruitment_beta:
 0.00000000000000 0.00000000000000 0.00000000000000 0.00000000000000
# ln_avg_recruitment:
 6.92145214328637 13.8032651832110 10.8246525268475 11.0289819413008
# recruitment_devs:
 0.113015067432028 -0.0366126218529175 4.18188875953752 0.118087672700632 0.218636151310058 1.18831970311101 0.0824396361996119 4.34876526138341 -0.00503010268105179 -0.0820916702106268 -0.200377538126495 -0.110653943960925 -0.128304726425225 0.0739473927662460 -0.261635451855670 0.248239627581676 3.76936921163314 -0.310221004814830 -0.253215989497811 0.0937628321039942 0.217186109862081 -0.203893348941778 -0.367483840653723 -0.265803876914689 0.0628608523883527 0.735367498379822 -0.517663854928079 -0.538621441361782 -0.921225262694060 -1.05699539491195 -1.24191008142240 -1.15145517375350 -0.854482893009167 -0.922121332062933 -0.704939451596305 -0.879405735771011 -1.04133028822708 -1.37446051900681 -1.13659378088626 -0.610278557058686 -0.275077860830195
 -0.828605940628620 -1.69684081028282 -2.08093193724970 -1.95270603623854 -1.69399632797340 -1.66330292941907 -1.75971290595846 -1.42668038045936 0.218962059351336 -1.31546350093278 -2.37610372794522 -2.67336104596199 -2.78198245291397 -2.84478469730142 -2.12985830042310 0.628939083493060 2.32337665173178 0.412725853077471 1.53021857620678 1.78163670153315 1.95981003381103 1.55390237157478 0.555592291419923 2.55042521178675 1.13001846726642 -0.140220713023780 0.0249866554148764 2.02092849840683 1.69819817967535 2.06471910902594 0.449387433449628 2.90853092344715 2.70944885503893 2.24668973592591 0.526265955740279 -0.0123395812781837 -0.559602218512371 -0.369421946861005 -0.308201073794625 -0.387697521381750 -0.292948576542830
 3.18695834900409 -0.375233155184403 -0.578231453673789 -0.571331002346060 -0.542459045559815 -0.433293367426605 -0.323670957098392 -0.0651194026855935 0.330778709275531 1.82285141566157 0.0666577718543741 -0.274662715411957 -0.471754391813887 -0.633882453763227 -0.778159646025051 -0.755566734699834 -0.690197289179202 -0.427570069277551 -0.0580161530103663 1.48432822390149 1.16761414913461 -0.530428789926827 -1.00385417220415 -1.25947000690020 -1.36582876363682 -1.35582165015644 -1.27807467042186 -1.04998975937278 -0.569300774459357 -0.593076728699048 0.450457989351185 2.23109420375432 -0.465170425890155 -0.484403146289188 -0.128281707385958 0.163579960654294 5.65746524006071 0.135066880976076 0.127931521155037 0.114222254755044 0.123841757633485
 0.0640841533507571 0.0780697027234396 0.0984434968387504 0.118052717096198 0.129078733762476 0.133107341741994 0.133050013724127 0.131378801196822 0.115202973635424 0.105001859886260 0.0874152420714616 0.0839947201157254 0.0660257892741345 0.0437815192654019 0.0353107624371445 0.0199814072465713 0.00613877315992789 0.00462321520442024 0.00855151424698084 -3.62276818028125e-05 -0.0249233274157693 -0.0326461478935120 -0.0391401628419710 -0.0494652372563526 -0.0594418884837839 -0.0652227777223195 -0.0696002350226889 -0.0669910073623379 -0.0705339507779006 -0.0693336751659203 -0.0614852289967538 -0.0741509718141123 -0.0899173708821341 -0.0853247713481935 -0.114903719161947 -0.104069124162089 -0.112985313951766 -0.110784670252837 -0.0866650184694386 -0.0536480503909664 -0.0200238745205380
# ln_recsigma:
 -0.693147181000000 -0.693147181000000 -0.693147181000000 -2.30258509300000
# avg_F:
 -0.693147181000000 -0.693147181000000
# F_devs:
 0.00000000000000 0.00000000000000 0.00000000000000 0.00000000000000 0.00000000000000 0.00000000000000 0.00000000000000 0.00000000000000 0.00000000000000 0.00000000000000 0.00000000000000 0.00000000000000 0.00000000000000 0.00000000000000 0.00000000000000 0.00000000000000 0.00000000000000 0.00000000000000 0.00000000000000 0.00000000000000 -0.900000000000000 -0.900000000000000 -0.900000000000000 -0.900000000000000 -0.900000000000000 -0.900000000000000 -0.900000000000000 -0.900000000000000 -0.900000000000000 -0.900000000000000 -0.900000000000000 -0.900000000000000 -0.900000000000000 -0.900000000000000 -0.900000000000000 -0.900000000000000 -0.900000000000000 -0.900000000000000 -0.900000000000000 -0.900000000000000 -0.900000000000000 -0.900000000000000
 0.00000000000000 0.00000000000000 0.00000000000000 0.00000000000000 0.00000000000000 0.00000000000000 0.00000000000000 0.00000000000000 0.00000000000000 0.00000000000000 0.00000000000000 0.00000000000000 0.00000000000000 0.00000000000000 0.00000000000000 0.00000000000000 0.00000000000000 0.00000000000000 0.00000000000000 0.00000000000000 0.00000000000000 0.00000000000000 0.00000000000000 0.00000000000000 0.00000000000000 0.00000000000000 0.00000000000000 0.00000000000000 0.00000000000000 0.00000000000000 0.00000000000000 0.00000000000000 0.00000000000000 0.00000000000000 0.00000000000000 0.00000000000000 0.00000000000000 0.00000000000000 0.00000000000000 0.00000000000000 0.00000000000000 0.00000000000000
# logit_vuln:
 2.00000000000000 2.00000000000000 2.00000000000000 2.00000000000000 2.00000000000000 2.00000000000000 2.00000000000000 2.00000000000000 2.00000000000000 2.00000000000000
# fishsel_pars:
 8.44020185511407 5.81229102181428
 5.42364230828640 2.76085920201993
# ln_fishery_q:
 -1.38629436100000 0.405465108000000
# ln_survey_q:
 -1.84935280810986 -4.38935782197721 -4.76913213936683 -0.103476944743086
# survey_selpars:
 2.97428412204195
 1.60047723714015
# ln_M1ann:
 -2.30258509300000 -1.04982212400000 -1.60943791200000 -2.30258509300000
# ln_otherFood_base:
19.9539017949
# otherFood_dev:
 0.00000000000 0.00000000000 0.00000000000
