# Number of parameters = 199 Objective function value = 9092.05375271402  Maximum gradient component = 7.07161712670432e-05
# ln_yr1N:
 8.00369778650360 10.3238108049192 9.34766971754601 6.21447904998211 5.96808145815009
 -29.4072985771686 -61.1880482747191 12.0168617870024 10.6437757056015 7.20042205332831
 13.0142590831632 -146.513876521858 9.54274770934396 7.29481581771985 5.91387091153487
 -102.080273105466 10.2838312096904 10.9718896925557 -623.450044884520 5.51306693876789
# recruitment_alpha:
 0.00000000000000 0.00000000000000 0.00000000000000 0.00000000000000
# recruitment_shape:
 0.00000000000000 0.00000000000000 0.00000000000000 0.00000000000000
# recruitment_beta:
 0.00000000000000 0.00000000000000 0.00000000000000 0.00000000000000
# ln_avg_recruitment:
 6.89616977381389 13.5846681980006 10.7832481588497 10.9804103488239
# recruitment_devs:
 -0.0376492703672265 0.432577900231557 4.20886690646679 0.0280526710265076 0.0423830992398582 0.895802295614340 0.370944582749759 4.37123607267133 -0.00425660970585285 -0.0998596776553231 -0.0588332627581796 -0.0774087037357297 0.00341072696182094 -0.0425873088205466 0.0960333909316532 0.271297121681037 3.79347193564091 -0.305288759540702 -0.307709361609448 -0.350468081567638 -0.153664176215982 -0.222452787332044 0.219065318632323 -0.279738027547929 0.0760135074066815 0.610751547608257 -0.418918307173897 -0.623742428535747 -1.00225218932168 -1.04937175972731 -1.33054071252847 -1.17306489620328 -1.08704914308959 -0.418508758060400 -0.915705097113846 -0.953879140684052 -1.28674894293023 -0.993537899746282 -1.13295366253781 -0.699927482526525 -0.393790574254576
 -0.589785048208464 -1.66437140418085 -1.94828829580307 -1.82745762675791 -1.68534848740581 -1.61721772249075 -1.50486433510901 -0.906931040237588 0.348262024925688 -1.39608174125077 -2.33758000659481 -2.63714417962293 -2.84140535724009 -2.87478169331794 -2.06605679512566 0.963376511217948 2.58171265648784 0.0397808762797228 0.813039504967050 2.18328486054347 2.01457368947927 1.93762552364563 0.229405817959063 2.69070218336178 1.11659924768199 -0.301902369315432 0.191969533698216 2.42993388341808 0.500508303142014 2.49143316411482 0.711475620279684 3.27659791631045 1.77172004724752 2.62218670232395 0.326239000256032 -0.0715394381982939 -0.750298769366118 -0.805927778328534 -0.525947005380904 -0.539091000665884 -0.348406798200982
 2.64047848777075 -0.127306291643514 -0.358349326226551 -0.383027586965719 -0.447706047673388 -0.433754591370554 -0.402767363171122 -0.125739097747457 0.336942591724881 1.76182666322106 -0.00295530936297662 -0.350251535263186 -0.517179687104548 -0.622899846323187 -0.786297471655846 -0.746063230056102 -0.669787826755123 -0.359589825812793 0.132206659774918 1.24759581602658 1.29715210562480 -0.539069541422225 -1.02877449571381 -1.28693200753596 -1.40580651409494 -1.41210954784795 -1.36092428173720 -1.14636649773159 -0.628139958417184 -0.514647091216095 0.337303270771344 2.04720830548230 -0.225877663696627 -0.363617070643457 -0.0931872509992886 0.273083017653187 5.62585458867512 0.161388691031128 0.163855181439855 0.142870191420982 0.171361456947547
 0.222784102286750 0.157051583652012 0.157362562132785 0.149560453459929 0.145758526499898 0.132407738382101 0.132685118275883 0.130009052638055 0.124718328477211 0.113231472404083 0.103269314919946 0.0998037182367693 0.0757507607200293 0.0597405206897075 0.0547037677036069 0.0342804602569477 0.0147968289896628 0.00215537380181966 -0.00709219180654091 -0.0142831160964672 -0.0349812290080370 -0.0574785547063530 -0.0664585330739711 -0.0751890315849701 -0.0901164401846864 -0.104710974756180 -0.104404022552758 -0.105962091496782 -0.108630468007057 -0.104436259188204 -0.104089118816481 -0.108806685555447 -0.108585196310310 -0.0986203595123596 -0.126823175824931 -0.110483455804780 -0.108919545150383 -0.100538549485308 -0.0914211279779582 -0.0575443148562036 -0.0204952559144243
# ln_recsigma:
 -0.693147181000000 -0.693147181000000 -0.693147181000000 -2.30258509300000
# avg_F:
 -0.693147181000000 -0.693147181000000
# F_devs:
 0.00000000000000 0.00000000000000 0.00000000000000 0.00000000000000 0.00000000000000 0.00000000000000 0.00000000000000 0.00000000000000 0.00000000000000 0.00000000000000 0.00000000000000 0.00000000000000 0.00000000000000 0.00000000000000 0.00000000000000 0.00000000000000 0.00000000000000 0.00000000000000 0.00000000000000 0.00000000000000 -0.900000000000000 -0.900000000000000 -0.900000000000000 -0.900000000000000 -0.900000000000000 -0.900000000000000 -0.900000000000000 -0.900000000000000 -0.900000000000000 -0.900000000000000 -0.900000000000000 -0.900000000000000 -0.900000000000000 -0.900000000000000 -0.900000000000000 -0.900000000000000 -0.900000000000000 -0.900000000000000 -0.900000000000000 -0.900000000000000 -0.900000000000000 -0.900000000000000
 0.00000000000000 0.00000000000000 0.00000000000000 0.00000000000000 0.00000000000000 0.00000000000000 0.00000000000000 0.00000000000000 0.00000000000000 0.00000000000000 0.00000000000000 0.00000000000000 0.00000000000000 0.00000000000000 0.00000000000000 0.00000000000000 0.00000000000000 0.00000000000000 0.00000000000000 0.00000000000000 0.00000000000000 0.00000000000000 0.00000000000000 0.00000000000000 0.00000000000000 0.00000000000000 0.00000000000000 0.00000000000000 0.00000000000000 0.00000000000000 0.00000000000000 0.00000000000000 0.00000000000000 0.00000000000000 0.00000000000000 0.00000000000000 0.00000000000000 0.00000000000000 0.00000000000000 0.00000000000000 0.00000000000000 0.00000000000000
# logit_vuln:
 2.00000000000000 2.00000000000000 2.00000000000000 2.00000000000000 2.00000000000000 2.00000000000000 2.00000000000000 2.00000000000000 2.00000000000000 2.00000000000000
# fishsel_pars:
 8.44483453078388 5.82040812121417
 5.44201316646153 2.76849029680241
# ln_fishery_q:
 -1.38629436100000 0.405465108000000
# ln_survey_q:
 -1.85536026947478 -4.27906486168421 -4.61521153858143 -0.171345021076469
# survey_selpars:
 2.97378653345350
 1.63831104800165
# ln_M1ann:
 -2.30258509300000 -1.04982212400000 -1.60943791200000 -2.30258509300000
# ln_otherFood_base:
20.0316957476
# otherFood_dev:
 0.00000000000 0.00000000000 0.00000000000
