# Number of parameters = 199 Objective function value = 10227.1370937152  Maximum gradient component = 4.30030595310882e-05
# ln_yr1N:
 7.48642463156329 10.5364712399268 8.87234872790954 5.37156960524832 -219.358813560959
 9.84391695396082 9.18417972402209 11.4747171454088 10.4046281536760 6.89278912179705
 -22.9254335648397 10.4565273297514 -26.3575325887380 8.13141073711487 4.79797397170009
 11.2527109591323 -14.7036675688938 10.4063851420916 6.92903639449741 4.97076441418303
# recruitment_alpha:
 0.00000000000000 0.00000000000000 0.00000000000000 0.00000000000000
# recruitment_shape:
 0.00000000000000 0.00000000000000 0.00000000000000 0.00000000000000
# recruitment_beta:
 0.00000000000000 0.00000000000000 0.00000000000000 0.00000000000000
# ln_avg_recruitment:
 7.28376354169741 13.2194188384173 10.3240089256720 10.6421654538033
# recruitment_devs:
 -0.202929842124895 0.0502617011458348 4.29939591404470 -0.108602282468452 -0.143394872226886 -0.150745046134950 -0.272914564594341 4.37730413055963 3.26221404800752 0.370984602730292 0.519013282013902 0.124656023267603 -0.148316730266499 0.0250804150033356 -0.418316449434324 -0.225083395752454 3.75267544012485 -0.222609940418276 0.309461031475656 0.958537667609555 0.458340847384178 -0.257604864826785 0.289888609432278 0.0246343368798941 0.283206585159666 0.459369111675902 -0.0128975273918120 -0.652786729683960 -1.00080712628810 -1.19402823933000 -1.31033713930341 -1.53435491557337 -0.842935248820962 -0.911167391410992 -1.07166067860157 -1.34401387137271 -1.84813687926687 -1.86048840688091 -1.90092618160818 -1.17692748804020 -0.753038451106495
 -0.797866975254074 -1.65433754246739 -1.80386336130555 -1.62748093984715 -1.63112568132192 -1.61655442401046 -1.53097731176529 -1.16131116301804 0.401969693271162 -1.30776141167844 -2.30783390676450 -2.62097043321938 -2.77724152614306 -2.80800248942021 -2.17847808653110 0.000773694174637928 2.56381927498241 -0.0293363475551965 0.540359322368619 2.38647947914506 1.80555013582461 1.81160176216011 0.713224052821370 2.79637890716142 0.748091580636796 -0.161327713133364 0.235871184163113 2.32824875204747 0.874766687264132 2.33079370577250 0.410278181783548 3.30708822853063 2.09442205325203 2.72138649733489 0.749024033382671 -0.182303204203627 -0.692668594989685 -0.732033184882721 -0.601243908776129 -0.369478820715045 -0.227929763032826
 3.15784441857068 -0.158551623643372 -0.347368781170407 -0.366520204824007 -0.421380831195803 -0.387355698081922 -0.383899570325586 -0.127142426924651 0.249035835199454 1.69082234275462 0.0949985460695881 -0.248725268940824 -0.475934734531688 -0.621345898661292 -0.897052492692004 -0.922733240796251 -0.943101482550671 -0.697449648255246 -0.148844843941970 1.06889030713674 1.47917203419084 -0.559880341218556 -1.04282004145024 -1.32339838653578 -1.45496613463823 -1.50115389679691 -1.47426833574148 -1.27346642099221 -0.731319880704415 -0.843358446717010 -0.00864417114840620 2.09029755523357 -0.0261430019895578 -0.193480009393908 0.0208936270929182 0.190341591994771 1.14482634246544 6.32486071472047 0.0163153870474698 0.0161863626172209 0.0358210002405497
 0.0651124524166085 0.111771975923099 0.149978052315279 0.179764782132310 0.192341904662589 0.212379249241010 0.214321889096037 0.210229190229333 0.171039145646495 0.151143085625162 0.133750887420974 0.139759839449773 0.133464089130412 0.119894478025037 0.116765937092185 0.0906835328643642 0.0624537282120036 0.0408295773328059 0.0271886307788828 0.000717360815733339 -0.0314113906914857 -0.0572754235401500 -0.0647746373391849 -0.0829188280153183 -0.107694378426329 -0.133428906457636 -0.145212072770422 -0.152470447479367 -0.164277817823826 -0.166288480095320 -0.160928102196142 -0.158576573341033 -0.156976288968627 -0.139680756978279 -0.150927967332645 -0.136178011764934 -0.144002403895213 -0.144926926764796 -0.114851544986646 -0.0799874961094546 -0.0308014781678525
# ln_recsigma:
 -0.693147181000000 -0.693147181000000 -0.693147181000000 -2.30258509300000
# avg_F:
 -0.693147181000000 -0.693147181000000
# F_devs:
 0.00000000000000 0.00000000000000 0.00000000000000 0.00000000000000 0.00000000000000 0.00000000000000 0.00000000000000 0.00000000000000 0.00000000000000 0.00000000000000 0.00000000000000 0.00000000000000 0.00000000000000 0.00000000000000 0.00000000000000 0.00000000000000 0.00000000000000 0.00000000000000 0.00000000000000 0.00000000000000 -0.900000000000000 -0.900000000000000 -0.900000000000000 -0.900000000000000 -0.900000000000000 -0.900000000000000 -0.900000000000000 -0.900000000000000 -0.900000000000000 -0.900000000000000 -0.900000000000000 -0.900000000000000 -0.900000000000000 -0.900000000000000 -0.900000000000000 -0.900000000000000 -0.900000000000000 -0.900000000000000 -0.900000000000000 -0.900000000000000 -0.900000000000000 -0.900000000000000
 0.00000000000000 0.00000000000000 0.00000000000000 0.00000000000000 0.00000000000000 0.00000000000000 0.00000000000000 0.00000000000000 0.00000000000000 0.00000000000000 0.00000000000000 0.00000000000000 0.00000000000000 0.00000000000000 0.00000000000000 0.00000000000000 0.00000000000000 0.00000000000000 0.00000000000000 0.00000000000000 0.00000000000000 0.00000000000000 0.00000000000000 0.00000000000000 0.00000000000000 0.00000000000000 0.00000000000000 0.00000000000000 0.00000000000000 0.00000000000000 0.00000000000000 0.00000000000000 0.00000000000000 0.00000000000000 0.00000000000000 0.00000000000000 0.00000000000000 0.00000000000000 0.00000000000000 0.00000000000000 0.00000000000000 0.00000000000000
# logit_vuln:
 2.00000000000000 2.00000000000000 2.00000000000000 2.00000000000000 2.00000000000000 2.00000000000000 2.00000000000000 2.00000000000000 2.00000000000000 2.00000000000000
# fishsel_pars:
 -19.9647349527382 5.77689767991588
 5.12392044004779 3.00426533976974
# ln_fishery_q:
 -1.38629436100000 0.405465108000000
# ln_survey_q:
 -1.35475452026746 -3.73660199008135 -4.12658716118894 0.420104523767030
# survey_selpars:
 2.97739188601176
 1.61994084628396
# ln_M1ann:
 -2.30258509300000 -1.04982212400000 -1.60943791200000 -2.30258509300000
# ln_otherFood_base:
19.6734145999
# otherFood_dev:
 0.00000000000 0.00000000000 0.00000000000
