# Number of parameters = 199 Objective function value = 7803.67420598914  Maximum gradient component = 384.936350976121
# ln_yr1N:
 8.11953388960905 10.3889487621344 9.30696793788703 7.11990352839726 -251.953715202054
 11.0086428156435 -109.789241741696 11.6314741777239 10.3024450852372 7.36793810902842
 -78.3797629202273 10.3255252142606 6.58500157271973 8.25653764149120 4.75067493958792
 11.7362967978411 -103.222877629517 11.0048321836679 -608.404097971897 -805.484912743181
# recruitment_alpha:
 0.00000000000000 0.00000000000000 0.00000000000000 0.00000000000000
# recruitment_shape:
 0.00000000000000 0.00000000000000 0.00000000000000 0.00000000000000
# recruitment_beta:
 0.00000000000000 0.00000000000000 0.00000000000000 0.00000000000000
# ln_avg_recruitment:
 7.00286440261103 13.4031990452077 10.6328764501806 11.0448115809031
# recruitment_devs:
 0.350459951117033 0.148844388501771 4.03240150208098 0.0625173277718483 -0.00668790719834149 1.53040178797721 0.0137372769793338 4.34968058290176 0.0341099932535743 -0.0405310577789518 -0.170107791925742 -0.0700408235301181 0.0362989797751438 -0.296680607449071 -0.134259995794453 0.347553052994355 3.62364026527003 -0.108988638039053 0.0269676610588998 0.348722477479772 -0.0168192795027726 -0.347488178093155 0.0359771531379508 -0.476516441724998 0.0441609875312875 0.888202592690102 -0.276662579968631 -0.581653703922922 -1.02165559740122 -1.40540425732543 -1.40804098543342 -1.18565043598098 -0.870594115486538 -1.12971827634942 -0.664090443349585 -1.07911863555233 -1.11951048189085 -1.23252111120725 -1.41384895217025 -0.672755346900291 -0.145693027753382
 -0.686670486650296 -1.50845930052484 -1.75439707491587 -1.83965449411406 -1.81533449320746 -1.85442148256851 -1.77703963166223 -1.18024958717716 0.287332888416478 -0.944257812048311 -1.98073275252546 -2.35784052414589 -2.69838714456336 -2.83377685567318 -2.25838885329922 -0.193996171384774 2.49254235649807 0.564174826882634 0.428732946267809 2.05006451285356 2.31976939207978 1.68598554803834 0.446194540328324 1.53792848293034 1.89868139719337 -0.129315241557959 0.273104486536311 2.04680234187657 0.859841395829595 2.30058023181195 0.640642061094405 3.07689384227800 2.06852044522134 2.09501537056431 0.799051935097460 -0.156971839770711 -0.462258768616644 -0.504382449459803 -0.326631698237991 -0.390529122424160 -0.217922352606715
 2.99381775313473 -0.177494424674689 -0.430141865880130 -0.451119932095126 -0.481723994511397 -0.417735259771750 -0.385085565739821 -0.145120068498626 0.198744946640230 1.70316673897552 0.113278957108581 -0.281737038728278 -0.490525260047407 -0.681372885632394 -0.867889157765365 -0.848052296574913 -0.767253494588289 -0.554020589441973 -0.274323609167140 0.758563691798124 1.57182883045715 -0.367864234127560 -0.872374988751089 -1.21380970838928 -1.40585776749231 -1.47868438620773 -1.52843844772250 -1.37508275000348 -0.910181623628693 -0.933446521683955 -0.228548095802947 1.66786469385011 1.13413680331788 -0.0842582524738561 -0.0811111253397011 0.227780178391005 1.16402470873542 6.10412983150795 0.0131530768667801 0.0267369033907951 0.0560102019089566
 0.0562464024364633 0.0602928513043031 0.0765708035126373 0.0850766131204519 0.0975009341866639 0.100917449285290 0.113574502682020 0.119760201997547 0.115174916384038 0.0954746375277464 0.0931213970724830 0.0990994356055431 0.0798511318893594 0.0640753242814613 0.0587124720793093 0.0499130560185693 0.0433386518881298 0.0373800696268407 0.0319590524064822 0.0231240709966354 -0.00235344164970788 -0.0223784222693393 -0.0341227586856592 -0.0491783013923586 -0.0648235714236385 -0.0738801578901522 -0.0732903073039191 -0.0757332022173537 -0.0855759798182532 -0.0855873139822402 -0.0904830328553240 -0.0930894755620518 -0.0988325230393415 -0.0884963451602614 -0.107503066332447 -0.103404620922815 -0.104808351822218 -0.103976158534268 -0.0813552891787759 -0.0534096216821103 -0.00882997972260853
# ln_recsigma:
 -0.693147181000000 -0.693147181000000 -0.693147181000000 -2.30258509300000
# avg_F:
 -0.693147181000000 -0.693147181000000
# F_devs:
 0.00000000000000 0.00000000000000 0.00000000000000 0.00000000000000 0.00000000000000 0.00000000000000 0.00000000000000 0.00000000000000 0.00000000000000 0.00000000000000 0.00000000000000 0.00000000000000 0.00000000000000 0.00000000000000 0.00000000000000 0.00000000000000 0.00000000000000 0.00000000000000 0.00000000000000 0.00000000000000 -0.900000000000000 -0.900000000000000 -0.900000000000000 -0.900000000000000 -0.900000000000000 -0.900000000000000 -0.900000000000000 -0.900000000000000 -0.900000000000000 -0.900000000000000 -0.900000000000000 -0.900000000000000 -0.900000000000000 -0.900000000000000 -0.900000000000000 -0.900000000000000 -0.900000000000000 -0.900000000000000 -0.900000000000000 -0.900000000000000 -0.900000000000000 -0.900000000000000
 0.00000000000000 0.00000000000000 0.00000000000000 0.00000000000000 0.00000000000000 0.00000000000000 0.00000000000000 0.00000000000000 0.00000000000000 0.00000000000000 0.00000000000000 0.00000000000000 0.00000000000000 0.00000000000000 0.00000000000000 0.00000000000000 0.00000000000000 0.00000000000000 0.00000000000000 0.00000000000000 0.00000000000000 0.00000000000000 0.00000000000000 0.00000000000000 0.00000000000000 0.00000000000000 0.00000000000000 0.00000000000000 0.00000000000000 0.00000000000000 0.00000000000000 0.00000000000000 0.00000000000000 0.00000000000000 0.00000000000000 0.00000000000000 0.00000000000000 0.00000000000000 0.00000000000000 0.00000000000000 0.00000000000000 0.00000000000000
# logit_vuln:
 2.00000000000000 2.00000000000000 2.00000000000000 2.00000000000000 2.00000000000000 2.00000000000000 2.00000000000000 2.00000000000000 2.00000000000000 2.00000000000000
# fishsel_pars:
 7.55329304456314 4.37765856584080
 5.45750770040082 2.98354764332578
# ln_fishery_q:
 -1.38629436100000 0.405465108000000
# ln_survey_q:
 -1.80864918045193 -3.88678705110473 -4.56319364421679 -0.0313976835097662
# survey_selpars:
 2.97743997497938
 1.61218302972585
# ln_M1ann:
 -2.30258509300000 -1.04982212400000 -1.60943791200000 -2.30258509300000
# ln_otherFood_base:
19.9065724993
# otherFood_dev:
 0.00000000000 0.00000000000 0.00000000000
