# Number of parameters = 199 Objective function value = 9421.36685837250  Maximum gradient component = 5.69764686722121e-05
# ln_yr1N:
 8.26148291417324 10.4467773221914 9.36356212906008 5.48476923081167 5.91990501675435
 -144.950247257317 12.0437178451399 -43.6778317186249 11.0445289727532 -0.244925671563747
 11.8902859560726 -183.298824105755 8.68316284783628 8.40987863720483 3.53865642684783
 11.6796725512083 -352.842587149287 10.9314210475590 7.40883947653378 5.26406994692563
# recruitment_alpha:
 0.00000000000000 0.00000000000000 0.00000000000000 0.00000000000000
# recruitment_shape:
 0.00000000000000 0.00000000000000 0.00000000000000 0.00000000000000
# recruitment_beta:
 0.00000000000000 0.00000000000000 0.00000000000000 0.00000000000000
# ln_avg_recruitment:
 7.03292721974219 13.5746139287271 10.7378227164855 11.1431453704473
# recruitment_devs:
 0.00459439180279871 0.0719947353552423 3.99306888751173 0.0143122661151811 0.0360027386013941 2.02635508880957 0.428831283522691 4.25595039377102 0.0567701795736818 0.173623440075841 0.0420317920446840 -0.00688812662354956 -0.0584272034665362 -0.109347130988034 -0.251857216005735 0.218847544144999 3.68413220119003 -0.333811205643472 -0.200527026904807 -0.0319238755565297 0.176209781546416 0.403672473171928 -0.200913516028891 -0.431626639018974 -0.0499946742634829 0.443655211338157 0.228350752818038 -0.829213486216923 -1.13771347181570 -1.36094748696199 -1.32194469449885 -1.21783281639521 -1.26660015842244 -0.797997070043872 -0.762955980049384 -1.09445750668706 -1.18469557403435 -1.27429233111296 -1.29233514815245 -0.717565489292761 -0.324535443304747
 -0.986432979105503 -1.60444105607800 -1.95448940503541 -1.92818101920121 -1.76604985526488 -1.76644528576776 -1.57110088714938 -1.27875770333837 0.247535637456391 -1.05898428916917 -2.22288087877762 -2.52939401623645 -2.70400580623803 -2.77949941400222 -2.15315311251679 0.284172085757552 2.33235156248854 -0.0567404630279001 0.983541800995900 2.26329394080516 1.61362924936075 1.94818235975023 0.768599048927086 2.49306278906228 1.21235026164661 -0.272081061685902 0.0438467077621123 2.14449512865754 1.01392813503300 2.19423590457247 0.696801112116688 3.13596964007896 2.30518420059707 2.47194857871656 0.767617590042374 -0.155247216403492 -0.640151661094643 -0.504511337927590 -0.438333852945446 -0.323734931304331 -0.226129852380439
 2.89094368750112 -0.109897288111415 -0.336210212552364 -0.350974128105156 -0.422174398786476 -0.354614603425302 -0.400339984130707 -0.238069071412635 0.0442188079750028 1.75396510334895 0.405262143713017 -0.0609803040873792 -0.345706853547940 -0.575942576945068 -0.770925164120019 -0.793679003718657 -0.770957529039185 -0.542678855220479 -0.143657733555601 0.828604045199068 1.56219380099533 -0.529340957466805 -0.999178554963934 -1.25596757995020 -1.39947516907001 -1.46998051209011 -1.41997394185842 -1.23698568415105 -0.900406491460707 -0.702599217914319 0.174286813801378 1.92447740944611 -0.481119223775298 -0.550661689340581 -0.179420322034629 0.255099893913874 1.15177098803459 6.27513015046237 0.0186565907026623 0.0174887300424499 0.0398186168516402
 0.0846018994409410 0.0837734665319273 0.0829575396340645 0.0654642617889612 0.0655131896719961 0.0801925410200438 0.0899063385821618 0.108306670778448 0.116479651978249 0.0979853186237521 0.0876694456601279 0.0859032807600318 0.0666369488290831 0.0488739936337127 0.0485005180864937 0.0343810728870813 0.0281896896467533 0.0249943926685409 0.0295787350938079 0.0209821104444257 -0.00241305690727493 -0.0281120434837998 -0.0406858953905042 -0.0532427104547172 -0.0683367398653122 -0.0785878967818655 -0.0772650365357096 -0.0791733396147984 -0.0795790570368205 -0.0638131802018563 -0.0504174472516353 -0.0509511565732113 -0.0612269748911972 -0.0472157799053855 -0.0839619707348410 -0.0849994343828938 -0.0986677522613084 -0.113295892041219 -0.0989456883244901 -0.0677766335944159 -0.0222233438401750
# ln_recsigma:
 -0.693147181000000 -0.693147181000000 -0.693147181000000 -2.30258509300000
# avg_F:
 -0.693147181000000 -0.693147181000000
# F_devs:
 0.00000000000000 0.00000000000000 0.00000000000000 0.00000000000000 0.00000000000000 0.00000000000000 0.00000000000000 0.00000000000000 0.00000000000000 0.00000000000000 0.00000000000000 0.00000000000000 0.00000000000000 0.00000000000000 0.00000000000000 0.00000000000000 0.00000000000000 0.00000000000000 0.00000000000000 0.00000000000000 -0.900000000000000 -0.900000000000000 -0.900000000000000 -0.900000000000000 -0.900000000000000 -0.900000000000000 -0.900000000000000 -0.900000000000000 -0.900000000000000 -0.900000000000000 -0.900000000000000 -0.900000000000000 -0.900000000000000 -0.900000000000000 -0.900000000000000 -0.900000000000000 -0.900000000000000 -0.900000000000000 -0.900000000000000 -0.900000000000000 -0.900000000000000 -0.900000000000000
 0.00000000000000 0.00000000000000 0.00000000000000 0.00000000000000 0.00000000000000 0.00000000000000 0.00000000000000 0.00000000000000 0.00000000000000 0.00000000000000 0.00000000000000 0.00000000000000 0.00000000000000 0.00000000000000 0.00000000000000 0.00000000000000 0.00000000000000 0.00000000000000 0.00000000000000 0.00000000000000 0.00000000000000 0.00000000000000 0.00000000000000 0.00000000000000 0.00000000000000 0.00000000000000 0.00000000000000 0.00000000000000 0.00000000000000 0.00000000000000 0.00000000000000 0.00000000000000 0.00000000000000 0.00000000000000 0.00000000000000 0.00000000000000 0.00000000000000 0.00000000000000 0.00000000000000 0.00000000000000 0.00000000000000 0.00000000000000
# logit_vuln:
 2.00000000000000 2.00000000000000 2.00000000000000 2.00000000000000 2.00000000000000 2.00000000000000 2.00000000000000 2.00000000000000 2.00000000000000 2.00000000000000
# fishsel_pars:
 8.45369052304514 5.38677968931234
 5.44033681512690 2.92787373689877
# ln_fishery_q:
 -1.38629436100000 0.405465108000000
# ln_survey_q:
 -1.83463228422892 -3.94581696962817 -4.38960486133669 -0.105952614268524
# survey_selpars:
 2.98968452411656
 1.67170416098922
# ln_M1ann:
 -2.30258509300000 -1.04982212400000 -1.60943791200000 -2.30258509300000
# ln_otherFood_base:
19.8581091186
# otherFood_dev:
 0.00000000000 0.00000000000 0.00000000000
