# Number of parameters = 199 Objective function value = 9085.54790803959  Maximum gradient component = 6.95048408051984e-05
# ln_yr1N:
 8.10171931184703 10.5053704218879 9.01073366186492 -0.798627672697810 4.65754000022338
 10.7433542066167 7.91947866326349 11.4945267902180 10.9703181357903 -26.7925599531567
 12.9352005428389 9.13584389087527 -479.788508744116 8.65685499351135 -45.6543948501269
 11.3426929015952 -42.5923187842903 10.3817486921646 6.72757035475678 4.49708539389425
# recruitment_alpha:
 0.00000000000000 0.00000000000000 0.00000000000000 0.00000000000000
# recruitment_shape:
 0.00000000000000 0.00000000000000 0.00000000000000 0.00000000000000
# recruitment_beta:
 0.00000000000000 0.00000000000000 0.00000000000000 0.00000000000000
# ln_avg_recruitment:
 7.22041328530829 13.3511351372642 10.3637272856211 10.5255133134809
# recruitment_devs:
 0.162078865575725 -0.159579393201804 4.34758512400582 -0.0701681064028486 -0.182534877231536 0.434053508296391 -0.0133918894793359 4.62847064855222 0.170674224711419 2.54211350709383 0.314079542658136 0.0806744715143772 -0.000674964446509638 -0.198809090057599 -0.348275234610542 -0.213472116209807 3.73156942697976 -0.00523691762894685 0.359375328671746 0.966743480554683 0.310992772266531 0.203163609797058 -0.188784906890923 -0.294631481845166 0.792317475993596 0.350563857803297 -0.0576968286878124 -0.747391677982492 -0.909056738857415 -1.52148954253120 -1.46693973064137 -1.71192846396732 -1.26665922401610 -0.760782033838537 -1.01336659226762 -1.37822157536640 -1.55923891970561 -1.75383742337449 -1.60377201428910 -1.12208536189684 -0.846430544535808
 -0.635095864085938 -1.63281544875065 -1.89486984731882 -1.82286426872042 -1.68840064346783 -1.59329647943216 -1.32484745608792 -0.784423622061394 0.299282984493890 -1.47998645366583 -2.36705886944790 -2.70914653188021 -2.83783351779698 -2.80256956718623 -2.07260041366555 0.510260972563897 2.75374171528221 -0.184331811079401 0.356911640401010 2.22822104550856 1.85426429828020 1.78861552424326 0.312523144253970 2.46122550891187 1.52830096319803 -0.361713318673374 0.107082277493793 2.32083403836884 0.481172105940348 2.50819605465209 0.291555824663231 3.31878133797930 2.77194767493054 2.13480648108109 0.216231848151630 -0.145668512553301 -0.570685672189710 -0.379162156477250 -0.283295488306275 -0.359840047153690 -0.313449453874242
 2.72891563987168 -0.219195506767010 -0.459149059567073 -0.514405558676664 -0.538326865704431 -0.415730908504248 -0.361146710836858 -0.0928472410149840 0.320895441811800 1.74749638741090 0.0782370447335838 -0.293229088595982 -0.512547091626854 -0.697567880425929 -0.868644509669380 -0.824477478830788 -0.733482528095126 -0.405856252228629 0.198826070107693 1.81411843479532 0.214442499557312 -0.546017080995087 -0.950886596947681 -1.19418964391262 -1.29719504488225 -1.33307754759014 -1.29687417862195 -1.12822950974812 -0.655379449231786 -0.396348502377413 0.334744974589038 2.17708188563580 -0.195228288750350 -0.346292619073917 -0.0427096694689297 0.382612206842069 5.77350895143985 0.140090317191475 0.143254114861513 0.109801448650293 0.155009497085162
 0.0742815724964404 0.133146863343438 0.169778377014579 0.197431514600274 0.209061313688341 0.211647615285023 0.213481554219029 0.225987640385958 0.221814376068290 0.215267887804793 0.207450745294256 0.207783300988758 0.178008785256794 0.147824673760621 0.136610974272388 0.108291165022965 0.0790168055908872 0.0375922735177951 -0.00155675302653995 -0.0404253608216325 -0.0771044754295414 -0.100365557198253 -0.117961898394875 -0.135869868197540 -0.153307142812562 -0.160550278257326 -0.164879014749528 -0.166116436079225 -0.167573145919176 -0.156402469754150 -0.154657668909978 -0.161136218354980 -0.171356147686508 -0.154626569688896 -0.173411842638783 -0.157990519271193 -0.156719662973699 -0.150527194723603 -0.128564839710293 -0.0894577359413199 -0.0339166331324787
# ln_recsigma:
 -0.693147181000000 -0.693147181000000 -0.693147181000000 -2.30258509300000
# avg_F:
 -0.693147181000000 -0.693147181000000
# F_devs:
 0.00000000000000 0.00000000000000 0.00000000000000 0.00000000000000 0.00000000000000 0.00000000000000 0.00000000000000 0.00000000000000 0.00000000000000 0.00000000000000 0.00000000000000 0.00000000000000 0.00000000000000 0.00000000000000 0.00000000000000 0.00000000000000 0.00000000000000 0.00000000000000 0.00000000000000 0.00000000000000 -0.900000000000000 -0.900000000000000 -0.900000000000000 -0.900000000000000 -0.900000000000000 -0.900000000000000 -0.900000000000000 -0.900000000000000 -0.900000000000000 -0.900000000000000 -0.900000000000000 -0.900000000000000 -0.900000000000000 -0.900000000000000 -0.900000000000000 -0.900000000000000 -0.900000000000000 -0.900000000000000 -0.900000000000000 -0.900000000000000 -0.900000000000000 -0.900000000000000
 0.00000000000000 0.00000000000000 0.00000000000000 0.00000000000000 0.00000000000000 0.00000000000000 0.00000000000000 0.00000000000000 0.00000000000000 0.00000000000000 0.00000000000000 0.00000000000000 0.00000000000000 0.00000000000000 0.00000000000000 0.00000000000000 0.00000000000000 0.00000000000000 0.00000000000000 0.00000000000000 0.00000000000000 0.00000000000000 0.00000000000000 0.00000000000000 0.00000000000000 0.00000000000000 0.00000000000000 0.00000000000000 0.00000000000000 0.00000000000000 0.00000000000000 0.00000000000000 0.00000000000000 0.00000000000000 0.00000000000000 0.00000000000000 0.00000000000000 0.00000000000000 0.00000000000000 0.00000000000000 0.00000000000000 0.00000000000000
# logit_vuln:
 2.00000000000000 2.00000000000000 2.00000000000000 2.00000000000000 2.00000000000000 2.00000000000000 2.00000000000000 2.00000000000000 2.00000000000000 2.00000000000000
# fishsel_pars:
 -78.1019055995159 5.87680020551355
 5.13984088554297 2.82697183416911
# ln_fishery_q:
 -1.38629436100000 0.405465108000000
# ln_survey_q:
 -1.44958811758487 -4.07426536906473 -4.60548369268852 0.411719921772992
# survey_selpars:
 2.96985182181095
 1.58657083650961
# ln_M1ann:
 -2.30258509300000 -1.04982212400000 -1.60943791200000 -2.30258509300000
# ln_otherFood_base:
19.8830666270
# otherFood_dev:
 0.00000000000 0.00000000000 0.00000000000
