# Number of parameters = 199 Objective function value = 7744.37078742292  Maximum gradient component = 8.91152303358551e-05
# ln_yr1N:
 8.65915719284994 10.3486812292870 9.50791938637861 0.658194299962862 6.16499119607577
 11.5687874945556 -353.863502061298 11.6807081137268 10.8126751953282 -24.6133502480702
 -79.2403651087820 9.28784407058761 6.95915124447773 7.20038879622015 -35.8941988295484
 11.6881577105099 -36.0489713408055 11.0307455009696 -125.994760885695 5.76383678375628
# recruitment_alpha:
 0.00000000000000 0.00000000000000 0.00000000000000 0.00000000000000
# recruitment_shape:
 0.00000000000000 0.00000000000000 0.00000000000000 0.00000000000000
# recruitment_beta:
 0.00000000000000 0.00000000000000 0.00000000000000 0.00000000000000
# ln_avg_recruitment:
 7.01855701977914 13.5294722483623 10.1417280798799 11.0602946200414
# recruitment_devs:
 -0.122667167807347 0.114749366908185 4.08124239875015 0.115264981226850 0.164068931230875 1.07898091280364 0.315140503756654 4.25156627839630 0.0664129673854058 -0.0421316141191588 -0.127963374104884 0.0150552337057745 0.00596588838418124 -0.0418532823805468 -0.126073233773807 0.404489477083297 3.61519703257442 -0.0226414119724680 0.0255222638903540 -0.0532237698427567 -0.0266243131705485 -0.205539509559934 -0.263619693030918 -0.282250530882488 -0.185259760135838 0.606930767808636 -0.144692978111284 -0.793229877458449 -0.895387698838640 -1.09645933280875 -0.974696464159338 -1.43159857135915 -1.05235672061977 -0.651732116568357 -0.788331813114909 -0.878726030683231 -1.31467964775568 -1.31050511096878 -1.10931153123596 -0.717912959475810 -0.201118726484475
 -0.988792144289828 -1.70649614324709 -1.91473549500437 -1.61278595277856 -1.64341213767001 -1.65457329330961 -1.46241366489892 -1.21568992594785 0.273943911453631 -1.29044807179152 -2.33151049936397 -2.67765270383286 -2.85342874902336 -2.78991788167060 -1.91224040890987 1.06134954135878 2.35209764508228 -0.0163928165153169 1.44802084653208 2.38418780386855 1.24238054682562 2.11278651977402 0.628201070655450 2.16260758772252 1.73602819325462 -0.385089325493642 0.164485506688898 2.26469194697687 0.482892174117154 2.60137369336962 0.369556187350065 3.18860799087085 2.17552615360453 2.22102136088169 0.799735601920345 -0.162347208334214 -0.850985979294367 -1.09355811913917 -0.752323687469736 -0.353674653172437 -0.00102510423085878
 2.11767646982699 1.58424708845650 0.159008888237209 0.345068254280692 0.0830259839384755 -0.150542011668827 -0.406262749854268 -0.350057465269361 -0.0661821641781047 1.18529337374232 0.900188285338599 0.0441804857185289 -0.220737941315724 -0.495368292183496 -0.848116955135710 -0.978142953990950 -0.974874323070310 -0.778440250373558 -0.463409459854335 -0.216575876195691 1.03101082696841 0.612341345390179 -0.261567528454610 -0.740843073459174 -1.01729157486468 -1.17969053473402 -1.34177543926025 -1.35877577457667 -1.18029584848516 -1.24366706967268 -0.674805094278831 1.10582060505036 0.618026733899140 -0.210849247011109 -0.417415021618443 -0.325958922133045 0.503403190144423 5.46319437393713 0.0220621548248020 0.0459577853519998 0.0811399437850998
 0.0147232007924085 0.0413834538982397 0.0567245835844876 0.0650789737903004 0.0711526210817179 0.0774917256296065 0.0783096098084969 0.0816890925823456 0.0732973880819783 0.0593574557135409 0.0611687859806685 0.0804067080107550 0.0774603535573547 0.0680350678114995 0.0649182558281530 0.0468579578497038 0.0286704686214646 0.00945907898422048 -0.000351688963263472 -0.0168970803893919 -0.0415844044368691 -0.0457621571575389 -0.0445193023628845 -0.0387980568047978 -0.0469532385554843 -0.0474245984365190 -0.0371359111177806 -0.0269322848653325 -0.0250461713704345 -0.0243041173109650 -0.0323243323315931 -0.0364546214457942 -0.0473231005620367 -0.0455041932838722 -0.0750049318338511 -0.0772075808838043 -0.0831774421414074 -0.0986452519715286 -0.0843448798420701 -0.0598978541315124 -0.0205916939413119
# ln_recsigma:
 -0.693147181000000 -0.693147181000000 -0.693147181000000 -2.30258509300000
# avg_F:
 -0.693147181000000 -0.693147181000000
# F_devs:
 0.00000000000000 0.00000000000000 0.00000000000000 0.00000000000000 0.00000000000000 0.00000000000000 0.00000000000000 0.00000000000000 0.00000000000000 0.00000000000000 0.00000000000000 0.00000000000000 0.00000000000000 0.00000000000000 0.00000000000000 0.00000000000000 0.00000000000000 0.00000000000000 0.00000000000000 0.00000000000000 -0.900000000000000 -0.900000000000000 -0.900000000000000 -0.900000000000000 -0.900000000000000 -0.900000000000000 -0.900000000000000 -0.900000000000000 -0.900000000000000 -0.900000000000000 -0.900000000000000 -0.900000000000000 -0.900000000000000 -0.900000000000000 -0.900000000000000 -0.900000000000000 -0.900000000000000 -0.900000000000000 -0.900000000000000 -0.900000000000000 -0.900000000000000 -0.900000000000000
 0.00000000000000 0.00000000000000 0.00000000000000 0.00000000000000 0.00000000000000 0.00000000000000 0.00000000000000 0.00000000000000 0.00000000000000 0.00000000000000 0.00000000000000 0.00000000000000 0.00000000000000 0.00000000000000 0.00000000000000 0.00000000000000 0.00000000000000 0.00000000000000 0.00000000000000 0.00000000000000 0.00000000000000 0.00000000000000 0.00000000000000 0.00000000000000 0.00000000000000 0.00000000000000 0.00000000000000 0.00000000000000 0.00000000000000 0.00000000000000 0.00000000000000 0.00000000000000 0.00000000000000 0.00000000000000 0.00000000000000 0.00000000000000 0.00000000000000 0.00000000000000 0.00000000000000 0.00000000000000 0.00000000000000 0.00000000000000
# logit_vuln:
 2.00000000000000 2.00000000000000 2.00000000000000 2.00000000000000 2.00000000000000 2.00000000000000 2.00000000000000 2.00000000000000 2.00000000000000 2.00000000000000
# fishsel_pars:
 8.42012023298203 3.65838215244802
 5.43759771202186 2.65894995116727
# ln_fishery_q:
 -1.38629436100000 0.405465108000000
# ln_survey_q:
 -1.94305851671178 -4.07873642313073 -3.30199587379997 -0.104436072214810
# survey_selpars:
 2.99298980111516
 1.66735907135292
# ln_M1ann:
 -2.30258509300000 -1.04982212400000 -1.60943791200000 -2.30258509300000
# ln_otherFood_base:
19.9290046191
# otherFood_dev:
 0.00000000000 0.00000000000 0.00000000000
