# Number of parameters = 199 Objective function value = 10421.4489506652  Maximum gradient component = 6.27004892296453e-05
# ln_yr1N:
 -74.0401005240193 10.5211163748422 9.30134731115472 -97.8701800729799 5.85649751024735
 -253.867156829826 12.4056164577794 -52.0337917169168 11.4162164284910 -47.4342439109861
 13.3366502634927 -27.8337770740981 8.57639173702627 8.98284888399946 -21.4858744133922
 8.31289315932339 11.2333348653040 10.8650805080102 -148.546480219427 5.18960254805023
# recruitment_alpha:
 0.00000000000000 0.00000000000000 0.00000000000000 0.00000000000000
# recruitment_shape:
 0.00000000000000 0.00000000000000 0.00000000000000 0.00000000000000
# recruitment_beta:
 0.00000000000000 0.00000000000000 0.00000000000000 0.00000000000000
# ln_avg_recruitment:
 6.77882222818477 13.6744132447493 10.7626976245984 10.8567896187430
# recruitment_devs:
 0.171241725622897 -0.208550431871022 4.24450971742983 0.0481924847040141 0.0161155742813533 1.89838951674793 0.262589120751392 4.42838905666100 -0.0187749791789123 -0.0969400947499894 -0.179697775313644 -0.0245879572681938 0.178242132330096 -0.0823098166638562 -0.150185635403255 0.102060035546846 3.81255513809732 -0.291378018520384 -0.240770631089405 -0.314015098094553 -0.217164504976968 -0.282772406174490 -0.164049519281975 -0.232444067221744 -0.0933013319674281 0.883322487597916 -0.307168354545652 -0.635407865596452 -0.962693510547077 -1.29479823594954 -1.29947159397378 -1.24250776152989 -1.12266427667820 -0.441570493304103 -0.638910668596753 -0.957188461515881 -1.18711270998519 -1.26898996913229 -0.840082303250362 -0.895204854262515 -0.354893676603925
 -0.783732685933559 -1.67968864280624 -1.89977202415653 -1.73675826572430 -1.64242082122643 -1.74076109968844 -1.47615909962141 -0.699751258983375 0.303050213171828 -1.59518495276597 -2.37984508658310 -2.62620941758745 -2.73301245564245 -2.79380084952046 -1.96751701861494 1.01865674451596 2.60659981427959 -0.107359462161196 0.622529098404865 2.16855276995585 1.81062032277810 1.89607467604654 0.213224188044857 2.78877218184662 0.413522351162923 -0.290326686108528 -0.0732198099473391 2.29276810279280 1.43500630229905 2.44032782643114 0.685039861707333 3.10497784388218 2.53857238814688 2.21543157111340 0.340266419735329 -0.163218272883726 -0.583759236485629 -0.623633558338518 -0.365679906496032 -0.533015554434936 -0.399166479058187
 2.82633067757772 -0.164120429422401 -0.411880908949817 -0.468815289478736 -0.511938918748293 -0.452568210334704 -0.427880219985804 -0.170224630206167 0.260375939116081 1.96937865541856 -0.0204357030152033 -0.405806774972429 -0.584612577918617 -0.680509154841096 -0.788063075223545 -0.757655085110697 -0.624543599401732 -0.321844175419951 0.0193086868855590 1.94822278337583 0.205475778339271 -0.523497297082529 -0.927461796498315 -1.16039226294235 -1.27358071311846 -1.28558761199937 -1.22245668942264 -1.00522433782201 -0.507992985791020 -0.528359786394867 0.204440799417684 2.29418954439686 -0.420296213275439 -0.451970770464556 -0.156027413414541 0.217822416174448 5.91830002585569 0.0810694022221088 0.0893003090959412 0.0915278265002754 0.128003801726207
 -0.0745436375000366 0.109561465274237 0.144374034106298 0.195649442615525 0.209318011006654 0.208336705390053 0.188288232056750 0.193239648064918 0.162769789510068 0.144964025920198 0.125784871123528 0.121167739274310 0.111856256012412 0.0854744062360058 0.0838008882265442 0.0568762978790827 0.0454003709314931 0.0228833940192120 0.0132425826992563 0.00619241376203482 -0.00903409090168021 -0.0167795432490594 -0.0332828682876093 -0.0460743175677960 -0.0568942926905795 -0.0778792746656911 -0.0908848422326048 -0.101006946451028 -0.0999240204739367 -0.113611396341199 -0.110030330458904 -0.117785033774793 -0.139752640369129 -0.150333940372386 -0.165676733067897 -0.149458018473824 -0.149517100362636 -0.167138633103948 -0.149810629408566 -0.124788652981671 -0.0849736380656528
# ln_recsigma:
 -0.693147181000000 -0.693147181000000 -0.693147181000000 -2.30258509300000
# avg_F:
 -0.693147181000000 -0.693147181000000
# F_devs:
 0.00000000000000 0.00000000000000 0.00000000000000 0.00000000000000 0.00000000000000 0.00000000000000 0.00000000000000 0.00000000000000 0.00000000000000 0.00000000000000 0.00000000000000 0.00000000000000 0.00000000000000 0.00000000000000 0.00000000000000 0.00000000000000 0.00000000000000 0.00000000000000 0.00000000000000 0.00000000000000 -0.900000000000000 -0.900000000000000 -0.900000000000000 -0.900000000000000 -0.900000000000000 -0.900000000000000 -0.900000000000000 -0.900000000000000 -0.900000000000000 -0.900000000000000 -0.900000000000000 -0.900000000000000 -0.900000000000000 -0.900000000000000 -0.900000000000000 -0.900000000000000 -0.900000000000000 -0.900000000000000 -0.900000000000000 -0.900000000000000 -0.900000000000000 -0.900000000000000
 0.00000000000000 0.00000000000000 0.00000000000000 0.00000000000000 0.00000000000000 0.00000000000000 0.00000000000000 0.00000000000000 0.00000000000000 0.00000000000000 0.00000000000000 0.00000000000000 0.00000000000000 0.00000000000000 0.00000000000000 0.00000000000000 0.00000000000000 0.00000000000000 0.00000000000000 0.00000000000000 0.00000000000000 0.00000000000000 0.00000000000000 0.00000000000000 0.00000000000000 0.00000000000000 0.00000000000000 0.00000000000000 0.00000000000000 0.00000000000000 0.00000000000000 0.00000000000000 0.00000000000000 0.00000000000000 0.00000000000000 0.00000000000000 0.00000000000000 0.00000000000000 0.00000000000000 0.00000000000000 0.00000000000000 0.00000000000000
# logit_vuln:
 2.00000000000000 2.00000000000000 2.00000000000000 2.00000000000000 2.00000000000000 2.00000000000000 2.00000000000000 2.00000000000000 2.00000000000000 2.00000000000000
# fishsel_pars:
 8.40659249311418 5.73929022501732
 5.39589190081033 2.67914890914564
# ln_fishery_q:
 -1.38629436100000 0.405465108000000
# ln_survey_q:
 -1.95963701591960 -4.67162757352697 -5.21979652224152 -0.104403039315656
# survey_selpars:
 2.49456022053302
 -2.41196059145245
# ln_M1ann:
 -2.30258509300000 -1.04982212400000 -1.60943791200000 -2.30258509300000
# ln_otherFood_base:
20.1889611107
# otherFood_dev:
 0.00000000000 0.00000000000 0.00000000000
