# Number of parameters = 199 Objective function value = 7822.52039237771  Maximum gradient component = 7.99865595089992e-05
# ln_yr1N:
 8.19702422176012 10.3529702499134 9.52872309918565 5.91695074182401 5.50244259799129
 -80.6391962045065 10.4526458728913 11.8786405461223 10.6859475173911 7.14010362745678
 13.0768961072808 9.72106812761839 -52.0976780334883 8.82542302825081 3.92581531715290
 -96.3767192839765 10.4719500919626 10.7420177824056 7.81265666097962 5.49326529537837
# recruitment_alpha:
 0.00000000000000 0.00000000000000 0.00000000000000 0.00000000000000
# recruitment_shape:
 0.00000000000000 0.00000000000000 0.00000000000000 0.00000000000000
# recruitment_beta:
 0.00000000000000 0.00000000000000 0.00000000000000 0.00000000000000
# ln_avg_recruitment:
 6.90039291976461 13.6221553842651 10.6963412818716 10.9520404872240
# recruitment_devs:
 -0.105727497002546 0.103398260185374 4.18247882505981 0.137536540937607 0.391264249235488 1.49250299883458 0.347939724381748 4.31263931678035 -0.0105115893312643 -0.0366289278313616 -0.175655098320759 -0.173822718172952 -0.0512926625114341 -0.298030128376671 -0.262861858843881 0.541829132636104 3.66611874688041 -0.0403392634738853 -0.0260618627615404 0.0836120517507050 -0.109460887908975 -0.123929653349815 -0.308156546019905 -0.383371350011585 0.114586534062921 0.785770151617301 -0.271493980713154 -0.569277618190701 -1.10659331866815 -1.19844967679607 -1.22362076819282 -1.27608005441002 -0.961962561272278 -0.837493716342776 -0.987462376342389 -0.829666036220783 -1.20882368490779 -1.35352492234110 -1.14919429539423 -0.734529928392867 -0.345653495738229
 -0.756250936438306 -1.58167934070336 -1.97691181539269 -1.94186259408302 -1.76839715606002 -1.61451900153057 -1.53658672927606 -1.26133797408176 0.263046923250396 -1.32048613351539 -2.31024512966819 -2.70960332673187 -2.90777107791782 -2.87685234772952 -2.11432508432056 0.667739068121028 2.56938316503234 0.291663989442592 1.06968211346430 2.09247686518432 1.92577060754118 1.92974581873121 0.632005523938507 1.76766080654826 1.88913965989039 -0.295567011891088 0.324601142973597 2.33038562670961 0.124669346401096 2.35772368398133 0.948697127009327 3.22934171195411 2.36957901234239 1.92957980683530 0.560842898650448 -0.181715596319040 -0.512696013488767 -0.469104668836814 -0.393061304427665 -0.536307270249780 -0.208454377998574
 2.72311241816040 -0.172119018054650 -0.392229688848244 -0.438506016409393 -0.511344136445154 -0.448624467983074 -0.456026568745751 -0.210524596869550 0.121818335829404 1.84732366227442 0.222338972229831 -0.216648268739289 -0.456398868762568 -0.595944521896132 -0.798215447736032 -0.776106365580866 -0.671517686226010 -0.326881724225700 0.145932244515578 1.86645379037511 0.354422076557265 -0.412214769232846 -0.873708732929487 -1.18075185295855 -1.32625523645731 -1.37974974085815 -1.35399449393513 -1.13008671177355 -0.713505647609659 -0.532072596892814 0.254471186308657 2.11108442528779 -0.196346088263885 -0.384758798828125 -0.0837507325898002 0.216469813163676 5.70810584925394 0.122220127749085 0.102390640168047 0.109600426159187 0.132538979946369
 0.226410133691968 0.190845764307313 0.215963225407847 0.219522385934941 0.195479417864912 0.168686066337183 0.140093551545893 0.131710200784851 0.116641855559002 0.0926654475378930 0.0749578265608646 0.0620519660862819 0.0350961706851440 0.00998580831473834 0.00617579558415417 -0.00446129613910290 -0.0160786170526011 -0.0225126152142667 -0.0259670399945457 -0.0325551344172297 -0.0441012053681681 -0.0570556150008664 -0.0648127928666651 -0.0738539512795340 -0.0850082757423158 -0.0897315611156134 -0.0899717670502918 -0.0827481834995148 -0.0853031345175968 -0.0812914779707790 -0.0793835153670455 -0.0918718192390545 -0.113152794541690 -0.105988828573456 -0.119989160496300 -0.111804590561342 -0.119604433580302 -0.118451661530431 -0.0981373081943621 -0.0619754699423648 -0.0104733795426779
# ln_recsigma:
 -0.693147181000000 -0.693147181000000 -0.693147181000000 -2.30258509300000
# avg_F:
 -0.693147181000000 -0.693147181000000
# F_devs:
 0.00000000000000 0.00000000000000 0.00000000000000 0.00000000000000 0.00000000000000 0.00000000000000 0.00000000000000 0.00000000000000 0.00000000000000 0.00000000000000 0.00000000000000 0.00000000000000 0.00000000000000 0.00000000000000 0.00000000000000 0.00000000000000 0.00000000000000 0.00000000000000 0.00000000000000 0.00000000000000 -0.900000000000000 -0.900000000000000 -0.900000000000000 -0.900000000000000 -0.900000000000000 -0.900000000000000 -0.900000000000000 -0.900000000000000 -0.900000000000000 -0.900000000000000 -0.900000000000000 -0.900000000000000 -0.900000000000000 -0.900000000000000 -0.900000000000000 -0.900000000000000 -0.900000000000000 -0.900000000000000 -0.900000000000000 -0.900000000000000 -0.900000000000000 -0.900000000000000
 0.00000000000000 0.00000000000000 0.00000000000000 0.00000000000000 0.00000000000000 0.00000000000000 0.00000000000000 0.00000000000000 0.00000000000000 0.00000000000000 0.00000000000000 0.00000000000000 0.00000000000000 0.00000000000000 0.00000000000000 0.00000000000000 0.00000000000000 0.00000000000000 0.00000000000000 0.00000000000000 0.00000000000000 0.00000000000000 0.00000000000000 0.00000000000000 0.00000000000000 0.00000000000000 0.00000000000000 0.00000000000000 0.00000000000000 0.00000000000000 0.00000000000000 0.00000000000000 0.00000000000000 0.00000000000000 0.00000000000000 0.00000000000000 0.00000000000000 0.00000000000000 0.00000000000000 0.00000000000000 0.00000000000000 0.00000000000000
# logit_vuln:
 2.00000000000000 2.00000000000000 2.00000000000000 2.00000000000000 2.00000000000000 2.00000000000000 2.00000000000000 2.00000000000000 2.00000000000000 2.00000000000000
# fishsel_pars:
 8.47829284872391 5.81601863643919
 5.46116829886391 2.76294761867591
# ln_fishery_q:
 -1.38629436100000 0.405465108000000
# ln_survey_q:
 -1.87547988479732 -4.16715045212429 -5.01441924534983 -0.161698273450490
# survey_selpars:
 2.97509505187035
 1.63270034441913
# ln_M1ann:
 -2.30258509300000 -1.04982212400000 -1.60943791200000 -2.30258509300000
# ln_otherFood_base:
20.0716737814
# otherFood_dev:
 0.00000000000 0.00000000000 0.00000000000
