# Number of parameters = 199 Objective function value = 8345.82139740975  Maximum gradient component = 54.6615468491009
# ln_yr1N:
 8.64174982209827 10.2972331690129 9.48118027126013 5.07092781085741 5.55151138527992
 11.0790107049594 -46.6151776703538 11.7582145851497 10.9573589668362 -121.764207135275
 12.8107784788714 -49.1928458919278 9.81284908855633 -213.724650687389 6.08589820522874
 11.7292930567816 -12.5279094505971 11.0082146490159 6.30035104754023 5.37768965005889
# recruitment_alpha:
 0.00000000000000 0.00000000000000 0.00000000000000 0.00000000000000
# recruitment_shape:
 0.00000000000000 0.00000000000000 0.00000000000000 0.00000000000000
# recruitment_beta:
 0.00000000000000 0.00000000000000 0.00000000000000 0.00000000000000
# ln_avg_recruitment:
 6.99042902824138 13.6032237822333 10.7769467324443 10.9551092547055
# recruitment_devs:
 0.140463836180988 0.264590449782423 4.12564380568649 0.101039257583082 0.201786751962643 1.57626576676698 0.375757361223222 4.19142208955447 -0.00137169485889629 -0.0473839905730706 -0.178703784667422 -0.128353579060109 -0.161691722515585 -0.0680240593371602 0.168164198053731 0.106824582668686 3.60728865339495 -0.0118425537883570 0.0594409039972352 0.206425363205217 0.0349956368456502 -0.476053442349935 -0.440447378774568 -0.431240033259510 -0.0625163459820720 0.640740601203694 -0.428612661738136 -0.564123953219013 -1.03695722819833 -1.13190912545104 -1.20837499676525 -1.08849928650460 -0.982615440098606 -0.843553343404014 -0.839040991249553 -0.944469475078400 -1.40475607138600 -1.36649905096022 -1.12642081961550 -0.646916269840690 -0.179146041676757
 -0.832728078155819 -1.67902980318541 -1.68214195535308 -1.78848320768592 -1.96683468006088 -1.81742872702170 -1.45574135097007 -0.893156481181738 0.269668897817711 -1.31740774968272 -2.35678517840099 -2.73931956942440 -2.85987033725755 -2.85918350263696 -2.07483652171414 0.669002287667304 2.64872515886221 -0.187038928495571 0.931383163341451 2.14778779983161 1.92918668033379 1.63302358323644 0.411031648868523 2.19217965254094 2.01530361267645 -0.383134123570269 0.130439677982732 2.23437513167584 0.602358304603213 2.52683644252587 0.441967245295046 3.31434099173513 2.25531944285855 2.01069787612050 0.686420798023626 0.220144014227286 -0.442457697048076 -0.607952397132035 -0.469114421521522 -0.592140216077171 -0.267278856541083
 2.76995902724988 -0.202263408420763 -0.413088375073425 -0.400552422825474 -0.435808915146391 -0.317172332402897 -0.309072019986802 -0.0655528540128660 0.262244172198255 1.73611635429574 0.154894294268342 -0.175254133382062 -0.378873452221754 -0.564979265050194 -0.810205370169843 -0.790895622139684 -0.726719249861079 -0.441680206856853 0.113496764176118 1.10477558770189 1.39176048140659 -0.513522268752262 -0.976019269407843 -1.26081408222581 -1.39625422772226 -1.44626486995377 -1.40612791798295 -1.19363243280948 -0.594457540727209 -0.630227171866682 -0.00900481430924323 2.11869646057646 -0.193327052706522 -0.329102340627834 0.00823368079182892 0.167119487802154 5.60098230933193 0.144149455575127 0.134644605508602 0.120700536800356 0.150055186208057
 0.0625498113511405 0.0762787492810948 0.0932538152639171 0.108710096486852 0.116008701971545 0.116303187559319 0.119157722480425 0.127752717367013 0.127211426055899 0.117311160063590 0.0976743143325850 0.0866107951479098 0.0667327360327370 0.0444674631388351 0.0350005861154415 0.0173395839277667 0.00654971857078157 -0.00697840682424001 -0.00535801583555063 -0.0135122385838538 -0.0262415305281285 -0.0406088713809118 -0.0479266247080417 -0.0607187760139983 -0.0707633008610752 -0.0767671446964047 -0.0784339776277563 -0.0742452611565219 -0.0776565361363301 -0.0698858419063839 -0.0633964788072728 -0.0636169884711477 -0.0638122580071530 -0.0556541136412378 -0.0864835247008888 -0.0820589692458700 -0.0866711388490878 -0.0884131142711838 -0.0823152969286811 -0.0669382525075375 -0.0309930669179589
# ln_recsigma:
 -0.693147181000000 -0.693147181000000 -0.693147181000000 -2.30258509300000
# avg_F:
 -0.693147181000000 -0.693147181000000
# F_devs:
 0.00000000000000 0.00000000000000 0.00000000000000 0.00000000000000 0.00000000000000 0.00000000000000 0.00000000000000 0.00000000000000 0.00000000000000 0.00000000000000 0.00000000000000 0.00000000000000 0.00000000000000 0.00000000000000 0.00000000000000 0.00000000000000 0.00000000000000 0.00000000000000 0.00000000000000 0.00000000000000 -0.900000000000000 -0.900000000000000 -0.900000000000000 -0.900000000000000 -0.900000000000000 -0.900000000000000 -0.900000000000000 -0.900000000000000 -0.900000000000000 -0.900000000000000 -0.900000000000000 -0.900000000000000 -0.900000000000000 -0.900000000000000 -0.900000000000000 -0.900000000000000 -0.900000000000000 -0.900000000000000 -0.900000000000000 -0.900000000000000 -0.900000000000000 -0.900000000000000
 0.00000000000000 0.00000000000000 0.00000000000000 0.00000000000000 0.00000000000000 0.00000000000000 0.00000000000000 0.00000000000000 0.00000000000000 0.00000000000000 0.00000000000000 0.00000000000000 0.00000000000000 0.00000000000000 0.00000000000000 0.00000000000000 0.00000000000000 0.00000000000000 0.00000000000000 0.00000000000000 0.00000000000000 0.00000000000000 0.00000000000000 0.00000000000000 0.00000000000000 0.00000000000000 0.00000000000000 0.00000000000000 0.00000000000000 0.00000000000000 0.00000000000000 0.00000000000000 0.00000000000000 0.00000000000000 0.00000000000000 0.00000000000000 0.00000000000000 0.00000000000000 0.00000000000000 0.00000000000000 0.00000000000000 0.00000000000000
# logit_vuln:
 2.00000000000000 2.00000000000000 2.00000000000000 2.00000000000000 2.00000000000000 2.00000000000000 2.00000000000000 2.00000000000000 2.00000000000000 2.00000000000000
# fishsel_pars:
 8.43992346889756 5.82851592140629
 5.42779347148357 2.77659437157834
# ln_fishery_q:
 -1.38629436100000 0.405465108000000
# ln_survey_q:
 -1.86016229954752 -4.21008188345145 -4.62605287574481 -0.101411705261516
# survey_selpars:
 2.97197083393648
 1.61582049454932
# ln_M1ann:
 -2.30258509300000 -1.04982212400000 -1.60943791200000 -2.30258509300000
# ln_otherFood_base:
20.0497917939
# otherFood_dev:
 0.00000000000 0.00000000000 0.00000000000
