# Number of parameters = 199 Objective function value = 9466.82592855857  Maximum gradient component = 6.07207551464879e-05
# ln_yr1N:
 -59.3310030701781 10.4165423651852 9.31576199725535 5.08190623040794 5.29801985927201
 10.9873595833976 0.489052797959915 11.7818983417639 10.5217891672396 6.46513865273434
 10.5919343950360 -15.3487035483323 8.23531785799192 7.06775052978507 -141.644216629051
 11.3907796173576 -54.1859652410744 10.7606521810542 6.84228973393403 4.98299098081220
# recruitment_alpha:
 0.00000000000000 0.00000000000000 0.00000000000000 0.00000000000000
# recruitment_shape:
 0.00000000000000 0.00000000000000 0.00000000000000 0.00000000000000
# recruitment_beta:
 0.00000000000000 0.00000000000000 0.00000000000000 0.00000000000000
# ln_avg_recruitment:
 7.10476265398706 13.6620808846471 10.1091967136192 10.9424414239879
# recruitment_devs:
 0.159735407417467 0.658593071730513 3.97022976937208 0.241702770902189 0.310780437636988 1.03390715292589 0.0845869144559035 4.13331848829778 0.134776758665410 0.255526860165707 0.127377677675064 0.400221858306678 0.200364257542294 0.0852438060440486 0.0349359032993734 0.238116590400187 3.50670346903761 -0.423831047294587 -0.327884862339291 -0.363060156965006 0.0650028024512476 -0.0277906787701131 -0.205369467771360 -0.380289703277289 0.0100088017888777 0.411774543676001 -0.222164746905695 -0.855086681638429 -0.889330550997597 -1.12135213288545 -1.31061393108322 -1.53711390716301 -1.34620125110692 -0.700032561436583 -0.892654484469156 -1.07713275469561 -1.05993636161553 -1.25925057130463 -1.25104358094698 -0.698326012706509 -0.114441881982480
 -0.875213266820245 -1.94282981813306 -2.00545765017470 -1.88447488296818 -1.84237066359239 -1.85593767524889 -1.59354614527946 -1.08111653439107 0.123709552366791 -1.05784047555958 -2.15358701103810 -2.55294144540410 -2.82333067242761 -2.90391461398336 -2.22038858495888 0.525601589680004 2.44562876617873 -0.111085804580457 1.31899247412761 2.38137053263119 1.76356242132268 1.79278947966702 1.01851837968870 2.72506739743729 1.02120657447369 -0.198397603016601 0.00221693777765289 2.19472314851392 1.21266122820165 2.32752178408772 0.568504327706158 3.13139214456695 2.43796132962718 2.91030411147300 0.608046748170204 -0.282037279563610 -0.820973967204817 -0.977003105262810 -0.592804095293433 -0.581284308499136 -0.153243401339504
 1.73321248395463 2.10206694192279 0.0459164268776311 0.0123233670010721 -0.171056590546876 -0.275465938431751 -0.371976221155482 -0.263305327453888 0.00274723627375142 1.39974258626770 1.00852975467293 0.0642007994288866 -0.213747279722785 -0.518759578068576 -0.730595016474408 -0.845915903343316 -0.904171366846980 -0.724788390795685 -0.434441320390967 -0.124410931106150 1.22870598904819 0.346240940391343 -0.209562310260722 -0.687306984371040 -1.00392060884623 -1.22022046054170 -1.36496901819359 -1.40990247573916 -1.16795128815275 -1.26114832079018 -0.564681598269329 1.50997500162022 -0.00722271511421251 -0.357519426753287 -0.463924492105344 -0.318757919032173 0.357908061915973 5.62996034016327 0.0477425339950294 0.0474172726001064 0.0790317407827822
 0.108068845716717 0.109589633130203 0.133031330703601 0.144807794052108 0.133009705501000 0.122773856261423 0.105878358163860 0.109423573355217 0.0938061241664381 0.0822170535135066 0.0868334410878936 0.0941003479793007 0.0858560078268658 0.0697869350240255 0.0531187117602754 0.0258102375971243 0.00630317694772450 -0.00956618671287288 -0.0141801918566332 -0.0306602199638625 -0.0528997448573869 -0.0704081367898685 -0.0755252093633060 -0.0805923318249472 -0.0904799048686926 -0.0922006298783793 -0.0841500826804336 -0.0729911734460895 -0.0749747605233244 -0.0730247046114503 -0.0636107319094145 -0.0717852894935814 -0.0777144677167872 -0.0606552789317857 -0.0756135167686180 -0.0751515106202160 -0.0878198459119739 -0.0883288905310867 -0.0776279365660340 -0.0536956114829667 -0.0107587723205536
# ln_recsigma:
 -0.693147181000000 -0.693147181000000 -0.693147181000000 -2.30258509300000
# avg_F:
 -0.693147181000000 -0.693147181000000
# F_devs:
 0.00000000000000 0.00000000000000 0.00000000000000 0.00000000000000 0.00000000000000 0.00000000000000 0.00000000000000 0.00000000000000 0.00000000000000 0.00000000000000 0.00000000000000 0.00000000000000 0.00000000000000 0.00000000000000 0.00000000000000 0.00000000000000 0.00000000000000 0.00000000000000 0.00000000000000 0.00000000000000 -0.900000000000000 -0.900000000000000 -0.900000000000000 -0.900000000000000 -0.900000000000000 -0.900000000000000 -0.900000000000000 -0.900000000000000 -0.900000000000000 -0.900000000000000 -0.900000000000000 -0.900000000000000 -0.900000000000000 -0.900000000000000 -0.900000000000000 -0.900000000000000 -0.900000000000000 -0.900000000000000 -0.900000000000000 -0.900000000000000 -0.900000000000000 -0.900000000000000
 0.00000000000000 0.00000000000000 0.00000000000000 0.00000000000000 0.00000000000000 0.00000000000000 0.00000000000000 0.00000000000000 0.00000000000000 0.00000000000000 0.00000000000000 0.00000000000000 0.00000000000000 0.00000000000000 0.00000000000000 0.00000000000000 0.00000000000000 0.00000000000000 0.00000000000000 0.00000000000000 0.00000000000000 0.00000000000000 0.00000000000000 0.00000000000000 0.00000000000000 0.00000000000000 0.00000000000000 0.00000000000000 0.00000000000000 0.00000000000000 0.00000000000000 0.00000000000000 0.00000000000000 0.00000000000000 0.00000000000000 0.00000000000000 0.00000000000000 0.00000000000000 0.00000000000000 0.00000000000000 0.00000000000000 0.00000000000000
# logit_vuln:
 2.00000000000000 2.00000000000000 2.00000000000000 2.00000000000000 2.00000000000000 2.00000000000000 2.00000000000000 2.00000000000000 2.00000000000000 2.00000000000000
# fishsel_pars:
 4.27635340432208 3.68243847996949
 4.55173645863462 2.67975812655528
# ln_fishery_q:
 -1.38629436100000 0.405465108000000
# ln_survey_q:
 -1.79202346733153 -4.11956291087265 -3.14444908828644 0.200751775511606
# survey_selpars:
 3.00323213718277
 1.68460648117472
# ln_M1ann:
 -2.30258509300000 -1.04982212400000 -1.60943791200000 -2.30258509300000
# ln_otherFood_base:
19.6960607440
# otherFood_dev:
 0.00000000000 0.00000000000 0.00000000000
