# Number of parameters = 199 Objective function value = 9087.32348336419  Maximum gradient component = 6.51807069091694e-05
# ln_yr1N:
 1.98443368824396 10.3460241976684 9.39539864229486 6.12103814312649 5.19183983224686
 7.55408574217334 12.0934973851036 -90.3922721429590 11.2287370758650 4.65590458217838
 -793.452336659461 9.12598922407356 7.86684760032215 7.26262661878245 -1.85077084050704
 8.71402799630563 10.9196399782420 10.7281240758497 6.46836279782940 4.83821890388313
# recruitment_alpha:
 0.00000000000000 0.00000000000000 0.00000000000000 0.00000000000000
# recruitment_shape:
 0.00000000000000 0.00000000000000 0.00000000000000 0.00000000000000
# recruitment_beta:
 0.00000000000000 0.00000000000000 0.00000000000000 0.00000000000000
# ln_avg_recruitment:
 6.93475251297782 13.2271032181122 9.86670831736881 10.7216367759409
# recruitment_devs:
 0.345948356735867 0.385434941080012 4.03346541240751 0.302461381142259 0.250981049260148 1.34779009625079 0.177670453286419 4.22661888801079 0.0338409629212787 -0.0470791671567835 -0.147762890826570 -0.0807875567938527 0.0555414426339511 0.155614377542318 0.00961580739040533 0.0451178587529120 3.50522870333353 -0.0325875269558554 0.130560861757845 -0.00891297997644157 -0.106112373957455 -0.265642510709356 -0.248244122941415 -0.212289497720037 -0.0843873258712173 0.644350176386365 -0.117872160031180 -0.912851741596660 -0.977886319784316 -1.19514950587368 -1.14023867600375 -1.24135366684206 -0.928076854157900 -0.769775880570168 -1.06018587144187 -1.11380730573545 -1.37231034809123 -1.22939025726726 -1.08993151555653 -0.846816343704132 -0.420788273463234
 -0.705807625835784 -1.28137725856066 -1.59214515512707 -1.74171555989967 -1.46023757008586 -1.55612690839499 -1.25592590497800 -0.457532327791452 0.484013867026391 -1.41520511257133 -2.32249571332301 -2.63299968495691 -2.73158777971805 -2.76498226688402 -1.97747173017957 0.828999915184239 2.94125344651341 -0.0531834477865780 0.613379532792567 2.02854532821223 2.30874143706988 1.78398581782594 0.681296034397855 2.46812017429345 1.79844889638691 -0.283428212510662 0.222777422987350 2.48777585099083 0.0586823739727485 2.79463643100946 0.0292718415643483 3.47762697774691 1.81702596813809 2.55051850617444 0.00459453499074406 -0.622513060929045 -0.868196051701072 -1.08844328945389 -0.739007589205419 -0.707629827739721 -1.12168249863170
 2.64238804190374 1.51971968896313 0.192260747909593 -0.0116105682841588 -0.0881712675987958 -0.0799607394102092 -0.117914005308577 0.0354696856000242 0.237836767361344 1.67189455968672 0.591930869969652 -0.0430562355888130 -0.305821063189538 -0.437968359682727 -0.664166407821483 -0.763081551993479 -0.902021065228668 -0.860378866878279 -0.764099043409105 -0.285584362419064 1.70204061525847 -0.196755625617091 -0.622738227128549 -0.930597815187246 -1.20813203433999 -1.28984207586075 -1.35147520541894 -1.30827883328356 -1.08295588624342 -1.15305403209864 -0.771685942935859 1.80884956074353 -0.278914792731857 -0.444543168255205 -0.322880920190207 -0.198271678613588 0.0699660722579256 5.95772031560317 0.0109112796557933 0.0161681472322073 0.0268035323423927
 -0.0341502704617827 0.134362585439194 0.144173761069239 0.170531402246852 0.175817085971503 0.179976655077087 0.172868399632479 0.186619127969441 0.163886199045379 0.141903219444204 0.129113007202439 0.125517036517407 0.113689816727382 0.0827987687863940 0.0680464448505436 0.0298521866594247 0.0137737421750213 -0.0145197299137543 -0.0306756285499144 -0.0334868344349592 -0.0419819106221463 -0.0352884630949910 -0.0499979676761606 -0.0593429991310952 -0.0676332162142521 -0.0800923907820334 -0.0804505583438989 -0.0802651221273331 -0.0773618729961995 -0.0781108459319018 -0.0576011003965296 -0.0663684796649701 -0.0898626895084857 -0.116151825216558 -0.151991378862473 -0.148197450740377 -0.148307942217216 -0.163459323764636 -0.141605387826249 -0.115616957893473 -0.0704090867970226
# ln_recsigma:
 -0.693147181000000 -0.693147181000000 -0.693147181000000 -2.30258509300000
# avg_F:
 -0.693147181000000 -0.693147181000000
# F_devs:
 0.00000000000000 0.00000000000000 0.00000000000000 0.00000000000000 0.00000000000000 0.00000000000000 0.00000000000000 0.00000000000000 0.00000000000000 0.00000000000000 0.00000000000000 0.00000000000000 0.00000000000000 0.00000000000000 0.00000000000000 0.00000000000000 0.00000000000000 0.00000000000000 0.00000000000000 0.00000000000000 -0.900000000000000 -0.900000000000000 -0.900000000000000 -0.900000000000000 -0.900000000000000 -0.900000000000000 -0.900000000000000 -0.900000000000000 -0.900000000000000 -0.900000000000000 -0.900000000000000 -0.900000000000000 -0.900000000000000 -0.900000000000000 -0.900000000000000 -0.900000000000000 -0.900000000000000 -0.900000000000000 -0.900000000000000 -0.900000000000000 -0.900000000000000 -0.900000000000000
 0.00000000000000 0.00000000000000 0.00000000000000 0.00000000000000 0.00000000000000 0.00000000000000 0.00000000000000 0.00000000000000 0.00000000000000 0.00000000000000 0.00000000000000 0.00000000000000 0.00000000000000 0.00000000000000 0.00000000000000 0.00000000000000 0.00000000000000 0.00000000000000 0.00000000000000 0.00000000000000 0.00000000000000 0.00000000000000 0.00000000000000 0.00000000000000 0.00000000000000 0.00000000000000 0.00000000000000 0.00000000000000 0.00000000000000 0.00000000000000 0.00000000000000 0.00000000000000 0.00000000000000 0.00000000000000 0.00000000000000 0.00000000000000 0.00000000000000 0.00000000000000 0.00000000000000 0.00000000000000 0.00000000000000 0.00000000000000
# logit_vuln:
 2.00000000000000 2.00000000000000 2.00000000000000 2.00000000000000 2.00000000000000 2.00000000000000 2.00000000000000 2.00000000000000 2.00000000000000 2.00000000000000
# fishsel_pars:
 4.38175009277848 3.72287514379701
 4.67015577310822 2.69121997368135
# ln_fishery_q:
 -1.38629436100000 0.405465108000000
# ln_survey_q:
 -1.80714920224801 -4.60462453858287 -3.66365262249709 -0.00524808750613914
# survey_selpars:
 -37.9091467157637
 78.2992238547505
# ln_M1ann:
 -2.30258509300000 -1.04982212400000 -1.60943791200000 -2.30258509300000
# ln_otherFood_base:
20.0504304662
# otherFood_dev:
 0.00000000000 0.00000000000 0.00000000000
