# This file was created using create_datpin_files.R function write_tsDatFile
      #and used all inputs from csv files found in folder:
      #hydradata/data-raw
# Survey index data 
# Number of observations, init_int Nsurvey_obs
  329
# init_matrix obs_survey_biomass(1,Nsurvey_obs,1,5)
# survey year spp value cv
  1 1 4 237834.919989815 0.212720515437525
  2 1 4 217380.829921421 0.25363203301826
  1 2 4 88890.9107327738 0.222168779300385
  2 2 4 80120.0945324157 0.187773345626693
  1 3 4 47663.2105991435 0.394113240257454
  2 3 4 34283.7210289717 0.423618201694685
  1 4 4 72934.4438409578 0.310035034727007
  2 4 4 42130.7883107044 0.327069686277164
  1 5 4 86003.9748518597 0.378629084128514
  2 5 4 61361.281315381 0.391316523019912
  1 6 4 75307.9952753012 0.494427832556011
  2 6 4 53570.6264217171 0.376280830351703
  1 7 4 47549.3166705085 0.759062286891916
  2 7 4 37811.1752751483 0.665352569827422
  1 8 4 13120.2708725401 0.383150869515862
  2 8 4 11095.1994821453 0.433685089735353
  1 9 4 17732.7093297219 0.48934963094834
  2 9 4 8612.56565109717 0.392371299771634
  1 10 4 24698.0035392611 0.382452035825211
  2 10 4 15703.6834793 0.333798529002863
  1 11 4 15553.2895650312 0.566792532611316
  2 11 4 11064.3768289529 0.868042030585988
  1 12 4 15067.1203589065 0.381518572031255
  2 12 4 8292.33496312316 0.445144789260538
  1 13 4 10202.0451316926 0.438380584739347
  2 13 4 6323.94826762449 0.947226139495183
  1 14 4 11258.6852686807 0.482345652338289
  2 14 4 5711.17103635059 0.377075764230608
  1 15 4 7103.50187116247 0.420835086749712
  2 15 4 4709.10331879591 0.614716212748607
  1 16 4 2298.06749142845 0.515165860253858
  2 16 4 1434.70897545787 0.704031323768783
  1 17 4 8551.82949279351 0.559532625975744
  2 17 4 3259.47673325439 0.319774204956139
  1 18 4 8472.44446258114 0.479008946214672
  2 18 4 5714.55185729575 0.41351869139049
  1 19 4 5258.69941329473 0.429419179801904
  2 19 4 3143.46140315433 0.387615780132326
  1 20 4 7827.8523366477 0.477074256852948
  2 20 4 3631.58186279091 0.315868813200741
  1 21 4 12995.899621674 0.410621521476155
  2 21 4 7513.60113630639 0.630050999524052
  1 22 4 14150.5032900012 0.294672690077384
  2 22 4 9112.70677066767 0.335469505128288
  1 23 4 10816.1968323049 0.477447511398437
  2 23 4 6713.15577114641 0.407625761955908
  1 24 4 10056.9981111857 0.384568504019134
  2 24 4 5875.83975232879 0.43049173366256
  1 25 4 10083.6723233444 0.333261603198005
  2 25 4 6083.8124098638 0.843960441627036
  1 26 4 6535.31627119871 0.685474246042822
  2 26 4 4367.00004426202 0.429620783824035
  1 27 4 6920.02912134158 0.286882992344226
  2 27 4 4012.16042470979 0.81343687860715
  1 28 4 8531.81438303604 0.371822434434906
  2 28 4 5519.83868789052 0.53327636373572
  1 29 4 15657.0763614374 0.592639130460935
  2 29 4 7990.35287417756 0.590339711107796
  1 30 4 21495.1004454049 0.374062101432949
  2 30 4 14436.7233208601 0.701775131617819
  1 31 4 17416.9975601293 0.304499664309564
  2 31 4 13412.3471842427 0.210828956182955
  1 32 4 19366.9743155704 0.233962995093855
  2 32 4 11339.6400558108 0.329779252894958
  1 33 4 17542.0204292576 0.270006842918168
  2 33 4 13241.7235592741 0.460124990024536
  1 34 4 8528.17416629588 0.350007507053818
  2 34 4 6373.9480901513 0.837656243552001
  1 35 4 7473.5571506899 0.34274593698132
  2 35 4 4334.73584839927 0.291986952078346
  1 36 4 14855.2724743334 0.261906583866089
  2 36 4 8072.77783878885 0.425399553458769
  1 37 4 29924.1291453994 0.417429035160016
  2 37 4 16755.1153630771 0.287702894520317
  1 38 4 39678.9599449599 0.441211421515246
  2 38 4 26866.3879298591 0.866971810340233
  1 39 4 36634.1235852883 0.495234601454268
  2 39 4 25883.0863564823 0.556663444153977
  1 40 4 22879.7923320922 0.237858203733512
  2 40 4 18187.2490453822 0.295404104464232
  1 41 4 6544.03973134695 0.327346172729995
  2 41 4 5462.66292803239 0.994030515469621
  1 42 4 1484.24148484115 0.368315456462939
  2 42 4 1035.85046432639 0.461505384764764
  1 1 2 3831.52581796447 0.601375663623589
  2 1 2 3120.46137693207 0.565196579518992
  2 2 2 1947.15055683563 0.686052062200317
  2 3 2 1083.31790596193 0.378997614818957
  1 4 2 789.394069535642 1
  2 4 2 623.195642623682 0.459316778181236
  1 5 2 236.293645842837 0.611089023955187
  2 5 2 219.104679726887 0.780615956536472
  1 6 2 180.41903700943 0.702037850017464
  2 6 2 179.399258988952 0.461790555986525
  1 7 2 161.116173333601 0.948289691951521
  2 7 2 153.037425529585 0.685175011742778
  1 8 2 100.12468676283 0.544380631361087
  2 8 2 102.913214632322 0.424096495665332
  1 9 2 154.747620440602 0.5393131982084
  2 9 2 165.408694412592 0.454629127333952
  1 10 2 248.16157928832 0.88095039530815
  2 10 2 238.681071621816 0.419344308350161
  1 11 2 384.988346458711 0.799987970388403
  2 11 2 416.030521849308 0.839124360078806
  1 12 2 1059.56507094234 0.774991903603438
  2 12 2 1045.15850010978 0.424721667998453
  1 13 2 1000.98378529379 0.863215133786584
  2 13 2 831.073774775474 0.387073469025502
  1 14 2 590.091574749368 0.704083892007286
  2 14 2 536.574983062299 0.312793018147624
  1 15 2 808.674142622753 0.457459057188701
  2 15 2 783.44635828021 0.459652287866146
  1 16 2 800.740310674332 0.853197309912465
  2 16 2 678.322737736409 0.628928805514438
  1 17 2 70.3415611986212 0.61116783920211
  2 17 2 54.1494899830035 0.3895964128798
  1 18 2 226.812688227743 0.416775375911518
  2 18 2 283.467514043601 0.495180348393774
  1 19 2 822.862603283699 0.69077510766454
  2 19 2 886.980737964123 0.347120352110889
  1 20 2 1733.23777970315 0.793751288508348
  2 20 2 1712.52720512177 0.526946514998015
  1 21 2 2156.12400664546 0.339376634127756
  2 21 2 2116.05129137934 0.609998621037514
  1 22 2 2070.34817692326 0.601950919776798
  2 22 2 1931.81523752757 0.389299707202565
  1 23 2 2553.09368914323 0.658556209578282
  2 23 2 2602.17480564414 0.288585466763824
  1 24 2 3179.11601138534 0.637453135075156
  2 24 2 2954.16644463951 0.480513100150493
  1 25 2 2477.59763756207 0.510473149998029
  2 25 2 2103.46071038255 0.338488147626423
  1 26 2 1070.7208265549 0.548437091427541
  2 26 2 1072.08168028652 0.345955330423839
  1 27 2 1155.32919153186 0.492912195981742
  2 27 2 1194.16831384576 0.33164245084141
  1 28 2 1767.11862394869 0.747597319880804
  2 28 2 1726.26115244609 0.447853531697379
  1 29 2 1948.72352499708 0.451616070879294
  2 29 2 1825.71092725976 0.305275882623724
  1 30 2 2026.4596759509 0.797269558848634
  2 30 2 1861.25335683665 0.605264936420634
  1 31 2 2138.91301114561 0.666772556553203
  2 31 2 2118.85587968697 0.359836468902791
  1 32 2 2275.18995534142 0.96787270074405
  2 32 2 2189.19197544401 0.422601396160012
  1 33 2 2799.36871168708 0.404694020855087
  2 33 2 2709.2451492732 0.465820030674526
  1 34 2 3943.57756660789 0.814873375751391
  2 34 2 3969.57547706614 0.505954372112585
  1 35 2 5171.18144643445 0.533219898766676
  2 35 2 4616.4003010248 0.287403659199158
  1 36 2 3425.1380589805 0.371953858881132
  2 36 2 3216.25976237884 0.365560779244073
  1 37 2 4216.14602841567 0.791301167226987
  2 37 2 4181.04992496072 0.487536998609889
  1 38 2 5394.2795359377 0.633364993316759
  2 38 2 4877.45604129746 0.644823084547079
  1 39 2 4392.61902025063 0.827253682697507
  2 39 2 3676.84465548626 0.354235596542703
  1 40 2 1843.87847402974 0.900216415173481
  2 40 2 1528.0813383541 0.395846441583114
  1 41 2 579.42182498119 0.957770995377006
  2 41 2 507.197716953447 0.496084887173497
  1 42 2 334.601845576809 0.55870584954739
  2 42 2 285.567653716735 0.604660139936764
  1 1 1 100435.06387052 0.241799049430762
  2 1 1 225426.739309436 0.250018379470286
  1 2 1 48100.5540148042 0.142636213550947
  2 2 1 108268.08374923 0.163647146277456
  1 3 1 28786.6986124335 0.225478190042395
  2 3 1 59479.1597113943 0.192013183632222
  1 4 1 43566.015468927 0.323579734794357
  2 4 1 77860.8178964954 0.162432383538487
  1 5 1 75176.4552135472 0.320666395151501
  2 5 1 160378.467874842 0.822390366318268
  1 6 1 50856.8343762319 0.452044832991261
  2 6 1 113311.735727028 0.192408532269243
  1 7 1 24205.4939057895 0.28209645893665
  2 7 1 55200.2455036795 0.262097825842625
  1 8 1 7583.81914899428 0.414010381101596
  2 8 1 17568.8001924057 0.189959250209439
  1 9 1 7501.81861722565 0.40638853202345
  2 9 1 10475.3017148075 0.178404315527443
  1 10 1 19716.1920463999 0.290993157294119
  2 10 1 41472.0122310931 0.156753980046499
  1 11 1 11318.8842950427 0.324615016521962
  2 11 1 25046.2041899031 0.174348711952217
  1 12 1 6377.4907203126 0.294780938380682
  2 12 1 12024.9278453158 0.195232854572048
  1 13 1 6090.20822892706 0.440402569626277
  2 13 1 13024.2890953421 0.185762358850192
  1 14 1 3961.06959160223 0.372421878022742
  2 14 1 7232.84692738873 0.151581173531864
  1 15 1 4111.47598192322 0.341871348717721
  2 15 1 8764.62504562884 0.233364310094868
  1 16 1 1382.6816614396 0.416897355424411
  2 16 1 3069.35173169769 0.283802183917676
  1 17 1 1133.52103622618 0.500820840736393
  2 17 1 1629.94642837041 0.495024013362717
  1 18 1 2447.15446686875 0.389853340834037
  2 18 1 5016.43716863689 0.390988792530431
  1 19 1 1448.00147246081 0.293941849282161
  2 19 1 3159.05301360092 0.322403741112933
  1 20 1 1016.45644682916 0.525509720403112
  2 20 1 1661.5271621001 0.218361153170241
  1 21 1 2753.02994244777 0.266433769579894
  2 21 1 4792.43994258052 0.421115605185845
  1 22 1 4344.45309558167 0.374831371194202
  2 22 1 9200.12975454708 0.227391091044855
  1 23 1 2322.32538608669 0.352011231642473
  2 23 1 5145.97970147396 0.384269029090844
  1 24 1 1673.9539258844 0.34725908523047
  2 24 1 2722.13395655625 0.331291933735556
  1 25 1 2902.52621814709 0.578696888706846
  2 25 1 6126.3913168956 0.247394190789157
  1 26 1 1793.71559050792 0.459728456052307
  2 26 1 3588.2976072582 0.394189312610479
  1 27 1 1680.66615343029 0.539982548576019
  2 27 1 3625.86462574169 0.72948972943007
  1 28 1 1540.93544510888 0.364309332200766
  2 28 1 2733.17404102892 0.278656828353639
  1 29 1 2501.02310797572 0.562793580097325
  2 29 1 5307.34595158182 0.316141323613091
  1 30 1 3442.46722882546 0.420348818797864
  2 30 1 5318.17685269334 0.30511736182771
  1 31 1 8072.6896763656 0.403753427903273
  2 31 1 17022.7937028393 0.278331587636247
  1 32 1 5728.99116530676 0.491331418922754
  2 32 1 12682.7709630298 0.329726795744574
  1 33 1 2875.99725559037 0.537081122476055
  2 33 1 6526.721740578 0.33086845072982
  1 34 1 1041.86001579414 0.379030815152119
  2 34 1 2400.94304843016 0.278881417082292
  1 35 1 513.933307361641 0.519511456600017
  2 35 1 966.615578178036 0.27351876283918
  1 36 1 922.296367612378 0.556056214854877
  2 36 1 1819.01376422898 0.714061811185508
  1 37 1 1409.13811383431 0.588197671943964
  2 37 1 2580.57141010125 0.340315242626747
  1 38 1 2232.16399328878 0.324588369174256
  2 38 1 4758.33341468948 0.300199803594678
  1 39 1 1501.07235202608 0.501841796783066
  2 39 1 3336.52373893051 0.438397059851219
  1 40 1 718.693269356265 0.403101009292275
  2 40 1 1633.01278245524 0.410378233550251
  1 41 1 230.121863174167 0.478602624152216
  2 41 1 530.495420276199 0.362128776577143
  1 42 1 64.1806629760533 0.646634922078809
  2 42 1 134.852626403512 0.816170985475773
  1 1 3 1157.69801369513 0.499484636786782
  1 2 3 782.347737862808 0.358153914340203
  2 2 3 770.80606258667 0.577110518633802
  1 3 3 442.623174321688 0.678339172154909
  2 3 3 443.024341652332 0.738121970739642
  1 4 3 307.717119078376 1
  2 4 3 346.687792844761 0.52056341701904
  1 5 3 231.477245815708 0.693225535250834
  2 5 3 312.281468869705 1
  1 6 3 307.232670311554 1
  2 6 3 395.74842341272 0.48452157876779
  1 7 3 336.26447947279 0.912293822979085
  1 8 3 193.468565017046 0.655734850091527
  2 8 3 244.66023135114 0.750382084373246
  1 9 3 229.281292902664 0.670809892238012
  2 9 3 313.679267913307 0.47273108889926
  1 10 3 427.283513978193 0.631102684426709
  2 10 3 521.469054802612 0.919260399745188
  1 11 3 393.090288026815 0.496475444687371
  1 12 3 532.113705732117 0.740682868109632
  2 12 3 606.779489865385 1
  1 13 3 481.535987271878 0.360862225436052
  1 14 3 378.381775879321 0.547901331396328
  2 14 3 417.206962772188 0.478873954421528
  1 15 3 401.311881976768 0.429608216382601
  2 15 3 456.015060579275 0.654713783069401
  1 16 3 509.473068878448 0.69118921143411
  2 16 3 636.518870425068 0.8614889831113
  1 17 3 212.741472804634 0.426971754606328
  2 17 3 275.409800394031 0.572182042928152
  1 18 3 349.004766674431 0.505524319387353
  2 18 3 380.434614488056 0.488492827246527
  1 19 3 250.414577569624 0.644591984223249
  2 19 3 261.299857609394 0.51925665989311
  1 20 3 145.94863988906 0.899065435378594
  2 20 3 157.160181506761 0.59569628754064
  1 21 3 105.950768152356 0.543826822033971
  2 21 3 137.17985707543 0.466111862829518
  1 22 3 118.296382673748 0.88174616562504
  2 22 3 154.230653975012 0.568444982816852
  1 23 3 124.262986376293 0.408104676406013
  2 23 3 131.559154153107 0.357346049869971
  1 24 3 87.9886106373606 0.92608255019157
  2 24 3 105.303978147625 0.539541007788685
  1 25 3 100.514895626684 0.648664057223823
  2 25 3 135.866785265282 0.576168087832409
  1 26 3 98.3656616926403 0.695927823776047
  2 26 3 132.751279110486 0.549529982814455
  1 27 3 89.8391064412773 0.708713243925404
  2 27 3 112.839238631651 0.496269825160911
  1 28 3 114.873160056804 0.489543853646182
  1 29 3 156.523671154258 0.703511357168505
  2 29 3 213.028172964679 0.875017095315649
  1 30 3 259.727715023759 0.631659802692532
  2 30 3 316.64578197105 0.908152223575802
  1 31 3 229.291332930542 0.626570332091694
  2 31 3 242.504895077813 0.712465807947941
  1 32 3 107.50592750987 0.661895735249442
  2 32 3 107.539953895859 0.86012943797605
  1 33 3 45.5508774723955 0.783155911787346
  2 33 3 45.4665407538842 0.598390099709208
  1 34 3 23.1559671137634 0.542775440757204
  2 34 3 26.7410720016653 0.743173480285892
  1 35 3 54.1291020654508 0.870542376054271
  2 35 3 82.7995943006125 0.446478967244395
  1 36 3 119.546465769091 0.492193512682958
  2 36 3 178.513834580349 0.490110041691513
  1 37 3 236.379303016804 0.909630520329322
  2 37 3 287.834279116278 0.433872317628348
  1 38 3 293.007681704507 0.644773009949607
  2 38 3 328.591317680617 0.484949159815328
  1 39 3 310.440268851226 0.515045488987725
  2 39 3 358.897484837108 0.388710136036013
  1 40 3 256.776683138252 0.442573167063876
  2 40 3 278.206332560532 0.395139923022642
  1 41 3 120.43727411726 0.88587618368699
  2 41 3 126.602230299568 0.537531419606343
  1 42 3 237834.858867422 0.983269433580366
  2 42 3 217380.484634763 0.849696423298534
# end survey index observations 
#  
# Survey size comp data 
# Number of observations, init_int Nsurvey_size_obs 
  329
# init_matrix obs_survey_size(1,Nsurvey_size_obs,1,ncol) 
# Survey  Year  Species Type (0=whole, 1=retained, 2=discard) InpN, proportion by length bin 
  1 1 1 0 57 0 0.0701754385964912 0.859649122807018 0.0701754385964912 0
  1 2 1 0 65 0 0.169230769230769 0.630769230769231 0.2 0
  1 3 1 0 32 0 0.53125 0.375 0.09375 0
  1 4 1 0 32 0 0.71875 0.21875 0.0625 0
  1 5 1 0 21 0 0.142857142857143 0.857142857142857 0 0
  1 6 1 0 18 0 0.166666666666667 0.722222222222222 0.111111111111111 0
  1 7 1 0 25 0 0.12 0.72 0.16 0
  1 8 1 0 20 0 0.05 0.6 0.35 0
  1 9 1 0 16 0 1 0 0 0
  1 10 1 0 19 0 0.210526315789474 0.736842105263158 0.0526315789473684 0
  1 11 1 0 20 0 0.1 0.75 0.15 0
  1 12 1 0 22 0 0.454545454545455 0.363636363636364 0.181818181818182 0
  1 13 1 0 23 0 0.391304347826087 0.521739130434783 0.0869565217391304 0
  1 14 1 0 14 0 0.642857142857143 0.214285714285714 0.142857142857143 0
  1 15 1 0 21 0 0.19047619047619 0.80952380952381 0 0
  1 16 1 0 14 0 0.142857142857143 0.714285714285714 0.142857142857143 0
  1 17 1 0 17 0 0.882352941176471 0.0588235294117647 0.0588235294117647 0
  1 18 1 0 19 0 0.315789473684211 0.684210526315789 0 0
  1 19 1 0 18 0 0.166666666666667 0.833333333333333 0 0
  1 20 1 0 15 0 0.8 0.133333333333333 0.0666666666666667 0
  1 21 1 0 21 0 0.714285714285714 0.285714285714286 0 0
  1 22 1 0 13 0 0.384615384615385 0.615384615384615 0 0
  1 23 1 0 14 0 0.142857142857143 0.714285714285714 0.142857142857143 0
  1 24 1 0 14 0 0.928571428571429 0.0714285714285714 0 0
  1 25 1 0 18 0 0.166666666666667 0.833333333333333 0 0
  1 26 1 0 14 0 0.642857142857143 0.357142857142857 0 0
  1 27 1 0 23 0 0.130434782608696 0.826086956521739 0.0434782608695652 0
  1 28 1 0 14 0 0.928571428571429 0.0714285714285714 0 0
  1 29 1 0 17 0 0.0588235294117647 0.941176470588235 0 0
  1 30 1 0 18 0 0.777777777777778 0.222222222222222 0 0
  1 31 1 0 20 0 0.15 0.85 0 0
  1 32 1 0 10 0.1 0.2 0.6 0.1 0
  1 33 1 0 15 0 0.0666666666666667 0.8 0.133333333333333 0
  1 34 1 0 18 0 0.0555555555555556 0.611111111111111 0.333333333333333 0
  1 35 1 0 8 0 0.75 0.125 0.125 0
  1 36 1 0 12 0 0.416666666666667 0.583333333333333 0 0
  1 37 1 0 8 0 0.75 0.25 0 0
  1 38 1 0 16 0 0.3125 0.6875 0 0
  1 39 1 0 10 0 0 1 0 0
  1 40 1 0 10 0 0 0.9 0.1 0
  1 41 1 0 13 0 0.153846153846154 0.538461538461538 0.307692307692308 0
  1 42 1 0 8 0 0.5 0.25 0.25 0
  1 1 2 0 11 0 0 0.727272727272727 0.272727272727273 0
  1 4 2 0 1 0 0 0 1 0
  1 5 2 0 5 0 0.8 0.2 0 0
  1 6 2 0 1 0 0 1 0 0
  1 7 2 0 3 0 0.333333333333333 0.333333333333333 0.333333333333333 0
  1 8 2 0 4 0 0.75 0.25 0 0
  1 9 2 0 5 0 1 0 0 0
  1 10 2 0 10 0 0.6 0.4 0 0
  1 11 2 0 13 0 0.923076923076923 0 0.0769230769230769 0
  1 12 2 0 15 0 0.466666666666667 0.466666666666667 0.0666666666666667 0
  1 13 2 0 9 0 0.222222222222222 0.444444444444444 0.333333333333333 0
  1 14 2 0 6 0 0.333333333333333 0.5 0.166666666666667 0
  1 15 2 0 13 0 0.384615384615385 0.461538461538462 0.153846153846154 0
  1 16 2 0 10 0 0.1 0.6 0.3 0
  1 17 2 0 10 0 0.1 0.3 0.6 0
  1 18 2 0 18 0 1 0 0 0
  1 19 2 0 27 0 0.555555555555556 0.444444444444444 0 0
  1 20 2 0 23 0 0.521739130434783 0.347826086956522 0.130434782608696 0
  1 21 2 0 25 0 0.64 0.24 0.12 0
  1 22 2 0 9 0 0.666666666666667 0.222222222222222 0.111111111111111 0
  1 23 2 0 8 0 0.75 0 0.25 0
  1 24 2 0 9 0 0 1 0 0
  1 25 2 0 14 0 0.428571428571429 0.214285714285714 0.357142857142857 0
  1 26 2 0 18 0 0.722222222222222 0.222222222222222 0.0555555555555556 0
  1 27 2 0 16 0 0.8125 0.1875 0 0
  1 28 2 0 6 0 0.666666666666667 0.333333333333333 0 0
  1 29 2 0 8 0 0.625 0.375 0 0
  1 30 2 0 17 0 0.470588235294118 0.470588235294118 0.0588235294117647 0
  1 31 2 0 9 0 1 0 0 0
  1 32 2 0 30 0 0.433333333333333 0.533333333333333 0.0333333333333333 0
  1 33 2 0 24 0 0.75 0.166666666666667 0.0833333333333333 0
  1 34 2 0 25 0 0.6 0.32 0.08 0
  1 35 2 0 16 0 0.125 0.75 0.125 0
  1 36 2 0 13 0 0.923076923076923 0.0769230769230769 0 0
  1 37 2 0 8 0 0.5 0.375 0.125 0
  1 38 2 0 10 0 0.2 0.6 0.2 0
  1 39 2 0 13 0 0.153846153846154 0.307692307692308 0.538461538461538 0
  1 40 2 0 8 0 0.5 0.25 0.25 0
  1 41 2 0 5 0 0 0.8 0.2 0
  1 42 2 0 17 0 0.411764705882353 0.294117647058824 0.294117647058824 0
  1 1 3 0 27 0 0 0.407407407407407 0.592592592592593 0
  1 2 3 0 13 0 0.153846153846154 0.153846153846154 0.692307692307692 0
  1 3 3 0 5 0 0 0.4 0.6 0
  1 4 3 0 2 0 0 0.5 0.5 0
  1 5 3 0 5 0 0.4 0.4 0.2 0
  1 6 3 0 1 0 0 1 0 0
  1 7 3 0 3 0 0.333333333333333 0.666666666666667 0 0
  1 8 3 0 3 0 0.666666666666667 0.333333333333333 0 0
  1 9 3 0 4 0 0.25 0.75 0 0
  1 10 3 0 4 0 0.25 0.75 0 0
  1 11 3 0 4 0.25 0 0.5 0.25 0
  1 12 3 0 2 0 0 1 0 0
  1 13 3 0 8 0 0.375 0.5 0.125 0
  1 14 3 0 19 0 0.526315789473684 0.263157894736842 0.210526315789474 0
  1 15 3 0 15 0 0.266666666666667 0.533333333333333 0.2 0
  1 16 3 0 12 0 0.916666666666667 0 0.0833333333333333 0
  1 17 3 0 14 0.0714285714285714 0.428571428571429 0.357142857142857 0.142857142857143 0
  1 18 3 0 14 0 0.142857142857143 0.785714285714286 0.0714285714285714 0
  1 19 3 0 15 0 0.4 0.2 0.4 0
  1 20 3 0 17 0.0588235294117647 0.117647058823529 0.588235294117647 0.235294117647059 0
  1 21 3 0 12 0.0833333333333333 0.833333333333333 0.0833333333333333 0 0
  1 22 3 0 11 0 0.181818181818182 0.545454545454545 0.272727272727273 0
  1 23 3 0 16 0 0.1875 0.5625 0.25 0
  1 24 3 0 15 0.133333333333333 0.466666666666667 0.266666666666667 0.133333333333333 0
  1 25 3 0 4 0 0.5 0.5 0 0
  1 26 3 0 14 0 0.714285714285714 0.285714285714286 0 0
  1 27 3 0 6 0 0 1 0 0
  1 28 3 0 4 0.25 0.75 0 0 0
  1 29 3 0 2 0.5 0.5 0 0 0
  1 30 3 0 10 0.1 0.2 0.5 0.2 0
  1 31 3 0 9 0 0.111111111111111 0.333333333333333 0.555555555555556 0
  1 32 3 0 12 0 0 0.583333333333333 0.416666666666667 0
  1 33 3 0 5 0 0 0.8 0.2 0
  1 34 3 0 9 0 0.444444444444444 0.222222222222222 0.333333333333333 0
  1 35 3 0 5 0 1 0 0 0
  1 36 3 0 5 0 1 0 0 0
  1 37 3 0 3 0 0.333333333333333 0.333333333333333 0.333333333333333 0
  1 38 3 0 15 0.0666666666666667 0.6 0.266666666666667 0.0666666666666667 0
  1 39 3 0 12 0 0.416666666666667 0.416666666666667 0.166666666666667 0
  1 40 3 0 9 0.111111111111111 0.222222222222222 0.333333333333333 0.333333333333333 0
  1 41 3 0 8 0 0.25 0.625 0.125 0
  1 42 3 0 12 0.0833333333333333 0.333333333333333 0.25 0.333333333333333 0
  1 1 4 0 86 0 0.302325581395349 0.476744186046512 0.22093023255814 0
  1 2 4 0 100 0 0.4 0.44 0.16 0
  1 3 4 0 33 0 0.818181818181818 0.121212121212121 0.0606060606060606 0
  1 4 4 0 44 0 0.954545454545455 0.0454545454545455 0 0
  1 5 4 0 34 0 0.735294117647059 0.264705882352941 0 0
  1 6 4 0 40 0.025 0.65 0.325 0 0
  1 7 4 0 39 0 0.641025641025641 0.358974358974359 0 0
  1 8 4 0 49 0 0.36734693877551 0.612244897959184 0.0204081632653061 0
  1 9 4 0 36 0.0277777777777778 0.972222222222222 0 0 0
  1 10 4 0 43 0 0.720930232558139 0.27906976744186 0 0
  1 11 4 0 41 0 0.658536585365854 0.317073170731707 0.024390243902439 0
  1 12 4 0 35 0 0.885714285714286 0.114285714285714 0 0
  1 13 4 0 32 0 0.90625 0.09375 0 0
  1 14 4 0 21 0 0.761904761904762 0.238095238095238 0 0
  1 15 4 0 30 0 0.8 0.2 0 0
  1 16 4 0 19 0 0.789473684210526 0.157894736842105 0.0526315789473684 0
  1 17 4 0 35 0 1 0 0 0
  1 18 4 0 27 0 0.814814814814815 0.185185185185185 0 0
  1 19 4 0 34 0 0.852941176470588 0.147058823529412 0 0
  1 20 4 0 42 0 0.928571428571429 0.0714285714285714 0 0
  1 21 4 0 41 0 0.780487804878049 0.219512195121951 0 0
  1 22 4 0 44 0 0.840909090909091 0.159090909090909 0 0
  1 23 4 0 28 0 0.821428571428571 0.178571428571429 0 0
  1 24 4 0 34 0 0.882352941176471 0.117647058823529 0 0
  1 25 4 0 36 0 0.944444444444444 0.0555555555555556 0 0
  1 26 4 0 31 0 0.741935483870968 0.258064516129032 0 0
  1 27 4 0 39 0 0.923076923076923 0.0769230769230769 0 0
  1 28 4 0 38 0 0.789473684210526 0.210526315789474 0 0
  1 29 4 0 48 0 0.9375 0.0416666666666667 0.0208333333333333 0
  1 30 4 0 38 0 0.631578947368421 0.368421052631579 0 0
  1 31 4 0 61 0 0.672131147540984 0.327868852459016 0 0
  1 32 4 0 48 0 0.895833333333333 0.104166666666667 0 0
  1 33 4 0 49 0 0.510204081632653 0.489795918367347 0 0
  1 34 4 0 44 0 0.75 0.25 0 0
  1 35 4 0 61 0.0163934426229508 0.852459016393443 0.131147540983607 0 0
  1 36 4 0 67 0 0.850746268656716 0.149253731343284 0 0
  1 37 4 0 57 0.0175438596491228 0.859649122807018 0.12280701754386 0 0
  1 38 4 0 38 0 0.763157894736842 0.236842105263158 0 0
  1 39 4 0 52 0 0.615384615384615 0.384615384615385 0 0
  1 40 4 0 43 0 0.511627906976744 0.488372093023256 0 0
  1 41 4 0 42 0 0.452380952380952 0.5 0.0476190476190476 0
  1 42 4 0 61 0 0.704918032786885 0.295081967213115 0 0
  2 1 1 0 58 0 0.0344827586206897 0.844827586206897 0.120689655172414 0
  2 2 1 0 83 0 0.072289156626506 0.674698795180723 0.253012048192771 0
  2 3 1 0 63 0 0.380952380952381 0.53968253968254 0.0793650793650794 0
  2 4 1 0 56 0 0.392857142857143 0.571428571428571 0.0357142857142857 0
  2 5 1 0 55 0 0.127272727272727 0.854545454545454 0.0181818181818182 0
  2 6 1 0 45 0 0.0888888888888889 0.777777777777778 0.133333333333333 0
  2 7 1 0 46 0 0.0434782608695652 0.739130434782609 0.217391304347826 0
  2 8 1 0 56 0 0.0357142857142857 0.678571428571429 0.285714285714286 0
  2 9 1 0 51 0 0.764705882352941 0.156862745098039 0.0784313725490196 0
  2 10 1 0 44 0 0.136363636363636 0.863636363636364 0 0
  2 11 1 0 49 0 0.0408163265306122 0.795918367346939 0.163265306122449 0
  2 12 1 0 50 0 0.38 0.5 0.12 0
  2 13 1 0 48 0 0.0833333333333333 0.875 0.0416666666666667 0
  2 14 1 0 52 0.0192307692307692 0.384615384615385 0.538461538461538 0.0576923076923077 0
  2 15 1 0 31 0 0.0645161290322581 0.903225806451613 0.032258064516129 0
  2 16 1 0 38 0 0.0263157894736842 0.815789473684211 0.157894736842105 0
  2 17 1 0 26 0 0.769230769230769 0.230769230769231 0 0
  2 18 1 0 33 0 0.121212121212121 0.848484848484849 0.0303030303030303 0
  2 19 1 0 31 0 0.129032258064516 0.774193548387097 0.0967741935483871 0
  2 20 1 0 38 0 0.631578947368421 0.315789473684211 0.0526315789473684 0
  2 21 1 0 30 0 0.3 0.7 0 0
  2 22 1 0 35 0 0.114285714285714 0.828571428571429 0.0571428571428571 0
  2 23 1 0 35 0 0.114285714285714 0.742857142857143 0.142857142857143 0
  2 24 1 0 26 0 0.653846153846154 0.346153846153846 0 0
  2 25 1 0 32 0 0.125 0.875 0 0
  2 26 1 0 26 0 0.384615384615385 0.423076923076923 0.192307692307692 0
  2 27 1 0 37 0 0.135135135135135 0.810810810810811 0.0540540540540541 0
  2 28 1 0 35 0.0285714285714286 0.485714285714286 0.371428571428571 0.114285714285714 0
  2 29 1 0 33 0 0.121212121212121 0.848484848484849 0.0303030303030303 0
  2 30 1 0 45 0 0.644444444444444 0.311111111111111 0.0444444444444444 0
  2 31 1 0 34 0 0.0882352941176471 0.911764705882353 0 0
  2 32 1 0 36 0 0.0277777777777778 0.833333333333333 0.138888888888889 0
  2 33 1 0 42 0 0 0.714285714285714 0.285714285714286 0
  2 34 1 0 34 0 0.0588235294117647 0.676470588235294 0.264705882352941 0
  2 35 1 0 35 0 0.485714285714286 0.428571428571429 0.0857142857142857 0
  2 36 1 0 28 0 0.25 0.714285714285714 0.0357142857142857 0
  2 37 1 0 22 0 0.5 0.409090909090909 0.0909090909090909 0
  2 38 1 0 32 0 0.15625 0.78125 0.0625 0
  2 39 1 0 27 0 0 0.740740740740741 0.259259259259259 0
  2 40 1 0 39 0 0.0769230769230769 0.743589743589744 0.179487179487179 0
  2 41 1 0 20 0 0.1 0.7 0.2 0
  2 42 1 0 30 0 0.433333333333333 0.266666666666667 0.3 0
  2 1 2 0 16 0 0.0625 0.875 0.0625 0
  2 2 2 0 20 0 0.6 0.1 0.25 0.05
  2 3 2 0 34 0 0.117647058823529 0.617647058823529 0.264705882352941 0
  2 4 2 0 15 0 0.466666666666667 0.2 0.333333333333333 0
  2 5 2 0 4 0 1 0 0 0
  2 6 2 0 7 0 0.857142857142857 0.142857142857143 0 0
  2 7 2 0 18 0 0.722222222222222 0.222222222222222 0.0555555555555556 0
  2 8 2 0 22 0 0.818181818181818 0.136363636363636 0.0454545454545455 0
  2 9 2 0 21 0 0.857142857142857 0.142857142857143 0 0
  2 10 2 0 11 0 0.454545454545455 0.454545454545455 0.0909090909090909 0
  2 11 2 0 7 0 0.857142857142857 0.142857142857143 0 0
  2 12 2 0 19 0 0.421052631578947 0.578947368421053 0 0
  2 13 2 0 32 0 0.4375 0.4375 0.125 0
  2 14 2 0 34 0 0.911764705882353 0.0882352941176471 0 0
  2 15 2 0 27 0 0.703703703703704 0.222222222222222 0.0740740740740741 0
  2 16 2 0 42 0 0.0714285714285714 0.785714285714286 0.142857142857143 0
  2 17 2 0 34 0 0.0882352941176471 0.117647058823529 0.794117647058823 0
  2 18 2 0 28 0 1 0 0 0
  2 19 2 0 26 0 0.538461538461538 0.461538461538462 0 0
  2 20 2 0 32 0 0.8125 0.15625 0.03125 0
  2 21 2 0 37 0 0.648648648648649 0.297297297297297 0.0540540540540541 0
  2 22 2 0 38 0 0.5 0.368421052631579 0.131578947368421 0
  2 23 2 0 41 0 0.926829268292683 0.0487804878048781 0.024390243902439 0
  2 24 2 0 33 0 0.181818181818182 0.727272727272727 0.0909090909090909 0
  2 25 2 0 45 0 0.733333333333333 0.0888888888888889 0.177777777777778 0
  2 26 2 0 28 0 0.75 0.178571428571429 0.0714285714285714 0
  2 27 2 0 47 0 0.702127659574468 0.25531914893617 0.0425531914893617 0
  2 28 2 0 22 0 0.772727272727273 0.227272727272727 0 0
  2 29 2 0 40 0 0.55 0.4 0.05 0
  2 30 2 0 28 0 0.464285714285714 0.5 0.0357142857142857 0
  2 31 2 0 32 0 0.90625 0.0625 0.03125 0
  2 32 2 0 40 0 0.525 0.425 0.05 0
  2 33 2 0 43 0 0.837209302325581 0.0930232558139535 0.0697674418604651 0
  2 34 2 0 46 0 0.673913043478261 0.304347826086957 0.0217391304347826 0
  2 35 2 0 60 0 0.35 0.533333333333333 0.116666666666667 0
  2 36 2 0 49 0 0.857142857142857 0.122448979591837 0.0204081632653061 0
  2 37 2 0 32 0 0.625 0.3125 0.0625 0
  2 38 2 0 30 0 0.533333333333333 0.333333333333333 0.133333333333333 0
  2 39 2 0 29 0 0.103448275862069 0.517241379310345 0.379310344827586 0
  2 40 2 0 31 0 0.580645161290323 0.129032258064516 0.290322580645161 0
  2 41 2 0 14 0 0.214285714285714 0.571428571428571 0.214285714285714 0
  2 42 2 0 19 0 0.473684210526316 0.157894736842105 0.368421052631579 0
  2 2 3 0 3 0 0 0 1 0
  2 3 3 0 3 0 0.666666666666667 0.333333333333333 0 0
  2 4 3 0 7 0 0.571428571428571 0.142857142857143 0.285714285714286 0
  2 5 3 0 1 0 1 0 0 0
  2 6 3 0 14 0 0.642857142857143 0.357142857142857 0 0
  2 8 3 0 10 0.1 0.9 0 0 0
  2 9 3 0 6 0 0.833333333333333 0.166666666666667 0 0
  2 10 3 0 2 0 0.5 0.5 0 0
  2 12 3 0 1 0 1 0 0 0
  2 14 3 0 9 0.111111111111111 0.666666666666667 0.222222222222222 0 0
  2 15 3 0 5 0 0.2 0.8 0 0
  2 16 3 0 9 0.333333333333333 0.555555555555556 0.111111111111111 0 0
  2 17 3 0 9 0.111111111111111 0.444444444444444 0.333333333333333 0.111111111111111 0
  2 18 3 0 13 0 0.153846153846154 0.461538461538462 0.384615384615385 0
  2 19 3 0 14 0.142857142857143 0.214285714285714 0.428571428571429 0.214285714285714 0
  2 20 3 0 19 0 0.368421052631579 0.473684210526316 0.157894736842105 0
  2 21 3 0 20 0.1 0.8 0.05 0.05 0
  2 22 3 0 23 0 0.391304347826087 0.608695652173913 0 0
  2 23 3 0 26 0 0.115384615384615 0.653846153846154 0.230769230769231 0
  2 24 3 0 28 0.107142857142857 0.714285714285714 0.107142857142857 0.0714285714285714 0
  2 25 3 0 20 0.05 0.6 0.35 0 0
  2 26 3 0 7 0 0.857142857142857 0.142857142857143 0 0
  2 27 3 0 5 0 0.4 0.6 0 0
  2 29 3 0 6 0 0.666666666666667 0.166666666666667 0.166666666666667 0
  2 30 3 0 14 0.0714285714285714 0.5 0.357142857142857 0.0714285714285714 0
  2 31 3 0 7 0 0.142857142857143 0.428571428571429 0.428571428571429 0
  2 32 3 0 20 0 0.1 0.45 0.45 0
  2 33 3 0 18 0.111111111111111 0.111111111111111 0.444444444444444 0.333333333333333 0
  2 34 3 0 15 0.0666666666666667 0.533333333333333 0.266666666666667 0.133333333333333 0
  2 35 3 0 28 0.107142857142857 0.857142857142857 0.0357142857142857 0 0
  2 36 3 0 25 0.08 0.76 0.16 0 0
  2 37 3 0 19 0.0526315789473684 0.421052631578947 0.368421052631579 0.157894736842105 0
  2 38 3 0 33 0.0303030303030303 0.484848484848485 0.333333333333333 0.151515151515152 0
  2 39 3 0 32 0.03125 0.28125 0.59375 0.09375 0
  2 40 3 0 34 0.0294117647058824 0.382352941176471 0.470588235294118 0.117647058823529 0
  2 41 3 0 20 0.05 0.1 0.55 0.3 0
  2 42 3 0 27 0.037037037037037 0.407407407407407 0.37037037037037 0.185185185185185 0
  2 1 4 0 44 0 0.159090909090909 0.590909090909091 0.25 0
  2 2 4 0 75 0 0.12 0.733333333333333 0.146666666666667 0
  2 3 4 0 66 0 0.575757575757576 0.363636363636364 0.0606060606060606 0
  2 4 4 0 54 0 0.62962962962963 0.333333333333333 0.037037037037037 0
  2 5 4 0 31 0 0.612903225806452 0.387096774193548 0 0
  2 6 4 0 24 0 0.375 0.625 0 0
  2 7 4 0 20 0 0.05 0.85 0.1 0
  2 8 4 0 25 0 0.28 0.68 0.04 0
  2 9 4 0 44 0.0227272727272727 0.75 0.227272727272727 0 0
  2 10 4 0 36 0 0.611111111111111 0.388888888888889 0 0
  2 11 4 0 22 0 0.409090909090909 0.590909090909091 0 0
  2 12 4 0 21 0.0476190476190476 0.857142857142857 0.0952380952380952 0 0
  2 13 4 0 26 0 0.692307692307692 0.307692307692308 0 0
  2 14 4 0 35 0 0.742857142857143 0.257142857142857 0 0
  2 15 4 0 21 0 0.714285714285714 0.285714285714286 0 0
  2 16 4 0 30 0 0.5 0.5 0 0
  2 17 4 0 40 0 0.95 0.05 0 0
  2 18 4 0 42 0 0.571428571428571 0.428571428571429 0 0
  2 19 4 0 46 0 0.695652173913043 0.304347826086957 0 0
  2 20 4 0 37 0.027027027027027 0.810810810810811 0.162162162162162 0 0
  2 21 4 0 44 0.0227272727272727 0.681818181818182 0.295454545454545 0 0
  2 22 4 0 42 0.0238095238095238 0.523809523809524 0.452380952380952 0 0
  2 23 4 0 35 0.0285714285714286 0.628571428571429 0.342857142857143 0 0
  2 24 4 0 26 0 0.653846153846154 0.346153846153846 0 0
  2 25 4 0 19 0 0.578947368421053 0.421052631578947 0 0
  2 26 4 0 29 0.0344827586206897 0.379310344827586 0.586206896551724 0 0
  2 27 4 0 10 0.1 0.5 0.4 0 0
  2 28 4 0 20 0 0.6 0.4 0 0
  2 29 4 0 25 0 0.84 0.16 0 0
  2 30 4 0 18 0 0.388888888888889 0.611111111111111 0 0
  2 31 4 0 24 0 0.416666666666667 0.541666666666667 0.0416666666666667 0
  2 32 4 0 21 0 0.904761904761905 0.0952380952380952 0 0
  2 33 4 0 10 0 0.6 0.4 0 0
  2 34 4 0 12 0 0.333333333333333 0.666666666666667 0 0
  2 35 4 0 29 0 0.724137931034483 0.206896551724138 0.0689655172413793 0
  2 36 4 0 17 0.117647058823529 0.529411764705882 0.352941176470588 0 0
  2 37 4 0 39 0 0.666666666666667 0.333333333333333 0 0
  2 38 4 0 9 0 0.555555555555556 0.444444444444444 0 0
  2 39 4 0 50 0 0.52 0.4 0.08 0
  2 40 4 0 15 0 0.2 0.8 0 0
  2 41 4 0 7 0 0 1 0 0
  2 42 4 0 9 0 0.555555555555556 0.444444444444444 0 0
# end survey length observations 
#  
# Fishery catch data 
# Number of observations, init_int Ncatch_obs
  168
# init_matrix obs_catch_biomass(1,Ncatch_obs,1,6) 
# Fleet	Area	Year	Species	Catch(biomass t)	CV 
  1 1 1 1 17791.5305361337 0.05
  1 1 2 1 18836.3369409116 0.05
  1 1 3 1 22062.1398549785 0.05
  1 1 4 1 19562.9284544934 0.05
  1 1 5 1 29134.236405654 0.05
  1 1 6 1 21516.0809844671 0.05
  1 1 7 1 15013.0151128635 0.05
  1 1 8 1 16960.2103958693 0.05
  1 1 9 1 15004.935307716 0.05
  1 1 10 1 18171.6285261499 0.05
  1 1 11 1 19922.510641671 0.05
  1 1 12 1 16950.017452048 0.05
  1 1 13 1 19147.9654973861 0.05
  1 1 14 1 16184.9216437734 0.05
  1 1 15 1 12772.6762035826 0.05
  1 1 16 1 7632.18001735687 0.05
  1 1 17 1 6914.34362443767 0.05
  1 1 18 1 5138.8873425652 0.05
  1 1 19 1 4214.51542074427 0.05
  1 1 20 1 5046.54756711988 0.05
  1 1 21 1 4646.55921994402 0.05
  1 1 22 1 4982.20948777223 0.05
  1 1 23 1 4803.0701852226 0.05
  1 1 24 1 6150.1740640739 0.05
  1 1 25 1 5183.68680519773 0.05
  1 1 26 1 5392.17606295003 0.05
  1 1 27 1 2445.83165701485 0.05
  1 1 28 1 1898.77254544682 0.05
  1 1 29 1 2382.83810318926 0.05
  1 1 30 1 3788.7992780856 0.05
  1 1 31 1 4704.30503890741 0.05
  1 1 32 1 3660.58339995788 0.05
  1 1 33 1 2128.70390564313 0.05
  1 1 34 1 1830.81409362498 0.05
  1 1 35 1 1247.26290066912 0.05
  1 1 36 1 692.285132076084 0.05
  1 1 37 1 1066.39330847726 0.05
  1 1 38 1 1011.54737610493 0.05
  1 1 39 1 909.97644188605 0.05
  1 1 40 1 640.889115111584 0.05
  1 1 41 1 591.097609988078 0.05
  1 1 42 1 371.054614598368 0.05
  1 1 1 4 5881.21266964605 0.05
  1 1 2 4 4587.75327905304 0.05
  1 1 3 4 6821.7955376261 0.05
  1 1 4 4 6655.85554156391 0.05
  1 1 5 4 8136.5275045605 0.05
  1 1 6 4 8121.26426411841 0.05
  1 1 7 4 6061.77071682618 0.05
  1 1 8 4 5758.91056003609 0.05
  1 1 9 4 6369.67229025027 0.05
  1 1 10 4 6848.72819467068 0.05
  1 1 11 4 7932.28446398308 0.05
  1 1 12 4 10224.5141562657 0.05
  1 1 13 4 12244.4886580447 0.05
  1 1 14 4 13696.9800609224 0.05
  1 1 15 4 7699.73769470256 0.05
  1 1 16 4 5666.05776324544 0.05
  1 1 17 4 14390.6575386305 0.05
  1 1 18 4 5141.16788181753 0.05
  1 1 19 4 5947.46993011189 0.05
  1 1 20 4 10489.8193399459 0.05
  1 1 21 4 4854.21413076507 0.05
  1 1 22 4 4801.91956098635 0.05
  1 1 23 4 7720.77398228088 0.05
  1 1 24 4 7524.58266998838 0.05
  1 1 25 4 6109.73907022924 0.05
  1 1 26 4 4996.76459757791 0.05
  1 1 27 4 3380.89744008117 0.05
  1 1 28 4 1891.68004192006 0.05
  1 1 29 4 5371.66054015659 0.05
  1 1 30 4 3400.25063465062 0.05
  1 1 31 4 2118.76042342834 0.05
  1 1 32 4 3902.0745570126 0.05
  1 1 33 4 2854.5723991502 0.05
  1 1 34 4 3449.90108634569 0.05
  1 1 35 4 3892.77992476492 0.05
  1 1 36 4 2997.09822751567 0.05
  1 1 37 4 5098.23600331057 0.05
  1 1 38 4 4632.14819834197 0.05
  1 1 39 4 5589.5766972649 0.05
  1 1 40 4 4111.68137654344 0.05
  1 1 41 4 3325.13191182528 0.05
  1 1 42 4 2254.80107201644 0.05
  2 1 1 2 1457.02692967982 0.05
  2 1 2 2 763.503514448693 0.05
  2 1 3 2 1364.71390457551 0.05
  2 1 4 2 866.181731751697 0.05
  2 1 5 2 1251.01097434514 0.05
  2 1 6 2 1138.75813653404 0.05
  2 1 7 2 738.097582991279 0.05
  2 1 8 2 929.39585941174 0.05
  2 1 9 2 891.475419293866 0.05
  2 1 10 2 838.833047128419 0.05
  2 1 11 2 1068.22409758048 0.05
  2 1 12 2 994.451368152279 0.05
  2 1 13 2 3250.7813052564 0.05
  2 1 14 2 1598.45310186411 0.05
  2 1 15 2 1106.96285040031 0.05
  2 1 16 2 2312.19838274037 0.05
  2 1 17 2 2050.965603069 0.05
  2 1 18 2 32.443919178394 0.05
  2 1 19 2 3175.91021094857 0.05
  2 1 20 2 5379.19112230286 0.05
  2 1 21 2 11775.8498701066 0.05
  2 1 22 2 13410.3256381195 0.05
  2 1 23 2 9276.53148961304 0.05
  2 1 24 2 17737.7900086881 0.05
  2 1 25 2 8389.23171266587 0.05
  2 1 26 2 11526.8840060804 0.05
  2 1 27 2 10244.7445132722 0.05
  2 1 28 2 8668.59076764673 0.05
  2 1 29 2 9370.88178502079 0.05
  2 1 30 2 7562.69301850941 0.05
  2 1 31 2 7773.82580140172 0.05
  2 1 32 2 16598.9609996337 0.05
  2 1 33 2 9067.12161061183 0.05
  2 1 34 2 16901.9530880518 0.05
  2 1 35 2 17426.0645367312 0.05
  2 1 36 2 17986.6472746278 0.05
  2 1 37 2 17959.0824384696 0.05
  2 1 38 2 16928.3183244145 0.05
  2 1 39 2 9350.76168303863 0.05
  2 1 40 2 6439.6651353698 0.05
  2 1 41 2 5084.51576345181 0.05
  2 1 42 2 1328.20834164937 0.05
  2 1 1 3 449.301660672828 0.05
  2 1 2 3 272.67278259308 0.05
  2 1 3 3 350.43451214992 0.05
  2 1 4 3 399.191621632346 0.05
  2 1 5 3 2806.15512316279 0.05
  2 1 6 3 3527.20669612404 0.05
  2 1 7 3 2579.90819497122 0.05
  2 1 8 3 2323.05185066568 0.05
  2 1 9 3 3127.77887280825 0.05
  2 1 10 3 2370.18966225694 0.05
  2 1 11 3 3091.70816298012 0.05
  2 1 12 3 569.570503737548 0.05
  2 1 13 3 2437.5872575856 0.05
  2 1 14 3 1367.96451814335 0.05
  2 1 15 3 966.477401994627 0.05
  2 1 16 3 1025.72737694002 0.05
  2 1 17 3 13421.2711119701 0.05
  2 1 18 3 988.674996077087 0.05
  2 1 19 3 877.064709125722 0.05
  2 1 20 3 724.71284786348 0.05
  2 1 21 3 513.763122715577 0.05
  2 1 22 3 2041.55047701497 0.05
  2 1 23 3 910.82302031941 0.05
  2 1 24 3 292.81109251643 0.05
  2 1 25 3 996.248480693184 0.05
  2 1 26 3 2011.93847410154 0.05
  2 1 27 3 2216.97361745595 0.05
  2 1 28 3 658.001422862201 0.05
  2 1 29 3 1601.37132902054 0.05
  2 1 30 3 2053.07645945986 0.05
  2 1 31 3 1563.9823299709 0.05
  2 1 32 3 652.092227243521 0.05
  2 1 33 3 173.352184030449 0.05
  2 1 34 3 132.262049014505 0.05
  2 1 35 3 138.514506700281 0.05
  2 1 36 3 2117.23208450575 0.05
  2 1 37 3 2184.97879727787 0.05
  2 1 38 3 1061.55828417872 0.05
  2 1 39 3 1055.29635138165 0.05
  2 1 40 3 1475.86911152919 0.05
  2 1 41 3 17791.5279810773 0.05
  2 1 42 3 18836.2987171043 0.05
# end catch observations 
#  
# Fishery size comp data 
# Number of observations, init_int Ncatch_size_obs 
  168
# init_matrix obs_catch_size(1,Ncatch_size_obs,1,ncol) 
# Fleet Area  Year  Species Type (0=whole, 1=retained, 2=discard) InpN, proportion by size bin 
  1 1 1 1 0 81 0.0246913580246914 0.62962962962963 0.345679012345679 0 0
  1 1 2 1 0 73 0.767123287671233 0.10958904109589 0.123287671232877 0 0
  1 1 3 1 0 65 0.907692307692308 0.0769230769230769 0.0153846153846154 0 0
  1 1 4 1 0 56 0.964285714285714 0.0178571428571429 0.0178571428571429 0 0
  1 1 5 1 0 120 0.5 0.466666666666667 0.025 0.00833333333333333 0
  1 1 6 1 0 130 0.184615384615385 0.6 0.207692307692308 0.00769230769230769 0
  1 1 7 1 0 94 0.212765957446809 0.414893617021277 0.319148936170213 0.0531914893617021 0
  1 1 8 1 0 94 0.148936170212766 0.297872340425532 0.468085106382979 0.0851063829787234 0
  1 1 9 1 0 82 0.98780487804878 0 0 0.0121951219512195 0
  1 1 10 1 0 76 0.526315789473684 0.473684210526316 0 0 0
  1 1 11 1 0 74 0.324324324324324 0.554054054054054 0.121621621621622 0 0
  1 1 12 1 0 65 0.953846153846154 0.0153846153846154 0.0307692307692308 0 0
  1 1 13 1 0 77 0.506493506493506 0.480519480519481 0.012987012987013 0 0
  1 1 14 1 0 88 0.954545454545455 0.0340909090909091 0.0113636363636364 0 0
  1 1 15 1 0 66 0.621212121212121 0.348484848484849 0.0303030303030303 0 0
  1 1 16 1 0 69 0.260869565217391 0.594202898550725 0.144927536231884 0 0
  1 1 17 1 0 43 0.976744186046512 0 0.0232558139534884 0 0
  1 1 18 1 0 34 0.764705882352941 0.235294117647059 0 0 0
  1 1 19 1 0 55 0.472727272727273 0.436363636363636 0.0909090909090909 0 0
  1 1 20 1 0 64 0.96875 0.015625 0.015625 0 0
  1 1 21 1 0 77 0.948051948051948 0.051948051948052 0 0 0
  1 1 22 1 0 67 0.567164179104478 0.373134328358209 0.0597014925373134 0 0
  1 1 23 1 0 133 0.300751879699248 0.541353383458647 0.150375939849624 0.0075187969924812 0
  1 1 24 1 0 98 0.989795918367347 0.0102040816326531 0 0 0
  1 1 25 1 0 91 0.56043956043956 0.43956043956044 0 0 0
  1 1 26 1 0 77 0.896103896103896 0.0779220779220779 0.025974025974026 0 0
  1 1 27 1 0 102 0.490196078431373 0.470588235294118 0.0392156862745098 0 0
  1 1 28 1 0 76 0.960526315789474 0.0131578947368421 0.0263157894736842 0 0
  1 1 29 1 0 110 0.490909090909091 0.481818181818182 0.0272727272727273 0 0
  1 1 30 1 0 100 0.98 0.02 0 0 0
  1 1 31 1 0 108 0.564814814814815 0.435185185185185 0 0 0
  1 1 32 1 0 118 0.254237288135593 0.601694915254237 0.135593220338983 0.00847457627118644 0
  1 1 33 1 0 129 0.162790697674419 0.434108527131783 0.372093023255814 0.0310077519379845 0
  1 1 34 1 0 90 0.222222222222222 0.377777777777778 0.3 0.1 0
  1 1 35 1 0 69 0.985507246376812 0.0144927536231884 0 0 0
  1 1 36 1 0 80 0.85 0.15 0 0 0
  1 1 37 1 0 62 0.903225806451613 0.0806451612903226 0.0161290322580645 0 0
  1 1 38 1 0 94 0.553191489361702 0.414893617021277 0.0319148936170213 0 0
  1 1 39 1 0 75 0.226666666666667 0.586666666666667 0.173333333333333 0.0133333333333333 0
  1 1 40 1 0 75 0.213333333333333 0.453333333333333 0.293333333333333 0.04 0
  1 1 41 1 0 35 0.171428571428571 0.371428571428571 0.257142857142857 0.2 0
  1 1 42 1 0 22 0.954545454545455 0 0 0.0454545454545455 0
  1 1 1 4 0 5 0 0.4 0 0 0
  1 1 2 4 0 5 0 0 0.8 0.2 0
  1 1 3 4 0 5 0 0.4 0 0 0
  1 1 4 4 0 5 0 0.4 0.6 0 0
  1 1 5 4 0 5 0 1 0 0 0
  1 1 6 4 0 5 0 0.8 0.2 0 0
  1 1 7 4 0 5 0 0.8 0 0.2 0
  1 1 8 4 0 5 0 0.2 0 0 0
  1 1 9 4 0 5 0 1 0 0 0
  1 1 10 4 0 5 0 1 0 0 0
  1 1 11 4 0 1 0 2 0 0 0
  1 1 12 4 0 5 0 1 0 0 0
  1 1 13 4 0 1 0 3 2 0 0
  1 1 14 4 0 2 0 2 0.5 0 0
  1 1 15 4 0 8 0 0.625 0 0 0
  1 1 16 4 0 3 0 1.66666666666667 0 0 0
  1 1 17 4 0 3 0 0.666666666666667 1 0 0
  1 1 18 4 0 1 0 1 3 1 0
  1 1 19 4 0 3 0 1.66666666666667 0 0 0
  1 1 20 4 0 3 0 9.33333333333333 0.666666666666667 0 0
  1 1 21 4 0 3 0 15 0.333333333333333 0 0
  1 1 22 4 0 2 0 4.5 0.5 0 0
  1 1 23 4 0 6 0 2.5 0.666666666666667 0 0
  1 1 24 4 0 1 0 58 3 0 0
  1 1 25 4 0 1 0 13 15 1 0
  1 1 26 4 0 2 0 14.5 1 0.5 0
  1 1 27 4 0 2 0 7 1 0 0
  1 1 28 4 0 4 0 7.5 0.25 0 0
  1 1 29 4 0 7 0 5.42857142857143 0.857142857142857 0 0
  1 1 30 4 0 6 0 4.16666666666667 0.5 0.166666666666667 0
  1 1 31 4 0 10 0 2.3 0.2 0 0
  1 1 32 4 0 7 0 2.85714285714286 0.285714285714286 0 0
  1 1 33 4 0 15 0 2.06666666666667 0.266666666666667 0 0
  1 1 34 4 0 19 0 1.42105263157895 0.0526315789473684 0 0
  1 1 35 4 0 13 0 3.23076923076923 0.230769230769231 0 0
  1 1 36 4 0 23 0 1.73913043478261 0.478260869565217 0 0
  1 1 37 4 0 7 0 5.85714285714286 0 0 0
  1 1 38 4 0 7 0 4.85714285714286 0.285714285714286 0 0
  1 1 39 4 0 19 0 1 0.0526315789473684 0 0
  1 1 40 4 0 25 0 0.2 0.32 0.04 0
  1 1 41 4 0 31 0 0.451612903225806 0.0645161290322581 0.032258064516129 0
  1 1 42 4 0 31 0 0.548387096774194 0.225806451612903 0 0
  2 1 1 2 0 2 0 0.5 0 0 0
  2 1 2 2 0 5 0 0.8 0.2 0 0
  2 1 3 2 0 2 0 1 1.5 0 0
  2 1 4 2 0 5 0 0.2 0 0 0
  2 1 5 2 0 5 0 1.2 0 0 0
  2 1 6 2 0 5 0 0.8 0 0 0
  2 1 7 2 0 5 0 1 0 0 0
  2 1 8 2 0 1 0 1 0 0 0
  2 1 9 2 0 5 0 0.2 0 0 0
  2 1 10 2 0 5 0 0.2 0 0 0
  2 1 11 2 0 2 0 0.5 0.5 0 0
  2 1 12 2 0 5 0 0.8 0.2 0 0
  2 1 13 2 0 5 0 0.8 0 0 0
  2 1 14 2 0 5 0 1.6 0 0 0
  2 1 15 2 0 5 0 2.2 0 0 0
  2 1 16 2 0 5 0 1 0 0 0
  2 1 17 2 0 5 0 1 0 0 0
  2 1 18 2 0 5 0 0.2 0 0 0
  2 1 19 2 0 5 0 0.2 0 0 0
  2 1 20 2 0 30 0 0.133333333333333 0 0 0
  2 1 21 2 0 46 0 0.0652173913043478 0 0 0
  2 1 22 2 0 10 0 0.4 0 0 0
  2 1 23 2 0 19 0 0.157894736842105 0 0 0
  2 1 24 2 0 61 0 0.0163934426229508 0.0327868852459016 0 0
  2 1 25 2 0 29 0 0.0689655172413793 0 0 0
  2 1 26 2 0 32 0 0.09375 0.03125 0 0
  2 1 27 2 0 16 0 0.3125 0 0 0
  2 1 28 2 0 31 0 0.0645161290322581 0.0645161290322581 0 0
  2 1 29 2 0 44 0 0.0909090909090909 0 0 0
  2 1 30 2 0 29 0 0.758620689655172 0.0689655172413793 0 0
  2 1 31 2 0 25 0 0.4 0 0 0
  2 1 32 2 0 22 0 0.5 0.0454545454545455 0 0
  2 1 33 2 0 35 0 0.114285714285714 0 0 0
  2 1 34 2 0 28 0 0.214285714285714 0 0 0
  2 1 35 2 0 45 0 0.0444444444444444 0 0 0
  2 1 36 2 0 51 0 0.176470588235294 0.0196078431372549 0 0
  2 1 37 2 0 41 0 0.195121951219512 0.024390243902439 0 0
  2 1 38 2 0 36 0 0.305555555555556 0.0555555555555556 0 0
  2 1 39 2 0 20 0 0.8 0 0 0
  2 1 40 2 0 14 0 1.42857142857143 0.428571428571429 0.0714285714285714 0
  2 1 41 2 0 17 0 0.705882352941177 0.176470588235294 0 0
  2 1 42 2 0 24 0 0.541666666666667 0.125 0 0
  2 1 1 3 0 1 0 5 0 0 0
  2 1 2 3 0 5 0.8 0.2 0 0 0
  2 1 3 3 0 5 1 0 0 0 0
  2 1 4 3 0 1 5 0 0 0 0
  2 1 5 3 0 6 0.833333333333333 0 0 0 0
  2 1 6 3 0 4 1.25 0 0 0 0
  2 1 7 3 0 5 0.8 0.2 0 0 0
  2 1 8 3 0 1 4 1 0 0 0
  2 1 9 3 0 1 5 0 0 0 0
  2 1 10 3 0 1 5 0 0 0 0
  2 1 11 3 0 2 0.5 0 0 0 0
  2 1 12 3 0 5 1 0 0 0 0
  2 1 13 3 0 4 0.25 0 0 0 0
  2 1 14 3 0 8 0.25 0 0 0 0
  2 1 15 3 0 11 0.727272727272727 0 0 0 0
  2 1 16 3 0 5 0.6 0 0 0 0
  2 1 17 3 0 5 0.6 0 0 0 0
  2 1 18 3 0 1 1 0 0 0 0
  2 1 19 3 0 1 3 0 0 0 0
  2 1 20 3 0 4 0.75 0 0 0 0
  2 1 21 3 0 3 1 0 0 0 0
  2 1 22 3 0 4 0.5 0 0 0 0
  2 1 23 3 0 3 2 0 0 0 0
  2 1 24 3 0 3 0.333333333333333 0 0 0 0
  2 1 25 3 0 2 0.5 0 0 0 0
  2 1 26 3 0 4 0.5 0 0 0 0
  2 1 27 3 0 5 0.4 0 0 0 0
  2 1 28 3 0 4 1 0 0 0 0
  2 1 29 3 0 4 1.75 0 0 0 0
  2 1 30 3 0 24 0.208333333333333 0.0416666666666667 0 0 0
  2 1 31 3 0 10 0.9 0.1 0 0 0
  2 1 32 3 0 12 0.583333333333333 0 0 0 0
  2 1 33 3 0 4 3.25 0.5 0 0 0
  2 1 34 3 0 6 3.16666666666667 0 0 0 0
  2 1 35 3 0 2 6.5 0 0 0 0
  2 1 36 3 0 10 2.3 0 0 0 0
  2 1 37 3 0 9 0.777777777777778 0 0 0 0
  2 1 38 3 0 13 0.538461538461538 0 0 0 0
  2 1 39 3 0 16 1.125 0.0625 0 0 0
  2 1 40 3 0 27 0.666666666666667 0.259259259259259 0 0 0
  2 1 41 3 0 15 1.26666666666667 0.8 0 0 0
  2 1 42 3 0 16 1.875 0.0625 0 0 0
# end fishery length observations 
#  
# Survey diet proportion observations 
# Number of observations, init_int Ndietprop_obs 
  115
# init_matrix obs_dietprop(1,Ndietprop_obs,1,ncol) 
# Survey  Year  Predator  Predator_size InpN  wt_prey_1 wt_prey_2 wt_prey_3 wt_prey_4 wt_prey_5 wt_prey_6 wt_prey_7 wt_prey_8 wt_prey_9 wt_prey_10 wt_prey_11 other 
  1 12 1 2 100 0.05 0 0 0 0.95
  1 12 1 3 100 0.69 0 0 0 0.31
  1 13 1 3 100 0 0.09 0 0 0.91
  1 13 1 4 100 0 0.96 0 0 0.04
  1 15 1 2 100 0 0.03 0 0 0.97
  1 18 1 1 100 0.54 0 0 0 0.46
  1 18 1 2 100 0.05 0 0 0 0.95
  1 18 1 3 100 0 0.18 0 0 0.82
  1 19 1 2 100 0 0.28 0 0 0.72
  1 19 1 3 100 0 0.18 0 0 0.82
  1 20 1 3 100 0 0.1 0 0 0.9
  1 21 1 2 100 0 0.05 0 0 0.95
  1 21 1 3 100 0 0.2 0 0 0.8
  1 24 1 3 100 0 0.35 0 0 0.65
  1 25 1 3 100 0 0.31 0 0 0.69
  1 26 1 3 100 0 0.22 0.35 0 0.43
  1 27 1 3 100 0 0.22 0.15 0 0.63
  1 28 1 3 100 0 0.76 0 0 0.24
  1 33 1 3 100 0 0.13 0 0 0.87
  1 34 1 3 100 0 0.24 0 0 0.76
  1 35 1 3 100 0 0.31 0 0 0.69
  1 38 1 3 100 0 0.07 0 0 0.93
  1 39 1 3 100 0 0.37 0 0 0.63
  1 40 1 2 100 0 0.27 0 0 0.73
  1 41 1 2 100 0 0 0.66 0 0.34
  2 2 1 4 100 0.01 0 0 0 0.99
  2 11 1 3 100 0 0 0 0 1
  2 14 1 3 100 0 0 0 0 1
  2 14 1 4 100 0 0.01 0 0 0.99
  2 15 1 3 100 0 0.53 0 0 0.47
  2 16 1 3 100 0 0.22 0.13 0 0.65
  2 16 1 4 100 0 0.1 0 0 0.9
  2 19 1 3 100 0 0.5 0 0 0.5
  2 19 1 4 100 0 0.53 0 0 0.47
  2 21 1 3 100 0 0.67 0 0 0.33
  2 21 1 4 100 0 0.73 0 0 0.27
  2 22 1 3 100 0 0.01 0 0 0.99
  2 23 1 3 100 0 0.15 0 0 0.85
  2 24 1 3 100 0 0.06 0 0 0.94
  2 24 1 4 100 0 0.18 0 0 0.82
  2 25 1 2 100 0 0 0.02 0 0.98
  2 25 1 3 100 0 0.03 0 0 0.97
  2 26 1 3 100 0 0.42 0 0 0.58
  2 27 1 3 100 0 0 0.17 0 0.83
  2 27 1 4 100 0 0.32 0 0 0.68
  2 29 1 3 100 0 0 0 0.02 0.98
  2 33 1 3 100 0 0 0.01 0 0.99
  2 35 1 1 100 0 1 0 0 0
  2 35 1 2 100 0 0.06 0 0 0.94
  2 35 1 3 100 0 0.44 0 0 0.56
  2 36 1 3 100 0 0.44 0 0 0.56
  2 39 1 3 100 0 0 0.42 0 0.58
  2 40 1 2 100 0 0.12 0.11 0 0.77
  2 36 2 3 100 0 0.04 0 0 0.96
  2 30 3 2 100 0 0.29 0 0 0.71
  2 30 3 4 100 0 0.48 0 0 0.52
  1 8 4 2 100 0 0.04 0.02 0 0.94
  1 8 4 3 100 0 0 0.31 0 0.69
  1 11 4 3 100 0 0 0.77 0 0.23
  1 13 4 2 100 0 0.06 0 0 0.94
  1 13 4 3 100 1 0 0 0 0
  1 13 4 4 100 0 0.03 0 0 0.97
  1 14 4 3 100 0 0.03 0 0 0.97
  1 15 4 3 100 0 0 0 0.01 0.99
  1 15 4 4 100 0 0.08 0 0 0.92
  1 16 4 3 100 0 0.23 0 0 0.77
  1 16 4 4 100 0 0.39 0 0 0.61
  1 17 4 3 100 0 0.15 0.01 0 0.84
  1 18 4 3 100 0 0.32 0 0 0.68
  1 19 4 2 100 0 0.19 0.07 0 0.74
  1 19 4 3 100 0 0 0.13 0 0.87
  1 20 4 2 100 0 0.22 0 0 0.78
  1 20 4 3 100 0 0.23 0.09 0 0.68
  1 21 4 3 100 0 0.16 0.04 0 0.8
  1 22 4 2 100 0 0.97 0 0 0.03
  1 23 4 3 100 0 0.04 0 0 0.96
  1 24 4 3 100 0 0.15 0 0 0.85
  1 25 4 3 100 0 0.17 0 0 0.83
  1 25 4 4 100 0.01 0.05 0 0 0.94
  1 26 4 3 100 0 0.1 0 0 0.9
  1 27 4 2 100 0 0.13 0 0 0.87
  1 27 4 3 100 0 0.04 0 0 0.96
  1 28 4 2 100 0 0.8 0 0 0.2
  1 28 4 3 100 0 0.23 0 0 0.77
  1 29 4 3 100 0 0.14 0.08 0 0.78
  1 31 4 3 100 0 0.6 0 0 0.4
  1 31 4 4 100 0 0 0.26 0 0.74
  1 34 4 3 100 0 0 0.16 0 0.84
  1 40 4 3 100 0 0.11 0 0 0.89
  1 40 4 4 100 0 0.35 0 0 0.65
  1 42 4 3 100 0 1 0 0 0
  2 6 4 3 100 0 0 0.1 0 0.9
  2 8 4 3 100 0 0 0.11 0 0.89
  2 9 4 4 100 0 0 0 0.01 0.99
  2 14 4 4 100 0.03 0 0 0 0.97
  2 15 4 3 100 0 0.02 0 0 0.98
  2 16 4 3 100 0 0.04 0 0 0.96
  2 17 4 2 100 0 0.05 0 0 0.95
  2 18 4 3 100 0 0 0 0 1
  2 19 4 3 100 0 0.18 0 0 0.82
  2 21 4 3 100 0 0.09 0 0 0.91
  2 22 4 3 100 0 0.24 0 0 0.76
  2 23 4 3 100 0 0.13 0.04 0 0.83
  2 24 4 3 100 0 0.33 0.19 0 0.48
  2 25 4 3 100 0 0.24 0 0 0.76
  2 25 4 4 100 0 0 0.84 0 0.16
  2 27 4 3 100 0 0.13 0 0 0.87
  2 30 4 3 100 0 0.25 0 0 0.75
  2 33 4 3 100 0 0.11 0 0 0.89
  2 34 4 3 100 0 1 0 0 0
  2 35 4 3 100 0 0.68 0 0 0.32
  2 36 4 2 100 0 0.54 0 0 0.46
  2 36 4 3 100 0 0.86 0 0 0.14
  2 37 4 3 100 0 0.14 0 0 0.86
  2 42 4 3 100 0 0 0.72 0 0.28
# end survey diet proportion observations 
#  
