# This file was created using the write_tsDatFile function and used all the simulated data from sim_dta.rds found in repo:Hydra-self-testing
# Survey index data 
# Number of observations, init_int Nsurvey_obs
  329
# init_matrix obs_survey_biomass(1,Nsurvey_obs,1,5)
# survey year spp value cv
  1 1 4 12.8416825974945 0.212720515437525
  2 1 4 10.3605828230804 0.25363203301826
  1 2 4 12.4530434264392 0.222168779300385
  2 2 4 10.2999433467641 0.187773345626693
  1 3 4 12.9950710596094 0.394113240257454
  2 3 4 9.96501172943753 0.423618201694685
  1 4 4 12.4910380253986 0.310035034727007
  2 4 4 10.2354233677684 0.327069686277164
  1 5 4 12.5895049727749 0.378629084128514
  2 5 4 10.6198070451578 0.391316523019912
  1 6 4 11.5181286611474 0.494427832556011
  2 6 4 9.86309407506352 0.376280830351703
  1 7 4 12.6016766505789 0.759062286891916
  2 7 4 10.0114642617904 0.665352569827422
  1 8 4 12.2078679237622 0.383150869515862
  2 8 4 9.87411552024388 0.433685089735353
  1 9 4 12.7968336269736 0.48934963094834
  2 9 4 9.96664078185906 0.392371299771634
  1 10 4 12.6501949927442 0.382452035825211
  2 10 4 9.83620503779578 0.333798529002863
  1 11 4 11.8668788781892 0.566792532611316
  2 11 4 10.2803720100497 0.868042030585988
  1 12 4 12.4168287602917 0.381518572031255
  2 12 4 9.9557116342685 0.445144789260538
  1 13 4 12.0456705277375 0.438380584739347
  2 13 4 8.12794322035714 0.947226139495183
  1 14 4 12.8200154159949 0.482345652338289
  2 14 4 10.3613267362327 0.377075764230608
  1 15 4 12.1221355784219 0.420835086749712
  2 15 4 9.31500661983803 0.614716212748607
  1 16 4 11.9931393733242 0.515165860253858
  2 16 4 10.48750566856 0.704031323768783
  1 17 4 12.6592591742706 0.559532625975744
  2 17 4 9.90854388110269 0.319774204956139
  1 18 4 11.9106828495798 0.479008946214672
  2 18 4 10.4185076184574 0.41351869139049
  1 19 4 11.1925602286122 0.429419179801904
  2 19 4 9.99814547518561 0.387615780132326
  1 20 4 11.7451483303685 0.477074256852948
  2 20 4 9.37954770356763 0.315868813200741
  1 21 4 11.6705588996438 0.410621521476155
  2 21 4 10.5373894010455 0.630050999524052
  1 22 4 12.2240278824439 0.294672690077384
  2 22 4 9.18852958674676 0.335469505128288
  1 23 4 12.018476094818 0.477447511398437
  2 23 4 8.8108299067295 0.407625761955908
  1 24 4 12.188544875879 0.384568504019134
  2 24 4 9.14137704089159 0.43049173366256
  1 25 4 12.1857193945922 0.333261603198005
  2 25 4 7.7990899332023 0.843960441627036
  1 26 4 13.1752120795589 0.685474246042822
  2 26 4 10.1220640516771 0.429620783824035
  1 27 4 11.3091465621552 0.286882992344226
  2 27 4 9.88428462424216 0.81343687860715
  1 28 4 11.4848670198052 0.371822434434906
  2 28 4 8.74388494257091 0.53327636373572
  1 29 4 10.6043351074492 0.592639130460935
  2 29 4 8.00131771986545 0.590339711107796
  1 30 4 11.6371036480999 0.374062101432949
  2 30 4 8.56246375510253 0.701775131617819
  1 31 4 11.1989137902785 0.304499664309564
  2 31 4 8.70653287643387 0.210828956182955
  1 32 4 11.1527017504953 0.233962995093855
  2 32 4 8.86551969736573 0.329779252894958
  1 33 4 11.1456268031246 0.270006842918168
  2 33 4 8.69865336499872 0.460124990024536
  1 34 4 11.8963852364922 0.350007507053818
  2 34 4 8.76308955393383 0.837656243552001
  1 35 4 11.4661888078796 0.34274593698132
  2 35 4 8.79160541901296 0.291986952078346
  1 36 4 12.0044304484993 0.261906583866089
  2 36 4 8.24013858217636 0.425399553458769
  1 37 4 12.4832242048081 0.417429035160016
  2 37 4 8.99878017211504 0.287702894520317
  1 38 4 11.8872399308973 0.441211421515246
  2 38 4 10.2714822214489 0.866971810340233
  1 39 4 11.799115260461 0.495234601454268
  2 39 4 8.46857328600334 0.556663444153977
  1 40 4 12.0044992381056 0.237858203733512
  2 40 4 9.27843117677884 0.295404104464232
  1 41 4 11.6369567264089 0.327346172729995
  2 41 4 9.06266554583243 0.994030515469621
  1 42 4 11.9393606658493 0.368315456462939
  2 42 4 8.89145490348825 0.461505384764764
  1 1 2 3.5103786501476 0.601375663623589
  2 1 2 3.80055048212977 0.565196579518992
  2 2 2 4.51331510143886 0.686052062200317
  2 3 2 4.52279509849247 0.378997614818957
  1 4 2 3.99748689446889 1
  2 4 2 3.5618004069592 0.459316778181236
  1 5 2 3.47025040540073 0.611089023955187
  2 5 2 2.09764102868622 0.780615956536472
  1 6 2 3.13263935593819 0.702037850017464
  2 6 2 3.59399546608444 0.461790555986525
  1 7 2 4.79444092149663 0.948289691951521
  2 7 2 2.84668684474726 0.685175011742778
  1 8 2 4.16566112495374 0.544380631361087
  2 8 2 3.83400032549345 0.424096495665332
  1 9 2 3.88165346114955 0.5393131982084
  2 9 2 4.06870808879018 0.454629127333952
  1 10 2 4.17268433812082 0.88095039530815
  2 10 2 4.40102381800771 0.419344308350161
  1 11 2 3.8315548476412 0.799987970388403
  2 11 2 6.34617393344972 0.839124360078806
  1 12 2 4.90748940194162 0.774991903603438
  2 12 2 4.92148010452909 0.424721667998453
  1 13 2 5.54005644558249 0.863215133786584
  2 13 2 4.66555488128415 0.387073469025502
  1 14 2 4.80187517372566 0.704083892007286
  2 14 2 4.22011341949795 0.312793018147624
  1 15 2 4.22473586793511 0.457459057188701
  2 15 2 3.71275740056422 0.459652287866146
  1 16 2 3.61742836809124 0.853197309912465
  2 16 2 3.47538926162461 0.628928805514438
  1 17 2 2.56416640758088 0.61116783920211
  2 17 2 3.96066942724465 0.3895964128798
  1 18 2 6.92666586641744 0.416775375911518
  2 18 2 6.70708835092304 0.495180348393774
  1 19 2 7.3756848015796 0.69077510766454
  2 19 2 7.46021417903833 0.347120352110889
  1 20 2 7.70893100421518 0.793751288508348
  2 20 2 7.29405514748563 0.526946514998015
  1 21 2 7.73635316478183 0.339376634127756
  2 21 2 9.09715529987156 0.609998621037514
  1 22 2 7.17268540433663 0.601950919776798
  2 22 2 8.48259805023424 0.389299707202565
  1 23 2 8.96353939234442 0.658556209578282
  2 23 2 7.70954118216355 0.288585466763824
  1 24 2 8.41735354561131 0.637453135075156
  2 24 2 7.75639984029031 0.480513100150493
  1 25 2 7.88397916973779 0.510473149998029
  2 25 2 7.06678364399667 0.338488147626423
  1 26 2 7.51704161867028 0.548437091427541
  2 26 2 8.19466184410927 0.345955330423839
  1 27 2 8.11108955526021 0.492912195981742
  2 27 2 7.66588448001788 0.33164245084141
  1 28 2 7.25776052587865 0.747597319880804
  2 28 2 7.65431647603435 0.447853531697379
  1 29 2 8.17711847316728 0.451616070879294
  2 29 2 7.73647727830598 0.305275882623724
  1 30 2 8.83507650254351 0.797269558848634
  2 30 2 8.23630276184093 0.605264936420634
  1 31 2 9.44831672853849 0.666772556553203
  2 31 2 9.36041510771243 0.359836468902791
  1 32 2 9.73653539505178 0.96787270074405
  2 32 2 10.2705648123118 0.422601396160012
  1 33 2 9.65701745970043 0.404694020855087
  2 33 2 9.53711975379343 0.465820030674526
  1 34 2 9.44682754540736 0.814873375751391
  2 34 2 9.04795926316961 0.505954372112585
  1 35 2 9.1508271759545 0.533219898766676
  2 35 2 9.67706974835725 0.287403659199158
  1 36 2 9.64038691693518 0.371953858881132
  2 36 2 9.9835657267813 0.365560779244073
  1 37 2 9.65867815662583 0.791301167226987
  2 37 2 9.42887883014336 0.487536998609889
  1 38 2 10.0662873397701 0.633364993316759
  2 38 2 8.7075275949341 0.644823084547079
  1 39 2 7.01961590666371 0.827253682697507
  2 39 2 9.24550612716246 0.354235596542703
  1 40 2 10.0010566609143 0.900216415173481
  2 40 2 9.01776690326261 0.395846441583114
  1 41 2 8.5339416450799 0.957770995377006
  2 41 2 9.01866911797406 0.496084887173497
  1 42 2 8.79897906049928 0.55870584954739
  2 42 2 8.89408384519025 0.604660139936764
  1 1 1 9.97120727564814 0.241799049430762
  2 1 1 10.9783763086395 0.250018379470286
  1 2 1 9.88936242788855 0.142636213550947
  2 2 1 10.798383943785 0.163647146277456
  1 3 1 9.88641642219303 0.225478190042395
  2 3 1 10.6960611047851 0.192013183632222
  1 4 1 10.1488930013766 0.323579734794357
  2 4 1 10.5275577497353 0.162432383538487
  1 5 1 9.99749422264303 0.320666395151501
  2 5 1 8.85025064970361 0.822390366318268
  1 6 1 10.161303481094 0.452044832991261
  2 6 1 10.0696321093882 0.192408532269243
  1 7 1 9.99310650035529 0.28209645893665
  2 7 1 10.3131069572583 0.262097825842625
  1 8 1 9.84312560514771 0.414010381101596
  2 8 1 10.4483858833245 0.189959250209439
  1 9 1 10.0005084800871 0.40638853202345
  2 9 1 10.2300500375341 0.178404315527443
  1 10 1 9.00262843520695 0.290993157294119
  2 10 1 10.1496989080557 0.156753980046499
  1 11 1 9.90069412561707 0.324615016521962
  2 11 1 10.1411328062932 0.174348711952217
  1 12 1 9.9378495709488 0.294780938380682
  2 12 1 10.242795633491 0.195232854572048
  1 13 1 8.75136207259909 0.440402569626277
  2 13 1 10.097867951253 0.185762358850192
  1 14 1 9.71530771568754 0.372421878022742
  2 14 1 9.32881869699387 0.151581173531864
  1 15 1 8.76782952069584 0.341871348717721
  2 15 1 9.01182178335477 0.233364310094868
  1 16 1 8.60734533386408 0.416897355424411
  2 16 1 9.06977631014721 0.283802183917676
  1 17 1 8.11084524679677 0.500820840736393
  2 17 1 8.11805282725301 0.495024013362717
  1 18 1 7.72030272221959 0.389853340834037
  2 18 1 8.95211085676886 0.390988792530431
  1 19 1 8.51269623756841 0.293941849282161
  2 19 1 9.02046473508413 0.322403741112933
  1 20 1 8.14106504603854 0.525509720403112
  2 20 1 8.62709364286661 0.218361153170241
  1 21 1 8.12829489367205 0.266433769579894
  2 21 1 9.45202970725681 0.421115605185845
  1 22 1 8.98015664400853 0.374831371194202
  2 22 1 9.07131135347978 0.227391091044855
  1 23 1 8.33714921552723 0.352011231642473
  2 23 1 8.99403852091197 0.384269029090844
  1 24 1 7.96360351093065 0.34725908523047
  2 24 1 9.01317082139613 0.331291933735556
  1 25 1 9.09402969915365 0.578696888706846
  2 25 1 9.10188482967476 0.247394190789157
  1 26 1 7.16484961078817 0.459728456052307
  2 26 1 8.25483298386836 0.394189312610479
  1 27 1 7.46070655305079 0.539982548576019
  2 27 1 8.24074444994641 0.72948972943007
  1 28 1 8.8451726605621 0.364309332200766
  2 28 1 8.47961548296921 0.278656828353639
  1 29 1 9.06155814334291 0.562793580097325
  2 29 1 8.51015373522783 0.316141323613091
  1 30 1 8.21909213873242 0.420348818797864
  2 30 1 9.00372529943589 0.30511736182771
  1 31 1 8.07170964671409 0.403753427903273
  2 31 1 8.70122702312874 0.278331587636247
  1 32 1 7.26355280948215 0.491331418922754
  2 32 1 8.19198081730057 0.329726795744574
  1 33 1 7.4291611991269 0.537081122476055
  2 33 1 8.03130276697705 0.33086845072982
  1 34 1 6.73763931434994 0.379030815152119
  2 34 1 6.89899184202586 0.278881417082292
  1 35 1 6.10561528212401 0.519511456600017
  2 35 1 7.04260133067723 0.27351876283918
  1 36 1 6.15918544197436 0.556056214854877
  2 36 1 5.0635723344614 0.714061811185508
  1 37 1 6.12243263013038 0.588197671943964
  2 37 1 7.30333747529756 0.340315242626747
  1 38 1 6.32572466075882 0.324588369174256
  2 38 1 7.22509648058372 0.300199803594678
  1 39 1 6.68583771982241 0.501841796783066
  2 39 1 7.24769759838006 0.438397059851219
  1 40 1 6.26158091528137 0.403101009292275
  2 40 1 6.63480183557317 0.410378233550251
  1 41 1 6.47873146421509 0.478602624152216
  2 41 1 6.50940652087639 0.362128776577143
  1 42 1 9.02260702811481 0.646634922078809
  2 42 1 8.18854235322653 0.816170985475773
  1 1 3 3.99833654835503 0.499484636786782
  1 2 3 4.81260752311744 0.358153914340203
  2 2 3 5.97501220626204 0.577110518633802
  1 3 3 4.49973530549548 0.678339172154909
  2 3 3 4.79812452412744 0.738121970739642
  1 4 3 4.34275932886369 1
  2 4 3 5.26616336657321 0.52056341701904
  1 5 3 5.07764349984596 0.693225535250834
  2 5 3 5.17798603789561 1
  1 6 3 5.5031223477651 1
  2 6 3 6.18718880895076 0.48452157876779
  1 7 3 5.57471605107508 0.912293822979085
  1 8 3 5.56968855881944 0.655734850091527
  2 8 3 5.83864333523584 0.750382084373246
  1 9 3 5.24448083672824 0.670809892238012
  2 9 3 6.32461128257778 0.47273108889926
  1 10 3 4.59006654036914 0.631102684426709
  2 10 3 5.83212153485333 0.919260399745188
  1 11 3 5.01767078610026 0.496475444687371
  1 12 3 6.15426724445828 0.740682868109632
  2 12 3 6.62218218244784 1
  1 13 3 4.48300879473732 0.360862225436052
  1 14 3 4.60067460868794 0.547901331396328
  2 14 3 6.24839698618973 0.478873954421528
  1 15 3 5.66091352422864 0.429608216382601
  2 15 3 6.13020040801117 0.654713783069401
  1 16 3 4.97589354583111 0.69118921143411
  2 16 3 6.87755015927793 0.8614889831113
  1 17 3 5.24055887125225 0.426971754606328
  2 17 3 5.52238703256828 0.572182042928152
  1 18 3 5.60793909693958 0.505524319387353
  2 18 3 6.28632025628648 0.488492827246527
  1 19 3 5.07711860800678 0.644591984223249
  2 19 3 5.71188866070081 0.51925665989311
  1 20 3 4.07106228184314 0.899065435378594
  2 20 3 7.12301908639686 0.59569628754064
  1 21 3 6.48827384401246 0.543826822033971
  2 21 3 6.33100993241638 0.466111862829518
  1 22 3 4.84493853842137 0.88174616562504
  2 22 3 6.83907551736763 0.568444982816852
  1 23 3 5.90775446989772 0.408104676406013
  2 23 3 7.02590068148136 0.357346049869971
  1 24 3 6.4910048602007 0.92608255019157
  2 24 3 7.04448711079039 0.539541007788685
  1 25 3 5.33653989266627 0.648664057223823
  2 25 3 8.30136107275498 0.576168087832409
  1 26 3 4.80762515725023 0.695927823776047
  2 26 3 6.2758577407025 0.549529982814455
  1 27 3 4.38072807010308 0.708713243925404
  2 27 3 6.95124987191772 0.496269825160911
  1 28 3 6.95675551176026 0.489543853646182
  1 29 3 6.14104178129625 0.703511357168505
  2 29 3 7.78411653038508 0.875017095315649
  1 30 3 6.49568759259626 0.631659802692532
  2 30 3 5.63373064345978 0.908152223575802
  1 31 3 6.60122780451044 0.626570332091694
  2 31 3 7.2408895346176 0.712465807947941
  1 32 3 5.82129337015807 0.661895735249442
  2 32 3 7.33104711275107 0.86012943797605
  1 33 3 6.62827674533592 0.783155911787346
  2 33 3 7.36330483231397 0.598390099709208
  1 34 3 7.28148196940329 0.542775440757204
  2 34 3 8.52691934435328 0.743173480285892
  1 35 3 7.7716231303057 0.870542376054271
  2 35 3 8.65108397685665 0.446478967244395
  1 36 3 6.46332269493023 0.492193512682958
  2 36 3 8.56782701454653 0.490110041691513
  1 37 3 5.8045011146978 0.909630520329322
  2 37 3 8.47228798499632 0.433872317628348
  1 38 3 7.17619297705636 0.644773009949607
  2 38 3 8.21132906921413 0.484949159815328
  1 39 3 7.34402387564855 0.515045488987725
  2 39 3 8.93548334031208 0.388710136036013
  1 40 3 7.98872282057174 0.442573167063876
  2 40 3 9.35835888447317 0.395139923022642
  1 41 3 7.22770798717574 0.88587618368699
  2 41 3 8.76835328313111 0.537531419606343
  1 42 3 13.2454579774172 0.983269433580366
  2 42 3 10.0373929649913 0.849696423298534
# end survey index observations 
#  
# Survey size comp data 
# Number of observations, init_int Nsurvey_size_obs 
  329
# init_matrix obs_survey_size(1,Nsurvey_size_obs,1,ncol) 
# Survey  Year  Species Type (0=whole, 1=retained, 2=discard) InpN, proportion by length bin 
  1 1 1 0 57 0 0.473684210526316 0.456140350877193 0.0526315789473684 0.0175438596491228
  1 2 1 0 65 0 0.369230769230769 0.415384615384615 0.215384615384615 0
  1 3 1 0 32 0 0.3125 0.46875 0.21875 0
  1 4 1 0 32 0.03125 0.6875 0.15625 0.125 0
  1 5 1 0 21 0 0.714285714285714 0.238095238095238 0.0476190476190476 0
  1 6 1 0 18 0.0555555555555556 0.388888888888889 0.444444444444444 0.111111111111111 0
  1 7 1 0 25 0.12 0.4 0.44 0.04 0
  1 8 1 0 20 0 0.6 0.3 0.1 0
  1 9 1 0 16 0 0.6875 0.3125 0 0
  1 10 1 0 19 0.0526315789473684 0.473684210526316 0.421052631578947 0.0526315789473684 0
  1 11 1 0 20 0.1 0.7 0.2 0 0
  1 12 1 0 22 0 0.909090909090909 0.0909090909090909 0 0
  1 13 1 0 23 0 0.782608695652174 0.173913043478261 0.0434782608695652 0
  1 14 1 0 14 0 0.5 0.5 0 0
  1 15 1 0 21 0.0476190476190476 0.380952380952381 0.380952380952381 0.19047619047619 0
  1 16 1 0 14 0.0714285714285714 0.642857142857143 0.142857142857143 0.142857142857143 0
  1 17 1 0 17 0 0.705882352941177 0.235294117647059 0.0588235294117647 0
  1 18 1 0 19 0 0.789473684210526 0.105263157894737 0.105263157894737 0
  1 19 1 0 18 0.0555555555555556 0.611111111111111 0.277777777777778 0.0555555555555556 0
  1 20 1 0 15 0 0.6 0.266666666666667 0.133333333333333 0
  1 21 1 0 21 0 0.523809523809524 0.476190476190476 0 0
  1 22 1 0 13 0.0769230769230769 0.615384615384615 0.307692307692308 0 0
  1 23 1 0 14 0 0.714285714285714 0.285714285714286 0 0
  1 24 1 0 14 0 0.642857142857143 0.357142857142857 0 0
  1 25 1 0 18 0.0555555555555556 0.722222222222222 0.222222222222222 0 0
  1 26 1 0 14 0 0.571428571428571 0.428571428571429 0 0
  1 27 1 0 23 0.0434782608695652 0.347826086956522 0.565217391304348 0.0434782608695652 0
  1 28 1 0 14 0.142857142857143 0.714285714285714 0 0.142857142857143 0
  1 29 1 0 17 0 0.705882352941177 0.294117647058824 0 0
  1 30 1 0 18 0 0.5 0.5 0 0
  1 31 1 0 20 0 0.5 0.35 0.15 0
  1 32 1 0 10 0 0.4 0.6 0 0
  1 33 1 0 15 0 0.466666666666667 0.4 0.133333333333333 0
  1 34 1 0 18 0 0.5 0.388888888888889 0.111111111111111 0
  1 35 1 0 8 0 0.75 0.125 0.125 0
  1 36 1 0 12 0 0.916666666666667 0.0833333333333333 0 0
  1 37 1 0 8 0.125 0.75 0.125 0 0
  1 38 1 0 16 0.125 0.625 0.25 0 0
  1 39 1 0 10 0.1 0.6 0.2 0.1 0
  1 40 1 0 10 0 0.4 0.5 0.1 0
  1 41 1 0 13 0 0.615384615384615 0.384615384615385 0 0
  1 42 1 0 8 0.125 0.75 0.125 0 0
  1 1 2 0 11 0 0 0.545454545454545 0.363636363636364 0.0909090909090909
  1 4 2 0 1 0 0 0 1 0
  1 5 2 0 5 0 0.2 0.4 0.4 0
  1 6 2 0 1 0 1 0 0 0
  1 7 2 0 3 0 0 0.333333333333333 0.666666666666667 0
  1 8 2 0 4 0 0 0.5 0.5 0
  1 9 2 0 5 0 0.2 0.4 0.4 0
  1 10 2 0 10 0 0 0.8 0.2 0
  1 11 2 0 13 0 0 0.692307692307692 0.307692307692308 0
  1 12 2 0 15 0 0 0.4 0.6 0
  1 13 2 0 9 0 0 0.222222222222222 0.777777777777778 0
  1 14 2 0 6 0 0 0.333333333333333 0.666666666666667 0
  1 15 2 0 13 0 0 0.0769230769230769 0.923076923076923 0
  1 16 2 0 10 0 0 0.1 0.9 0
  1 17 2 0 10 0 1 0 0 0
  1 18 2 0 18 0 0 1 0 0
  1 19 2 0 27 0 0 0.851851851851852 0.148148148148148 0
  1 20 2 0 23 0 0 0.565217391304348 0.434782608695652 0
  1 21 2 0 25 0 0 0.56 0.44 0
  1 22 2 0 9 0 0 0.222222222222222 0.777777777777778 0
  1 23 2 0 8 0 0 0.25 0.75 0
  1 24 2 0 9 0 0 0.555555555555556 0.444444444444444 0
  1 25 2 0 14 0 0 0.285714285714286 0.714285714285714 0
  1 26 2 0 18 0 0 0.111111111111111 0.888888888888889 0
  1 27 2 0 16 0 0 0.5 0.5 0
  1 28 2 0 6 0 0 0.5 0.5 0
  1 29 2 0 8 0 0 0.375 0.625 0
  1 30 2 0 17 0 0.0588235294117647 0.588235294117647 0.352941176470588 0
  1 31 2 0 9 0 0 0.777777777777778 0.222222222222222 0
  1 32 2 0 30 0 0 0.533333333333333 0.466666666666667 0
  1 33 2 0 24 0 0 0.458333333333333 0.541666666666667 0
  1 34 2 0 25 0 0 0.64 0.36 0
  1 35 2 0 16 0 0 0.625 0.375 0
  1 36 2 0 13 0 0.0769230769230769 0.307692307692308 0.615384615384615 0
  1 37 2 0 8 0 0 0.375 0.625 0
  1 38 2 0 10 0 0 0.4 0.6 0
  1 39 2 0 13 0 0 0.153846153846154 0.846153846153846 0
  1 40 2 0 8 0 0 0.5 0.5 0
  1 41 2 0 5 0 0 0.2 0.8 0
  1 42 2 0 17 0 0.117647058823529 0.470588235294118 0.411764705882353 0
  1 1 3 0 27 0 0.259259259259259 0.185185185185185 0.555555555555556 0
  1 2 3 0 13 0 0.692307692307692 0 0.307692307692308 0
  1 3 3 0 5 0 0.6 0.4 0 0
  1 4 3 0 2 0 0.5 0.5 0 0
  1 5 3 0 5 0 0.2 0.8 0 0
  1 6 3 0 1 0 1 0 0 0
  1 7 3 0 3 0 0 0.666666666666667 0.333333333333333 0
  1 8 3 0 3 0 0 1 0 0
  1 9 3 0 4 0 0 0.5 0.5 0
  1 10 3 0 4 0 0 0.5 0.5 0
  1 11 3 0 4 0 0 0.25 0.75 0
  1 12 3 0 2 0 0 0.5 0.5 0
  1 13 3 0 8 0 0.125 0.5 0.375 0
  1 14 3 0 19 0 0.368421052631579 0.315789473684211 0.315789473684211 0
  1 15 3 0 15 0 0.466666666666667 0.333333333333333 0.2 0
  1 16 3 0 12 0 0.416666666666667 0.5 0.0833333333333333 0
  1 17 3 0 14 0 0.357142857142857 0.428571428571429 0.214285714285714 0
  1 18 3 0 14 0 0.357142857142857 0.428571428571429 0.214285714285714 0
  1 19 3 0 15 0 0.2 0.533333333333333 0.266666666666667 0
  1 20 3 0 17 0 0.0588235294117647 0.823529411764706 0.117647058823529 0
  1 21 3 0 12 0 0.166666666666667 0.5 0.333333333333333 0
  1 22 3 0 11 0 0.181818181818182 0.545454545454545 0.272727272727273 0
  1 23 3 0 16 0 0.4375 0.375 0.1875 0
  1 24 3 0 15 0 0.333333333333333 0.333333333333333 0.333333333333333 0
  1 25 3 0 4 0 0 0.25 0.75 0
  1 26 3 0 14 0 0.285714285714286 0.357142857142857 0.357142857142857 0
  1 27 3 0 6 0 0.333333333333333 0.166666666666667 0.5 0
  1 28 3 0 4 0 0.25 0.25 0.5 0
  1 29 3 0 2 0 0.5 0 0.5 0
  1 30 3 0 10 0 0 0.5 0.5 0
  1 31 3 0 9 0 0 0.666666666666667 0.333333333333333 0
  1 32 3 0 12 0 0.0833333333333333 0 0.916666666666667 0
  1 33 3 0 5 0 0.6 0.2 0.2 0
  1 34 3 0 9 0 0.777777777777778 0 0.222222222222222 0
  1 35 3 0 5 0 0.6 0.4 0 0
  1 36 3 0 5 0 0.4 0.6 0 0
  1 37 3 0 3 0 0 0.666666666666667 0.333333333333333 0
  1 38 3 0 15 0 0.333333333333333 0.466666666666667 0.2 0
  1 39 3 0 12 0 0.0833333333333333 0.5 0.416666666666667 0
  1 40 3 0 9 0 0.555555555555556 0.444444444444444 0 0
  1 41 3 0 8 0 0.625 0.375 0 0
  1 42 3 0 12 0 0.25 0.5 0.25 0
  1 1 4 0 86 0.0116279069767442 0.267441860465116 0.593023255813954 0.127906976744186 0
  1 2 4 0 100 0.01 0.21 0.63 0.15 0
  1 3 4 0 33 0 0.212121212121212 0.545454545454545 0.242424242424242 0
  1 4 4 0 44 0.0909090909090909 0.0681818181818182 0.568181818181818 0.272727272727273 0
  1 5 4 0 34 0.147058823529412 0.382352941176471 0.235294117647059 0.235294117647059 0
  1 6 4 0 40 0.05 0.45 0.375 0.125 0
  1 7 4 0 39 0.0512820512820513 0.41025641025641 0.307692307692308 0.230769230769231 0
  1 8 4 0 49 0.0612244897959184 0.510204081632653 0.306122448979592 0.122448979591837 0
  1 9 4 0 36 0 0.5 0.388888888888889 0.111111111111111 0
  1 10 4 0 43 0.0930232558139535 0.395348837209302 0.372093023255814 0.13953488372093 0
  1 11 4 0 41 0.0487804878048781 0.414634146341463 0.341463414634146 0.195121951219512 0
  1 12 4 0 35 0 0.514285714285714 0.4 0.0857142857142857 0
  1 13 4 0 32 0.09375 0.4375 0.25 0.21875 0
  1 14 4 0 21 0.0952380952380952 0.428571428571429 0.333333333333333 0.142857142857143 0
  1 15 4 0 30 0.1 0.533333333333333 0.2 0.166666666666667 0
  1 16 4 0 19 0.157894736842105 0.421052631578947 0.315789473684211 0.105263157894737 0
  1 17 4 0 35 0.0285714285714286 0.6 0.285714285714286 0.0857142857142857 0
  1 18 4 0 27 0.111111111111111 0.62962962962963 0.185185185185185 0.0740740740740741 0
  1 19 4 0 34 0 0.705882352941177 0.264705882352941 0.0294117647058824 0
  1 20 4 0 42 0.0476190476190476 0.547619047619048 0.357142857142857 0.0476190476190476 0
  1 21 4 0 41 0.0487804878048781 0.439024390243902 0.365853658536585 0.146341463414634 0
  1 22 4 0 44 0.0681818181818182 0.409090909090909 0.318181818181818 0.204545454545455 0
  1 23 4 0 28 0.0357142857142857 0.428571428571429 0.357142857142857 0.178571428571429 0
  1 24 4 0 34 0.0588235294117647 0.529411764705882 0.382352941176471 0.0294117647058824 0
  1 25 4 0 36 0 0.333333333333333 0.5 0.166666666666667 0
  1 26 4 0 31 0 0.354838709677419 0.548387096774194 0.0967741935483871 0
  1 27 4 0 39 0 0.256410256410256 0.58974358974359 0.153846153846154 0
  1 28 4 0 38 0 0.263157894736842 0.526315789473684 0.210526315789474 0
  1 29 4 0 48 0.0208333333333333 0.270833333333333 0.541666666666667 0.166666666666667 0
  1 30 4 0 38 0.0263157894736842 0.236842105263158 0.605263157894737 0.131578947368421 0
  1 31 4 0 61 0.0327868852459016 0.262295081967213 0.409836065573771 0.295081967213115 0
  1 32 4 0 48 0.0208333333333333 0.208333333333333 0.583333333333333 0.1875 0
  1 33 4 0 49 0.0408163265306122 0.387755102040816 0.326530612244898 0.244897959183673 0
  1 34 4 0 44 0.181818181818182 0.636363636363636 0.0909090909090909 0.0909090909090909 0
  1 35 4 0 61 0.0655737704918033 0.737704918032787 0.114754098360656 0.0819672131147541 0
  1 36 4 0 67 0.119402985074627 0.537313432835821 0.238805970149254 0.104477611940299 0
  1 37 4 0 57 0.0175438596491228 0.701754385964912 0.228070175438596 0.0526315789473684 0
  1 38 4 0 38 0 0.789473684210526 0.210526315789474 0 0
  1 39 4 0 52 0.0576923076923077 0.634615384615385 0.307692307692308 0 0
  1 40 4 0 43 0.0232558139534884 0.534883720930233 0.372093023255814 0.0697674418604651 0
  1 41 4 0 42 0.0238095238095238 0.5 0.357142857142857 0.119047619047619 0
  1 42 4 0 61 0.0327868852459016 0.475409836065574 0.360655737704918 0.131147540983607 0
  2 1 1 0 58 0 0.568965517241379 0.379310344827586 0.0344827586206897 0.0172413793103448
  2 2 1 0 83 0.0120481927710843 0.337349397590361 0.457831325301205 0.168674698795181 0.0240963855421687
  2 3 1 0 63 0.0317460317460317 0.365079365079365 0.365079365079365 0.206349206349206 0.0317460317460317
  2 4 1 0 56 0.0535714285714286 0.553571428571429 0.25 0.142857142857143 0
  2 5 1 0 55 0.0727272727272727 0.581818181818182 0.254545454545455 0.0909090909090909 0
  2 6 1 0 45 0 0.733333333333333 0.222222222222222 0.0444444444444444 0
  2 7 1 0 46 0.0217391304347826 0.58695652173913 0.304347826086957 0.0869565217391304 0
  2 8 1 0 56 0.0357142857142857 0.5 0.339285714285714 0.125 0
  2 9 1 0 51 0.0196078431372549 0.686274509803922 0.235294117647059 0.0588235294117647 0
  2 10 1 0 44 0.0681818181818182 0.5 0.363636363636364 0.0681818181818182 0
  2 11 1 0 49 0.163265306122449 0.591836734693878 0.224489795918367 0.0204081632653061 0
  2 12 1 0 50 0.14 0.68 0.16 0.02 0
  2 13 1 0 48 0.0833333333333333 0.583333333333333 0.291666666666667 0.0416666666666667 0
  2 14 1 0 52 0 0.576923076923077 0.384615384615385 0.0384615384615385 0
  2 15 1 0 31 0 0.612903225806452 0.354838709677419 0.032258064516129 0
  2 16 1 0 38 0.0526315789473684 0.552631578947368 0.315789473684211 0.0789473684210526 0
  2 17 1 0 26 0.115384615384615 0.769230769230769 0.115384615384615 0 0
  2 18 1 0 33 0.121212121212121 0.787878787878788 0.0909090909090909 0 0
  2 19 1 0 31 0.032258064516129 0.741935483870968 0.225806451612903 0 0
  2 20 1 0 38 0.0526315789473684 0.552631578947368 0.368421052631579 0.0263157894736842 0
  2 21 1 0 30 0 0.6 0.366666666666667 0.0333333333333333 0
  2 22 1 0 35 0.0571428571428571 0.6 0.342857142857143 0 0
  2 23 1 0 35 0.142857142857143 0.571428571428571 0.285714285714286 0 0
  2 24 1 0 26 0.0384615384615385 0.730769230769231 0.230769230769231 0 0
  2 25 1 0 32 0.03125 0.65625 0.3125 0 0
  2 26 1 0 26 0.0384615384615385 0.615384615384615 0.230769230769231 0.115384615384615 0
  2 27 1 0 37 0.0540540540540541 0.351351351351351 0.432432432432432 0.162162162162162 0
  2 28 1 0 35 0.114285714285714 0.714285714285714 0.114285714285714 0.0571428571428571 0
  2 29 1 0 33 0.0303030303030303 0.666666666666667 0.272727272727273 0.0303030303030303 0
  2 30 1 0 45 0.111111111111111 0.577777777777778 0.244444444444444 0.0666666666666667 0
  2 31 1 0 34 0 0.705882352941177 0.264705882352941 0.0294117647058824 0
  2 32 1 0 36 0.0277777777777778 0.472222222222222 0.305555555555556 0.194444444444444 0
  2 33 1 0 42 0 0.523809523809524 0.30952380952381 0.166666666666667 0
  2 34 1 0 34 0.0294117647058824 0.382352941176471 0.441176470588235 0.147058823529412 0
  2 35 1 0 35 0.0285714285714286 0.571428571428571 0.257142857142857 0.142857142857143 0
  2 36 1 0 28 0.0714285714285714 0.678571428571429 0.214285714285714 0.0357142857142857 0
  2 37 1 0 22 0.0454545454545455 0.5 0.409090909090909 0.0454545454545455 0
  2 38 1 0 32 0.125 0.625 0.25 0 0
  2 39 1 0 27 0.037037037037037 0.555555555555556 0.333333333333333 0.0740740740740741 0
  2 40 1 0 39 0.0512820512820513 0.487179487179487 0.384615384615385 0.0769230769230769 0
  2 41 1 0 20 0 0.7 0.1 0.2 0
  2 42 1 0 30 0.233333333333333 0.766666666666667 0 0 0
  2 1 2 0 16 0 0 0.4375 0.375 0.1875
  2 2 2 0 20 0 0.05 0.4 0.5 0.05
  2 3 2 0 34 0 0.0294117647058824 0.264705882352941 0.588235294117647 0.117647058823529
  2 4 2 0 15 0 0.133333333333333 0.266666666666667 0.4 0.2
  2 5 2 0 4 0 0.25 0.5 0.25 0
  2 6 2 0 7 0 0 0.857142857142857 0.142857142857143 0
  2 7 2 0 18 0 0.0555555555555556 0.833333333333333 0.111111111111111 0
  2 8 2 0 22 0 0.0454545454545455 0.454545454545455 0.5 0
  2 9 2 0 21 0 0.142857142857143 0.666666666666667 0.19047619047619 0
  2 10 2 0 11 0 0.0909090909090909 0.818181818181818 0.0909090909090909 0
  2 11 2 0 7 0 0 0.571428571428571 0.428571428571429 0
  2 12 2 0 19 0 0 0.631578947368421 0.368421052631579 0
  2 13 2 0 32 0 0 0.28125 0.71875 0
  2 14 2 0 34 0 0 0.235294117647059 0.764705882352941 0
  2 15 2 0 27 0 0.037037037037037 0.111111111111111 0.851851851851852 0
  2 16 2 0 42 0 0 0.0952380952380952 0.904761904761905 0
  2 17 2 0 34 0 0.970588235294118 0 0.0294117647058824 0
  2 18 2 0 28 0 0.107142857142857 0.892857142857143 0 0
  2 19 2 0 26 0 0 0.692307692307692 0.307692307692308 0
  2 20 2 0 32 0 0.03125 0.40625 0.5625 0
  2 21 2 0 37 0 0.0540540540540541 0.567567567567568 0.378378378378378 0
  2 22 2 0 38 0 0.0526315789473684 0.552631578947368 0.394736842105263 0
  2 23 2 0 41 0 0.024390243902439 0.292682926829268 0.682926829268293 0
  2 24 2 0 33 0 0.0303030303030303 0.303030303030303 0.666666666666667 0
  2 25 2 0 45 0 0 0.266666666666667 0.733333333333333 0
  2 26 2 0 28 0 0 0.392857142857143 0.607142857142857 0
  2 27 2 0 47 0 0 0.425531914893617 0.574468085106383 0
  2 28 2 0 22 0 0 0.363636363636364 0.636363636363636 0
  2 29 2 0 40 0 0.375 0.275 0.35 0
  2 30 2 0 28 0 0.321428571428571 0.5 0.178571428571429 0
  2 31 2 0 32 0 0.1875 0.6875 0.125 0
  2 32 2 0 40 0 0 0.825 0.175 0
  2 33 2 0 43 0 0.0465116279069767 0.372093023255814 0.581395348837209 0
  2 34 2 0 46 0 0.260869565217391 0.391304347826087 0.347826086956522 0
  2 35 2 0 60 0 0.05 0.55 0.4 0
  2 36 2 0 49 0 0.285714285714286 0.204081632653061 0.510204081632653 0
  2 37 2 0 32 0 0 0.6875 0.3125 0
  2 38 2 0 30 0 0.0333333333333333 0.333333333333333 0.633333333333333 0
  2 39 2 0 29 0 0.0689655172413793 0.206896551724138 0.724137931034483 0
  2 40 2 0 31 0 0 0.32258064516129 0.67741935483871 0
  2 41 2 0 14 0 0 0.214285714285714 0.785714285714286 0
  2 42 2 0 19 0 0.263157894736842 0.315789473684211 0.421052631578947 0
  2 2 3 0 3 0 1 0 0 0
  2 3 3 0 3 0 1 0 0 0
  2 4 3 0 7 0 0.285714285714286 0.285714285714286 0.428571428571429 0
  2 5 3 0 1 0 1 0 0 0
  2 6 3 0 14 0 0.357142857142857 0.571428571428571 0.0714285714285714 0
  2 8 3 0 10 0 0.2 0.6 0.2 0
  2 9 3 0 6 0 0.166666666666667 0.666666666666667 0.166666666666667 0
  2 10 3 0 2 0 0 0.5 0.5 0
  2 12 3 0 1 0 0 1 0 0
  2 14 3 0 9 0 0.555555555555556 0.333333333333333 0.111111111111111 0
  2 15 3 0 5 0 0.4 0.2 0.4 0
  2 16 3 0 9 0 0.666666666666667 0.222222222222222 0.111111111111111 0
  2 17 3 0 9 0 0.333333333333333 0.666666666666667 0 0
  2 18 3 0 13 0 0.230769230769231 0.384615384615385 0.384615384615385 0
  2 19 3 0 14 0 0.357142857142857 0.428571428571429 0.214285714285714 0
  2 20 3 0 19 0 0.473684210526316 0.473684210526316 0.0526315789473684 0
  2 21 3 0 20 0 0.25 0.4 0.35 0
  2 22 3 0 23 0 0.0869565217391304 0.521739130434783 0.391304347826087 0
  2 23 3 0 26 0 0.461538461538462 0.384615384615385 0.153846153846154 0
  2 24 3 0 28 0 0.392857142857143 0.285714285714286 0.321428571428571 0
  2 25 3 0 20 0 0.3 0.4 0.3 0
  2 26 3 0 7 0 0.285714285714286 0.285714285714286 0.428571428571429 0
  2 27 3 0 5 0 0.4 0.4 0.2 0
  2 29 3 0 6 0 0 0.5 0.5 0
  2 30 3 0 14 0 0.142857142857143 0.5 0.357142857142857 0
  2 31 3 0 7 0 0 0.142857142857143 0.857142857142857 0
  2 32 3 0 20 0 0.15 0.35 0.5 0
  2 33 3 0 18 0 0.222222222222222 0.166666666666667 0.611111111111111 0
  2 34 3 0 15 0 0.8 0.0666666666666667 0.133333333333333 0
  2 35 3 0 28 0 0.75 0.214285714285714 0.0357142857142857 0
  2 36 3 0 25 0.04 0.48 0.48 0 0
  2 37 3 0 19 0 0.263157894736842 0.421052631578947 0.315789473684211 0
  2 38 3 0 33 0 0.424242424242424 0.333333333333333 0.242424242424242 0
  2 39 3 0 32 0 0.40625 0.3125 0.28125 0
  2 40 3 0 34 0.0294117647058824 0.647058823529412 0.235294117647059 0.0882352941176471 0
  2 41 3 0 20 0 0.35 0.5 0.15 0
  2 42 3 0 27 0 0.481481481481481 0.407407407407407 0.111111111111111 0
  2 1 4 0 44 0 0.25 0.613636363636364 0.136363636363636 0
  2 2 4 0 75 0.0266666666666667 0.213333333333333 0.573333333333333 0.186666666666667 0
  2 3 4 0 66 0 0.166666666666667 0.53030303030303 0.303030303030303 0
  2 4 4 0 54 0.185185185185185 0.333333333333333 0.37037037037037 0.111111111111111 0
  2 5 4 0 31 0.161290322580645 0.419354838709677 0.32258064516129 0.0967741935483871 0
  2 6 4 0 24 0.458333333333333 0.25 0.208333333333333 0.0833333333333333 0
  2 7 4 0 20 0.15 0.55 0.2 0.1 0
  2 8 4 0 25 0.08 0.32 0.44 0.16 0
  2 9 4 0 44 0.113636363636364 0.340909090909091 0.454545454545455 0.0909090909090909 0
  2 10 4 0 36 0.194444444444444 0.388888888888889 0.277777777777778 0.138888888888889 0
  2 11 4 0 22 0.181818181818182 0.590909090909091 0.181818181818182 0.0454545454545455 0
  2 12 4 0 21 0.0952380952380952 0.523809523809524 0.333333333333333 0.0476190476190476 0
  2 13 4 0 26 0.0769230769230769 0.384615384615385 0.461538461538462 0.0769230769230769 0
  2 14 4 0 35 0.114285714285714 0.457142857142857 0.285714285714286 0.142857142857143 0
  2 15 4 0 21 0.0952380952380952 0.619047619047619 0.19047619047619 0.0952380952380952 0
  2 16 4 0 30 0.3 0.433333333333333 0.2 0.0666666666666667 0
  2 17 4 0 40 0.2 0.525 0.225 0.05 0
  2 18 4 0 42 0.142857142857143 0.547619047619048 0.30952380952381 0 0
  2 19 4 0 46 0.0652173913043478 0.58695652173913 0.260869565217391 0.0869565217391304 0
  2 20 4 0 37 0 0.621621621621622 0.324324324324324 0.0540540540540541 0
  2 21 4 0 44 0.0681818181818182 0.568181818181818 0.272727272727273 0.0909090909090909 0
  2 22 4 0 42 0.0476190476190476 0.5 0.404761904761905 0.0476190476190476 0
  2 23 4 0 35 0.0285714285714286 0.457142857142857 0.342857142857143 0.171428571428571 0
  2 24 4 0 26 0 0.461538461538462 0.423076923076923 0.115384615384615 0
  2 25 4 0 19 0 0.368421052631579 0.578947368421053 0.0526315789473684 0
  2 26 4 0 29 0 0.275862068965517 0.551724137931034 0.172413793103448 0
  2 27 4 0 10 0.1 0.3 0.6 0 0
  2 28 4 0 20 0 0.45 0.25 0.3 0
  2 29 4 0 25 0 0.32 0.48 0.2 0
  2 30 4 0 18 0 0.277777777777778 0.5 0.222222222222222 0
  2 31 4 0 24 0.0416666666666667 0.166666666666667 0.541666666666667 0.25 0
  2 32 4 0 21 0 0.142857142857143 0.761904761904762 0.0952380952380952 0
  2 33 4 0 10 0.2 0.2 0.1 0.5 0
  2 34 4 0 12 0.25 0.583333333333333 0.0833333333333333 0.0833333333333333 0
  2 35 4 0 29 0.275862068965517 0.551724137931034 0.137931034482759 0.0344827586206897 0
  2 36 4 0 17 0.117647058823529 0.823529411764706 0.0588235294117647 0 0
  2 37 4 0 39 0.102564102564103 0.512820512820513 0.333333333333333 0.0512820512820513 0
  2 38 4 0 9 0.222222222222222 0.555555555555556 0.111111111111111 0.111111111111111 0
  2 39 4 0 50 0.04 0.6 0.26 0.1 0
  2 40 4 0 15 0.2 0.666666666666667 0.133333333333333 0 0
  2 41 4 0 7 0 0.714285714285714 0.285714285714286 0 0
  2 42 4 0 9 0.333333333333333 0.444444444444444 0.111111111111111 0.111111111111111 0
# end survey length observations 
#  
# Fishery catch data 
# Number of observations, init_int Ncatch_obs
  168
# init_matrix obs_catch_biomass(1,Ncatch_obs,1,6) 
# Fleet	Area	Year	Species	Catch(biomass t)	CV 
  1 1 1 1 9.76496017782862 0.05
  1 1 2 1 9.73145797216026 0.05
  1 1 3 1 10.1939096031953 0.05
  1 1 4 1 9.8897612668801 0.05
  1 1 5 1 10.1699513076005 0.05
  1 1 6 1 10.031656665411 0.05
  1 1 7 1 9.87518230318534 0.05
  1 1 8 1 9.92822612184569 0.05
  1 1 9 1 9.77428328400054 0.05
  1 1 10 1 9.87075278521668 0.05
  1 1 11 1 10.0193220615744 0.05
  1 1 12 1 10.0283160660837 0.05
  1 1 13 1 10.3122807153438 0.05
  1 1 14 1 10.148033933262 0.05
  1 1 15 1 9.62474825472777 0.05
  1 1 16 1 9.35259820687003 0.05
  1 1 17 1 9.35989220405278 0.05
  1 1 18 1 8.45595947308118 0.05
  1 1 19 1 8.65739049579633 0.05
  1 1 20 1 9.06092163239373 0.05
  1 1 21 1 8.42404505643298 0.05
  1 1 22 1 8.55116894684397 0.05
  1 1 23 1 8.79470395218723 0.05
  1 1 24 1 9.00594728997535 0.05
  1 1 25 1 8.7515328018564 0.05
  1 1 26 1 8.71497467479608 0.05
  1 1 27 1 8.12498049907373 0.05
  1 1 28 1 7.61098672919451 0.05
  1 1 29 1 8.20528409360393 0.05
  1 1 30 1 8.28047281949817 0.05
  1 1 31 1 8.27933220397257 0.05
  1 1 32 1 8.33836551867397 0.05
  1 1 33 1 7.8566749652644 0.05
  1 1 34 1 7.78404968100121 0.05
  1 1 35 1 7.29103355789667 0.05
  1 1 36 1 6.57086989977822 0.05
  1 1 37 1 7.06110061851794 0.05
  1 1 38 1 6.97096772131839 0.05
  1 1 39 1 6.8369574620362 0.05
  1 1 40 1 6.59306716726854 0.05
  1 1 41 1 6.45139483678532 0.05
  1 1 42 1 6.00553353239057 0.05
  1 1 1 4 8.67965269237749 0.05
  1 1 2 4 8.51133987519653 0.05
  1 1 3 4 8.81079088290996 0.05
  1 1 4 4 8.67061295912162 0.05
  1 1 5 4 9.19040238745132 0.05
  1 1 6 4 9.0335057451355 0.05
  1 1 7 4 8.6141333247186 0.05
  1 1 8 4 8.94624909426914 0.05
  1 1 9 4 8.77376700603749 0.05
  1 1 10 4 8.88163266873463 0.05
  1 1 11 4 9.09654044178916 0.05
  1 1 12 4 9.19816884689105 0.05
  1 1 13 4 9.58907350099932 0.05
  1 1 14 4 9.46764725335081 0.05
  1 1 15 4 9.18498439413557 0.05
  1 1 16 4 9.07491787621441 0.05
  1 1 17 4 9.53080411847737 0.05
  1 1 18 4 9.06347086737768 0.05
  1 1 19 4 9.2412939888257 0.05
  1 1 20 4 9.2540327497507 0.05
  1 1 21 4 8.78190473152449 0.05
  1 1 22 4 8.60042779304609 0.05
  1 1 23 4 9.02123136241729 0.05
  1 1 24 4 9.04297806517067 0.05
  1 1 25 4 8.81955860904185 0.05
  1 1 26 4 8.96542904780878 0.05
  1 1 27 4 8.26633414159529 0.05
  1 1 28 4 7.74014772385371 0.05
  1 1 29 4 8.40054107231585 0.05
  1 1 30 4 8.23834455564054 0.05
  1 1 31 4 8.14602500026829 0.05
  1 1 32 4 8.43574342387838 0.05
  1 1 33 4 8.02820267744174 0.05
  1 1 34 4 8.27215238690288 0.05
  1 1 35 4 8.34697997952214 0.05
  1 1 36 4 7.9973980571007 0.05
  1 1 37 4 8.61827791808358 0.05
  1 1 38 4 8.5916768617017 0.05
  1 1 39 4 8.76631707545525 0.05
  1 1 40 4 8.45306435965444 0.05
  1 1 41 4 8.36926913035466 0.05
  1 1 42 4 7.82249083510934 0.05
  2 1 1 2 7.34043195321584 0.05
  2 1 2 2 6.62238207745063 0.05
  2 1 3 2 7.0118968785685 0.05
  2 1 4 2 6.55297195548425 0.05
  2 1 5 2 7.49420867892341 0.05
  2 1 6 2 7.16892010600014 0.05
  2 1 7 2 6.62768813241237 0.05
  2 1 8 2 6.76239354668831 0.05
  2 1 9 2 6.88281600034977 0.05
  2 1 10 2 6.73465081733641 0.05
  2 1 11 2 7.21449198268415 0.05
  2 1 12 2 6.76442323994714 0.05
  2 1 13 2 8.06216544625167 0.05
  2 1 14 2 7.47301310462258 0.05
  2 1 15 2 7.14424184372126 0.05
  2 1 16 2 7.44508489776037 0.05
  2 1 17 2 8.51869279056062 0.05
  2 1 18 2 3.72714560867921 0.05
  2 1 19 2 8.22509337463093 0.05
  2 1 20 2 8.99560935970415 0.05
  2 1 21 2 9.29423490804304 0.05
  2 1 22 2 10.1753470042896 0.05
  2 1 23 2 9.55792419397905 0.05
  2 1 24 2 9.3428259473207 0.05
  2 1 25 2 9.54887563040925 0.05
  2 1 26 2 9.97122148097573 0.05
  2 1 27 2 9.87791365119337 0.05
  2 1 28 2 9.04983147731119 0.05
  2 1 29 2 9.47615219042421 0.05
  2 1 30 2 9.45839955774203 0.05
  2 1 31 2 9.54777204797504 0.05
  2 1 32 2 9.7567013006502 0.05
  2 1 33 2 9.06736097340584 0.05
  2 1 34 2 9.47584917761293 0.05
  2 1 35 2 9.45355462226829 0.05
  2 1 36 2 10.5854670001289 0.05
  2 1 37 2 10.3953240256304 0.05
  2 1 38 2 9.80570812825404 0.05
  2 1 39 2 9.35138945010764 0.05
  2 1 40 2 9.13457213497144 0.05
  2 1 41 2 8.76772124272052 0.05
  2 1 42 2 7.15144302849233 0.05
  2 1 1 3 5.91487295152523 0.05
  2 1 2 3 5.66372196397223 0.05
  2 1 3 3 6.08430345017367 0.05
  2 1 4 3 6.09810184082807 0.05
  2 1 5 3 7.63448939169187 0.05
  2 1 6 3 8.05398446772493 0.05
  2 1 7 3 7.85783651483718 0.05
  2 1 8 3 8.02100404629694 0.05
  2 1 9 3 8.16247915591888 0.05
  2 1 10 3 7.78027712147122 0.05
  2 1 11 3 7.72319821657436 0.05
  2 1 12 3 6.61654346579899 0.05
  2 1 13 3 7.73837986379928 0.05
  2 1 14 3 7.19128518720884 0.05
  2 1 15 3 6.83950915745303 0.05
  2 1 16 3 7.42123382271191 0.05
  2 1 17 3 9.98953803848893 0.05
  2 1 18 3 6.73206083754736 0.05
  2 1 19 3 6.74223830703401 0.05
  2 1 20 3 6.43368793225467 0.05
  2 1 21 3 6.54273447867262 0.05
  2 1 22 3 7.24453540102394 0.05
  2 1 23 3 6.57688689408111 0.05
  2 1 24 3 6.32282514186421 0.05
  2 1 25 3 6.65514664172971 0.05
  2 1 26 3 7.34166463541701 0.05
  2 1 27 3 7.43698505793884 0.05
  2 1 28 3 6.6719972823766 0.05
  2 1 29 3 7.30506834772066 0.05
  2 1 30 3 7.32056218775783 0.05
  2 1 31 3 7.07290667960723 0.05
  2 1 32 3 6.48270859328428 0.05
  2 1 33 3 5.23401226237157 0.05
  2 1 34 3 5.41011643701225 0.05
  2 1 35 3 5.41486345982649 0.05
  2 1 36 3 7.15241646146217 0.05
  2 1 37 3 7.30038452131967 0.05
  2 1 38 3 7.13272292679578 0.05
  2 1 39 3 6.8945895654704 0.05
  2 1 40 3 7.08179462695719 0.05
  2 1 41 3 9.79106005645021 0.05
  2 1 42 3 9.84917204912488 0.05
# end catch observations 
#  
# Fishery size comp data 
# Number of observations, init_int Ncatch_size_obs 
  168
# init_matrix obs_catch_size(1,Ncatch_size_obs,1,ncol) 
# Fleet Area  Year  Species Type (0=whole, 1=retained, 2=discard) InpN, proportion by size bin 
  1 1 1 1 0 81 0 0.160493827160494 0.703703703703704 0.111111111111111 0.0246913580246914
  1 1 2 1 0 73 0 0.136986301369863 0.63013698630137 0.205479452054795 0.0273972602739726
  1 1 3 1 0 65 0 0.0769230769230769 0.6 0.323076923076923 0
  1 1 4 1 0 56 0 0.125 0.535714285714286 0.339285714285714 0
  1 1 5 1 0 120 0 0.208333333333333 0.475 0.316666666666667 0
  1 1 6 1 0 130 0.00769230769230769 0.223076923076923 0.584615384615385 0.169230769230769 0.0153846153846154
  1 1 7 1 0 94 0 0.106382978723404 0.723404255319149 0.170212765957447 0
  1 1 8 1 0 94 0 0.265957446808511 0.585106382978723 0.148936170212766 0
  1 1 9 1 0 82 0 0.195121951219512 0.585365853658537 0.219512195121951 0
  1 1 10 1 0 76 0 0.223684210526316 0.526315789473684 0.25 0
  1 1 11 1 0 74 0 0.175675675675676 0.621621621621622 0.202702702702703 0
  1 1 12 1 0 65 0 0.307692307692308 0.661538461538462 0.0307692307692308 0
  1 1 13 1 0 77 0 0.467532467532468 0.454545454545455 0.0779220779220779 0
  1 1 14 1 0 88 0 0.363636363636364 0.545454545454545 0.0909090909090909 0
  1 1 15 1 0 66 0 0.318181818181818 0.636363636363636 0.0454545454545455 0
  1 1 16 1 0 69 0 0.246376811594203 0.652173913043478 0.101449275362319 0
  1 1 17 1 0 43 0 0.209302325581395 0.651162790697674 0.13953488372093 0
  1 1 18 1 0 34 0 0.323529411764706 0.617647058823529 0.0588235294117647 0
  1 1 19 1 0 55 0 0.581818181818182 0.381818181818182 0.0363636363636364 0
  1 1 20 1 0 64 0.015625 0.328125 0.609375 0.046875 0
  1 1 21 1 0 77 0 0.38961038961039 0.558441558441558 0.051948051948052 0
  1 1 22 1 0 67 0 0.313432835820896 0.582089552238806 0.104477611940299 0
  1 1 23 1 0 133 0 0.293233082706767 0.593984962406015 0.112781954887218 0
  1 1 24 1 0 98 0 0.397959183673469 0.459183673469388 0.142857142857143 0
  1 1 25 1 0 91 0 0.208791208791209 0.714285714285714 0.0769230769230769 0
  1 1 26 1 0 77 0 0.246753246753247 0.662337662337662 0.0909090909090909 0
  1 1 27 1 0 102 0 0.205882352941176 0.617647058823529 0.176470588235294 0
  1 1 28 1 0 76 0 0.105263157894737 0.776315789473684 0.118421052631579 0
  1 1 29 1 0 110 0.0181818181818182 0.281818181818182 0.481818181818182 0.218181818181818 0
  1 1 30 1 0 100 0 0.22 0.65 0.13 0
  1 1 31 1 0 108 0 0.268518518518519 0.592592592592593 0.138888888888889 0
  1 1 32 1 0 118 0 0.220338983050847 0.635593220338983 0.144067796610169 0
  1 1 33 1 0 129 0 0.131782945736434 0.705426356589147 0.162790697674419 0
  1 1 34 1 0 90 0 0.211111111111111 0.533333333333333 0.255555555555556 0
  1 1 35 1 0 69 0 0.246376811594203 0.623188405797101 0.130434782608696 0
  1 1 36 1 0 80 0 0.4 0.525 0.075 0
  1 1 37 1 0 62 0 0.483870967741935 0.467741935483871 0.0483870967741935 0
  1 1 38 1 0 94 0 0.202127659574468 0.723404255319149 0.074468085106383 0
  1 1 39 1 0 75 0 0.346666666666667 0.573333333333333 0.08 0
  1 1 40 1 0 75 0.0133333333333333 0.226666666666667 0.68 0.08 0
  1 1 41 1 0 35 0 0.171428571428571 0.742857142857143 0.0857142857142857 0
  1 1 42 1 0 22 0.0454545454545455 0.181818181818182 0.727272727272727 0.0454545454545455 0
  1 1 1 4 0 5 0 0.2 0.2 0 0
  1 1 2 4 0 5 0 0 0 0.6 0.4
  1 1 3 4 0 5 0 0 0 0.4 0
  1 1 4 4 0 5 0 0 0.2 0.8 0
  1 1 5 4 0 5 0 0 0 1 0
  1 1 6 4 0 5 0 0 0 1 0
  1 1 7 4 0 5 0 0 0.6 0.4 0
  1 1 8 4 0 5 0 0 0 0.2 0
  1 1 9 4 0 5 0 0 0.4 0.6 0
  1 1 10 4 0 5 0 0 0.2 0.8 0
  1 1 11 4 0 1 0 0 1 1 0
  1 1 12 4 0 5 0 0 0.6 0.4 0
  1 1 13 4 0 1 0 0 2 3 0
  1 1 14 4 0 2 0 0 0 2.5 0
  1 1 15 4 0 8 0 0 0 0.625 0
  1 1 16 4 0 3 0 0 0.333333333333333 1.33333333333333 0
  1 1 17 4 0 3 0 0 0 1.66666666666667 0
  1 1 18 4 0 1 0 0 3 2 0
  1 1 19 4 0 3 0 0 1.66666666666667 0 0
  1 1 20 4 0 3 0 0 6.33333333333333 3.66666666666667 0
  1 1 21 4 0 3 0 0 2.66666666666667 12.6666666666667 0
  1 1 22 4 0 2 0 0 0.5 4.5 0
  1 1 23 4 0 6 0 0 1 2.16666666666667 0
  1 1 24 4 0 1 0 0 14 47 0
  1 1 25 4 0 1 0 0 6 23 0
  1 1 26 4 0 2 0 0 1.5 14.5 0
  1 1 27 4 0 2 0 0 0 8 0
  1 1 28 4 0 4 0 0 0.5 7.25 0
  1 1 29 4 0 7 0 0 0.857142857142857 5.42857142857143 0
  1 1 30 4 0 6 0 0 1.33333333333333 3.5 0
  1 1 31 4 0 10 0 0 1.1 1.4 0
  1 1 32 4 0 7 0 0 2 1.14285714285714 0
  1 1 33 4 0 15 0 0 0.866666666666667 1.46666666666667 0
  1 1 34 4 0 19 0 0 0.315789473684211 1.15789473684211 0
  1 1 35 4 0 13 0 0 0.692307692307692 2.76923076923077 0
  1 1 36 4 0 23 0 0 0.739130434782609 1.47826086956522 0
  1 1 37 4 0 7 0 0 0.857142857142857 5 0
  1 1 38 4 0 7 0 0 0.571428571428571 4.57142857142857 0
  1 1 39 4 0 19 0 0 0.315789473684211 0.736842105263158 0
  1 1 40 4 0 25 0 0 0.08 0.48 0
  1 1 41 4 0 31 0 0 0.0645161290322581 0.483870967741935 0
  1 1 42 4 0 31 0 0 0.032258064516129 0.741935483870968 0
  2 1 1 2 0 2 0 0 0 0.5 0
  2 1 2 2 0 5 0 0 0.2 0.8 0
  2 1 3 2 0 2 0 0 0.5 2 0
  2 1 4 2 0 5 0 0 0.2 0 0
  2 1 5 2 0 5 0 0 1.2 0 0
  2 1 6 2 0 5 0 0 0.8 0 0
  2 1 7 2 0 5 0 0 0.4 0.6 0
  2 1 8 2 0 1 0 0 1 0 0
  2 1 9 2 0 5 0 0 0.2 0 0
  2 1 10 2 0 5 0 0 0.2 0 0
  2 1 11 2 0 2 0 0 0.5 0.5 0
  2 1 12 2 0 5 0 0 0.4 0.6 0
  2 1 13 2 0 5 0 0 0.6 0.2 0
  2 1 14 2 0 5 0 0 0.6 1 0
  2 1 15 2 0 5 0 0 1 1.2 0
  2 1 16 2 0 5 0 0 0.6 0.4 0
  2 1 17 2 0 5 0 0 0 1 0
  2 1 18 2 0 5 0 0 0.2 0 0
  2 1 19 2 0 5 0 0 0 0.2 0
  2 1 20 2 0 30 0 0 0.1 0.0333333333333333 0
  2 1 21 2 0 46 0 0 0.0652173913043478 0 0
  2 1 22 2 0 10 0 0 0.3 0.1 0
  2 1 23 2 0 19 0 0 0.105263157894737 0.0526315789473684 0
  2 1 24 2 0 61 0 0 0.0163934426229508 0.0327868852459016 0
  2 1 25 2 0 29 0 0 0.0689655172413793 0 0
  2 1 26 2 0 32 0 0 0.125 0 0
  2 1 27 2 0 16 0 0 0.25 0.0625 0
  2 1 28 2 0 31 0 0 0 0.129032258064516 0
  2 1 29 2 0 44 0 0 0.0681818181818182 0.0227272727272727 0
  2 1 30 2 0 29 0 0 0.448275862068966 0.379310344827586 0
  2 1 31 2 0 25 0 0 0.24 0.16 0
  2 1 32 2 0 22 0 0 0.0909090909090909 0.454545454545455 0
  2 1 33 2 0 35 0 0 0.0285714285714286 0.0857142857142857 0
  2 1 34 2 0 28 0 0 0 0.214285714285714 0
  2 1 35 2 0 45 0 0.0222222222222222 0.0222222222222222 0 0
  2 1 36 2 0 51 0 0.0196078431372549 0.156862745098039 0.0196078431372549 0
  2 1 37 2 0 41 0 0 0.146341463414634 0.0731707317073171 0
  2 1 38 2 0 36 0 0 0.222222222222222 0.138888888888889 0
  2 1 39 2 0 20 0 0 0.5 0.3 0
  2 1 40 2 0 14 0 0 1.21428571428571 0.714285714285714 0
  2 1 41 2 0 17 0 0.0588235294117647 0.470588235294118 0.352941176470588 0
  2 1 42 2 0 24 0 0.0416666666666667 0.5 0.125 0
  2 1 1 3 0 1 0 0 3 2 0
  2 1 2 3 0 5 0 0 0.6 0.4 0
  2 1 3 3 0 5 0 0 0.8 0.2 0
  2 1 4 3 0 1 0 0 5 0 0
  2 1 5 3 0 6 0 0.166666666666667 0.5 0.166666666666667 0
  2 1 6 3 0 4 0 0 1.25 0 0
  2 1 7 3 0 5 0 0 0.8 0.2 0
  2 1 8 3 0 1 0 2 2 1 0
  2 1 9 3 0 1 0 0 5 0 0
  2 1 10 3 0 1 0 2 2 1 0
  2 1 11 3 0 2 0 0 0.5 0 0
  2 1 12 3 0 5 0 0.4 0.4 0.2 0
  2 1 13 3 0 4 0 0 0 0.25 0
  2 1 14 3 0 8 0 0 0 0.25 0
  2 1 15 3 0 11 0 0.0909090909090909 0.636363636363636 0 0
  2 1 16 3 0 5 0 0.2 0 0.4 0
  2 1 17 3 0 5 0 0 0.4 0.2 0
  2 1 18 3 0 1 0 0 1 0 0
  2 1 19 3 0 1 0 0 0 3 0
  2 1 20 3 0 4 0 0.5 0.25 0 0
  2 1 21 3 0 3 0 0.666666666666667 0 0.333333333333333 0
  2 1 22 3 0 4 0 0 0.5 0 0
  2 1 23 3 0 3 0 0.333333333333333 1.33333333333333 0.333333333333333 0
  2 1 24 3 0 3 0 0.333333333333333 0 0 0
  2 1 25 3 0 2 0 0 0 0.5 0
  2 1 26 3 0 4 0 0 0.25 0.25 0
  2 1 27 3 0 5 0 0.2 0.2 0 0
  2 1 28 3 0 4 0 0 0.5 0.5 0
  2 1 29 3 0 4 0 0.25 1.25 0.25 0
  2 1 30 3 0 24 0 0 0.166666666666667 0.0833333333333333 0
  2 1 31 3 0 10 0 0 1 0 0
  2 1 32 3 0 12 0 0 0.25 0.333333333333333 0
  2 1 33 3 0 4 0 0.25 1.75 1.75 0
  2 1 34 3 0 6 0 1 1.33333333333333 0.833333333333333 0
  2 1 35 3 0 2 0 1.5 4 1 0
  2 1 36 3 0 10 0 1.3 0.8 0.2 0
  2 1 37 3 0 9 0 0.444444444444444 0.333333333333333 0 0
  2 1 38 3 0 13 0 0.230769230769231 0.307692307692308 0 0
  2 1 39 3 0 16 0 0.3125 0.5625 0.3125 0
  2 1 40 3 0 27 0.037037037037037 0.111111111111111 0.703703703703704 0.0740740740740741 0
  2 1 41 3 0 15 0 0.533333333333333 1.26666666666667 0.266666666666667 0
  2 1 42 3 0 16 0 0.4375 1.25 0.25 0
# end fishery length observations 
#  
# Survey diet proportion observations 
# Number of observations, init_int Ndietprop_obs 
  115
# init_matrix obs_dietprop(1,Ndietprop_obs,1,ncol) 
# Survey  Year  Predator  Predator_size InpN  wt_prey_1 wt_prey_2 wt_prey_3 wt_prey_4 wt_prey_5 wt_prey_6 wt_prey_7 wt_prey_8 wt_prey_9 wt_prey_10 wt_prey_11 other 
  1 12 1 2 100 0 0 0 0 1
  1 12 1 3 100 0.64 0 0 0 0.36
  1 13 1 3 100 0 0 0 0 1
  1 13 1 4 100 0 1 0 0 0
  1 15 1 2 100 0 0 0 0 1
  1 18 1 1 100 0.35 0 0 0 0.65
  1 18 1 2 100 0 0 0 0 1
  1 18 1 3 100 0 0.08 0 0 0.92
  1 19 1 2 100 0 0.06 0 0 0.94
  1 19 1 3 100 0 0.52 0 0 0.48
  1 20 1 3 100 0 0 0 0 1
  1 21 1 2 100 0 0.02 0 0 0.98
  1 21 1 3 100 0 0.44 0 0 0.56
  1 24 1 3 100 0 0.74 0 0 0.26
  1 25 1 3 100 0 0.15 0 0 0.85
  1 26 1 3 100 0 0.21 0.54 0 0.25
  1 27 1 3 100 0 0.01 0.3 0 0.69
  1 28 1 3 100 0 0.77 0 0 0.23
  1 33 1 3 100 0 0 0 0 1
  1 34 1 3 100 0 0.38 0 0 0.62
  1 35 1 3 100 0 0.43 0 0 0.57
  1 38 1 3 100 0 0.53 0 0 0.47
  1 39 1 3 100 0 0.04 0 0 0.96
  1 40 1 2 100 0 0.44 0 0 0.56
  1 41 1 2 100 0 0 0.44 0 0.56
  2 2 1 4 100 0 0 0 0 1
  2 11 1 3 100 0 0 0 0 1
  2 14 1 3 100 0 0 0 0 1
  2 14 1 4 100 0 0 0 0 1
  2 15 1 3 100 0 0.91 0 0 0.09
  2 16 1 3 100 0 0.05 0 0 0.95
  2 16 1 4 100 0 0 0 0 1
  2 19 1 3 100 0 0.98 0 0 0.02
  2 19 1 4 100 0 0 0.23 0 0.77
  2 21 1 3 100 0 0 0.04 0 0.96
  2 21 1 4 100 0 0.03 0 0 0.97
  2 22 1 3 100 0 0.25 0 0 0.75
  2 23 1 3 100 0 1 0 0 0
  2 24 1 3 100 0 0 0 0 1
  2 24 1 4 100 0 0 0 0 1
  2 25 1 2 100 0 0 0 0 1
  2 25 1 3 100 0 0 0 0 1
  2 26 1 3 100 0 0.54 0 0 0.46
  2 27 1 3 100 0 0.06 0.07 0 0.87
  2 27 1 4 100 0 0.04 0 0 0.96
  2 29 1 3 100 0 0.77 0 0 0.23
  2 33 1 3 100 0 0.79 0 0 0.21
  2 35 1 1 100 0 0.66 0 0 0.34
  2 35 1 2 100 0 0.99 0 0 0.01
  2 35 1 3 100 0 0 0 0 1
  2 36 1 3 100 0 0.13 0 0 0.87
  2 39 1 3 100 0 0 0 0 1
  2 40 1 2 100 0 0.05 0 0 0.95
  2 36 2 3 100 0 0 0 0 1
  2 30 3 2 100 0 0 0 0 1
  2 30 3 4 100 0 0.47 0 0 0.53
  1 8 4 2 100 0 0 0.13 0 0.87
  1 8 4 3 100 0 0.49 0 0 0.51
  1 11 4 3 100 0 0 0 0.05 0.95
  1 13 4 2 100 0 0 0 0 1
  1 13 4 3 100 0 1 0 0 0
  1 13 4 4 100 0 0 0 0 1
  1 14 4 3 100 0 0.28 0 0 0.72
  1 15 4 3 100 0 0.5 0 0 0.5
  1 15 4 4 100 0 0 0.33 0 0.67
  1 16 4 3 100 0 0.45 0 0 0.55
  1 16 4 4 100 0 0 0 0 1
  1 17 4 3 100 0 0.61 0 0 0.39
  1 18 4 3 100 0 0.24 0 0 0.76
  1 19 4 2 100 0 0 0 0 1
  1 19 4 3 100 0 0 0.2 0 0.8
  1 20 4 2 100 0 0 0.99 0 0.01
  1 20 4 3 100 0 0 0 0 1
  1 21 4 3 100 1 0 0 0 0
  1 22 4 2 100 0 0.11 0 0 0.89
  1 23 4 3 100 0 0 0 0 1
  1 24 4 3 100 0 0 0 0 1
  1 25 4 3 100 0 0.24 0 0 0.76
  1 25 4 4 100 0 0.03 0 0 0.97
  1 26 4 3 100 0 0.33 0 0 0.67
  1 27 4 2 100 0 0.29 0 0 0.71
  1 27 4 3 100 0 0.18 0 0 0.82
  1 28 4 2 100 0 0.21 0.08 0 0.71
  1 28 4 3 100 0 0 0.24 0 0.76
  1 29 4 3 100 0 0.35 0 0 0.65
  1 31 4 3 100 0 0.02 0.17 0 0.81
  1 31 4 4 100 0 0.05 0 0 0.95
  1 34 4 3 100 0 1 0 0 0
  1 40 4 3 100 0 0.03 0 0 0.97
  1 40 4 4 100 0 0 0 0 1
  1 42 4 3 100 0 0.17 0 0 0.83
  2 6 4 3 100 0 0 0 0 1
  2 8 4 3 100 0 0 0.37 0 0.63
  2 9 4 4 100 0 0 0 0.27 0.73
  2 14 4 4 100 0.09 0 0 0 0.91
  2 15 4 3 100 0 0 0 0 1
  2 16 4 3 100 0 0 0 0 1
  2 17 4 2 100 0 0 0 0 1
  2 18 4 3 100 0 0 0 0 1
  2 19 4 3 100 0 0 0 0 1
  2 21 4 3 100 0 0.14 0 0 0.86
  2 22 4 3 100 0 0.42 0 0 0.58
  2 23 4 3 100 0 0 0 0 1
  2 24 4 3 100 0 0.52 0.35 0 0.13
  2 25 4 3 100 0 0.58 0 0 0.42
  2 25 4 4 100 0 0 1 0 0
  2 27 4 3 100 0 0.25 0 0 0.75
  2 30 4 3 100 0 0.38 0 0 0.62
  2 33 4 3 100 0 0.05 0 0 0.95
  2 34 4 3 100 0 1 0 0 0
  2 35 4 3 100 0 0.45 0 0 0.55
  2 36 4 2 100 0 0.12 0 0 0.88
  2 36 4 3 100 0 0.34 0 0 0.66
  2 37 4 3 100 0 0.5 0 0 0.5
  2 42 4 3 100 0 0 0.93 0 0.07
# end survey diet proportion observations 
#  
