# This file was created using the write_tsDatFile function and used all the simulated data from sim_dta.rds found in repo:Hydra-self-testing
# Survey index data 
# Number of observations, init_int Nsurvey_obs
  329
# init_matrix obs_survey_biomass(1,Nsurvey_obs,1,5)
# survey year spp value cv
  1 1 4 12.9577892299703 0.212720515437525
  2 1 4 10.3452372661212 0.25363203301826
  1 2 4 12.6920374126097 0.222168779300385
  2 2 4 10.4610224315005 0.187773345626693
  1 3 4 11.8701821507103 0.394113240257454
  2 3 4 10.23345553229 0.423618201694685
  1 4 4 12.7683249907622 0.310035034727007
  2 4 4 10.3009323777442 0.327069686277164
  1 5 4 12.8808576355498 0.378629084128514
  2 5 4 10.1074491862603 0.391316523019912
  1 6 4 11.6019036364828 0.494427832556011
  2 6 4 10.3414797449718 0.376280830351703
  1 7 4 13.3617610685114 0.759062286891916
  2 7 4 10.230562440531 0.665352569827422
  1 8 4 12.8847573588087 0.383150869515862
  2 8 4 10.5666697500102 0.433685089735353
  1 9 4 12.0482425178311 0.48934963094834
  2 9 4 9.55414638008633 0.392371299771634
  1 10 4 12.1490785842016 0.382452035825211
  2 10 4 9.75797899489594 0.333798529002863
  1 11 4 12.9695591255597 0.566792532611316
  2 11 4 9.18611248301305 0.868042030585988
  1 12 4 11.9112374708997 0.381518572031255
  2 12 4 10.2388890591815 0.445144789260538
  1 13 4 12.50067867226 0.438380584739347
  2 13 4 9.90099852966316 0.947226139495183
  1 14 4 12.1224771142617 0.482345652338289
  2 14 4 9.65908605202909 0.377075764230608
  1 15 4 11.8042732123732 0.420835086749712
  2 15 4 10.7926682426523 0.614716212748607
  1 16 4 12.1618607165483 0.515165860253858
  2 16 4 10.6173431128373 0.704031323768783
  1 17 4 12.4648271774261 0.559532625975744
  2 17 4 9.39009742942465 0.319774204956139
  1 18 4 11.3403210740888 0.479008946214672
  2 18 4 9.44228878114507 0.41351869139049
  1 19 4 12.1562703234437 0.429419179801904
  2 19 4 9.74513641084685 0.387615780132326
  1 20 4 11.3164719801113 0.477074256852948
  2 20 4 9.74250604288729 0.315868813200741
  1 21 4 12.245536312802 0.410621521476155
  2 21 4 8.99056352074931 0.630050999524052
  1 22 4 11.7982430571895 0.294672690077384
  2 22 4 9.12347804692796 0.335469505128288
  1 23 4 11.6483962298355 0.477447511398437
  2 23 4 10.1377116890709 0.407625761955908
  1 24 4 11.2816505098091 0.384568504019134
  2 24 4 9.32684705911272 0.43049173366256
  1 25 4 11.8671910378091 0.333261603198005
  2 25 4 8.40001432138892 0.843960441627036
  1 26 4 10.7769283766064 0.685474246042822
  2 26 4 9.53622183571473 0.429620783824035
  1 27 4 11.4785470816601 0.286882992344226
  2 27 4 9.39134171616849 0.81343687860715
  1 28 4 11.8740820393701 0.371822434434906
  2 28 4 9.75351617640399 0.53327636373572
  1 29 4 10.6145311172533 0.592639130460935
  2 29 4 8.96662373541653 0.590339711107796
  1 30 4 10.9451363668225 0.374062101432949
  2 30 4 8.20931958920874 0.701775131617819
  1 31 4 11.6269749756736 0.304499664309564
  2 31 4 8.62247469296924 0.210828956182955
  1 32 4 11.1680002123908 0.233962995093855
  2 32 4 8.82067090008123 0.329779252894958
  1 33 4 11.0226462795393 0.270006842918168
  2 33 4 8.40956072399466 0.460124990024536
  1 34 4 11.9768367844746 0.350007507053818
  2 34 4 9.336955193912 0.837656243552001
  1 35 4 10.8798983422412 0.34274593698132
  2 35 4 8.56959563679429 0.291986952078346
  1 36 4 11.5739897059592 0.261906583866089
  2 36 4 9.20312043378439 0.425399553458769
  1 37 4 11.3328296075359 0.417429035160016
  2 37 4 9.16418963584744 0.287702894520317
  1 38 4 12.0070153089939 0.441211421515246
  2 38 4 8.9973559573311 0.866971810340233
  1 39 4 11.8850821724539 0.495234601454268
  2 39 4 9.5689162468364 0.556663444153977
  1 40 4 11.6827378955337 0.237858203733512
  2 40 4 8.83260335486416 0.295404104464232
  1 41 4 12.1083714730634 0.327346172729995
  2 41 4 8.76249185657054 0.994030515469621
  1 42 4 11.9248506555519 0.368315456462939
  2 42 4 8.77655204554154 0.461505384764764
  1 1 2 4.70637456926427 0.601375663623589
  2 1 2 4.3724762740718 0.565196579518992
  2 2 2 3.43716852820294 0.686052062200317
  2 3 2 4.25221690418154 0.378997614818957
  1 4 2 1.57807905675181 1
  2 4 2 3.8111888192855 0.459316778181236
  1 5 2 3.72333592108984 0.611089023955187
  2 5 2 5.14480352872905 0.780615956536472
  1 6 2 3.04904661453167 0.702037850017464
  2 6 2 3.78199156922091 0.461790555986525
  1 7 2 4.20490696032728 0.948289691951521
  2 7 2 4.09700818624588 0.685175011742778
  1 8 2 3.22904664393907 0.544380631361087
  2 8 2 3.88836364133323 0.424096495665332
  1 9 2 4.21267301363662 0.5393131982084
  2 9 2 4.4694968795151 0.454629127333952
  1 10 2 6.57021532119261 0.88095039530815
  2 10 2 4.48289117492978 0.419344308350161
  1 11 2 5.41986185927631 0.799987970388403
  2 11 2 4.87183192496674 0.839124360078806
  1 12 2 5.02463097959989 0.774991903603438
  2 12 2 5.33154106753746 0.424721667998453
  1 13 2 5.64516210850141 0.863215133786584
  2 13 2 4.05401628166161 0.387073469025502
  1 14 2 3.58008075084405 0.704083892007286
  2 14 2 4.6706405729929 0.312793018147624
  1 15 2 4.43537668824934 0.457459057188701
  2 15 2 4.01036746370263 0.459652287866146
  1 16 2 4.3126195466653 0.853197309912465
  2 16 2 4.31594908138306 0.628928805514438
  1 17 2 2.43944949267777 0.61116783920211
  2 17 2 3.42425947502099 0.3895964128798
  1 18 2 6.82471110457834 0.416775375911518
  2 18 2 7.73266298060191 0.495180348393774
  1 19 2 7.40855437733625 0.69077510766454
  2 19 2 7.86912308844654 0.347120352110889
  1 20 2 7.7889989288102 0.793751288508348
  2 20 2 7.1178588224036 0.526946514998015
  1 21 2 8.16833922331362 0.339376634127756
  2 21 2 7.5332138973811 0.609998621037514
  1 22 2 8.47191559863404 0.601950919776798
  2 22 2 8.06456079475149 0.389299707202565
  1 23 2 8.15946363492498 0.658556209578282
  2 23 2 8.32601219658358 0.288585466763824
  1 24 2 8.00458867531847 0.637453135075156
  2 24 2 7.93634210559561 0.480513100150493
  1 25 2 9.11241809194926 0.510473149998029
  2 25 2 8.44103278808565 0.338488147626423
  1 26 2 7.92621928582338 0.548437091427541
  2 26 2 8.54750820279334 0.345955330423839
  1 27 2 6.85967274216901 0.492912195981742
  2 27 2 7.73850252981685 0.33164245084141
  1 28 2 7.41790202098763 0.747597319880804
  2 28 2 6.29471800779832 0.447853531697379
  1 29 2 7.63544526543426 0.451616070879294
  2 29 2 7.78784001122633 0.305275882623724
  1 30 2 7.20535676443399 0.797269558848634
  2 30 2 7.30756338148761 0.605264936420634
  1 31 2 9.10607441509797 0.666772556553203
  2 31 2 9.17219114079267 0.359836468902791
  1 32 2 9.9258872543187 0.96787270074405
  2 32 2 9.86832233218602 0.422601396160012
  1 33 2 9.56065785379739 0.404694020855087
  2 33 2 10.2167698377814 0.465820030674526
  1 34 2 10.0858764016868 0.814873375751391
  2 34 2 10.3481992131753 0.505954372112585
  1 35 2 10.1488606018609 0.533219898766676
  2 35 2 9.15009709541426 0.287403659199158
  1 36 2 9.80875904848508 0.371953858881132
  2 36 2 8.82544967953759 0.365560779244073
  1 37 2 10.0214239395224 0.791301167226987
  2 37 2 10.3873391102535 0.487536998609889
  1 38 2 10.3564334954846 0.633364993316759
  2 38 2 9.55691776689333 0.644823084547079
  1 39 2 8.87841447745995 0.827253682697507
  2 39 2 9.74678310737575 0.354235596542703
  1 40 2 8.2431767455162 0.900216415173481
  2 40 2 9.28020894906803 0.395846441583114
  1 41 2 10.1269231389335 0.957770995377006
  2 41 2 9.8779660689774 0.496084887173497
  1 42 2 7.74827775869196 0.55870584954739
  2 42 2 8.37531365976765 0.604660139936764
  1 1 1 10.0627244685107 0.241799049430762
  2 1 1 10.7704362397601 0.250018379470286
  1 2 1 10.22407170646 0.142636213550947
  2 2 1 10.6015851941018 0.163647146277456
  1 3 1 10.3588770319952 0.225478190042395
  2 3 1 10.8427977000142 0.192013183632222
  1 4 1 9.88084957620589 0.323579734794357
  2 4 1 10.3618907183082 0.162432383538487
  1 5 1 10.3886230238336 0.320666395151501
  2 5 1 10.5674599314107 0.822390366318268
  1 6 1 9.78123198083604 0.452044832991261
  2 6 1 10.5435118190255 0.192408532269243
  1 7 1 9.6732761115569 0.28209645893665
  2 7 1 10.4839565132192 0.262097825842625
  1 8 1 10.3665974165506 0.414010381101596
  2 8 1 10.5493204130823 0.189959250209439
  1 9 1 9.50595479894163 0.40638853202345
  2 9 1 10.2261283718853 0.178404315527443
  1 10 1 9.857571815174 0.290993157294119
  2 10 1 10.3448031750853 0.156753980046499
  1 11 1 9.85922450247738 0.324615016521962
  2 11 1 10.0929104977847 0.174348711952217
  1 12 1 9.52366584482645 0.294780938380682
  2 12 1 10.0168623886527 0.195232854572048
  1 13 1 9.76949092298518 0.440402569626277
  2 13 1 9.98723204325851 0.185762358850192
  1 14 1 8.97823714542931 0.372421878022742
  2 14 1 9.57437159624509 0.151581173531864
  1 15 1 9.08375582732829 0.341871348717721
  2 15 1 9.35951274527718 0.233364310094868
  1 16 1 8.18537464725133 0.416897355424411
  2 16 1 9.20473215673257 0.283802183917676
  1 17 1 8.1647580180538 0.500820840736393
  2 17 1 7.84595771260531 0.495024013362717
  1 18 1 8.57996209180976 0.389853340834037
  2 18 1 9.46096716694779 0.390988792530431
  1 19 1 8.37138510594934 0.293941849282161
  2 19 1 8.80541053942984 0.322403741112933
  1 20 1 7.43146277147865 0.525509720403112
  2 20 1 8.72385944445413 0.218361153170241
  1 21 1 8.25312556767287 0.266433769579894
  2 21 1 9.4925170154278 0.421115605185845
  1 22 1 8.92640238216414 0.374831371194202
  2 22 1 8.9472225758476 0.227391091044855
  1 23 1 8.80147684554488 0.352011231642473
  2 23 1 9.0076085900023 0.384269029090844
  1 24 1 8.25343586212235 0.34725908523047
  2 24 1 8.90329845683363 0.331291933735556
  1 25 1 8.06961841919118 0.578696888706846
  2 25 1 9.38502291082116 0.247394190789157
  1 26 1 8.38555066665118 0.459728456052307
  2 26 1 7.86287461405529 0.394189312610479
  1 27 1 7.37873533471049 0.539982548576019
  2 27 1 8.87241289972178 0.72948972943007
  1 28 1 7.99318319874761 0.364309332200766
  2 28 1 8.23682546307136 0.278656828353639
  1 29 1 7.7120797925704 0.562793580097325
  2 29 1 8.73960998466169 0.316141323613091
  1 30 1 8.1418843040243 0.420348818797864
  2 30 1 8.61372817505958 0.30511736182771
  1 31 1 7.85233284157852 0.403753427903273
  2 31 1 8.22924507552509 0.278331587636247
  1 32 1 6.71294687738643 0.491331418922754
  2 32 1 9.07210521577104 0.329726795744574
  1 33 1 7.71877168213802 0.537081122476055
  2 33 1 7.23606787044772 0.33086845072982
  1 34 1 5.99032268289633 0.379030815152119
  2 34 1 7.39580953198949 0.278881417082292
  1 35 1 6.67152993412162 0.519511456600017
  2 35 1 6.85603063704527 0.27351876283918
  1 36 1 6.61707276596251 0.556056214854877
  2 36 1 7.05191187972888 0.714061811185508
  1 37 1 6.00097040769921 0.588197671943964
  2 37 1 7.42565617931694 0.340315242626747
  1 38 1 6.01581843008103 0.324588369174256
  2 38 1 6.65476343252268 0.300199803594678
  1 39 1 6.68085071753384 0.501841796783066
  2 39 1 6.5372578733649 0.438397059851219
  1 40 1 6.63798712414584 0.403101009292275
  2 40 1 6.95452816240622 0.410378233550251
  1 41 1 6.73079933809449 0.478602624152216
  2 41 1 6.95962181261773 0.362128776577143
  1 42 1 7.90479303710667 0.646634922078809
  2 42 1 8.50960500882959 0.816170985475773
  1 1 3 3.27875990128456 0.499484636786782
  1 2 3 3.88302488598615 0.358153914340203
  2 2 3 4.14233945524722 0.577110518633802
  1 3 3 4.48465732742242 0.678339172154909
  2 3 3 6.8244402907528 0.738121970739642
  1 4 3 4.96407105152357 1
  2 4 3 6.02926892019171 0.52056341701904
  1 5 3 4.90373643757936 0.693225535250834
  2 5 3 8.3696968545628 1
  1 6 3 5.75344376074243 1
  2 6 3 6.1301064693843 0.48452157876779
  1 7 3 4.74480181668831 0.912293822979085
  1 8 3 5.74749398255023 0.655734850091527
  2 8 3 6.16792104310965 0.750382084373246
  1 9 3 4.34042525457405 0.670809892238012
  2 9 3 6.12531336518368 0.47273108889926
  1 10 3 5.28704745499109 0.631102684426709
  2 10 3 7.11579615215045 0.919260399745188
  1 11 3 4.95176646790039 0.496475444687371
  1 12 3 5.78643605951331 0.740682868109632
  2 12 3 5.31570537698726 1
  1 13 3 4.72924927447841 0.360862225436052
  1 14 3 5.63448993262811 0.547901331396328
  2 14 3 5.73198782395506 0.478873954421528
  1 15 3 4.35467952664178 0.429608216382601
  2 15 3 5.18426682935021 0.654713783069401
  1 16 3 6.69060346548022 0.69118921143411
  2 16 3 7.67523009559465 0.8614889831113
  1 17 3 5.35078143428791 0.426971754606328
  2 17 3 5.50128328674383 0.572182042928152
  1 18 3 5.43274035414133 0.505524319387353
  2 18 3 5.23485506628055 0.488492827246527
  1 19 3 5.65405692778967 0.644591984223249
  2 19 3 5.7235330811707 0.51925665989311
  1 20 3 4.81983340679487 0.899065435378594
  2 20 3 7.06043379609242 0.59569628754064
  1 21 3 5.74234505910093 0.543826822033971
  2 21 3 6.1500881964797 0.466111862829518
  1 22 3 2.9602532339508 0.88174616562504
  2 22 3 7.61877131994363 0.568444982816852
  1 23 3 5.3831684764039 0.408104676406013
  2 23 3 7.24594908847446 0.357346049869971
  1 24 3 5.7070435841113 0.92608255019157
  2 24 3 6.01961843583362 0.539541007788685
  1 25 3 6.65338875261614 0.648664057223823
  2 25 3 6.69824518023178 0.576168087832409
  1 26 3 6.04113544727314 0.695927823776047
  2 26 3 6.77562718668502 0.549529982814455
  1 27 3 6.52168336832768 0.708713243925404
  2 27 3 7.1782014553092 0.496269825160911
  1 28 3 6.09848282555314 0.489543853646182
  1 29 3 6.2488638483669 0.703511357168505
  2 29 3 6.14666542926573 0.875017095315649
  1 30 3 5.31389121707877 0.631659802692532
  2 30 3 7.12643081983966 0.908152223575802
  1 31 3 5.69952482870155 0.626570332091694
  2 31 3 6.6479466755841 0.712465807947941
  1 32 3 4.72597819847712 0.661895735249442
  2 32 3 6.10553755551403 0.86012943797605
  1 33 3 8.10792194683376 0.783155911787346
  2 33 3 6.98349777967503 0.598390099709208
  1 34 3 5.2298748244148 0.542775440757204
  2 34 3 7.00858439216389 0.743173480285892
  1 35 3 5.09426777903773 0.870542376054271
  2 35 3 7.88268859267147 0.446478967244395
  1 36 3 7.19210451237459 0.492193512682958
  2 36 3 8.31339592381996 0.490110041691513
  1 37 3 5.70755084890906 0.909630520329322
  2 37 3 8.65263285701318 0.433872317628348
  1 38 3 7.77214703895168 0.644773009949607
  2 38 3 7.97563717256643 0.484949159815328
  1 39 3 7.2679181558854 0.515045488987725
  2 39 3 8.48942518219871 0.388710136036013
  1 40 3 8.01287259308823 0.442573167063876
  2 40 3 9.72905382115683 0.395139923022642
  1 41 3 7.71379915993133 0.88587618368699
  2 41 3 8.80603175945576 0.537531419606343
  1 42 3 12.5419072935879 0.983269433580366
  2 42 3 10.3728078058223 0.849696423298534
# end survey index observations 
#  
# Survey size comp data 
# Number of observations, init_int Nsurvey_size_obs 
  329
# init_matrix obs_survey_size(1,Nsurvey_size_obs,1,ncol) 
# Survey  Year  Species Type (0=whole, 1=retained, 2=discard) InpN, proportion by length bin 
  1 1 1 0 57 0.0175438596491228 0.456140350877193 0.385964912280702 0.105263157894737 0.0350877192982456
  1 2 1 0 65 0 0.276923076923077 0.523076923076923 0.2 0
  1 3 1 0 32 0 0.28125 0.40625 0.3125 0
  1 4 1 0 32 0.03125 0.65625 0.125 0.1875 0
  1 5 1 0 21 0 0.761904761904762 0.142857142857143 0.0952380952380952 0
  1 6 1 0 18 0 0.611111111111111 0.277777777777778 0.111111111111111 0
  1 7 1 0 25 0.08 0.56 0.24 0.12 0
  1 8 1 0 20 0 0.6 0.2 0.2 0
  1 9 1 0 16 0 0.6875 0.1875 0.125 0
  1 10 1 0 19 0.0526315789473684 0.526315789473684 0.368421052631579 0.0526315789473684 0
  1 11 1 0 20 0 0.7 0.25 0.05 0
  1 12 1 0 22 0.0909090909090909 0.681818181818182 0.136363636363636 0.0909090909090909 0
  1 13 1 0 23 0 0.608695652173913 0.304347826086957 0.0869565217391304 0
  1 14 1 0 14 0 0.5 0.5 0 0
  1 15 1 0 21 0 0.666666666666667 0.238095238095238 0.0952380952380952 0
  1 16 1 0 14 0 0.714285714285714 0.285714285714286 0 0
  1 17 1 0 17 0.0588235294117647 0.470588235294118 0.411764705882353 0.0588235294117647 0
  1 18 1 0 19 0 0.789473684210526 0.210526315789474 0 0
  1 19 1 0 18 0.111111111111111 0.666666666666667 0.222222222222222 0 0
  1 20 1 0 15 0 0.533333333333333 0.4 0.0666666666666667 0
  1 21 1 0 21 0.0952380952380952 0.714285714285714 0.142857142857143 0.0476190476190476 0
  1 22 1 0 13 0 0.769230769230769 0.153846153846154 0.0769230769230769 0
  1 23 1 0 14 0 0.857142857142857 0.142857142857143 0 0
  1 24 1 0 14 0.0714285714285714 0.571428571428571 0.357142857142857 0 0
  1 25 1 0 18 0.0555555555555556 0.555555555555556 0.333333333333333 0.0555555555555556 0
  1 26 1 0 14 0.0714285714285714 0.5 0.285714285714286 0.142857142857143 0
  1 27 1 0 23 0 0.478260869565217 0.347826086956522 0.173913043478261 0
  1 28 1 0 14 0.142857142857143 0.714285714285714 0.0714285714285714 0.0714285714285714 0
  1 29 1 0 17 0.0588235294117647 0.529411764705882 0.352941176470588 0.0588235294117647 0
  1 30 1 0 18 0 0.5 0.444444444444444 0.0555555555555556 0
  1 31 1 0 20 0 0.55 0.4 0.05 0
  1 32 1 0 10 0 0.5 0.5 0 0
  1 33 1 0 15 0 0.533333333333333 0.4 0.0666666666666667 0
  1 34 1 0 18 0 0.555555555555556 0.333333333333333 0.111111111111111 0
  1 35 1 0 8 0.125 0.5 0.25 0.125 0
  1 36 1 0 12 0 0.833333333333333 0.166666666666667 0 0
  1 37 1 0 8 0 0.75 0.25 0 0
  1 38 1 0 16 0 0.4375 0.5 0.0625 0
  1 39 1 0 10 0 0.8 0.2 0 0
  1 40 1 0 10 0 0.5 0.5 0 0
  1 41 1 0 13 0 0.461538461538462 0.384615384615385 0.153846153846154 0
  1 42 1 0 8 0 0.875 0.125 0 0
  1 1 2 0 11 0 0 0.636363636363636 0.272727272727273 0.0909090909090909
  1 4 2 0 1 0 0 0 1 0
  1 5 2 0 5 0 0 0.4 0.4 0.2
  1 6 2 0 1 0 0 0 1 0
  1 7 2 0 3 0 0 0.666666666666667 0.333333333333333 0
  1 8 2 0 4 0 0 0.75 0.25 0
  1 9 2 0 5 0 0 0.6 0.4 0
  1 10 2 0 10 0 0 0.8 0.2 0
  1 11 2 0 13 0 0 0.538461538461538 0.461538461538462 0
  1 12 2 0 15 0 0 0.4 0.6 0
  1 13 2 0 9 0 0 0.333333333333333 0.666666666666667 0
  1 14 2 0 6 0 0 0.166666666666667 0.833333333333333 0
  1 15 2 0 13 0 0 0.461538461538462 0.538461538461538 0
  1 16 2 0 10 0 0 0.1 0.9 0
  1 17 2 0 10 0 0.9 0.1 0 0
  1 18 2 0 18 0 0 1 0 0
  1 19 2 0 27 0 0 0.703703703703704 0.296296296296296 0
  1 20 2 0 23 0 0 0.521739130434783 0.478260869565217 0
  1 21 2 0 25 0 0 0.48 0.52 0
  1 22 2 0 9 0 0 0.666666666666667 0.333333333333333 0
  1 23 2 0 8 0 0 0 1 0
  1 24 2 0 9 0 0 0.222222222222222 0.777777777777778 0
  1 25 2 0 14 0 0 0.0714285714285714 0.928571428571429 0
  1 26 2 0 18 0 0 0.166666666666667 0.833333333333333 0
  1 27 2 0 16 0 0 0.3125 0.6875 0
  1 28 2 0 6 0 0 0.333333333333333 0.666666666666667 0
  1 29 2 0 8 0 0.25 0.125 0.625 0
  1 30 2 0 17 0 0.117647058823529 0.588235294117647 0.294117647058824 0
  1 31 2 0 9 0 0 0.888888888888889 0.111111111111111 0
  1 32 2 0 30 0 0.0666666666666667 0.733333333333333 0.2 0
  1 33 2 0 24 0 0 0.458333333333333 0.541666666666667 0
  1 34 2 0 25 0 0.08 0.52 0.4 0
  1 35 2 0 16 0 0 0.75 0.25 0
  1 36 2 0 13 0 0 0.461538461538462 0.538461538461538 0
  1 37 2 0 8 0 0 0.75 0.25 0
  1 38 2 0 10 0 0 0.3 0.7 0
  1 39 2 0 13 0 0 0.153846153846154 0.846153846153846 0
  1 40 2 0 8 0 0 0.5 0.5 0
  1 41 2 0 5 0 0 0.2 0.8 0
  1 42 2 0 17 0 0.117647058823529 0.470588235294118 0.411764705882353 0
  1 1 3 0 27 0 0.333333333333333 0.185185185185185 0.481481481481481 0
  1 2 3 0 13 0 0.769230769230769 0 0.230769230769231 0
  1 3 3 0 5 0 0.8 0.2 0 0
  1 4 3 0 2 0 0.5 0 0.5 0
  1 5 3 0 5 0 0.4 0.4 0.2 0
  1 6 3 0 1 0 0 0 1 0
  1 7 3 0 3 0 0.333333333333333 0.333333333333333 0.333333333333333 0
  1 8 3 0 3 0 0 0.666666666666667 0.333333333333333 0
  1 9 3 0 4 0 0.25 0.5 0.25 0
  1 10 3 0 4 0 0.5 0.25 0.25 0
  1 11 3 0 4 0 0 0.75 0.25 0
  1 12 3 0 2 0 0 1 0 0
  1 13 3 0 8 0 0.125 0.25 0.625 0
  1 14 3 0 19 0 0.368421052631579 0.210526315789474 0.421052631578947 0
  1 15 3 0 15 0 0.666666666666667 0.2 0.133333333333333 0
  1 16 3 0 12 0 0.75 0.166666666666667 0.0833333333333333 0
  1 17 3 0 14 0 0.428571428571429 0.5 0.0714285714285714 0
  1 18 3 0 14 0 0.357142857142857 0.357142857142857 0.285714285714286 0
  1 19 3 0 15 0 0.333333333333333 0.6 0.0666666666666667 0
  1 20 3 0 17 0 0.294117647058824 0.470588235294118 0.235294117647059 0
  1 21 3 0 12 0 0.25 0.666666666666667 0.0833333333333333 0
  1 22 3 0 11 0 0.181818181818182 0.363636363636364 0.454545454545455 0
  1 23 3 0 16 0 0.625 0.3125 0.0625 0
  1 24 3 0 15 0 0.266666666666667 0.333333333333333 0.4 0
  1 25 3 0 4 0 0 1 0 0
  1 26 3 0 14 0 0 0.714285714285714 0.285714285714286 0
  1 27 3 0 6 0 0 0.666666666666667 0.333333333333333 0
  1 28 3 0 4 0 0 0.5 0.5 0
  1 29 3 0 2 0 0 0.5 0.5 0
  1 30 3 0 10 0 0.3 0.3 0.4 0
  1 31 3 0 9 0 0 0.444444444444444 0.555555555555556 0
  1 32 3 0 12 0 0 0.333333333333333 0.666666666666667 0
  1 33 3 0 5 0 0.4 0.2 0.4 0
  1 34 3 0 9 0 0.888888888888889 0.111111111111111 0 0
  1 35 3 0 5 0 0.4 0.4 0.2 0
  1 36 3 0 5 0 0.2 0.8 0 0
  1 37 3 0 3 0 0.333333333333333 0.666666666666667 0 0
  1 38 3 0 15 0 0.6 0.2 0.2 0
  1 39 3 0 12 0 0.333333333333333 0.5 0.166666666666667 0
  1 40 3 0 9 0 0.555555555555556 0.111111111111111 0.333333333333333 0
  1 41 3 0 8 0 0.25 0.25 0.5 0
  1 42 3 0 12 0 0.25 0.583333333333333 0.166666666666667 0
  1 1 4 0 86 0.0116279069767442 0.337209302325581 0.569767441860465 0.0813953488372093 0
  1 2 4 0 100 0.01 0.19 0.58 0.22 0
  1 3 4 0 33 0.0303030303030303 0.181818181818182 0.575757575757576 0.212121212121212 0
  1 4 4 0 44 0.136363636363636 0.25 0.5 0.113636363636364 0
  1 5 4 0 34 0.0294117647058824 0.323529411764706 0.352941176470588 0.294117647058824 0
  1 6 4 0 40 0.1 0.325 0.425 0.15 0
  1 7 4 0 39 0.0256410256410256 0.58974358974359 0.205128205128205 0.179487179487179 0
  1 8 4 0 49 0.0408163265306122 0.510204081632653 0.244897959183673 0.204081632653061 0
  1 9 4 0 36 0.0277777777777778 0.388888888888889 0.444444444444444 0.138888888888889 0
  1 10 4 0 43 0.0930232558139535 0.441860465116279 0.348837209302326 0.116279069767442 0
  1 11 4 0 41 0.146341463414634 0.51219512195122 0.219512195121951 0.121951219512195 0
  1 12 4 0 35 0.0571428571428571 0.371428571428571 0.4 0.171428571428571 0
  1 13 4 0 32 0.03125 0.4375 0.40625 0.125 0
  1 14 4 0 21 0.0476190476190476 0.666666666666667 0.285714285714286 0 0
  1 15 4 0 30 0.2 0.5 0.166666666666667 0.133333333333333 0
  1 16 4 0 19 0.315789473684211 0.315789473684211 0.210526315789474 0.157894736842105 0
  1 17 4 0 35 0.0571428571428571 0.657142857142857 0.2 0.0857142857142857 0
  1 18 4 0 27 0 0.666666666666667 0.222222222222222 0.111111111111111 0
  1 19 4 0 34 0.0294117647058824 0.705882352941177 0.205882352941176 0.0588235294117647 0
  1 20 4 0 42 0.0714285714285714 0.547619047619048 0.261904761904762 0.119047619047619 0
  1 21 4 0 41 0 0.658536585365854 0.24390243902439 0.0975609756097561 0
  1 22 4 0 44 0 0.409090909090909 0.454545454545455 0.136363636363636 0
  1 23 4 0 28 0 0.607142857142857 0.392857142857143 0 0
  1 24 4 0 34 0.0294117647058824 0.5 0.441176470588235 0.0294117647058824 0
  1 25 4 0 36 0.0277777777777778 0.416666666666667 0.444444444444444 0.111111111111111 0
  1 26 4 0 31 0.032258064516129 0.32258064516129 0.580645161290323 0.0645161290322581 0
  1 27 4 0 39 0 0.384615384615385 0.487179487179487 0.128205128205128 0
  1 28 4 0 38 0.0263157894736842 0.236842105263158 0.447368421052632 0.289473684210526 0
  1 29 4 0 48 0 0.416666666666667 0.395833333333333 0.1875 0
  1 30 4 0 38 0 0.184210526315789 0.473684210526316 0.342105263157895 0
  1 31 4 0 61 0 0.147540983606557 0.622950819672131 0.229508196721311 0
  1 32 4 0 48 0.0416666666666667 0.166666666666667 0.541666666666667 0.25 0
  1 33 4 0 49 0.0612244897959184 0.224489795918367 0.428571428571429 0.285714285714286 0
  1 34 4 0 44 0.204545454545455 0.636363636363636 0.0454545454545455 0.113636363636364 0
  1 35 4 0 61 0.180327868852459 0.672131147540984 0.0655737704918033 0.0819672131147541 0
  1 36 4 0 67 0.119402985074627 0.611940298507463 0.208955223880597 0.0597014925373134 0
  1 37 4 0 57 0.087719298245614 0.684210526315789 0.210526315789474 0.0175438596491228 0
  1 38 4 0 38 0.105263157894737 0.605263157894737 0.236842105263158 0.0526315789473684 0
  1 39 4 0 52 0.0576923076923077 0.557692307692308 0.307692307692308 0.0769230769230769 0
  1 40 4 0 43 0.0465116279069767 0.325581395348837 0.534883720930233 0.0930232558139535 0
  1 41 4 0 42 0 0.595238095238095 0.357142857142857 0.0476190476190476 0
  1 42 4 0 61 0 0.508196721311475 0.409836065573771 0.0819672131147541 0
  2 1 1 0 58 0 0.379310344827586 0.517241379310345 0.103448275862069 0
  2 2 1 0 83 0 0.265060240963855 0.530120481927711 0.192771084337349 0.0120481927710843
  2 3 1 0 63 0.0158730158730159 0.301587301587302 0.396825396825397 0.26984126984127 0.0158730158730159
  2 4 1 0 56 0.125 0.625 0.178571428571429 0.0714285714285714 0
  2 5 1 0 55 0.0545454545454545 0.636363636363636 0.236363636363636 0.0727272727272727 0
  2 6 1 0 45 0.0444444444444444 0.466666666666667 0.311111111111111 0.177777777777778 0
  2 7 1 0 46 0.0652173913043478 0.434782608695652 0.304347826086957 0.152173913043478 0.0434782608695652
  2 8 1 0 56 0.0535714285714286 0.589285714285714 0.285714285714286 0.0714285714285714 0
  2 9 1 0 51 0.0588235294117647 0.588235294117647 0.235294117647059 0.117647058823529 0
  2 10 1 0 44 0.0227272727272727 0.659090909090909 0.25 0.0681818181818182 0
  2 11 1 0 49 0.183673469387755 0.510204081632653 0.26530612244898 0.0408163265306122 0
  2 12 1 0 50 0.1 0.68 0.22 0 0
  2 13 1 0 48 0 0.75 0.25 0 0
  2 14 1 0 52 0.0576923076923077 0.538461538461538 0.384615384615385 0.0192307692307692 0
  2 15 1 0 31 0.0645161290322581 0.548387096774194 0.387096774193548 0 0
  2 16 1 0 38 0.0526315789473684 0.526315789473684 0.315789473684211 0.105263157894737 0
  2 17 1 0 26 0.0384615384615385 0.769230769230769 0.115384615384615 0.0769230769230769 0
  2 18 1 0 33 0.212121212121212 0.636363636363636 0.151515151515152 0 0
  2 19 1 0 31 0.0645161290322581 0.645161290322581 0.290322580645161 0 0
  2 20 1 0 38 0.0263157894736842 0.657894736842105 0.289473684210526 0.0263157894736842 0
  2 21 1 0 30 0.1 0.5 0.4 0 0
  2 22 1 0 35 0.2 0.571428571428571 0.142857142857143 0.0857142857142857 0
  2 23 1 0 35 0.0571428571428571 0.714285714285714 0.228571428571429 0 0
  2 24 1 0 26 0.153846153846154 0.5 0.307692307692308 0.0384615384615385 0
  2 25 1 0 32 0.03125 0.53125 0.40625 0.03125 0
  2 26 1 0 26 0.0384615384615385 0.538461538461538 0.384615384615385 0.0384615384615385 0
  2 27 1 0 37 0.0540540540540541 0.378378378378378 0.432432432432432 0.135135135135135 0
  2 28 1 0 35 0.257142857142857 0.514285714285714 0.2 0.0285714285714286 0
  2 29 1 0 33 0.0909090909090909 0.696969696969697 0.212121212121212 0 0
  2 30 1 0 45 0 0.6 0.311111111111111 0.0888888888888889 0
  2 31 1 0 34 0.0294117647058824 0.558823529411765 0.264705882352941 0.147058823529412 0
  2 32 1 0 36 0.0277777777777778 0.555555555555556 0.333333333333333 0.0833333333333333 0
  2 33 1 0 42 0 0.404761904761905 0.5 0.0952380952380952 0
  2 34 1 0 34 0 0.529411764705882 0.294117647058824 0.176470588235294 0
  2 35 1 0 35 0.114285714285714 0.685714285714286 0.142857142857143 0.0571428571428571 0
  2 36 1 0 28 0.142857142857143 0.75 0.107142857142857 0 0
  2 37 1 0 22 0.0909090909090909 0.545454545454545 0.363636363636364 0 0
  2 38 1 0 32 0.09375 0.65625 0.1875 0.0625 0
  2 39 1 0 27 0.037037037037037 0.62962962962963 0.296296296296296 0.037037037037037 0
  2 40 1 0 39 0.0256410256410256 0.615384615384615 0.307692307692308 0.0512820512820513 0
  2 41 1 0 20 0 0.45 0.4 0.15 0
  2 42 1 0 30 0.133333333333333 0.866666666666667 0 0 0
  2 1 2 0 16 0 0 0.5 0.3125 0.1875
  2 2 2 0 20 0 0 0.3 0.65 0.05
  2 3 2 0 34 0 0 0.294117647058824 0.617647058823529 0.0882352941176471
  2 4 2 0 15 0 0.0666666666666667 0.133333333333333 0.733333333333333 0.0666666666666667
  2 5 2 0 4 0 0.25 0.25 0.25 0.25
  2 6 2 0 7 0 0.142857142857143 0.857142857142857 0 0
  2 7 2 0 18 0 0.166666666666667 0.444444444444444 0.388888888888889 0
  2 8 2 0 22 0 0 0.409090909090909 0.545454545454545 0.0454545454545455
  2 9 2 0 21 0 0.380952380952381 0.523809523809524 0.0952380952380952 0
  2 10 2 0 11 0 0 0.727272727272727 0.272727272727273 0
  2 11 2 0 7 0 0 0.857142857142857 0.142857142857143 0
  2 12 2 0 19 0 0 0.368421052631579 0.631578947368421 0
  2 13 2 0 32 0 0 0.1875 0.8125 0
  2 14 2 0 34 0 0 0.264705882352941 0.735294117647059 0
  2 15 2 0 27 0 0 0.37037037037037 0.62962962962963 0
  2 16 2 0 42 0 0.0238095238095238 0.261904761904762 0.714285714285714 0
  2 17 2 0 34 0 1 0 0 0
  2 18 2 0 28 0 0 1 0 0
  2 19 2 0 26 0 0.0384615384615385 0.692307692307692 0.269230769230769 0
  2 20 2 0 32 0 0.03125 0.53125 0.4375 0
  2 21 2 0 37 0 0.027027027027027 0.459459459459459 0.513513513513513 0
  2 22 2 0 38 0 0.0526315789473684 0.315789473684211 0.631578947368421 0
  2 23 2 0 41 0 0 0.414634146341463 0.585365853658537 0
  2 24 2 0 33 0 0 0.393939393939394 0.606060606060606 0
  2 25 2 0 45 0 0.0222222222222222 0.177777777777778 0.8 0
  2 26 2 0 28 0 0.0357142857142857 0.214285714285714 0.75 0
  2 27 2 0 47 0 0.0212765957446809 0.212765957446809 0.765957446808511 0
  2 28 2 0 22 0 0.0909090909090909 0.363636363636364 0.545454545454545 0
  2 29 2 0 40 0 0.45 0.325 0.225 0
  2 30 2 0 28 0 0.214285714285714 0.607142857142857 0.178571428571429 0
  2 31 2 0 32 0 0.15625 0.78125 0.0625 0
  2 32 2 0 40 0 0.05 0.625 0.325 0
  2 33 2 0 43 0 0.186046511627907 0.488372093023256 0.325581395348837 0
  2 34 2 0 46 0 0.173913043478261 0.5 0.326086956521739 0
  2 35 2 0 60 0 0.0666666666666667 0.55 0.383333333333333 0
  2 36 2 0 49 0 0.244897959183673 0.204081632653061 0.551020408163265 0
  2 37 2 0 32 0 0 0.71875 0.28125 0
  2 38 2 0 30 0 0.0333333333333333 0.433333333333333 0.533333333333333 0
  2 39 2 0 29 0 0.0689655172413793 0.413793103448276 0.517241379310345 0
  2 40 2 0 31 0 0 0.290322580645161 0.709677419354839 0
  2 41 2 0 14 0 0 0.142857142857143 0.857142857142857 0
  2 42 2 0 19 0 0.368421052631579 0.368421052631579 0.263157894736842 0
  2 2 3 0 3 0 0.666666666666667 0 0.333333333333333 0
  2 3 3 0 3 0 0.333333333333333 0 0.666666666666667 0
  2 4 3 0 7 0 0.428571428571429 0.428571428571429 0.142857142857143 0
  2 5 3 0 1 0 0 1 0 0
  2 6 3 0 14 0 0.0714285714285714 0.785714285714286 0.142857142857143 0
  2 8 3 0 10 0 0.1 0.5 0.4 0
  2 9 3 0 6 0 0.5 0.5 0 0
  2 10 3 0 2 0 0 1 0 0
  2 12 3 0 1 0 0 0 1 0
  2 14 3 0 9 0 0.555555555555556 0.222222222222222 0.222222222222222 0
  2 15 3 0 5 0 0.8 0.2 0 0
  2 16 3 0 9 0 0.555555555555556 0.333333333333333 0.111111111111111 0
  2 17 3 0 9 0.111111111111111 0.666666666666667 0.222222222222222 0 0
  2 18 3 0 13 0 0.230769230769231 0.615384615384615 0.153846153846154 0
  2 19 3 0 14 0 0.357142857142857 0.5 0.142857142857143 0
  2 20 3 0 19 0 0.421052631578947 0.473684210526316 0.105263157894737 0
  2 21 3 0 20 0 0.2 0.4 0.4 0
  2 22 3 0 23 0 0.130434782608696 0.652173913043478 0.217391304347826 0
  2 23 3 0 26 0 0.307692307692308 0.384615384615385 0.307692307692308 0
  2 24 3 0 28 0.0714285714285714 0.464285714285714 0.428571428571429 0.0357142857142857 0
  2 25 3 0 20 0 0.45 0.35 0.2 0
  2 26 3 0 7 0 0.428571428571429 0.571428571428571 0 0
  2 27 3 0 5 0 0 0.6 0.4 0
  2 29 3 0 6 0 0 0.5 0.5 0
  2 30 3 0 14 0 0.142857142857143 0.285714285714286 0.571428571428571 0
  2 31 3 0 7 0 0 0.428571428571429 0.571428571428571 0
  2 32 3 0 20 0 0.05 0.3 0.65 0
  2 33 3 0 18 0 0.388888888888889 0.444444444444444 0.166666666666667 0
  2 34 3 0 15 0 0.666666666666667 0.133333333333333 0.2 0
  2 35 3 0 28 0 0.571428571428571 0.392857142857143 0.0357142857142857 0
  2 36 3 0 25 0 0.56 0.36 0.08 0
  2 37 3 0 19 0 0.263157894736842 0.526315789473684 0.210526315789474 0
  2 38 3 0 33 0 0.454545454545455 0.333333333333333 0.212121212121212 0
  2 39 3 0 32 0 0.34375 0.5625 0.09375 0
  2 40 3 0 34 0 0.5 0.352941176470588 0.147058823529412 0
  2 41 3 0 20 0 0.4 0.55 0.05 0
  2 42 3 0 27 0 0.407407407407407 0.407407407407407 0.185185185185185 0
  2 1 4 0 44 0 0.25 0.636363636363636 0.113636363636364 0
  2 2 4 0 75 0 0.253333333333333 0.533333333333333 0.213333333333333 0
  2 3 4 0 66 0 0.181818181818182 0.590909090909091 0.227272727272727 0
  2 4 4 0 54 0.12962962962963 0.351851851851852 0.37037037037037 0.148148148148148 0
  2 5 4 0 31 0.161290322580645 0.32258064516129 0.451612903225806 0.0645161290322581 0
  2 6 4 0 24 0.375 0.291666666666667 0.166666666666667 0.166666666666667 0
  2 7 4 0 20 0.1 0.45 0.25 0.2 0
  2 8 4 0 25 0.04 0.52 0.2 0.24 0
  2 9 4 0 44 0.136363636363636 0.545454545454545 0.204545454545455 0.113636363636364 0
  2 10 4 0 36 0.25 0.444444444444444 0.194444444444444 0.111111111111111 0
  2 11 4 0 22 0.227272727272727 0.454545454545455 0.227272727272727 0.0909090909090909 0
  2 12 4 0 21 0.142857142857143 0.571428571428571 0.142857142857143 0.142857142857143 0
  2 13 4 0 26 0.192307692307692 0.423076923076923 0.346153846153846 0.0384615384615385 0
  2 14 4 0 35 0.0571428571428571 0.6 0.285714285714286 0.0571428571428571 0
  2 15 4 0 21 0.428571428571429 0.380952380952381 0.142857142857143 0.0476190476190476 0
  2 16 4 0 30 0.2 0.533333333333333 0.166666666666667 0.1 0
  2 17 4 0 40 0.25 0.425 0.3 0.025 0
  2 18 4 0 42 0.214285714285714 0.404761904761905 0.30952380952381 0.0714285714285714 0
  2 19 4 0 46 0.173913043478261 0.543478260869565 0.239130434782609 0.0434782608695652 0
  2 20 4 0 37 0.027027027027027 0.540540540540541 0.405405405405405 0.027027027027027 0
  2 21 4 0 44 0.0681818181818182 0.363636363636364 0.409090909090909 0.159090909090909 0
  2 22 4 0 42 0.0952380952380952 0.571428571428571 0.19047619047619 0.142857142857143 0
  2 23 4 0 35 0.0571428571428571 0.342857142857143 0.371428571428571 0.228571428571429 0
  2 24 4 0 26 0.0384615384615385 0.423076923076923 0.5 0.0384615384615385 0
  2 25 4 0 19 0.0526315789473684 0.315789473684211 0.473684210526316 0.157894736842105 0
  2 26 4 0 29 0 0.482758620689655 0.413793103448276 0.103448275862069 0
  2 27 4 0 10 0 0.3 0.4 0.3 0
  2 28 4 0 20 0.05 0.35 0.25 0.35 0
  2 29 4 0 25 0.08 0.36 0.44 0.12 0
  2 30 4 0 18 0 0.277777777777778 0.333333333333333 0.388888888888889 0
  2 31 4 0 24 0 0.25 0.541666666666667 0.208333333333333 0
  2 32 4 0 21 0 0.19047619047619 0.428571428571429 0.380952380952381 0
  2 33 4 0 10 0.2 0.3 0.3 0.2 0
  2 34 4 0 12 0.166666666666667 0.666666666666667 0.0833333333333333 0.0833333333333333 0
  2 35 4 0 29 0.448275862068966 0.448275862068966 0.0344827586206897 0.0689655172413793 0
  2 36 4 0 17 0.117647058823529 0.529411764705882 0.294117647058824 0.0588235294117647 0
  2 37 4 0 39 0.128205128205128 0.666666666666667 0.205128205128205 0 0
  2 38 4 0 9 0 0.444444444444444 0.555555555555556 0 0
  2 39 4 0 50 0.12 0.46 0.34 0.08 0
  2 40 4 0 15 0.0666666666666667 0.4 0.4 0.133333333333333 0
  2 41 4 0 7 0 0.428571428571429 0.571428571428571 0 0
  2 42 4 0 9 0 0.666666666666667 0.333333333333333 0 0
# end survey length observations 
#  
# Fishery catch data 
# Number of observations, init_int Ncatch_obs
  168
# init_matrix obs_catch_biomass(1,Ncatch_obs,1,6) 
# Fleet	Area	Year	Species	Catch(biomass t)	CV 
  1 1 1 1 9.68258868513287 0.05
  1 1 2 1 9.79358729097832 0.05
  1 1 3 1 10.1765196815107 0.05
  1 1 4 1 10.0704200109426 0.05
  1 1 5 1 10.1058655512007 0.05
  1 1 6 1 10.0661272380743 0.05
  1 1 7 1 9.88029097448092 0.05
  1 1 8 1 10.0291061594678 0.05
  1 1 9 1 9.83016998484521 0.05
  1 1 10 1 9.86093251845368 0.05
  1 1 11 1 10.1247393405904 0.05
  1 1 12 1 10.0367678251651 0.05
  1 1 13 1 10.2603466274126 0.05
  1 1 14 1 10.1851591333588 0.05
  1 1 15 1 9.70748797633579 0.05
  1 1 16 1 9.34883533048236 0.05
  1 1 17 1 9.34753565211446 0.05
  1 1 18 1 8.42035142069049 0.05
  1 1 19 1 8.5538615039644 0.05
  1 1 20 1 8.97658772142742 0.05
  1 1 21 1 8.52122082687255 0.05
  1 1 22 1 8.68226216615491 0.05
  1 1 23 1 8.82479918221737 0.05
  1 1 24 1 8.97311734522734 0.05
  1 1 25 1 8.88021813929899 0.05
  1 1 26 1 8.77508432654201 0.05
  1 1 27 1 8.10501006874149 0.05
  1 1 28 1 7.63353322067529 0.05
  1 1 29 1 8.19010748009867 0.05
  1 1 30 1 8.27456142280163 0.05
  1 1 31 1 8.2692128108844 0.05
  1 1 32 1 8.44518383595344 0.05
  1 1 33 1 7.89448384628668 0.05
  1 1 34 1 7.87808989648441 0.05
  1 1 35 1 7.35999824155105 0.05
  1 1 36 1 6.49721395520003 0.05
  1 1 37 1 7.10731708050762 0.05
  1 1 38 1 6.85596230059246 0.05
  1 1 39 1 6.94876742562502 0.05
  1 1 40 1 6.57303593094716 0.05
  1 1 41 1 6.53759849866568 0.05
  1 1 42 1 6.09769525038409 0.05
  1 1 1 4 8.78737864162197 0.05
  1 1 2 4 8.51819355027265 0.05
  1 1 3 4 8.86164275536092 0.05
  1 1 4 4 8.72828393294312 0.05
  1 1 5 4 9.06617042628171 0.05
  1 1 6 4 9.03744372904157 0.05
  1 1 7 4 8.60406456098611 0.05
  1 1 8 4 8.86581285233625 0.05
  1 1 9 4 8.75770271127186 0.05
  1 1 10 4 8.85509519635835 0.05
  1 1 11 4 9.07816587944124 0.05
  1 1 12 4 9.27499128025923 0.05
  1 1 13 4 9.6188043976469 0.05
  1 1 14 4 9.65405024522734 0.05
  1 1 15 4 9.20439914698904 0.05
  1 1 16 4 9.07138406294795 0.05
  1 1 17 4 9.5142595138612 0.05
  1 1 18 4 9.03412089048345 0.05
  1 1 19 4 9.26722572060223 0.05
  1 1 20 4 9.32292417970386 0.05
  1 1 21 4 8.7068058539066 0.05
  1 1 22 4 8.74337073350064 0.05
  1 1 23 4 8.98220961428427 0.05
  1 1 24 4 9.1076755736116 0.05
  1 1 25 4 8.84677378823702 0.05
  1 1 26 4 8.84063230457587 0.05
  1 1 27 4 8.23991431196368 0.05
  1 1 28 4 7.68934330506347 0.05
  1 1 29 4 8.49987773874908 0.05
  1 1 30 4 8.30590585199314 0.05
  1 1 31 4 8.09213408969944 0.05
  1 1 32 4 8.40355021398312 0.05
  1 1 33 4 8.02260539730152 0.05
  1 1 34 4 8.3242125791194 0.05
  1 1 35 4 8.38523265314245 0.05
  1 1 36 4 7.99509953711929 0.05
  1 1 37 4 8.65537219136261 0.05
  1 1 38 4 8.54659497268905 0.05
  1 1 39 4 8.64354515809557 0.05
  1 1 40 4 8.30747929237021 0.05
  1 1 41 4 8.38156193905988 0.05
  1 1 42 4 7.73781654525572 0.05
  2 1 1 2 7.48864134430047 0.05
  2 1 2 2 6.56916383959271 0.05
  2 1 3 2 6.98200451238379 0.05
  2 1 4 2 6.71797147819017 0.05
  2 1 5 2 7.44873386027817 0.05
  2 1 6 2 7.1912476067633 0.05
  2 1 7 2 6.57747362245864 0.05
  2 1 8 2 6.79020449218758 0.05
  2 1 9 2 6.88217282235008 0.05
  2 1 10 2 6.62943055348571 0.05
  2 1 11 2 7.20927850653489 0.05
  2 1 12 2 6.63036075594114 0.05
  2 1 13 2 8.15730721538623 0.05
  2 1 14 2 7.48525398097398 0.05
  2 1 15 2 7.02391238648006 0.05
  2 1 16 2 7.55702029306544 0.05
  2 1 17 2 8.55624658758318 0.05
  2 1 18 2 3.60088023172383 0.05
  2 1 19 2 8.17712824391113 0.05
  2 1 20 2 9.03130374466303 0.05
  2 1 21 2 9.47605044560802 0.05
  2 1 22 2 10.1361208705596 0.05
  2 1 23 2 9.50185479303465 0.05
  2 1 24 2 9.38138000941011 0.05
  2 1 25 2 9.4693295776032 0.05
  2 1 26 2 9.94602041933783 0.05
  2 1 27 2 9.91833907262062 0.05
  2 1 28 2 8.95244414240078 0.05
  2 1 29 2 9.49036185834502 0.05
  2 1 30 2 9.44522103005507 0.05
  2 1 31 2 9.56020045409955 0.05
  2 1 32 2 9.74739579183796 0.05
  2 1 33 2 9.18842327818781 0.05
  2 1 34 2 9.42103044663047 0.05
  2 1 35 2 9.40432485464004 0.05
  2 1 36 2 10.6364508713868 0.05
  2 1 37 2 10.2965755477722 0.05
  2 1 38 2 9.66677384391446 0.05
  2 1 39 2 9.39775917277654 0.05
  2 1 40 2 9.18934393098472 0.05
  2 1 41 2 8.71325401963571 0.05
  2 1 42 2 7.19497317350521 0.05
  2 1 1 3 6.02185962389522 0.05
  2 1 2 3 5.65866496314184 0.05
  2 1 3 3 6.03974152738264 0.05
  2 1 4 3 6.17477124742376 0.05
  2 1 5 3 7.669938677499 0.05
  2 1 6 3 8.05473773026165 0.05
  2 1 7 3 7.82243877043564 0.05
  2 1 8 3 8.03616703077629 0.05
  2 1 9 3 8.01002376344557 0.05
  2 1 10 3 7.85386998814553 0.05
  2 1 11 3 7.88003784158949 0.05
  2 1 12 3 6.58195426476945 0.05
  2 1 13 3 7.81180820550575 0.05
  2 1 14 3 7.21370743239752 0.05
  2 1 15 3 6.86355436152915 0.05
  2 1 16 3 7.54451454489825 0.05
  2 1 17 3 9.99340556641443 0.05
  2 1 18 3 6.65518113093123 0.05
  2 1 19 3 6.89454954844761 0.05
  2 1 20 3 6.38828916449529 0.05
  2 1 21 3 6.51706295746551 0.05
  2 1 22 3 7.22229652484149 0.05
  2 1 23 3 6.63478102467685 0.05
  2 1 24 3 6.26029831634259 0.05
  2 1 25 3 6.74193359909638 0.05
  2 1 26 3 7.26785000726387 0.05
  2 1 27 3 7.5105555212944 0.05
  2 1 28 3 6.76909897841024 0.05
  2 1 29 3 7.29326593558272 0.05
  2 1 30 3 7.25246488486947 0.05
  2 1 31 3 7.09912542237009 0.05
  2 1 32 3 6.56174515342625 0.05
  2 1 33 3 5.28002323383969 0.05
  2 1 34 3 5.36051142825037 0.05
  2 1 35 3 5.43027645896602 0.05
  2 1 36 3 7.14184207075588 0.05
  2 1 37 3 7.27236783308346 0.05
  2 1 38 3 7.1410370520831 0.05
  2 1 39 3 6.90016577703313 0.05
  2 1 40 3 7.13929501604377 0.05
  2 1 41 3 9.67121429050363 0.05
  2 1 42 3 9.75076630886834 0.05
# end catch observations 
#  
# Fishery size comp data 
# Number of observations, init_int Ncatch_size_obs 
  168
# init_matrix obs_catch_size(1,Ncatch_size_obs,1,ncol) 
# Fleet Area  Year  Species Type (0=whole, 1=retained, 2=discard) InpN, proportion by size bin 
  1 1 1 1 0 81 0 0.135802469135802 0.753086419753086 0.0740740740740741 0.037037037037037
  1 1 2 1 0 73 0 0.0958904109589041 0.73972602739726 0.136986301369863 0.0273972602739726
  1 1 3 1 0 65 0 0.107692307692308 0.630769230769231 0.261538461538462 0
  1 1 4 1 0 56 0 0.0357142857142857 0.642857142857143 0.321428571428571 0
  1 1 5 1 0 120 0 0.3 0.366666666666667 0.325 0.00833333333333333
  1 1 6 1 0 130 0 0.269230769230769 0.492307692307692 0.230769230769231 0.00769230769230769
  1 1 7 1 0 94 0 0.138297872340426 0.627659574468085 0.234042553191489 0
  1 1 8 1 0 94 0 0.202127659574468 0.659574468085106 0.138297872340426 0
  1 1 9 1 0 82 0 0.134146341463415 0.682926829268293 0.182926829268293 0
  1 1 10 1 0 76 0 0.263157894736842 0.539473684210526 0.197368421052632 0
  1 1 11 1 0 74 0 0.22972972972973 0.594594594594595 0.175675675675676 0
  1 1 12 1 0 65 0 0.353846153846154 0.507692307692308 0.138461538461538 0
  1 1 13 1 0 77 0.012987012987013 0.467532467532468 0.519480519480519 0 0
  1 1 14 1 0 88 0 0.352272727272727 0.568181818181818 0.0795454545454545 0
  1 1 15 1 0 66 0 0.348484848484849 0.606060606060606 0.0454545454545455 0
  1 1 16 1 0 69 0 0.202898550724638 0.710144927536232 0.0869565217391304 0
  1 1 17 1 0 43 0 0.372093023255814 0.465116279069767 0.162790697674419 0
  1 1 18 1 0 34 0 0.382352941176471 0.588235294117647 0.0294117647058824 0
  1 1 19 1 0 55 0 0.618181818181818 0.327272727272727 0.0545454545454545 0
  1 1 20 1 0 64 0 0.359375 0.59375 0.046875 0
  1 1 21 1 0 77 0 0.285714285714286 0.688311688311688 0.025974025974026 0
  1 1 22 1 0 67 0 0.223880597014925 0.686567164179104 0.0895522388059701 0
  1 1 23 1 0 133 0 0.330827067669173 0.586466165413534 0.0827067669172932 0
  1 1 24 1 0 98 0 0.173469387755102 0.704081632653061 0.122448979591837 0
  1 1 25 1 0 91 0 0.285714285714286 0.681318681318681 0.032967032967033 0
  1 1 26 1 0 77 0 0.207792207792208 0.701298701298701 0.0909090909090909 0
  1 1 27 1 0 102 0.00980392156862745 0.137254901960784 0.735294117647059 0.117647058823529 0
  1 1 28 1 0 76 0.0131578947368421 0.157894736842105 0.644736842105263 0.184210526315789 0
  1 1 29 1 0 110 0 0.336363636363636 0.509090909090909 0.154545454545455 0
  1 1 30 1 0 100 0 0.25 0.6 0.15 0
  1 1 31 1 0 108 0 0.231481481481481 0.611111111111111 0.157407407407407 0
  1 1 32 1 0 118 0 0.127118644067797 0.669491525423729 0.203389830508475 0
  1 1 33 1 0 129 0 0.147286821705426 0.635658914728682 0.217054263565891 0
  1 1 34 1 0 90 0 0.166666666666667 0.633333333333333 0.2 0
  1 1 35 1 0 69 0 0.217391304347826 0.565217391304348 0.217391304347826 0
  1 1 36 1 0 80 0 0.3375 0.4875 0.175 0
  1 1 37 1 0 62 0 0.354838709677419 0.532258064516129 0.112903225806452 0
  1 1 38 1 0 94 0 0.382978723404255 0.606382978723404 0.0106382978723404 0
  1 1 39 1 0 75 0 0.293333333333333 0.64 0.0666666666666667 0
  1 1 40 1 0 75 0 0.36 0.546666666666667 0.0933333333333333 0
  1 1 41 1 0 35 0 0.2 0.742857142857143 0.0571428571428571 0
  1 1 42 1 0 22 0.0454545454545455 0.181818181818182 0.681818181818182 0.0909090909090909 0
  1 1 1 4 0 5 0 0 0.2 0.2 0
  1 1 2 4 0 5 0 0 0 0.8 0.2
  1 1 3 4 0 5 0 0 0 0.4 0
  1 1 4 4 0 5 0 0 0 0.8 0.2
  1 1 5 4 0 5 0 0 0.2 0.4 0.4
  1 1 6 4 0 5 0 0 0.4 0.2 0.4
  1 1 7 4 0 5 0 0 0.4 0.6 0
  1 1 8 4 0 5 0 0 0 0.2 0
  1 1 9 4 0 5 0 0 0.2 0.8 0
  1 1 10 4 0 5 0 0 0 1 0
  1 1 11 4 0 1 0 0 0 2 0
  1 1 12 4 0 5 0 0 0.4 0.6 0
  1 1 13 4 0 1 0 0 1 4 0
  1 1 14 4 0 2 0 0 1 1.5 0
  1 1 15 4 0 8 0 0 0.125 0.5 0
  1 1 16 4 0 3 0 0 0.333333333333333 1.33333333333333 0
  1 1 17 4 0 3 0 0 0.666666666666667 1 0
  1 1 18 4 0 1 0 1 3 1 0
  1 1 19 4 0 3 0 0 1.66666666666667 0 0
  1 1 20 4 0 3 0 0 5 5 0
  1 1 21 4 0 3 0 0 4 11.3333333333333 0
  1 1 22 4 0 2 0 0 0.5 4.5 0
  1 1 23 4 0 6 0 0 0.833333333333333 2.33333333333333 0
  1 1 24 4 0 1 0 0 8 53 0
  1 1 25 4 0 1 0 0 4 25 0
  1 1 26 4 0 2 0 0 0.5 15.5 0
  1 1 27 4 0 2 0 0 0 8 0
  1 1 28 4 0 4 0 0 1.25 6.5 0
  1 1 29 4 0 7 0 0 1.14285714285714 5.14285714285714 0
  1 1 30 4 0 6 0 0 1.16666666666667 3.66666666666667 0
  1 1 31 4 0 10 0 0 1 1.5 0
  1 1 32 4 0 7 0 0 1.42857142857143 1.71428571428571 0
  1 1 33 4 0 15 0 0 0.8 1.53333333333333 0
  1 1 34 4 0 19 0 0 0.421052631578947 1.05263157894737 0
  1 1 35 4 0 13 0 0 0.461538461538462 3 0
  1 1 36 4 0 23 0 0 0.478260869565217 1.73913043478261 0
  1 1 37 4 0 7 0 0 1 4.85714285714286 0
  1 1 38 4 0 7 0 0 1.28571428571429 3.85714285714286 0
  1 1 39 4 0 19 0 0 0.0526315789473684 1 0
  1 1 40 4 0 25 0 0 0.04 0.52 0
  1 1 41 4 0 31 0 0 0.0967741935483871 0.451612903225806 0
  1 1 42 4 0 31 0 0 0.129032258064516 0.645161290322581 0
  2 1 1 2 0 2 0 0 0.5 0 0
  2 1 2 2 0 5 0 0 0.2 0.8 0
  2 1 3 2 0 2 0 0 0.5 2 0
  2 1 4 2 0 5 0 0 0.2 0 0
  2 1 5 2 0 5 0 0 1 0.2 0
  2 1 6 2 0 5 0 0 0.8 0 0
  2 1 7 2 0 5 0 0.2 0.8 0 0
  2 1 8 2 0 1 0 0 1 0 0
  2 1 9 2 0 5 0 0 0.2 0 0
  2 1 10 2 0 5 0 0 0 0.2 0
  2 1 11 2 0 2 0 0 1 0 0
  2 1 12 2 0 5 0 0 0.4 0.6 0
  2 1 13 2 0 5 0 0 0.2 0.6 0
  2 1 14 2 0 5 0 0 0.4 1.2 0
  2 1 15 2 0 5 0 0 0.4 1.8 0
  2 1 16 2 0 5 0 0 0.2 0.8 0
  2 1 17 2 0 5 0 0 0.8 0.2 0
  2 1 18 2 0 5 0 0 0.2 0 0
  2 1 19 2 0 5 0 0 0.2 0 0
  2 1 20 2 0 30 0 0 0.1 0.0333333333333333 0
  2 1 21 2 0 46 0 0 0.0217391304347826 0.0434782608695652 0
  2 1 22 2 0 10 0 0 0.2 0.2 0
  2 1 23 2 0 19 0 0 0.105263157894737 0.0526315789473684 0
  2 1 24 2 0 61 0 0 0.0491803278688525 0 0
  2 1 25 2 0 29 0 0 0.0344827586206897 0.0344827586206897 0
  2 1 26 2 0 32 0 0 0.09375 0.03125 0
  2 1 27 2 0 16 0 0 0.3125 0 0
  2 1 28 2 0 31 0 0 0.0967741935483871 0.032258064516129 0
  2 1 29 2 0 44 0 0 0.0909090909090909 0 0
  2 1 30 2 0 29 0 0 0.241379310344828 0.586206896551724 0
  2 1 31 2 0 25 0 0 0.24 0.16 0
  2 1 32 2 0 22 0 0 0.136363636363636 0.409090909090909 0
  2 1 33 2 0 35 0 0 0.0571428571428571 0.0571428571428571 0
  2 1 34 2 0 28 0 0 0.0714285714285714 0.142857142857143 0
  2 1 35 2 0 45 0 0.0222222222222222 0.0222222222222222 0 0
  2 1 36 2 0 51 0 0 0.176470588235294 0.0196078431372549 0
  2 1 37 2 0 41 0 0.024390243902439 0.146341463414634 0.0487804878048781 0
  2 1 38 2 0 36 0 0 0.277777777777778 0.0833333333333333 0
  2 1 39 2 0 20 0 0 0.65 0.15 0
  2 1 40 2 0 14 0 0 1.35714285714286 0.571428571428571 0
  2 1 41 2 0 17 0 0.117647058823529 0.647058823529412 0.117647058823529 0
  2 1 42 2 0 24 0 0 0.375 0.291666666666667 0
  2 1 1 3 0 1 0 1 4 0 0
  2 1 2 3 0 5 0 0 0.8 0.2 0
  2 1 3 3 0 5 0 0 0.8 0.2 0
  2 1 4 3 0 1 0 0 4 1 0
  2 1 5 3 0 6 0 0.166666666666667 0 0.666666666666667 0
  2 1 6 3 0 4 0 0 0.5 0.75 0
  2 1 7 3 0 5 0 0.4 0.4 0.2 0
  2 1 8 3 0 1 0 0 4 1 0
  2 1 9 3 0 1 0 1 2 2 0
  2 1 10 3 0 1 0 0 4 1 0
  2 1 11 3 0 2 0 0.5 0 0 0
  2 1 12 3 0 5 0 0.4 0.4 0.2 0
  2 1 13 3 0 4 0 0 0.25 0 0
  2 1 14 3 0 8 0 0 0.125 0.125 0
  2 1 15 3 0 11 0 0.181818181818182 0.545454545454545 0 0
  2 1 16 3 0 5 0 0.2 0 0.4 0
  2 1 17 3 0 5 0 0 0.6 0 0
  2 1 18 3 0 1 0 0 1 0 0
  2 1 19 3 0 1 0 2 0 1 0
  2 1 20 3 0 4 0 0.25 0.5 0 0
  2 1 21 3 0 3 0 0.333333333333333 0.666666666666667 0 0
  2 1 22 3 0 4 0 0 0.5 0 0
  2 1 23 3 0 3 0 0 1.66666666666667 0.333333333333333 0
  2 1 24 3 0 3 0 0 0.333333333333333 0 0
  2 1 25 3 0 2 0 0.5 0 0 0
  2 1 26 3 0 4 0 0 0.25 0.25 0
  2 1 27 3 0 5 0 0 0.2 0.2 0
  2 1 28 3 0 4 0 0.25 0.5 0.25 0
  2 1 29 3 0 4 0 0.5 0.75 0.5 0
  2 1 30 3 0 24 0 0.0833333333333333 0.0833333333333333 0.0833333333333333 0
  2 1 31 3 0 10 0 0 0.8 0.2 0
  2 1 32 3 0 12 0 0 0.25 0.333333333333333 0
  2 1 33 3 0 4 0 0.5 2.5 0.75 0
  2 1 34 3 0 6 0.166666666666667 0.333333333333333 1.66666666666667 1 0
  2 1 35 3 0 2 0.5 3 2 1 0
  2 1 36 3 0 10 0 1 0.9 0.4 0
  2 1 37 3 0 9 0 0.444444444444444 0.333333333333333 0 0
  2 1 38 3 0 13 0 0.230769230769231 0.153846153846154 0.153846153846154 0
  2 1 39 3 0 16 0 0.625 0.5625 0 0
  2 1 40 3 0 27 0 0.37037037037037 0.407407407407407 0.148148148148148 0
  2 1 41 3 0 15 0 0.733333333333333 1.06666666666667 0.266666666666667 0
  2 1 42 3 0 16 0 0.5 1.25 0.1875 0
# end fishery length observations 
#  
# Survey diet proportion observations 
# Number of observations, init_int Ndietprop_obs 
  115
# init_matrix obs_dietprop(1,Ndietprop_obs,1,ncol) 
# Survey  Year  Predator  Predator_size InpN  wt_prey_1 wt_prey_2 wt_prey_3 wt_prey_4 wt_prey_5 wt_prey_6 wt_prey_7 wt_prey_8 wt_prey_9 wt_prey_10 wt_prey_11 other 
  1 12 1 2 100 0 0 0 0 1
  1 12 1 3 100 0.9 0 0 0 0.1
  1 13 1 3 100 0 0 0 0 1
  1 13 1 4 100 0 1 0 0 0
  1 15 1 2 100 0 0 0 0 1
  1 18 1 1 100 0 0 0 0 1
  1 18 1 2 100 0 0 0 0 1
  1 18 1 3 100 0 0 0 0 1
  1 19 1 2 100 0 0 0 0 1
  1 19 1 3 100 0 0.43 0 0 0.57
  1 20 1 3 100 0 0 0 0 1
  1 21 1 2 100 0 0 0 0 1
  1 21 1 3 100 0 0 0 0 1
  1 24 1 3 100 0 1 0 0 0
  1 25 1 3 100 0 0 0 0 1
  1 26 1 3 100 0 0 0.09 0 0.91
  1 27 1 3 100 0 0.36 0.1 0 0.54
  1 28 1 3 100 0 0.87 0 0 0.13
  1 33 1 3 100 0 0 0 0 1
  1 34 1 3 100 0 0 0 0 1
  1 35 1 3 100 0 0.35 0 0 0.65
  1 38 1 3 100 0 0.11 0 0 0.89
  1 39 1 3 100 0 0 0 0 1
  1 40 1 2 100 0 0.62 0 0 0.38
  1 41 1 2 100 0 0 0.2 0 0.8
  2 2 1 4 100 0 0 0.33 0 0.67
  2 11 1 3 100 0 0.17 0 0 0.83
  2 14 1 3 100 0 0 0 0 1
  2 14 1 4 100 0 0.31 0 0 0.69
  2 15 1 3 100 0 0 0 0 1
  2 16 1 3 100 0 0 0 0 1
  2 16 1 4 100 0 0 0.81 0 0.19
  2 19 1 3 100 0 0 1 0 0
  2 19 1 4 100 0 0 0 0 1
  2 21 1 3 100 1 0 0 0 0
  2 21 1 4 100 0 0.01 0 0 0.99
  2 22 1 3 100 0 0 0 0 1
  2 23 1 3 100 0 0 0 0 1
  2 24 1 3 100 0 0.27 0 0 0.73
  2 24 1 4 100 0 0 0 0 1
  2 25 1 2 100 0 0.49 0 0 0.51
  2 25 1 3 100 0 0.81 0 0 0.19
  2 26 1 3 100 0 0.38 0 0 0.62
  2 27 1 3 100 0 0.62 0 0 0.38
  2 27 1 4 100 0 0 0 0 1
  2 29 1 3 100 0 0.28 0 0 0.72
  2 33 1 3 100 0 0 0 0 1
  2 35 1 1 100 0 0 0 0 1
  2 35 1 2 100 0 1 0 0 0
  2 35 1 3 100 0 0 0 0 1
  2 36 1 3 100 0 0 0 0 1
  2 39 1 3 100 0 0 0 0 1
  2 40 1 2 100 0 0 0 0 1
  2 36 2 3 100 0 0 0 0 1
  2 30 3 2 100 0 0 0 0 1
  2 30 3 4 100 0 0 0 0 1
  1 8 4 2 100 0 1 0 0 0
  1 8 4 3 100 0 0 0 0 1
  1 11 4 3 100 0 0 0 0 1
  1 13 4 2 100 0 1 0 0 0
  1 13 4 3 100 0 0 0 0 1
  1 13 4 4 100 0 0 0 0 1
  1 14 4 3 100 0 0 0 0 1
  1 15 4 3 100 0 0 0 0 1
  1 15 4 4 100 0 1 0 0 0
  1 16 4 3 100 0 0 0 0 1
  1 16 4 4 100 0 0 0 0 1
  1 17 4 3 100 0 0 0 0 1
  1 18 4 3 100 0 0 0 0 1
  1 19 4 2 100 0 0.26 0 0 0.74
  1 19 4 3 100 0 0 0.25 0 0.75
  1 20 4 2 100 0 0 0 0 1
  1 20 4 3 100 0 0.16 0 0 0.84
  1 21 4 3 100 0 0.78 0 0 0.22
  1 22 4 2 100 0 0.7 0 0 0.3
  1 23 4 3 100 0 1 0 0 0
  1 24 4 3 100 0 0 0 0 1
  1 25 4 3 100 0 0 0 0 1
  1 25 4 4 100 0 0 0 0 1
  1 26 4 3 100 0 0 0 0 1
  1 27 4 2 100 0 0 0 0 1
  1 27 4 3 100 0 0 0 0 1
  1 28 4 2 100 0 1 0 0 0
  1 28 4 3 100 0 0 0 0 1
  1 29 4 3 100 0 0 0 0 1
  1 31 4 3 100 0 0 0 0 1
  1 31 4 4 100 0 0 0 0 1
  1 34 4 3 100 0 1 0 0 0
  1 40 4 3 100 0 0 0 0 1
  1 40 4 4 100 0 0.8 0 0 0.2
  1 42 4 3 100 0 0 0 0 1
  2 6 4 3 100 0 0 0 0 1
  2 8 4 3 100 0 0 0.44 0 0.56
  2 9 4 4 100 0 0 0 0 1
  2 14 4 4 100 0 0 0 0 1
  2 15 4 3 100 0 0 0 0 1
  2 16 4 3 100 0 0 0 0 1
  2 17 4 2 100 0 0 0 0 1
  2 18 4 3 100 0 0 0 0 1
  2 19 4 3 100 0 0 0 0 1
  2 21 4 3 100 0 0.12 0 0 0.88
  2 22 4 3 100 0 0.24 0 0 0.76
  2 23 4 3 100 0 0 0 0 1
  2 24 4 3 100 0 0.73 0 0 0.27
  2 25 4 3 100 0 0.32 0 0 0.68
  2 25 4 4 100 0 0 1 0 0
  2 27 4 3 100 0 0 0 0 1
  2 30 4 3 100 0 0.26 0 0 0.74
  2 33 4 3 100 0 0 0 0 1
  2 34 4 3 100 0 1 0 0 0
  2 35 4 3 100 0 0.05 0 0 0.95
  2 36 4 2 100 0 0 0 0 1
  2 36 4 3 100 0 0.8 0 0 0.2
  2 37 4 3 100 0 0 0 0 1
  2 42 4 3 100 0 0 0.97 0 0.03
# end survey diet proportion observations 
#  
