# This file was created using the write_tsDatFile function and used all the simulated data from sim_dta.rds found in repo:Hydra-self-testing
# Survey index data 
# Number of observations, init_int Nsurvey_obs
  329
# init_matrix obs_survey_biomass(1,Nsurvey_obs,1,5)
# survey year spp value cv
  1 1 4 12.5004669651192 0.212720515437525
  2 1 4 10.027891792334 0.25363203301826
  1 2 4 13.0605496741118 0.222168779300385
  2 2 4 10.0202906440128 0.187773345626693
  1 3 4 13.5203119450641 0.394113240257454
  2 3 4 10.7580559898487 0.423618201694685
  1 4 4 12.6414615085229 0.310035034727007
  2 4 4 9.98639258808086 0.327069686277164
  1 5 4 12.3950566826212 0.378629084128514
  2 5 4 10.2743064395611 0.391316523019912
  1 6 4 12.2490446384967 0.494427832556011
  2 6 4 10.0031182058226 0.376280830351703
  1 7 4 11.5358385644907 0.759062286891916
  2 7 4 10.3947533689521 0.665352569827422
  1 8 4 11.4340134913756 0.383150869515862
  2 8 4 10.352109204963 0.433685089735353
  1 9 4 11.8209605216205 0.48934963094834
  2 9 4 9.83165804091062 0.392371299771634
  1 10 4 11.7465078686993 0.382452035825211
  2 10 4 10.6095453464484 0.333798529002863
  1 11 4 12.3020187499811 0.566792532611316
  2 11 4 7.61041769402255 0.868042030585988
  1 12 4 12.3599028323214 0.381518572031255
  2 12 4 9.4142736649371 0.445144789260538
  1 13 4 12.603836025982 0.438380584739347
  2 13 4 7.80224720612149 0.947226139495183
  1 14 4 11.6539635935321 0.482345652338289
  2 14 4 9.74537966649714 0.377075764230608
  1 15 4 12.3707123564091 0.420835086749712
  2 15 4 9.79305462291186 0.614716212748607
  1 16 4 11.7085169925045 0.515165860253858
  2 16 4 10.3232658544962 0.704031323768783
  1 17 4 12.4779368707502 0.559532625975744
  2 17 4 9.66687478510362 0.319774204956139
  1 18 4 11.4126974178558 0.479008946214672
  2 18 4 9.51103321953296 0.41351869139049
  1 19 4 12.5574505694055 0.429419179801904
  2 19 4 10.135984311544 0.387615780132326
  1 20 4 12.0214620765353 0.477074256852948
  2 20 4 9.43690749947348 0.315868813200741
  1 21 4 11.820755851391 0.410621521476155
  2 21 4 9.8137243864424 0.630050999524052
  1 22 4 12.3520301031677 0.294672690077384
  2 22 4 9.53674524431033 0.335469505128288
  1 23 4 11.5086412765044 0.477447511398437
  2 23 4 9.09598672127763 0.407625761955908
  1 24 4 12.0963583473033 0.384568504019134
  2 24 4 9.62439691676392 0.43049173366256
  1 25 4 11.4373463387252 0.333261603198005
  2 25 4 8.09044747864589 0.843960441627036
  1 26 4 12.271130139055 0.685474246042822
  2 26 4 8.45819688489057 0.429620783824035
  1 27 4 11.7091117983796 0.286882992344226
  2 27 4 9.89087434098304 0.81343687860715
  1 28 4 11.4170318149419 0.371822434434906
  2 28 4 9.06183224610968 0.53327636373572
  1 29 4 12.0434961233568 0.592639130460935
  2 29 4 9.56757470311717 0.590339711107796
  1 30 4 11.6058493292899 0.374062101432949
  2 30 4 7.94203890319501 0.701775131617819
  1 31 4 11.5180305945374 0.304499664309564
  2 31 4 9.03591593633622 0.210828956182955
  1 32 4 11.0814715536953 0.233962995093855
  2 32 4 8.84969220119943 0.329779252894958
  1 33 4 11.4477607578497 0.270006842918168
  2 33 4 8.1322944866724 0.460124990024536
  1 34 4 11.651239652553 0.350007507053818
  2 34 4 11.1407917601329 0.837656243552001
  1 35 4 11.4228289251258 0.34274593698132
  2 35 4 8.83505862672927 0.291986952078346
  1 36 4 11.9455425692175 0.261906583866089
  2 36 4 9.50012698310568 0.425399553458769
  1 37 4 11.9900924566578 0.417429035160016
  2 37 4 9.53757646514446 0.287702894520317
  1 38 4 12.5922269762699 0.441211421515246
  2 38 4 10.3845081370524 0.866971810340233
  1 39 4 12.0956946481684 0.495234601454268
  2 39 4 9.13623314244683 0.556663444153977
  1 40 4 11.9534509560922 0.237858203733512
  2 40 4 9.20275809319187 0.295404104464232
  1 41 4 11.4794795951213 0.327346172729995
  2 41 4 9.43878928634475 0.994030515469621
  1 42 4 11.9935821738655 0.368315456462939
  2 42 4 9.27196685554679 0.461505384764764
  1 1 2 3.95563668904118 0.601375663623589
  2 1 2 4.54823159171725 0.565196579518992
  2 2 2 5.55499554728353 0.686052062200317
  2 3 2 4.5609372461735 0.378997614818957
  1 4 2 3.4135494171018 1
  2 4 2 3.94483312253887 0.459316778181236
  1 5 2 4.11294206019859 0.611089023955187
  2 5 2 5.10799826477757 0.780615956536472
  1 6 2 4.25113730483075 0.702037850017464
  2 6 2 4.10346400880888 0.461790555986525
  1 7 2 2.70294133309218 0.948289691951521
  2 7 2 4.10531223230783 0.685175011742778
  1 8 2 2.75464009088995 0.544380631361087
  2 8 2 3.20180036740787 0.424096495665332
  1 9 2 3.08741019260375 0.5393131982084
  2 9 2 3.28787974131865 0.454629127333952
  1 10 2 5.33744780401272 0.88095039530815
  2 10 2 4.61794239478063 0.419344308350161
  1 11 2 4.99719715521838 0.799987970388403
  2 11 2 6.11506660243522 0.839124360078806
  1 12 2 5.34714507291684 0.774991903603438
  2 12 2 4.37759630847639 0.424721667998453
  1 13 2 5.04619733701246 0.863215133786584
  2 13 2 4.57343893645719 0.387073469025502
  1 14 2 3.17129796137699 0.704083892007286
  2 14 2 4.68223651476517 0.312793018147624
  1 15 2 3.93544992710672 0.457459057188701
  2 15 2 3.75724129263563 0.459652287866146
  1 16 2 3.08654460071185 0.853197309912465
  2 16 2 3.63559030688747 0.628928805514438
  1 17 2 2.66671242060279 0.61116783920211
  2 17 2 4.37200519418332 0.3895964128798
  1 18 2 7.27550245466797 0.416775375911518
  2 18 2 7.08761676397257 0.495180348393774
  1 19 2 7.01617021605776 0.69077510766454
  2 19 2 7.21159766262741 0.347120352110889
  1 20 2 7.158614081065 0.793751288508348
  2 20 2 7.90390677012861 0.526946514998015
  1 21 2 7.93751181989325 0.339376634127756
  2 21 2 8.29420289470013 0.609998621037514
  1 22 2 8.12505090179438 0.601950919776798
  2 22 2 8.56812041651942 0.389299707202565
  1 23 2 8.48571764791891 0.658556209578282
  2 23 2 8.21553673270527 0.288585466763824
  1 24 2 8.22501349467355 0.637453135075156
  2 24 2 8.08544395357379 0.480513100150493
  1 25 2 7.69195869417887 0.510473149998029
  2 25 2 7.92204777629953 0.338488147626423
  1 26 2 8.01084799076528 0.548437091427541
  2 26 2 7.73801492245876 0.345955330423839
  1 27 2 7.1612502524614 0.492912195981742
  2 27 2 7.78669729799748 0.33164245084141
  1 28 2 7.03699318707465 0.747597319880804
  2 28 2 8.18906916767498 0.447853531697379
  1 29 2 7.73686591051868 0.451616070879294
  2 29 2 7.79571828798171 0.305275882623724
  1 30 2 8.82458626108148 0.797269558848634
  2 30 2 8.56786104415851 0.605264936420634
  1 31 2 9.29969426476411 0.666772556553203
  2 31 2 9.39312257231526 0.359836468902791
  1 32 2 10.3892776885957 0.96787270074405
  2 32 2 9.66334036509085 0.422601396160012
  1 33 2 10.043868397747 0.404694020855087
  2 33 2 9.37147894819765 0.465820030674526
  1 34 2 10.2113523023506 0.814873375751391
  2 34 2 10.1091060949597 0.505954372112585
  1 35 2 10.5137052132259 0.533219898766676
  2 35 2 9.91517889562008 0.287403659199158
  1 36 2 9.68539610251908 0.371953858881132
  2 36 2 9.15054633459252 0.365560779244073
  1 37 2 8.73635934976996 0.791301167226987
  2 37 2 9.48558354967539 0.487536998609889
  1 38 2 9.45465137384816 0.633364993316759
  2 38 2 9.68100222984933 0.644823084547079
  1 39 2 9.77276677610877 0.827253682697507
  2 39 2 9.35488758690108 0.354235596542703
  1 40 2 7.27767146928873 0.900216415173481
  2 40 2 9.35154377284857 0.395846441583114
  1 41 2 7.8018582215995 0.957770995377006
  2 41 2 8.74076407451661 0.496084887173497
  1 42 2 7.49684024712975 0.55870584954739
  2 42 2 9.30860527454258 0.604660139936764
  1 1 1 10.151103877103 0.241799049430762
  2 1 1 11.0169780705949 0.250018379470286
  1 2 1 10.3157318184174 0.142636213550947
  2 2 1 10.9850188034028 0.163647146277456
  1 3 1 10.136634199863 0.225478190042395
  2 3 1 10.6460003570034 0.192013183632222
  1 4 1 10.0654997273066 0.323579734794357
  2 4 1 10.572462267956 0.162432383538487
  1 5 1 9.69734684854906 0.320666395151501
  2 5 1 10.5061794454115 0.822390366318268
  1 6 1 9.53623689077051 0.452044832991261
  2 6 1 10.3084928814309 0.192408532269243
  1 7 1 10.0387801236302 0.28209645893665
  2 7 1 9.95552573193053 0.262097825842625
  1 8 1 9.82864780231925 0.414010381101596
  2 8 1 10.1215529679845 0.189959250209439
  1 9 1 10.1147655098146 0.40638853202345
  2 9 1 10.3076210510361 0.178404315527443
  1 10 1 9.7523910102951 0.290993157294119
  2 10 1 10.0855477261331 0.156753980046499
  1 11 1 9.39762895028426 0.324615016521962
  2 11 1 10.3599814090622 0.174348711952217
  1 12 1 10.0608196096711 0.294780938380682
  2 12 1 10.2350277641544 0.195232854572048
  1 13 1 8.67264814288839 0.440402569626277
  2 13 1 10.1672167682504 0.185762358850192
  1 14 1 9.12974041123479 0.372421878022742
  2 14 1 9.81778132756503 0.151581173531864
  1 15 1 9.35287999020565 0.341871348717721
  2 15 1 9.13685955197195 0.233364310094868
  1 16 1 8.36513739457758 0.416897355424411
  2 16 1 8.63220359846 0.283802183917676
  1 17 1 8.16171721068995 0.500820840736393
  2 17 1 7.94636469539876 0.495024013362717
  1 18 1 8.27436325373342 0.389853340834037
  2 18 1 9.18252909661735 0.390988792530431
  1 19 1 8.53255582960934 0.293941849282161
  2 19 1 8.67310887734233 0.322403741112933
  1 20 1 9.304517522075 0.525509720403112
  2 20 1 8.8936951668833 0.218361153170241
  1 21 1 8.49818627979036 0.266433769579894
  2 21 1 9.18029688388661 0.421115605185845
  1 22 1 8.30188111760644 0.374831371194202
  2 22 1 9.36682736579099 0.227391091044855
  1 23 1 8.67289175061303 0.352011231642473
  2 23 1 8.65249764334109 0.384269029090844
  1 24 1 8.78924995858022 0.34725908523047
  2 24 1 9.07347469306587 0.331291933735556
  1 25 1 8.10842400255615 0.578696888706846
  2 25 1 8.67276897108566 0.247394190789157
  1 26 1 7.94530103202009 0.459728456052307
  2 26 1 8.32318625842301 0.394189312610479
  1 27 1 7.52100680198793 0.539982548576019
  2 27 1 8.18762720150138 0.72948972943007
  1 28 1 7.36484409367789 0.364309332200766
  2 28 1 8.89351972992828 0.278656828353639
  1 29 1 8.66865705024193 0.562793580097325
  2 29 1 8.44554332595688 0.316141323613091
  1 30 1 7.87098611457712 0.420348818797864
  2 30 1 8.7723347589997 0.30511736182771
  1 31 1 8.15248316623054 0.403753427903273
  2 31 1 8.13504935990783 0.278331587636247
  1 32 1 7.48729968206574 0.491331418922754
  2 32 1 7.87412715588702 0.329726795744574
  1 33 1 6.97219098678608 0.537081122476055
  2 33 1 7.61458668397064 0.33086845072982
  1 34 1 7.08486694875277 0.379030815152119
  2 34 1 7.37891534014224 0.278881417082292
  1 35 1 5.17338452567942 0.519511456600017
  2 35 1 7.29803485371517 0.27351876283918
  1 36 1 6.73333982967736 0.556056214854877
  2 36 1 7.97094430029988 0.714061811185508
  1 37 1 6.86697859100451 0.588197671943964
  2 37 1 6.78102204529164 0.340315242626747
  1 38 1 6.63492417827653 0.324588369174256
  2 38 1 7.26597785445665 0.300199803594678
  1 39 1 6.13998984808947 0.501841796783066
  2 39 1 7.47816769398591 0.438397059851219
  1 40 1 6.68157539868422 0.403101009292275
  2 40 1 7.11375790599084 0.410378233550251
  1 41 1 6.26020587212622 0.478602624152216
  2 41 1 6.43047409828159 0.362128776577143
  1 42 1 7.74000269123677 0.646634922078809
  2 42 1 9.52994564842594 0.816170985475773
  1 1 3 2.82728343552129 0.499484636786782
  1 2 3 4.58911025400695 0.358153914340203
  2 2 3 5.30684258036488 0.577110518633802
  1 3 3 5.04805986397501 0.678339172154909
  2 3 3 5.67080517341495 0.738121970739642
  1 4 3 4.53234234246099 1
  2 4 3 6.77586392170037 0.52056341701904
  1 5 3 4.4013785869611 0.693225535250834
  2 5 3 7.13864263985098 1
  1 6 3 4.30752748590336 1
  2 6 3 6.1963411040781 0.48452157876779
  1 7 3 2.58373883409922 0.912293822979085
  1 8 3 4.5176372773163 0.655734850091527
  2 8 3 6.64747198547725 0.750382084373246
  1 9 3 5.59771788048653 0.670809892238012
  2 9 3 6.38590784024309 0.47273108889926
  1 10 3 3.61160522985681 0.631102684426709
  2 10 3 4.7005365408297 0.919260399745188
  1 11 3 5.29163169773641 0.496475444687371
  1 12 3 5.29265129106069 0.740682868109632
  2 12 3 6.77872608773322 1
  1 13 3 5.28522231234331 0.360862225436052
  1 14 3 3.86565945183449 0.547901331396328
  2 14 3 6.11087354178765 0.478873954421528
  1 15 3 4.10486636938391 0.429608216382601
  2 15 3 5.34232750470811 0.654713783069401
  1 16 3 6.05132718065054 0.69118921143411
  2 16 3 6.29509175434038 0.8614889831113
  1 17 3 5.59289887677709 0.426971754606328
  2 17 3 7.08009707187335 0.572182042928152
  1 18 3 5.1042831120641 0.505524319387353
  2 18 3 6.47162284105433 0.488492827246527
  1 19 3 6.13765381508676 0.644591984223249
  2 19 3 6.14673163027521 0.51925665989311
  1 20 3 4.69265384586909 0.899065435378594
  2 20 3 6.61397322624246 0.59569628754064
  1 21 3 5.75519429503534 0.543826822033971
  2 21 3 6.37249810795476 0.466111862829518
  1 22 3 5.68256276784123 0.88174616562504
  2 22 3 7.21304599911043 0.568444982816852
  1 23 3 5.89777349072026 0.408104676406013
  2 23 3 6.16348589917076 0.357346049869971
  1 24 3 6.232058744297 0.92608255019157
  2 24 3 5.93925642171397 0.539541007788685
  1 25 3 5.72398342608196 0.648664057223823
  2 25 3 6.59275237115262 0.576168087832409
  1 26 3 6.08348694783972 0.695927823776047
  2 26 3 6.82269761006507 0.549529982814455
  1 27 3 5.86423113627912 0.708713243925404
  2 27 3 6.84614727919586 0.496269825160911
  1 28 3 5.77798188859539 0.489543853646182
  1 29 3 6.92130082598161 0.703511357168505
  2 29 3 6.7411035291076 0.875017095315649
  1 30 3 5.5019136831065 0.631659802692532
  2 30 3 6.68300308613595 0.908152223575802
  1 31 3 7.13583473304768 0.626570332091694
  2 31 3 6.73622331786502 0.712465807947941
  1 32 3 6.08413950794373 0.661895735249442
  2 32 3 5.91918940880964 0.86012943797605
  1 33 3 5.89075802617707 0.783155911787346
  2 33 3 8.99462611069527 0.598390099709208
  1 34 3 6.14619345074351 0.542775440757204
  2 34 3 7.24248522316777 0.743173480285892
  1 35 3 7.65640423752036 0.870542376054271
  2 35 3 8.42280253112152 0.446478967244395
  1 36 3 7.64615288873866 0.492193512682958
  2 36 3 8.90391786288729 0.490110041691513
  1 37 3 8.75894378424675 0.909630520329322
  2 37 3 8.64058337138504 0.433872317628348
  1 38 3 7.31871933724327 0.644773009949607
  2 38 3 7.57929517801895 0.484949159815328
  1 39 3 8.25848783345101 0.515045488987725
  2 39 3 8.7975548972069 0.388710136036013
  1 40 3 7.28173114639894 0.442573167063876
  2 40 3 9.50304203224771 0.395139923022642
  1 41 3 7.80025715632737 0.88587618368699
  2 41 3 8.82578284542489 0.537531419606343
  1 42 3 12.8654319300901 0.983269433580366
  2 42 3 10.3780784568174 0.849696423298534
# end survey index observations 
#  
# Survey size comp data 
# Number of observations, init_int Nsurvey_size_obs 
  329
# init_matrix obs_survey_size(1,Nsurvey_size_obs,1,ncol) 
# Survey  Year  Species Type (0=whole, 1=retained, 2=discard) InpN, proportion by length bin 
  1 1 1 0 57 0.0175438596491228 0.491228070175439 0.43859649122807 0.0526315789473684 0
  1 2 1 0 65 0.0153846153846154 0.323076923076923 0.476923076923077 0.184615384615385 0
  1 3 1 0 32 0.03125 0.1875 0.625 0.15625 0
  1 4 1 0 32 0 0.53125 0.34375 0.125 0
  1 5 1 0 21 0 0.666666666666667 0.238095238095238 0.0952380952380952 0
  1 6 1 0 18 0.0555555555555556 0.166666666666667 0.388888888888889 0.388888888888889 0
  1 7 1 0 25 0.04 0.56 0.2 0.2 0
  1 8 1 0 20 0 0.4 0.5 0.1 0
  1 9 1 0 16 0.125 0.5625 0.25 0.0625 0
  1 10 1 0 19 0.0526315789473684 0.473684210526316 0.473684210526316 0 0
  1 11 1 0 20 0.25 0.55 0.2 0 0
  1 12 1 0 22 0 0.636363636363636 0.272727272727273 0.0909090909090909 0
  1 13 1 0 23 0 0.739130434782609 0.217391304347826 0.0434782608695652 0
  1 14 1 0 14 0 0.714285714285714 0.285714285714286 0 0
  1 15 1 0 21 0 0.571428571428571 0.380952380952381 0.0476190476190476 0
  1 16 1 0 14 0 0.714285714285714 0.285714285714286 0 0
  1 17 1 0 17 0.0588235294117647 0.647058823529412 0.235294117647059 0.0588235294117647 0
  1 18 1 0 19 0.0526315789473684 0.894736842105263 0.0526315789473684 0 0
  1 19 1 0 18 0 0.722222222222222 0.277777777777778 0 0
  1 20 1 0 15 0 0.866666666666667 0.133333333333333 0 0
  1 21 1 0 21 0 0.571428571428571 0.333333333333333 0.0952380952380952 0
  1 22 1 0 13 0 0.923076923076923 0.0769230769230769 0 0
  1 23 1 0 14 0.0714285714285714 0.5 0.428571428571429 0 0
  1 24 1 0 14 0 0.714285714285714 0.285714285714286 0 0
  1 25 1 0 18 0.0555555555555556 0.388888888888889 0.444444444444444 0.111111111111111 0
  1 26 1 0 14 0 0.428571428571429 0.5 0.0714285714285714 0
  1 27 1 0 23 0 0.347826086956522 0.608695652173913 0.0434782608695652 0
  1 28 1 0 14 0 1 0 0 0
  1 29 1 0 17 0 0.647058823529412 0.294117647058824 0.0588235294117647 0
  1 30 1 0 18 0.0555555555555556 0.5 0.388888888888889 0.0555555555555556 0
  1 31 1 0 20 0 0.35 0.65 0 0
  1 32 1 0 10 0 0.6 0.4 0 0
  1 33 1 0 15 0 0.466666666666667 0.466666666666667 0.0666666666666667 0
  1 34 1 0 18 0 0.277777777777778 0.5 0.222222222222222 0
  1 35 1 0 8 0.125 0.75 0.125 0 0
  1 36 1 0 12 0.0833333333333333 0.5 0.25 0.166666666666667 0
  1 37 1 0 8 0.125 0.25 0.5 0.125 0
  1 38 1 0 16 0 0.625 0.375 0 0
  1 39 1 0 10 0 0.2 0.7 0.1 0
  1 40 1 0 10 0 0.4 0.6 0 0
  1 41 1 0 13 0 0.615384615384615 0.230769230769231 0.153846153846154 0
  1 42 1 0 8 0.125 0.875 0 0 0
  1 1 2 0 11 0 0 0.545454545454545 0.454545454545455 0
  1 4 2 0 1 0 0 1 0 0
  1 5 2 0 5 0 0 0.4 0.6 0
  1 6 2 0 1 0 0 1 0 0
  1 7 2 0 3 0 0 0.333333333333333 0.666666666666667 0
  1 8 2 0 4 0 0 0 0.75 0.25
  1 9 2 0 5 0 0 0.8 0.2 0
  1 10 2 0 10 0 0 0.9 0.1 0
  1 11 2 0 13 0 0 0.846153846153846 0.153846153846154 0
  1 12 2 0 15 0 0 0.333333333333333 0.666666666666667 0
  1 13 2 0 9 0 0 0.333333333333333 0.666666666666667 0
  1 14 2 0 6 0 0 0.166666666666667 0.833333333333333 0
  1 15 2 0 13 0 0 0.0769230769230769 0.923076923076923 0
  1 16 2 0 10 0 0 0.1 0.9 0
  1 17 2 0 10 0 1 0 0 0
  1 18 2 0 18 0 0 1 0 0
  1 19 2 0 27 0 0.037037037037037 0.740740740740741 0.222222222222222 0
  1 20 2 0 23 0 0 0.217391304347826 0.782608695652174 0
  1 21 2 0 25 0 0 0.48 0.52 0
  1 22 2 0 9 0 0 0.555555555555556 0.444444444444444 0
  1 23 2 0 8 0 0 0.375 0.625 0
  1 24 2 0 9 0 0 0.333333333333333 0.666666666666667 0
  1 25 2 0 14 0 0 0.142857142857143 0.857142857142857 0
  1 26 2 0 18 0 0 0.111111111111111 0.888888888888889 0
  1 27 2 0 16 0 0 0.25 0.75 0
  1 28 2 0 6 0 0 0.5 0.5 0
  1 29 2 0 8 0 0 0.25 0.75 0
  1 30 2 0 17 0 0.0588235294117647 0.941176470588235 0 0
  1 31 2 0 9 0 0 0.777777777777778 0.222222222222222 0
  1 32 2 0 30 0 0 0.866666666666667 0.133333333333333 0
  1 33 2 0 24 0 0.0416666666666667 0.416666666666667 0.541666666666667 0
  1 34 2 0 25 0 0 0.52 0.48 0
  1 35 2 0 16 0 0 0.4375 0.5625 0
  1 36 2 0 13 0 0 0.461538461538462 0.538461538461538 0
  1 37 2 0 8 0 0 0.625 0.375 0
  1 38 2 0 10 0 0 0.4 0.6 0
  1 39 2 0 13 0 0 0.384615384615385 0.615384615384615 0
  1 40 2 0 8 0 0 0.375 0.625 0
  1 41 2 0 5 0 0 0 1 0
  1 42 2 0 17 0 0.0588235294117647 0.411764705882353 0.529411764705882 0
  1 1 3 0 27 0 0.444444444444444 0.148148148148148 0.407407407407407 0
  1 2 3 0 13 0 0.692307692307692 0.0769230769230769 0.230769230769231 0
  1 3 3 0 5 0 0.6 0.2 0.2 0
  1 4 3 0 2 0 0 1 0 0
  1 5 3 0 5 0 0 0.8 0.2 0
  1 6 3 0 1 0 1 0 0 0
  1 7 3 0 3 0 0 1 0 0
  1 8 3 0 3 0 0.333333333333333 0.666666666666667 0 0
  1 9 3 0 4 0 0.25 0.25 0.5 0
  1 10 3 0 4 0 0.25 0.5 0.25 0
  1 11 3 0 4 0 0 0.5 0.5 0
  1 12 3 0 2 0 0 0.5 0.5 0
  1 13 3 0 8 0 0.125 0.5 0.375 0
  1 14 3 0 19 0 0.210526315789474 0.315789473684211 0.473684210526316 0
  1 15 3 0 15 0 0.533333333333333 0.2 0.266666666666667 0
  1 16 3 0 12 0 0.25 0.583333333333333 0.166666666666667 0
  1 17 3 0 14 0 0.357142857142857 0.428571428571429 0.214285714285714 0
  1 18 3 0 14 0 0.142857142857143 0.642857142857143 0.214285714285714 0
  1 19 3 0 15 0 0.333333333333333 0.333333333333333 0.333333333333333 0
  1 20 3 0 17 0 0.294117647058824 0.294117647058824 0.411764705882353 0
  1 21 3 0 12 0 0.25 0.583333333333333 0.166666666666667 0
  1 22 3 0 11 0 0.181818181818182 0.545454545454545 0.272727272727273 0
  1 23 3 0 16 0 0.25 0.3125 0.4375 0
  1 24 3 0 15 0 0.266666666666667 0.533333333333333 0.2 0
  1 25 3 0 4 0 0.25 0.75 0 0
  1 26 3 0 14 0 0.357142857142857 0.5 0.142857142857143 0
  1 27 3 0 6 0 0 0.666666666666667 0.333333333333333 0
  1 28 3 0 4 0 0 0.5 0.5 0
  1 29 3 0 2 0 0 1 0 0
  1 30 3 0 10 0 0.2 0.5 0.3 0
  1 31 3 0 9 0 0.111111111111111 0.555555555555556 0.333333333333333 0
  1 32 3 0 12 0 0 0.416666666666667 0.583333333333333 0
  1 33 3 0 5 0 0.2 0.4 0.4 0
  1 34 3 0 9 0 0.666666666666667 0.111111111111111 0.222222222222222 0
  1 35 3 0 5 0 0.6 0.4 0 0
  1 36 3 0 5 0 0.4 0.4 0.2 0
  1 37 3 0 3 0 0.666666666666667 0.333333333333333 0 0
  1 38 3 0 15 0 0.4 0.533333333333333 0.0666666666666667 0
  1 39 3 0 12 0 0.333333333333333 0.416666666666667 0.25 0
  1 40 3 0 9 0 0.555555555555556 0.333333333333333 0.111111111111111 0
  1 41 3 0 8 0 0.5 0.375 0.125 0
  1 42 3 0 12 0 0.416666666666667 0.416666666666667 0.166666666666667 0
  1 1 4 0 86 0 0.244186046511628 0.604651162790698 0.151162790697674 0
  1 2 4 0 100 0.01 0.19 0.62 0.18 0
  1 3 4 0 33 0.0303030303030303 0.272727272727273 0.484848484848485 0.212121212121212 0
  1 4 4 0 44 0.0454545454545455 0.181818181818182 0.613636363636364 0.159090909090909 0
  1 5 4 0 34 0.0882352941176471 0.352941176470588 0.352941176470588 0.205882352941176 0
  1 6 4 0 40 0.1 0.325 0.4 0.175 0
  1 7 4 0 39 0 0.41025641025641 0.384615384615385 0.205128205128205 0
  1 8 4 0 49 0.0612244897959184 0.408163265306122 0.36734693877551 0.163265306122449 0
  1 9 4 0 36 0 0.416666666666667 0.305555555555556 0.277777777777778 0
  1 10 4 0 43 0.0930232558139535 0.627906976744186 0.116279069767442 0.162790697674419 0
  1 11 4 0 41 0.0731707317073171 0.48780487804878 0.317073170731707 0.121951219512195 0
  1 12 4 0 35 0.114285714285714 0.514285714285714 0.285714285714286 0.0857142857142857 0
  1 13 4 0 32 0.03125 0.5 0.34375 0.125 0
  1 14 4 0 21 0.0476190476190476 0.523809523809524 0.333333333333333 0.0952380952380952 0
  1 15 4 0 30 0.1 0.466666666666667 0.3 0.133333333333333 0
  1 16 4 0 19 0 0.684210526315789 0.210526315789474 0.105263157894737 0
  1 17 4 0 35 0.114285714285714 0.542857142857143 0.257142857142857 0.0857142857142857 0
  1 18 4 0 27 0.0740740740740741 0.592592592592593 0.296296296296296 0.037037037037037 0
  1 19 4 0 34 0 0.470588235294118 0.352941176470588 0.176470588235294 0
  1 20 4 0 42 0 0.571428571428571 0.333333333333333 0.0952380952380952 0
  1 21 4 0 41 0.0731707317073171 0.463414634146341 0.390243902439024 0.0731707317073171 0
  1 22 4 0 44 0 0.545454545454545 0.295454545454545 0.159090909090909 0
  1 23 4 0 28 0.0357142857142857 0.535714285714286 0.392857142857143 0.0357142857142857 0
  1 24 4 0 34 0 0.5 0.470588235294118 0.0294117647058824 0
  1 25 4 0 36 0.0277777777777778 0.388888888888889 0.305555555555556 0.277777777777778 0
  1 26 4 0 31 0 0.387096774193548 0.483870967741935 0.129032258064516 0
  1 27 4 0 39 0 0.333333333333333 0.538461538461538 0.128205128205128 0
  1 28 4 0 38 0.0263157894736842 0.236842105263158 0.578947368421053 0.157894736842105 0
  1 29 4 0 48 0 0.375 0.4375 0.1875 0
  1 30 4 0 38 0 0.315789473684211 0.421052631578947 0.263157894736842 0
  1 31 4 0 61 0 0.213114754098361 0.508196721311475 0.278688524590164 0
  1 32 4 0 48 0.0208333333333333 0.270833333333333 0.458333333333333 0.25 0
  1 33 4 0 49 0.0816326530612245 0.346938775510204 0.346938775510204 0.224489795918367 0
  1 34 4 0 44 0.25 0.659090909090909 0.0909090909090909 0 0
  1 35 4 0 61 0.114754098360656 0.672131147540984 0.163934426229508 0.0491803278688525 0
  1 36 4 0 67 0.0895522388059701 0.701492537313433 0.17910447761194 0.0298507462686567 0
  1 37 4 0 57 0.0526315789473684 0.578947368421053 0.263157894736842 0.105263157894737 0
  1 38 4 0 38 0.0263157894736842 0.684210526315789 0.236842105263158 0.0526315789473684 0
  1 39 4 0 52 0.0192307692307692 0.576923076923077 0.384615384615385 0.0192307692307692 0
  1 40 4 0 43 0.0232558139534884 0.465116279069767 0.395348837209302 0.116279069767442 0
  1 41 4 0 42 0 0.547619047619048 0.404761904761905 0.0476190476190476 0
  1 42 4 0 61 0.0163934426229508 0.475409836065574 0.39344262295082 0.114754098360656 0
  2 1 1 0 58 0.0172413793103448 0.396551724137931 0.5 0.0862068965517241 0
  2 2 1 0 83 0.0120481927710843 0.349397590361446 0.44578313253012 0.168674698795181 0.0240963855421687
  2 3 1 0 63 0.0158730158730159 0.396825396825397 0.412698412698413 0.174603174603175 0
  2 4 1 0 56 0.107142857142857 0.607142857142857 0.196428571428571 0.0892857142857143 0
  2 5 1 0 55 0.0181818181818182 0.581818181818182 0.218181818181818 0.181818181818182 0
  2 6 1 0 45 0.0444444444444444 0.444444444444444 0.444444444444444 0.0666666666666667 0
  2 7 1 0 46 0.0434782608695652 0.565217391304348 0.326086956521739 0.0652173913043478 0
  2 8 1 0 56 0.0178571428571429 0.517857142857143 0.392857142857143 0.0714285714285714 0
  2 9 1 0 51 0.137254901960784 0.470588235294118 0.254901960784314 0.137254901960784 0
  2 10 1 0 44 0.113636363636364 0.522727272727273 0.318181818181818 0.0454545454545455 0
  2 11 1 0 49 0.0408163265306122 0.510204081632653 0.326530612244898 0.122448979591837 0
  2 12 1 0 50 0.1 0.68 0.16 0.06 0
  2 13 1 0 48 0.0833333333333333 0.541666666666667 0.375 0 0
  2 14 1 0 52 0.0192307692307692 0.769230769230769 0.211538461538462 0 0
  2 15 1 0 31 0 0.645161290322581 0.354838709677419 0 0
  2 16 1 0 38 0.0263157894736842 0.473684210526316 0.473684210526316 0.0263157894736842 0
  2 17 1 0 26 0.0384615384615385 0.807692307692308 0.0769230769230769 0.0769230769230769 0
  2 18 1 0 33 0.0909090909090909 0.727272727272727 0.121212121212121 0.0606060606060606 0
  2 19 1 0 31 0.0645161290322581 0.709677419354839 0.193548387096774 0.032258064516129 0
  2 20 1 0 38 0.0526315789473684 0.605263157894737 0.342105263157895 0 0
  2 21 1 0 30 0.0333333333333333 0.466666666666667 0.366666666666667 0.133333333333333 0
  2 22 1 0 35 0.2 0.685714285714286 0.114285714285714 0 0
  2 23 1 0 35 0.0857142857142857 0.657142857142857 0.171428571428571 0.0857142857142857 0
  2 24 1 0 26 0.0769230769230769 0.576923076923077 0.307692307692308 0.0384615384615385 0
  2 25 1 0 32 0.0625 0.5 0.40625 0.03125 0
  2 26 1 0 26 0.0384615384615385 0.538461538461538 0.384615384615385 0.0384615384615385 0
  2 27 1 0 37 0.027027027027027 0.459459459459459 0.432432432432432 0.0810810810810811 0
  2 28 1 0 35 0.228571428571429 0.6 0.171428571428571 0 0
  2 29 1 0 33 0.0303030303030303 0.636363636363636 0.272727272727273 0.0606060606060606 0
  2 30 1 0 45 0.0444444444444444 0.6 0.355555555555556 0 0
  2 31 1 0 34 0.0588235294117647 0.617647058823529 0.294117647058824 0.0294117647058824 0
  2 32 1 0 36 0 0.583333333333333 0.361111111111111 0.0555555555555556 0
  2 33 1 0 42 0 0.476190476190476 0.452380952380952 0.0714285714285714 0
  2 34 1 0 34 0.0882352941176471 0.382352941176471 0.470588235294118 0.0588235294117647 0
  2 35 1 0 35 0.114285714285714 0.542857142857143 0.285714285714286 0.0571428571428571 0
  2 36 1 0 28 0.142857142857143 0.607142857142857 0.214285714285714 0.0357142857142857 0
  2 37 1 0 22 0.136363636363636 0.636363636363636 0.227272727272727 0 0
  2 38 1 0 32 0.09375 0.65625 0.25 0 0
  2 39 1 0 27 0.111111111111111 0.296296296296296 0.592592592592593 0 0
  2 40 1 0 39 0.0256410256410256 0.58974358974359 0.384615384615385 0 0
  2 41 1 0 20 0 0.45 0.4 0.15 0
  2 42 1 0 30 0.2 0.8 0 0 0
  2 1 2 0 16 0 0 0.625 0.375 0
  2 2 2 0 20 0 0 0.3 0.65 0.05
  2 3 2 0 34 0 0 0.411764705882353 0.529411764705882 0.0588235294117647
  2 4 2 0 15 0 0 0.0666666666666667 0.733333333333333 0.2
  2 5 2 0 4 0 0.25 0.25 0.5 0
  2 6 2 0 7 0 0 0.714285714285714 0.285714285714286 0
  2 7 2 0 18 0 0.0555555555555556 0.5 0.444444444444444 0
  2 8 2 0 22 0 0.0909090909090909 0.636363636363636 0.181818181818182 0.0909090909090909
  2 9 2 0 21 0 0.285714285714286 0.238095238095238 0.476190476190476 0
  2 10 2 0 11 0 0.181818181818182 0.636363636363636 0.181818181818182 0
  2 11 2 0 7 0 0 0.714285714285714 0.285714285714286 0
  2 12 2 0 19 0 0 0.473684210526316 0.526315789473684 0
  2 13 2 0 32 0 0 0.125 0.875 0
  2 14 2 0 34 0 0 0.235294117647059 0.764705882352941 0
  2 15 2 0 27 0 0 0.185185185185185 0.814814814814815 0
  2 16 2 0 42 0 0.0238095238095238 0.166666666666667 0.80952380952381 0
  2 17 2 0 34 0 0.941176470588235 0.0294117647058824 0.0294117647058824 0
  2 18 2 0 28 0 0.0714285714285714 0.928571428571429 0 0
  2 19 2 0 26 0 0 0.615384615384615 0.384615384615385 0
  2 20 2 0 32 0 0.0625 0.5625 0.375 0
  2 21 2 0 37 0 0.027027027027027 0.405405405405405 0.567567567567568 0
  2 22 2 0 38 0 0.0789473684210526 0.5 0.421052631578947 0
  2 23 2 0 41 0 0.024390243902439 0.51219512195122 0.463414634146341 0
  2 24 2 0 33 0 0 0.393939393939394 0.606060606060606 0
  2 25 2 0 45 0 0 0.311111111111111 0.688888888888889 0
  2 26 2 0 28 0 0.107142857142857 0.107142857142857 0.785714285714286 0
  2 27 2 0 47 0 0.0212765957446809 0.340425531914894 0.638297872340426 0
  2 28 2 0 22 0 0 0.454545454545455 0.545454545454545 0
  2 29 2 0 40 0 0.45 0.2 0.35 0
  2 30 2 0 28 0 0.285714285714286 0.642857142857143 0.0714285714285714 0
  2 31 2 0 32 0 0.15625 0.59375 0.25 0
  2 32 2 0 40 0 0.075 0.625 0.3 0
  2 33 2 0 43 0 0.13953488372093 0.348837209302326 0.511627906976744 0
  2 34 2 0 46 0 0.195652173913043 0.347826086956522 0.456521739130435 0
  2 35 2 0 60 0 0.0833333333333333 0.516666666666667 0.4 0
  2 36 2 0 49 0 0.183673469387755 0.224489795918367 0.591836734693878 0
  2 37 2 0 32 0 0.03125 0.46875 0.5 0
  2 38 2 0 30 0 0 0.433333333333333 0.566666666666667 0
  2 39 2 0 29 0 0.0689655172413793 0.103448275862069 0.827586206896552 0
  2 40 2 0 31 0 0.032258064516129 0.290322580645161 0.67741935483871 0
  2 41 2 0 14 0 0 0.214285714285714 0.785714285714286 0
  2 42 2 0 19 0 0.631578947368421 0.157894736842105 0.210526315789474 0
  2 2 3 0 3 0 1 0 0 0
  2 3 3 0 3 0.333333333333333 0 0.333333333333333 0.333333333333333 0
  2 4 3 0 7 0 0.142857142857143 0.714285714285714 0.142857142857143 0
  2 5 3 0 1 0 1 0 0 0
  2 6 3 0 14 0 0.357142857142857 0.428571428571429 0.214285714285714 0
  2 8 3 0 10 0 0.1 0.5 0.4 0
  2 9 3 0 6 0 0.166666666666667 0.666666666666667 0.166666666666667 0
  2 10 3 0 2 0 0 0.5 0.5 0
  2 12 3 0 1 0 0 1 0 0
  2 14 3 0 9 0 0.333333333333333 0.222222222222222 0.444444444444444 0
  2 15 3 0 5 0 0.8 0 0.2 0
  2 16 3 0 9 0 0.444444444444444 0.333333333333333 0.222222222222222 0
  2 17 3 0 9 0 0.444444444444444 0.555555555555556 0 0
  2 18 3 0 13 0 0.307692307692308 0.384615384615385 0.307692307692308 0
  2 19 3 0 14 0.0714285714285714 0.357142857142857 0.428571428571429 0.142857142857143 0
  2 20 3 0 19 0 0.157894736842105 0.684210526315789 0.157894736842105 0
  2 21 3 0 20 0 0.3 0.5 0.2 0
  2 22 3 0 23 0 0.260869565217391 0.391304347826087 0.347826086956522 0
  2 23 3 0 26 0 0.423076923076923 0.269230769230769 0.307692307692308 0
  2 24 3 0 28 0.0357142857142857 0.321428571428571 0.392857142857143 0.25 0
  2 25 3 0 20 0 0.6 0.3 0.1 0
  2 26 3 0 7 0 0.428571428571429 0.285714285714286 0.285714285714286 0
  2 27 3 0 5 0 0 0.6 0.4 0
  2 29 3 0 6 0 0 0.666666666666667 0.333333333333333 0
  2 30 3 0 14 0 0 0.428571428571429 0.571428571428571 0
  2 31 3 0 7 0 0.142857142857143 0.285714285714286 0.571428571428571 0
  2 32 3 0 20 0 0.05 0.3 0.65 0
  2 33 3 0 18 0 0.555555555555556 0.222222222222222 0.222222222222222 0
  2 34 3 0 15 0.0666666666666667 0.8 0.0666666666666667 0.0666666666666667 0
  2 35 3 0 28 0 0.642857142857143 0.178571428571429 0.178571428571429 0
  2 36 3 0 25 0 0.36 0.56 0.08 0
  2 37 3 0 19 0 0.105263157894737 0.684210526315789 0.210526315789474 0
  2 38 3 0 33 0 0.303030303030303 0.454545454545455 0.242424242424242 0
  2 39 3 0 32 0 0.25 0.65625 0.09375 0
  2 40 3 0 34 0 0.617647058823529 0.294117647058824 0.0882352941176471 0
  2 41 3 0 20 0 0.6 0.25 0.15 0
  2 42 3 0 27 0 0.481481481481481 0.407407407407407 0.111111111111111 0
  2 1 4 0 44 0 0.272727272727273 0.636363636363636 0.0909090909090909 0
  2 2 4 0 75 0.0133333333333333 0.186666666666667 0.64 0.16 0
  2 3 4 0 66 0.0151515151515152 0.196969696969697 0.606060606060606 0.181818181818182 0
  2 4 4 0 54 0.12962962962963 0.240740740740741 0.37037037037037 0.259259259259259 0
  2 5 4 0 31 0.032258064516129 0.290322580645161 0.548387096774194 0.129032258064516 0
  2 6 4 0 24 0.166666666666667 0.375 0.291666666666667 0.166666666666667 0
  2 7 4 0 20 0.2 0.4 0.2 0.2 0
  2 8 4 0 25 0.08 0.52 0.28 0.12 0
  2 9 4 0 44 0.0454545454545455 0.590909090909091 0.181818181818182 0.181818181818182 0
  2 10 4 0 36 0.0555555555555556 0.472222222222222 0.305555555555556 0.166666666666667 0
  2 11 4 0 22 0.181818181818182 0.363636363636364 0.363636363636364 0.0909090909090909 0
  2 12 4 0 21 0.238095238095238 0.476190476190476 0.238095238095238 0.0476190476190476 0
  2 13 4 0 26 0.115384615384615 0.384615384615385 0.423076923076923 0.0769230769230769 0
  2 14 4 0 35 0.2 0.342857142857143 0.371428571428571 0.0857142857142857 0
  2 15 4 0 21 0.0952380952380952 0.666666666666667 0.19047619047619 0.0476190476190476 0
  2 16 4 0 30 0.1 0.6 0.266666666666667 0.0333333333333333 0
  2 17 4 0 40 0.125 0.55 0.3 0.025 0
  2 18 4 0 42 0.142857142857143 0.452380952380952 0.30952380952381 0.0952380952380952 0
  2 19 4 0 46 0.0434782608695652 0.652173913043478 0.239130434782609 0.0652173913043478 0
  2 20 4 0 37 0.0810810810810811 0.540540540540541 0.243243243243243 0.135135135135135 0
  2 21 4 0 44 0.0454545454545455 0.568181818181818 0.295454545454545 0.0909090909090909 0
  2 22 4 0 42 0 0.523809523809524 0.357142857142857 0.119047619047619 0
  2 23 4 0 35 0.0285714285714286 0.514285714285714 0.371428571428571 0.0857142857142857 0
  2 24 4 0 26 0.0384615384615385 0.269230769230769 0.538461538461538 0.153846153846154 0
  2 25 4 0 19 0 0.421052631578947 0.315789473684211 0.263157894736842 0
  2 26 4 0 29 0.0344827586206897 0.275862068965517 0.620689655172414 0.0689655172413793 0
  2 27 4 0 10 0.1 0.4 0.5 0 0
  2 28 4 0 20 0.05 0.3 0.5 0.15 0
  2 29 4 0 25 0 0.32 0.48 0.2 0
  2 30 4 0 18 0.0555555555555556 0.277777777777778 0.388888888888889 0.277777777777778 0
  2 31 4 0 24 0.0416666666666667 0.0416666666666667 0.541666666666667 0.375 0
  2 32 4 0 21 0.0476190476190476 0.428571428571429 0.333333333333333 0.19047619047619 0
  2 33 4 0 10 0.2 0.2 0.4 0.2 0
  2 34 4 0 12 0.333333333333333 0.416666666666667 0.25 0 0
  2 35 4 0 29 0.241379310344828 0.655172413793103 0.0689655172413793 0.0344827586206897 0
  2 36 4 0 17 0.176470588235294 0.705882352941177 0.0588235294117647 0.0588235294117647 0
  2 37 4 0 39 0.0769230769230769 0.615384615384615 0.282051282051282 0.0256410256410256 0
  2 38 4 0 9 0 0.666666666666667 0.222222222222222 0.111111111111111 0
  2 39 4 0 50 0.04 0.66 0.26 0.04 0
  2 40 4 0 15 0 0.466666666666667 0.333333333333333 0.2 0
  2 41 4 0 7 0 0.857142857142857 0.142857142857143 0 0
  2 42 4 0 9 0.111111111111111 0.444444444444444 0.333333333333333 0.111111111111111 0
# end survey length observations 
#  
# Fishery catch data 
# Number of observations, init_int Ncatch_obs
  168
# init_matrix obs_catch_biomass(1,Ncatch_obs,1,6) 
# Fleet	Area	Year	Species	Catch(biomass t)	CV 
  1 1 1 1 9.78275878384691 0.05
  1 1 2 1 9.81760223947299 0.05
  1 1 3 1 10.1136780595599 0.05
  1 1 4 1 9.96209290058255 0.05
  1 1 5 1 10.1329650288436 0.05
  1 1 6 1 10.0422352113473 0.05
  1 1 7 1 9.70610377845821 0.05
  1 1 8 1 9.96323199738703 0.05
  1 1 9 1 9.79406952866668 0.05
  1 1 10 1 9.80683475384736 0.05
  1 1 11 1 10.0276612051744 0.05
  1 1 12 1 10.0517568637499 0.05
  1 1 13 1 10.354580658326 0.05
  1 1 14 1 10.1452255552667 0.05
  1 1 15 1 9.78088156061497 0.05
  1 1 16 1 9.43986570119575 0.05
  1 1 17 1 9.37726200242754 0.05
  1 1 18 1 8.41945946374687 0.05
  1 1 19 1 8.60926901792828 0.05
  1 1 20 1 8.94768779455106 0.05
  1 1 21 1 8.51322986719131 0.05
  1 1 22 1 8.61835013601603 0.05
  1 1 23 1 8.90921899046168 0.05
  1 1 24 1 8.8913807794513 0.05
  1 1 25 1 8.77840387956505 0.05
  1 1 26 1 8.72015518639087 0.05
  1 1 27 1 8.17757994046407 0.05
  1 1 28 1 7.54219913693046 0.05
  1 1 29 1 8.28993748735918 0.05
  1 1 30 1 8.26528940634737 0.05
  1 1 31 1 8.12350902233268 0.05
  1 1 32 1 8.2980023325869 0.05
  1 1 33 1 7.80249529561572 0.05
  1 1 34 1 7.80841999163033 0.05
  1 1 35 1 7.3504774593854 0.05
  1 1 36 1 6.53660632288285 0.05
  1 1 37 1 7.04968556487282 0.05
  1 1 38 1 6.85245925156724 0.05
  1 1 39 1 6.95353035269145 0.05
  1 1 40 1 6.53891912496736 0.05
  1 1 41 1 6.45024906278282 0.05
  1 1 42 1 6.03087743958284 0.05
  1 1 1 4 8.72101152489032 0.05
  1 1 2 4 8.61508201922704 0.05
  1 1 3 4 8.90144292413212 0.05
  1 1 4 4 8.77121045182651 0.05
  1 1 5 4 9.1779210170714 0.05
  1 1 6 4 9.03798802567205 0.05
  1 1 7 4 8.66660173882882 0.05
  1 1 8 4 8.93250685471271 0.05
  1 1 9 4 8.76002142334256 0.05
  1 1 10 4 8.84727584337146 0.05
  1 1 11 4 9.03634485908776 0.05
  1 1 12 4 9.28692941772204 0.05
  1 1 13 4 9.64038211117756 0.05
  1 1 14 4 9.5492241378158 0.05
  1 1 15 4 9.31200977702396 0.05
  1 1 16 4 9.05618991525828 0.05
  1 1 17 4 9.48765374269719 0.05
  1 1 18 4 9.04584641936034 0.05
  1 1 19 4 9.20235254673044 0.05
  1 1 20 4 9.3379674530709 0.05
  1 1 21 4 8.65737133523715 0.05
  1 1 22 4 8.81380487063779 0.05
  1 1 23 4 8.99313575645173 0.05
  1 1 24 4 9.04069323136809 0.05
  1 1 25 4 8.92487374209425 0.05
  1 1 26 4 8.89659057890996 0.05
  1 1 27 4 8.33304975667088 0.05
  1 1 28 4 7.71063506676116 0.05
  1 1 29 4 8.3861398386107 0.05
  1 1 30 4 8.23961209173975 0.05
  1 1 31 4 8.08960900999006 0.05
  1 1 32 4 8.35995303458395 0.05
  1 1 33 4 8.01760878126001 0.05
  1 1 34 4 8.24355250252946 0.05
  1 1 35 4 8.34415493388236 0.05
  1 1 36 4 8.08257033938002 0.05
  1 1 37 4 8.61020707831442 0.05
  1 1 38 4 8.53864168764337 0.05
  1 1 39 4 8.66650923033445 0.05
  1 1 40 4 8.43022851440336 0.05
  1 1 41 4 8.30380127817206 0.05
  1 1 42 4 7.83977642225554 0.05
  2 1 1 2 7.36424364874814 0.05
  2 1 2 2 6.67044662131194 0.05
  2 1 3 2 7.01590099309042 0.05
  2 1 4 2 6.60320216667212 0.05
  2 1 5 2 7.45245670283623 0.05
  2 1 6 2 7.16948568776002 0.05
  2 1 7 2 6.57234536769157 0.05
  2 1 8 2 6.78053138447924 0.05
  2 1 9 2 6.7343955449243 0.05
  2 1 10 2 6.70890633371363 0.05
  2 1 11 2 7.21907561688747 0.05
  2 1 12 2 6.72192410563753 0.05
  2 1 13 2 8.21272021375671 0.05
  2 1 14 2 7.50075402787828 0.05
  2 1 15 2 7.09037598404187 0.05
  2 1 16 2 7.5533698123097 0.05
  2 1 17 2 8.48276696659197 0.05
  2 1 18 2 3.65714216523666 0.05
  2 1 19 2 8.13669112829245 0.05
  2 1 20 2 8.89900657836342 0.05
  2 1 21 2 9.39218999345408 0.05
  2 1 22 2 10.2428238684572 0.05
  2 1 23 2 9.445709303677 0.05
  2 1 24 2 9.29788995640996 0.05
  2 1 25 2 9.47749225190248 0.05
  2 1 26 2 10.0761168327035 0.05
  2 1 27 2 9.96085604991762 0.05
  2 1 28 2 9.00041355713989 0.05
  2 1 29 2 9.53599847788965 0.05
  2 1 30 2 9.48541124626466 0.05
  2 1 31 2 9.44645783534239 0.05
  2 1 32 2 9.8692592003376 0.05
  2 1 33 2 9.07617671148785 0.05
  2 1 34 2 9.46199046138369 0.05
  2 1 35 2 9.50651278819284 0.05
  2 1 36 2 10.5755800529898 0.05
  2 1 37 2 10.3412140212823 0.05
  2 1 38 2 9.68879378960934 0.05
  2 1 39 2 9.34016268900696 0.05
  2 1 40 2 9.17183180078962 0.05
  2 1 41 2 8.7030954903736 0.05
  2 1 42 2 7.14202233435458 0.05
  2 1 1 3 5.98983814752103 0.05
  2 1 2 3 5.63180925906824 0.05
  2 1 3 3 6.0612529787033 0.05
  2 1 4 3 6.16641409482889 0.05
  2 1 5 3 7.78726645914373 0.05
  2 1 6 3 7.99223878490026 0.05
  2 1 7 3 7.98329149151041 0.05
  2 1 8 3 7.95722836630504 0.05
  2 1 9 3 8.07620860105711 0.05
  2 1 10 3 7.79746516435072 0.05
  2 1 11 3 7.93976090725986 0.05
  2 1 12 3 6.50883366059275 0.05
  2 1 13 3 7.87068544133833 0.05
  2 1 14 3 7.27578429344789 0.05
  2 1 15 3 6.9511871894897 0.05
  2 1 16 3 7.46565400538905 0.05
  2 1 17 3 9.96702429658874 0.05
  2 1 18 3 6.77327181943613 0.05
  2 1 19 3 6.84791487340127 0.05
  2 1 20 3 6.38279049474538 0.05
  2 1 21 3 6.57312366527313 0.05
  2 1 22 3 7.25639872661944 0.05
  2 1 23 3 6.60744452968712 0.05
  2 1 24 3 6.28622652066496 0.05
  2 1 25 3 6.70408922966467 0.05
  2 1 26 3 7.28270614703713 0.05
  2 1 27 3 7.56253063171692 0.05
  2 1 28 3 6.72588702669576 0.05
  2 1 29 3 7.3264319946349 0.05
  2 1 30 3 7.35797674350095 0.05
  2 1 31 3 6.944074576195 0.05
  2 1 32 3 6.4503207820161 0.05
  2 1 33 3 5.29332911195057 0.05
  2 1 34 3 5.31393411540043 0.05
  2 1 35 3 5.43277754672201 0.05
  2 1 36 3 7.2930103928146 0.05
  2 1 37 3 7.35977932689476 0.05
  2 1 38 3 7.13568450183969 0.05
  2 1 39 3 6.92281828632999 0.05
  2 1 40 3 7.08023348472829 0.05
  2 1 41 3 9.72113149156628 0.05
  2 1 42 3 9.73475775511072 0.05
# end catch observations 
#  
# Fishery size comp data 
# Number of observations, init_int Ncatch_size_obs 
  168
# init_matrix obs_catch_size(1,Ncatch_size_obs,1,ncol) 
# Fleet Area  Year  Species Type (0=whole, 1=retained, 2=discard) InpN, proportion by size bin 
  1 1 1 1 0 81 0 0.172839506172839 0.740740740740741 0.037037037037037 0.0493827160493827
  1 1 2 1 0 73 0 0.0958904109589041 0.780821917808219 0.10958904109589 0.0136986301369863
  1 1 3 1 0 65 0 0.0615384615384615 0.676923076923077 0.230769230769231 0.0307692307692308
  1 1 4 1 0 56 0 0.160714285714286 0.589285714285714 0.232142857142857 0.0178571428571429
  1 1 5 1 0 120 0 0.275 0.483333333333333 0.241666666666667 0
  1 1 6 1 0 130 0 0.176923076923077 0.6 0.215384615384615 0.00769230769230769
  1 1 7 1 0 94 0 0.191489361702128 0.606382978723404 0.202127659574468 0
  1 1 8 1 0 94 0 0.138297872340426 0.638297872340426 0.212765957446809 0.0106382978723404
  1 1 9 1 0 82 0 0.25609756097561 0.573170731707317 0.170731707317073 0
  1 1 10 1 0 76 0 0.263157894736842 0.539473684210526 0.197368421052632 0
  1 1 11 1 0 74 0 0.472972972972973 0.432432432432432 0.0945945945945946 0
  1 1 12 1 0 65 0 0.276923076923077 0.6 0.123076923076923 0
  1 1 13 1 0 77 0 0.402597402597403 0.532467532467532 0.0649350649350649 0
  1 1 14 1 0 88 0 0.340909090909091 0.625 0.0340909090909091 0
  1 1 15 1 0 66 0 0.272727272727273 0.696969696969697 0.0303030303030303 0
  1 1 16 1 0 69 0 0.246376811594203 0.63768115942029 0.115942028985507 0
  1 1 17 1 0 43 0 0.209302325581395 0.651162790697674 0.13953488372093 0
  1 1 18 1 0 34 0 0.323529411764706 0.529411764705882 0.147058823529412 0
  1 1 19 1 0 55 0 0.527272727272727 0.381818181818182 0.0909090909090909 0
  1 1 20 1 0 64 0 0.4375 0.53125 0.03125 0
  1 1 21 1 0 77 0 0.220779220779221 0.74025974025974 0.038961038961039 0
  1 1 22 1 0 67 0 0.283582089552239 0.626865671641791 0.0895522388059701 0
  1 1 23 1 0 133 0 0.345864661654135 0.541353383458647 0.112781954887218 0
  1 1 24 1 0 98 0 0.377551020408163 0.530612244897959 0.0918367346938776 0
  1 1 25 1 0 91 0 0.340659340659341 0.56043956043956 0.0989010989010989 0
  1 1 26 1 0 77 0 0.246753246753247 0.675324675324675 0.0779220779220779 0
  1 1 27 1 0 102 0 0.147058823529412 0.686274509803922 0.166666666666667 0
  1 1 28 1 0 76 0 0.131578947368421 0.723684210526316 0.144736842105263 0
  1 1 29 1 0 110 0 0.354545454545455 0.481818181818182 0.163636363636364 0
  1 1 30 1 0 100 0 0.38 0.49 0.13 0
  1 1 31 1 0 108 0 0.185185185185185 0.712962962962963 0.101851851851852 0
  1 1 32 1 0 118 0 0.245762711864407 0.593220338983051 0.161016949152542 0
  1 1 33 1 0 129 0 0.178294573643411 0.697674418604651 0.124031007751938 0
  1 1 34 1 0 90 0 0.2 0.655555555555556 0.144444444444444 0
  1 1 35 1 0 69 0 0.130434782608696 0.623188405797101 0.246376811594203 0
  1 1 36 1 0 80 0 0.375 0.55 0.075 0
  1 1 37 1 0 62 0 0.467741935483871 0.451612903225806 0.0806451612903226 0
  1 1 38 1 0 94 0 0.329787234042553 0.606382978723404 0.0638297872340425 0
  1 1 39 1 0 75 0 0.346666666666667 0.613333333333333 0.04 0
  1 1 40 1 0 75 0 0.16 0.746666666666667 0.0933333333333333 0
  1 1 41 1 0 35 0 0.171428571428571 0.714285714285714 0.114285714285714 0
  1 1 42 1 0 22 0.0909090909090909 0.0909090909090909 0.681818181818182 0.136363636363636 0
  1 1 1 4 0 5 0 0.4 0 0 0
  1 1 2 4 0 5 0 0 0.4 0.6 0
  1 1 3 4 0 5 0 0 0 0.2 0.2
  1 1 4 4 0 5 0 0 0.2 0.8 0
  1 1 5 4 0 5 0 0 0 1 0
  1 1 6 4 0 5 0 0 0 1 0
  1 1 7 4 0 5 0 0 0.4 0.6 0
  1 1 8 4 0 5 0 0 0 0.2 0
  1 1 9 4 0 5 0 0 0 0.8 0.2
  1 1 10 4 0 5 0 0 0 1 0
  1 1 11 4 0 1 0 0 2 0 0
  1 1 12 4 0 5 0 0 0 1 0
  1 1 13 4 0 1 0 0 1 4 0
  1 1 14 4 0 2 0 0 0 2.5 0
  1 1 15 4 0 8 0 0 0 0.625 0
  1 1 16 4 0 3 0 0 0 1.66666666666667 0
  1 1 17 4 0 3 0 0 0 1.66666666666667 0
  1 1 18 4 0 1 0 1 2 2 0
  1 1 19 4 0 3 0 0 1.66666666666667 0 0
  1 1 20 4 0 3 0 0 4.33333333333333 5.66666666666667 0
  1 1 21 4 0 3 0 0 3 12.3333333333333 0
  1 1 22 4 0 2 0 0 1 4 0
  1 1 23 4 0 6 0 0 0.166666666666667 3 0
  1 1 24 4 0 1 0 0 8 53 0
  1 1 25 4 0 1 0 0 4 25 0
  1 1 26 4 0 2 0 0 1 15 0
  1 1 27 4 0 2 0 0 1 7 0
  1 1 28 4 0 4 0 0 0.5 7.25 0
  1 1 29 4 0 7 0 0 0.571428571428571 5.71428571428571 0
  1 1 30 4 0 6 0 0 0.833333333333333 4 0
  1 1 31 4 0 10 0 0 1.2 1.3 0
  1 1 32 4 0 7 0 0 1.85714285714286 1.28571428571429 0
  1 1 33 4 0 15 0 0 1.06666666666667 1.26666666666667 0
  1 1 34 4 0 19 0 0 0.421052631578947 1.05263157894737 0
  1 1 35 4 0 13 0 0 0.615384615384615 2.84615384615385 0
  1 1 36 4 0 23 0 0 0.565217391304348 1.65217391304348 0
  1 1 37 4 0 7 0 0 0.857142857142857 5 0
  1 1 38 4 0 7 0 0 1.57142857142857 3.57142857142857 0
  1 1 39 4 0 19 0 0 0.157894736842105 0.894736842105263 0
  1 1 40 4 0 25 0 0 0.04 0.52 0
  1 1 41 4 0 31 0 0 0.0645161290322581 0.483870967741935 0
  1 1 42 4 0 31 0 0 0.0645161290322581 0.709677419354839 0
  2 1 1 2 0 2 0 0 0 0.5 0
  2 1 2 2 0 5 0 0 0.2 0.8 0
  2 1 3 2 0 2 0 0 0.5 2 0
  2 1 4 2 0 5 0 0.2 0 0 0
  2 1 5 2 0 5 0 0.2 0.6 0.4 0
  2 1 6 2 0 5 0 0 0.8 0 0
  2 1 7 2 0 5 0 0 1 0 0
  2 1 8 2 0 1 0 0 1 0 0
  2 1 9 2 0 5 0 0 0 0.2 0
  2 1 10 2 0 5 0 0 0.2 0 0
  2 1 11 2 0 2 0 0 0 1 0
  2 1 12 2 0 5 0 0 0.8 0.2 0
  2 1 13 2 0 5 0 0 0.2 0.6 0
  2 1 14 2 0 5 0 0 0.6 1 0
  2 1 15 2 0 5 0 0 0.8 1.4 0
  2 1 16 2 0 5 0 0.2 0.4 0.4 0
  2 1 17 2 0 5 0 0 0.6 0.4 0
  2 1 18 2 0 5 0 0 0.2 0 0
  2 1 19 2 0 5 0 0 0.2 0 0
  2 1 20 2 0 30 0 0 0.1 0.0333333333333333 0
  2 1 21 2 0 46 0 0 0.0652173913043478 0 0
  2 1 22 2 0 10 0 0 0 0.4 0
  2 1 23 2 0 19 0 0 0 0.157894736842105 0
  2 1 24 2 0 61 0 0 0.0163934426229508 0.0327868852459016 0
  2 1 25 2 0 29 0 0 0 0.0689655172413793 0
  2 1 26 2 0 32 0 0 0.0625 0.0625 0
  2 1 27 2 0 16 0 0 0.3125 0 0
  2 1 28 2 0 31 0 0 0.0645161290322581 0.0645161290322581 0
  2 1 29 2 0 44 0 0 0.0227272727272727 0.0681818181818182 0
  2 1 30 2 0 29 0 0 0.448275862068966 0.379310344827586 0
  2 1 31 2 0 25 0 0 0.2 0.2 0
  2 1 32 2 0 22 0 0 0.272727272727273 0.272727272727273 0
  2 1 33 2 0 35 0 0 0.0285714285714286 0.0857142857142857 0
  2 1 34 2 0 28 0 0 0.107142857142857 0.107142857142857 0
  2 1 35 2 0 45 0 0 0.0444444444444444 0 0
  2 1 36 2 0 51 0 0 0.156862745098039 0.0392156862745098 0
  2 1 37 2 0 41 0 0 0.170731707317073 0.0487804878048781 0
  2 1 38 2 0 36 0 0 0.25 0.111111111111111 0
  2 1 39 2 0 20 0 0 0.7 0.1 0
  2 1 40 2 0 14 0 0.0714285714285714 1.5 0.357142857142857 0
  2 1 41 2 0 17 0 0 0.647058823529412 0.235294117647059 0
  2 1 42 2 0 24 0 0 0.458333333333333 0.208333333333333 0
  2 1 1 3 0 1 0 0 5 0 0
  2 1 2 3 0 5 0 0 0.8 0.2 0
  2 1 3 3 0 5 0 0.2 0.6 0.2 0
  2 1 4 3 0 1 0 0 3 2 0
  2 1 5 3 0 6 0 0 0.666666666666667 0.166666666666667 0
  2 1 6 3 0 4 0 0.25 1 0 0
  2 1 7 3 0 5 0 0 0.8 0.2 0
  2 1 8 3 0 1 0 1 2 2 0
  2 1 9 3 0 1 0 2 2 1 0
  2 1 10 3 0 1 0 0 2 3 0
  2 1 11 3 0 2 0 0.5 0 0 0
  2 1 12 3 0 5 0 0 1 0 0
  2 1 13 3 0 4 0 0.25 0 0 0
  2 1 14 3 0 8 0 0 0.125 0.125 0
  2 1 15 3 0 11 0 0 0.454545454545455 0.272727272727273 0
  2 1 16 3 0 5 0 0.6 0 0 0
  2 1 17 3 0 5 0 0.4 0.2 0 0
  2 1 18 3 0 1 0 1 0 0 0
  2 1 19 3 0 1 0 1 1 1 0
  2 1 20 3 0 4 0 0.25 0.5 0 0
  2 1 21 3 0 3 0 0.333333333333333 0.666666666666667 0 0
  2 1 22 3 0 4 0 0.25 0.25 0 0
  2 1 23 3 0 3 0 0.666666666666667 1.33333333333333 0 0
  2 1 24 3 0 3 0 0 0.333333333333333 0 0
  2 1 25 3 0 2 0 0 0.5 0 0
  2 1 26 3 0 4 0 0 0 0.5 0
  2 1 27 3 0 5 0 0 0.4 0 0
  2 1 28 3 0 4 0 0 0.5 0.5 0
  2 1 29 3 0 4 0 0 1 0.75 0
  2 1 30 3 0 24 0 0.0416666666666667 0.125 0.0833333333333333 0
  2 1 31 3 0 10 0 0 0.8 0.2 0
  2 1 32 3 0 12 0 0.0833333333333333 0.333333333333333 0.166666666666667 0
  2 1 33 3 0 4 0 0.5 2.75 0.5 0
  2 1 34 3 0 6 0 0.5 1.83333333333333 0.833333333333333 0
  2 1 35 3 0 2 0 1.5 4 1 0
  2 1 36 3 0 10 0 0.8 1 0.5 0
  2 1 37 3 0 9 0 0.222222222222222 0.555555555555556 0 0
  2 1 38 3 0 13 0 0 0.461538461538462 0.0769230769230769 0
  2 1 39 3 0 16 0 0.375 0.75 0.0625 0
  2 1 40 3 0 27 0 0.333333333333333 0.444444444444444 0.148148148148148 0
  2 1 41 3 0 15 0 0.466666666666667 1.33333333333333 0.266666666666667 0
  2 1 42 3 0 16 0 0.25 1.375 0.3125 0
# end fishery length observations 
#  
# Survey diet proportion observations 
# Number of observations, init_int Ndietprop_obs 
  115
# init_matrix obs_dietprop(1,Ndietprop_obs,1,ncol) 
# Survey  Year  Predator  Predator_size InpN  wt_prey_1 wt_prey_2 wt_prey_3 wt_prey_4 wt_prey_5 wt_prey_6 wt_prey_7 wt_prey_8 wt_prey_9 wt_prey_10 wt_prey_11 other 
  1 12 1 2 100 0 0 0 0 1
  1 12 1 3 100 0.63 0 0 0 0.37
  1 13 1 3 100 0 0 0 0 1
  1 13 1 4 100 0 1 0 0 0
  1 15 1 2 100 0 0 0 0 1
  1 18 1 1 100 0.07 0 0 0 0.93
  1 18 1 2 100 0 0 0 0 1
  1 18 1 3 100 0 0 0 0 1
  1 19 1 2 100 0 0 0 0 1
  1 19 1 3 100 0 0.58 0 0 0.42
  1 20 1 3 100 0 0 0 0 1
  1 21 1 2 100 0 0 0 0 1
  1 21 1 3 100 0 0.18 0 0 0.82
  1 24 1 3 100 0 0.78 0 0 0.22
  1 25 1 3 100 0 0 0 0 1
  1 26 1 3 100 0 0 0.31 0 0.69
  1 27 1 3 100 0 0.22 0.15 0 0.63
  1 28 1 3 100 0 0.8 0 0 0.2
  1 33 1 3 100 0 0 0 0 1
  1 34 1 3 100 0 0.05 0 0 0.95
  1 35 1 3 100 0 0.4 0 0 0.6
  1 38 1 3 100 0 0.39 0 0 0.61
  1 39 1 3 100 0 0 0 0 1
  1 40 1 2 100 0 0.54 0 0 0.46
  1 41 1 2 100 0 0 0.45 0 0.55
  2 2 1 4 100 0 0 0 0 1
  2 11 1 3 100 0 0.76 0 0 0.24
  2 14 1 3 100 0 0 0 0 1
  2 14 1 4 100 0 0 0 0 1
  2 15 1 3 100 0 0 0.62 0 0.38
  2 16 1 3 100 0 0 1 0 0
  2 16 1 4 100 0 0 0 0 1
  2 19 1 3 100 1 0 0 0 0
  2 19 1 4 100 0 0.19 0 0 0.81
  2 21 1 3 100 0 0 0 0 1
  2 21 1 4 100 0 0 0 0 1
  2 22 1 3 100 0 0.46 0 0 0.54
  2 23 1 3 100 0 0 0 0 1
  2 24 1 3 100 0 0.7 0 0 0.3
  2 24 1 4 100 0 0.82 0 0 0.18
  2 25 1 2 100 0 0.03 0 0 0.97
  2 25 1 3 100 0 0.67 0 0 0.33
  2 26 1 3 100 0 0 0.08 0 0.92
  2 27 1 3 100 0 0.44 0 0 0.56
  2 27 1 4 100 0 0 0.06 0 0.94
  2 29 1 3 100 0 0.03 0 0 0.97
  2 33 1 3 100 0 1 0 0 0
  2 35 1 1 100 0 0.05 0 0 0.95
  2 35 1 2 100 0 0 0 0 1
  2 35 1 3 100 0 0.29 0 0 0.71
  2 36 1 3 100 0 0 0 0 1
  2 39 1 3 100 0 0 0 0 1
  2 40 1 2 100 0 0 0 0 1
  2 36 2 3 100 0 0 0 0 1
  2 30 3 2 100 0 1 0 0 0
  2 30 3 4 100 0 0.11 0 0 0.89
  1 8 4 2 100 0 0 0 0 1
  1 8 4 3 100 0 1 0 0 0
  1 11 4 3 100 0 0 0.1 0 0.9
  1 13 4 2 100 0 0 0 0 1
  1 13 4 3 100 0 0 0 0 1
  1 13 4 4 100 0 0 0 0 1
  1 14 4 3 100 0 1 0 0 0
  1 15 4 3 100 0 0 0 0 1
  1 15 4 4 100 0 0 0 0 1
  1 16 4 3 100 0 0 0 0 1
  1 16 4 4 100 0 0 0 0 1
  1 17 4 3 100 0 0.22 0 0 0.78
  1 18 4 3 100 0 0 0.5 0 0.5
  1 19 4 2 100 0 0 0 0 1
  1 19 4 3 100 0 0.44 0 0 0.56
  1 20 4 2 100 0 0.87 0 0 0.13
  1 20 4 3 100 0 0.57 0 0 0.43
  1 21 4 3 100 0 1 0 0 0
  1 22 4 2 100 0 0 0 0 1
  1 23 4 3 100 0 0 0 0 1
  1 24 4 3 100 0 0 0 0 1
  1 25 4 3 100 0 0 0 0 1
  1 25 4 4 100 0 0 0 0 1
  1 26 4 3 100 0 0 0 0 1
  1 27 4 2 100 0 0.77 0 0 0.23
  1 27 4 3 100 0 0 0 0 1
  1 28 4 2 100 0 0.25 0 0 0.75
  1 28 4 3 100 0 0 0 0 1
  1 29 4 3 100 0 0 0 0 1
  1 31 4 3 100 0 1 0 0 0
  1 31 4 4 100 0 0 0 0 1
  1 34 4 3 100 0 0.58 0 0 0.42
  1 40 4 3 100 0 0.01 0 0 0.99
  1 40 4 4 100 0 0 0.34 0 0.66
  1 42 4 3 100 0 0.43 0 0 0.57
  2 6 4 3 100 0 0 0 0 1
  2 8 4 3 100 0 0 0.49 0 0.51
  2 9 4 4 100 0 0 0 0.08 0.92
  2 14 4 4 100 0 0 0 0 1
  2 15 4 3 100 0 0 0 0 1
  2 16 4 3 100 0 0 0 0 1
  2 17 4 2 100 0 0 0 0 1
  2 18 4 3 100 0 0 0 0 1
  2 19 4 3 100 0 0 0 0 1
  2 21 4 3 100 0 0.27 0 0 0.73
  2 22 4 3 100 0 0.39 0 0 0.61
  2 23 4 3 100 0 0 0 0 1
  2 24 4 3 100 0 0.79 0 0 0.21
  2 25 4 3 100 0 0.49 0 0 0.51
  2 25 4 4 100 0 0 1 0 0
  2 27 4 3 100 0 0 0 0 1
  2 30 4 3 100 0 0.53 0 0 0.47
  2 33 4 3 100 0 0 0 0 1
  2 34 4 3 100 0 1 0 0 0
  2 35 4 3 100 0 0.59 0 0 0.41
  2 36 4 2 100 0 0.03 0 0 0.97
  2 36 4 3 100 0 0.32 0 0 0.68
  2 37 4 3 100 0 0.19 0 0 0.81
  2 42 4 3 100 0 0 0.88 0 0.12
# end survey diet proportion observations 
#  
