# This file was created using the write_tsDatFile function and used all the simulated data from sim_dta.rds found in repo:Hydra-self-testing
# Survey index data 
# Number of observations, init_int Nsurvey_obs
  329
# init_matrix obs_survey_biomass(1,Nsurvey_obs,1,5)
# survey year spp value cv
  1 1 4 12.8007192745348 0.212720515437525
  2 1 4 10.4651178545255 0.25363203301826
  1 2 4 12.5977703379476 0.222168779300385
  2 2 4 10.2764760357235 0.187773345626693
  1 3 4 12.3911412494034 0.394113240257454
  2 3 4 9.42123379713852 0.423618201694685
  1 4 4 12.6263368497153 0.310035034727007
  2 4 4 10.3126994640837 0.327069686277164
  1 5 4 12.4693324991058 0.378629084128514
  2 5 4 9.96093868010488 0.391316523019912
  1 6 4 12.0725184786631 0.494427832556011
  2 6 4 10.2969800566532 0.376280830351703
  1 7 4 12.406665702503 0.759062286891916
  2 7 4 9.59808170304744 0.665352569827422
  1 8 4 11.6172312036594 0.383150869515862
  2 8 4 9.48207577428799 0.433685089735353
  1 9 4 12.9999533501701 0.48934963094834
  2 9 4 9.64996277823755 0.392371299771634
  1 10 4 12.8487976526357 0.382452035825211
  2 10 4 9.67414943158445 0.333798529002863
  1 11 4 11.8402787291218 0.566792532611316
  2 11 4 9.97453227958433 0.868042030585988
  1 12 4 12.8503278469252 0.381518572031255
  2 12 4 10.0443093186619 0.445144789260538
  1 13 4 11.4760121042037 0.438380584739347
  2 13 4 9.68946672064934 0.947226139495183
  1 14 4 12.1676754050157 0.482345652338289
  2 14 4 10.2751474271847 0.377075764230608
  1 15 4 12.2009635453072 0.420835086749712
  2 15 4 8.71229457344566 0.614716212748607
  1 16 4 12.6958062586048 0.515165860253858
  2 16 4 9.42104761461719 0.704031323768783
  1 17 4 12.6511393585784 0.559532625975744
  2 17 4 10.1564891548599 0.319774204956139
  1 18 4 12.1760179249841 0.479008946214672
  2 18 4 10.0284278452549 0.41351869139049
  1 19 4 11.6454196043369 0.429419179801904
  2 19 4 10.1226280285612 0.387615780132326
  1 20 4 12.300411471413 0.477074256852948
  2 20 4 9.59320741595721 0.315868813200741
  1 21 4 11.6691934386541 0.410621521476155
  2 21 4 9.30281230805788 0.630050999524052
  1 22 4 11.5688194012638 0.294672690077384
  2 22 4 9.37270470497631 0.335469505128288
  1 23 4 11.4071607588873 0.477447511398437
  2 23 4 9.39238455122615 0.407625761955908
  1 24 4 12.3783628598398 0.384568504019134
  2 24 4 9.14766988834726 0.43049173366256
  1 25 4 12.1610436767518 0.333261603198005
  2 25 4 8.66661594435705 0.843960441627036
  1 26 4 11.3600889398159 0.685474246042822
  2 26 4 9.7545671390167 0.429620783824035
  1 27 4 11.7116649640752 0.286882992344226
  2 27 4 9.59546786414177 0.81343687860715
  1 28 4 11.9173472622534 0.371822434434906
  2 28 4 9.16080755987272 0.53327636373572
  1 29 4 12.0924014288177 0.592639130460935
  2 29 4 8.46314812488998 0.590339711107796
  1 30 4 11.4865372278496 0.374062101432949
  2 30 4 8.32859315850158 0.701775131617819
  1 31 4 11.3348301506548 0.304499664309564
  2 31 4 8.79709088505966 0.210828956182955
  1 32 4 10.9464832381942 0.233962995093855
  2 32 4 8.9624971609957 0.329779252894958
  1 33 4 11.0462474877845 0.270006842918168
  2 33 4 8.64091814645554 0.460124990024536
  1 34 4 11.3393983162052 0.350007507053818
  2 34 4 9.6503803637252 0.837656243552001
  1 35 4 11.9004476262167 0.34274593698132
  2 35 4 8.77829580801205 0.291986952078346
  1 36 4 11.6102368565613 0.261906583866089
  2 36 4 9.30903502445963 0.425399553458769
  1 37 4 12.4995932299985 0.417429035160016
  2 37 4 9.21143547417111 0.287702894520317
  1 38 4 11.7151882069949 0.441211421515246
  2 38 4 9.63131441811524 0.866971810340233
  1 39 4 11.759805797924 0.495234601454268
  2 39 4 9.24719589677032 0.556663444153977
  1 40 4 11.3911632077105 0.237858203733512
  2 40 4 9.06991607669395 0.295404104464232
  1 41 4 12.1705260718946 0.327346172729995
  2 41 4 10.2182344257551 0.994030515469621
  1 42 4 11.2833606585797 0.368315456462939
  2 42 4 8.92832105767878 0.461505384764764
  1 1 2 4.227009202977 0.601375663623589
  2 1 2 4.74947757592501 0.565196579518992
  2 2 2 5.48392432422517 0.686052062200317
  2 3 2 4.36871027742794 0.378997614818957
  1 4 2 4.00574984694065 1
  2 4 2 4.05711254060111 0.459316778181236
  1 5 2 2.97270434171681 0.611089023955187
  2 5 2 3.82804339567297 0.780615956536472
  1 6 2 4.3757419087664 0.702037850017464
  2 6 2 3.74633560396433 0.461790555986525
  1 7 2 3.77386745740221 0.948289691951521
  2 7 2 3.61173966286143 0.685175011742778
  1 8 2 3.37369530983142 0.544380631361087
  2 8 2 2.62610337252743 0.424096495665332
  1 9 2 3.15834689088562 0.5393131982084
  2 9 2 3.82514909059948 0.454629127333952
  1 10 2 4.21351404415471 0.88095039530815
  2 10 2 4.09858909545345 0.419344308350161
  1 11 2 3.58276248336543 0.799987970388403
  2 11 2 4.94118247165943 0.839124360078806
  1 12 2 4.47921283553855 0.774991903603438
  2 12 2 5.08500585674746 0.424721667998453
  1 13 2 4.53748308914577 0.863215133786584
  2 13 2 4.30887078894141 0.387073469025502
  1 14 2 5.57950202625354 0.704083892007286
  2 14 2 4.33898165995949 0.312793018147624
  1 15 2 4.28006092454792 0.457459057188701
  2 15 2 3.28729164711571 0.459652287866146
  1 16 2 3.51336781547171 0.853197309912465
  2 16 2 3.1457653936145 0.628928805514438
  1 17 2 1.98444832847877 0.61116783920211
  2 17 2 4.01214496649032 0.3895964128798
  1 18 2 6.39453406705852 0.416775375911518
  2 18 2 7.04422447753898 0.495180348393774
  1 19 2 8.27522601830726 0.69077510766454
  2 19 2 7.34297695808136 0.347120352110889
  1 20 2 8.29539386059613 0.793751288508348
  2 20 2 8.13896064173016 0.526946514998015
  1 21 2 7.98436919703677 0.339376634127756
  2 21 2 9.00467649041047 0.609998621037514
  1 22 2 8.89166901460543 0.601950919776798
  2 22 2 8.02518568718804 0.389299707202565
  1 23 2 9.21978513734672 0.658556209578282
  2 23 2 8.37237410180236 0.288585466763824
  1 24 2 8.06653255145192 0.637453135075156
  2 24 2 8.70055964207512 0.480513100150493
  1 25 2 8.30491982265955 0.510473149998029
  2 25 2 7.931009903549 0.338488147626423
  1 26 2 6.97221165021365 0.548437091427541
  2 26 2 7.62755302673376 0.345955330423839
  1 27 2 7.59736983307264 0.492912195981742
  2 27 2 7.75018483812645 0.33164245084141
  1 28 2 7.45558460220959 0.747597319880804
  2 28 2 7.43974117592627 0.447853531697379
  1 29 2 7.54864784417042 0.451616070879294
  2 29 2 7.33964690815411 0.305275882623724
  1 30 2 8.33130971534607 0.797269558848634
  2 30 2 8.1581002254685 0.605264936420634
  1 31 2 7.99682307505155 0.666772556553203
  2 31 2 9.07575604691497 0.359836468902791
  1 32 2 9.54756436967297 0.96787270074405
  2 32 2 9.44591617172711 0.422601396160012
  1 33 2 9.08229082927628 0.404694020855087
  2 33 2 8.3749194094755 0.465820030674526
  1 34 2 9.46083933618928 0.814873375751391
  2 34 2 9.93993829443017 0.505954372112585
  1 35 2 8.7627446325306 0.533219898766676
  2 35 2 9.73565130279461 0.287403659199158
  1 36 2 10.1108912444509 0.371953858881132
  2 36 2 9.68459792662423 0.365560779244073
  1 37 2 10.9234457621395 0.791301167226987
  2 37 2 10.1894380378385 0.487536998609889
  1 38 2 9.96931457201261 0.633364993316759
  2 38 2 9.08940572426393 0.644823084547079
  1 39 2 8.53618228669675 0.827253682697507
  2 39 2 8.94503040470491 0.354235596542703
  1 40 2 9.91016582410623 0.900216415173481
  2 40 2 9.07972532263395 0.395846441583114
  1 41 2 8.17275847127553 0.957770995377006
  2 41 2 8.84404743774963 0.496084887173497
  1 42 2 9.10685007892333 0.55870584954739
  2 42 2 8.5642586442645 0.604660139936764
  1 1 1 10.1451684781606 0.241799049430762
  2 1 1 10.9249717631296 0.250018379470286
  1 2 1 10.3855673580857 0.142636213550947
  2 2 1 11.0182734516184 0.163647146277456
  1 3 1 10.2115253352586 0.225478190042395
  2 3 1 10.6570072035666 0.192013183632222
  1 4 1 10.1467140701154 0.323579734794357
  2 4 1 10.9484779214268 0.162432383538487
  1 5 1 9.74307698017387 0.320666395151501
  2 5 1 10.563329954907 0.822390366318268
  1 6 1 10.5098040619882 0.452044832991261
  2 6 1 10.4706422327428 0.192408532269243
  1 7 1 9.64072380623056 0.28209645893665
  2 7 1 10.8716666370885 0.262097825842625
  1 8 1 9.55567201780396 0.414010381101596
  2 8 1 9.9452515182208 0.189959250209439
  1 9 1 10.4575244061862 0.40638853202345
  2 9 1 10.1692571749032 0.178404315527443
  1 10 1 9.74591928179661 0.290993157294119
  2 10 1 10.1438279804865 0.156753980046499
  1 11 1 9.26864419309289 0.324615016521962
  2 11 1 10.3347377616806 0.174348711952217
  1 12 1 9.93994442110059 0.294780938380682
  2 12 1 10.2520845673938 0.195232854572048
  1 13 1 9.43804662856967 0.440402569626277
  2 13 1 10.1450159146624 0.185762358850192
  1 14 1 9.62913500891492 0.372421878022742
  2 14 1 9.86223145563708 0.151581173531864
  1 15 1 8.63007627444704 0.341871348717721
  2 15 1 9.44527983833108 0.233364310094868
  1 16 1 9.19062486409745 0.416897355424411
  2 16 1 8.71733159106786 0.283802183917676
  1 17 1 8.11204161130994 0.500820840736393
  2 17 1 8.32991377297471 0.495024013362717
  1 18 1 7.79322701227199 0.389853340834037
  2 18 1 8.80197164324468 0.390988792530431
  1 19 1 8.60794053588402 0.293941849282161
  2 19 1 8.89579647478467 0.322403741112933
  1 20 1 8.44903193383547 0.525509720403112
  2 20 1 8.84125176654791 0.218361153170241
  1 21 1 7.95473802487347 0.266433769579894
  2 21 1 9.48579009785884 0.421115605185845
  1 22 1 8.88240659744918 0.374831371194202
  2 22 1 9.01941979284251 0.227391091044855
  1 23 1 8.63394768051883 0.352011231642473
  2 23 1 9.02214746254512 0.384269029090844
  1 24 1 8.64995283630049 0.34725908523047
  2 24 1 9.06718607983094 0.331291933735556
  1 25 1 9.58781250005459 0.578696888706846
  2 25 1 8.63305921072419 0.247394190789157
  1 26 1 7.49416490859559 0.459728456052307
  2 26 1 8.7941834315613 0.394189312610479
  1 27 1 7.26414838932285 0.539982548576019
  2 27 1 8.60434787022531 0.72948972943007
  1 28 1 8.12823234066352 0.364309332200766
  2 28 1 8.64938393068753 0.278656828353639
  1 29 1 7.88886886407809 0.562793580097325
  2 29 1 8.67352621747236 0.316141323613091
  1 30 1 7.58799349110481 0.420348818797864
  2 30 1 8.21622304837577 0.30511736182771
  1 31 1 8.31229215176951 0.403753427903273
  2 31 1 8.52725427172121 0.278331587636247
  1 32 1 7.179218389626 0.491331418922754
  2 32 1 7.83409376169071 0.329726795744574
  1 33 1 7.91971168558905 0.537081122476055
  2 33 1 7.32596366894817 0.33086845072982
  1 34 1 6.20051188293024 0.379030815152119
  2 34 1 7.25244851617467 0.278881417082292
  1 35 1 6.16208089550899 0.519511456600017
  2 35 1 6.84609953855672 0.27351876283918
  1 36 1 7.25771410659817 0.556056214854877
  2 36 1 7.38260497394952 0.714061811185508
  1 37 1 5.69040237307543 0.588197671943964
  2 37 1 7.33693990393449 0.340315242626747
  1 38 1 6.20316507430716 0.324588369174256
  2 38 1 6.64739633169443 0.300199803594678
  1 39 1 6.69650266221194 0.501841796783066
  2 39 1 7.10709862731591 0.438397059851219
  1 40 1 5.91359784075964 0.403101009292275
  2 40 1 6.63757791082046 0.410378233550251
  1 41 1 6.01729771964829 0.478602624152216
  2 41 1 7.18707163133943 0.362128776577143
  1 42 1 8.16099190312615 0.646634922078809
  2 42 1 8.18475869962256 0.816170985475773
  1 1 3 4.188577413646 0.499484636786782
  1 2 3 4.38312567026943 0.358153914340203
  2 2 3 6.30086059981658 0.577110518633802
  1 3 3 4.89741241007484 0.678339172154909
  2 3 3 4.59624550285173 0.738121970739642
  1 4 3 4.87408456129854 1
  2 4 3 6.45962073459204 0.52056341701904
  1 5 3 4.55383658795126 0.693225535250834
  2 5 3 5.73089491517792 1
  1 6 3 5.88982900212822 1
  2 6 3 6.09826741333995 0.48452157876779
  1 7 3 5.76556722943321 0.912293822979085
  1 8 3 5.59861044277831 0.655734850091527
  2 8 3 5.47873260914778 0.750382084373246
  1 9 3 5.06915891944101 0.670809892238012
  2 9 3 5.82117301700414 0.47273108889926
  1 10 3 4.7326338040975 0.631102684426709
  2 10 3 6.72625811204265 0.919260399745188
  1 11 3 5.42906712833564 0.496475444687371
  1 12 3 5.03375955531304 0.740682868109632
  2 12 3 5.71285315408326 1
  1 13 3 4.73505464089403 0.360862225436052
  1 14 3 3.74974736958649 0.547901331396328
  2 14 3 5.80713247593325 0.478873954421528
  1 15 3 5.55006896409956 0.429608216382601
  2 15 3 6.21782140260467 0.654713783069401
  1 16 3 5.70915371709224 0.69118921143411
  2 16 3 4.68024228403331 0.8614889831113
  1 17 3 5.19185667153261 0.426971754606328
  2 17 3 6.29363177638001 0.572182042928152
  1 18 3 6.01070005025848 0.505524319387353
  2 18 3 6.79193151637532 0.488492827246527
  1 19 3 5.03046773966736 0.644591984223249
  2 19 3 6.05126136803869 0.51925665989311
  1 20 3 6.14061423520722 0.899065435378594
  2 20 3 6.57459021383916 0.59569628754064
  1 21 3 5.23917222410089 0.543826822033971
  2 21 3 7.38543402907171 0.466111862829518
  1 22 3 6.93736856608269 0.88174616562504
  2 22 3 6.25537566251391 0.568444982816852
  1 23 3 5.76058131655754 0.408104676406013
  2 23 3 7.1581348691508 0.357346049869971
  1 24 3 6.9932008880065 0.92608255019157
  2 24 3 7.52497433477476 0.539541007788685
  1 25 3 6.57379241590653 0.648664057223823
  2 25 3 6.84381200910187 0.576168087832409
  1 26 3 5.34791491027032 0.695927823776047
  2 26 3 6.77195132456831 0.549529982814455
  1 27 3 6.38950647522388 0.708713243925404
  2 27 3 6.89672808292526 0.496269825160911
  1 28 3 5.9288126736721 0.489543853646182
  1 29 3 5.51618945115015 0.703511357168505
  2 29 3 6.97779597271686 0.875017095315649
  1 30 3 6.48962319070765 0.631659802692532
  2 30 3 8.34019995850201 0.908152223575802
  1 31 3 5.95948387717785 0.626570332091694
  2 31 3 7.7508218844305 0.712465807947941
  1 32 3 6.67795925357334 0.661895735249442
  2 32 3 6.63888318193581 0.86012943797605
  1 33 3 5.45299556805197 0.783155911787346
  2 33 3 6.95976442939016 0.598390099709208
  1 34 3 6.00621745741237 0.542775440757204
  2 34 3 7.42383442589036 0.743173480285892
  1 35 3 6.24976423549597 0.870542376054271
  2 35 3 7.53535200628641 0.446478967244395
  1 36 3 6.82842857161134 0.492193512682958
  2 36 3 8.9807857161929 0.490110041691513
  1 37 3 7.23571443095896 0.909630520329322
  2 37 3 9.20518874564408 0.433872317628348
  1 38 3 7.39958322873412 0.644773009949607
  2 38 3 8.59825169531972 0.484949159815328
  1 39 3 7.87265085355535 0.515045488987725
  2 39 3 8.99312291511259 0.388710136036013
  1 40 3 7.4785466024589 0.442573167063876
  2 40 3 8.50386023632788 0.395139923022642
  1 41 3 9.01070047615472 0.88587618368699
  2 41 3 8.6091544235828 0.537531419606343
  1 42 3 12.7987783228439 0.983269433580366
  2 42 3 10.7901440757553 0.849696423298534
# end survey index observations 
#  
# Survey size comp data 
# Number of observations, init_int Nsurvey_size_obs 
  329
# init_matrix obs_survey_size(1,Nsurvey_size_obs,1,ncol) 
# Survey  Year  Species Type (0=whole, 1=retained, 2=discard) InpN, proportion by length bin 
  1 1 1 0 57 0 0.315789473684211 0.56140350877193 0.087719298245614 0.0350877192982456
  1 2 1 0 65 0 0.292307692307692 0.553846153846154 0.138461538461538 0.0153846153846154
  1 3 1 0 32 0 0.375 0.4375 0.1875 0
  1 4 1 0 32 0.03125 0.6875 0.125 0.15625 0
  1 5 1 0 21 0 0.571428571428571 0.142857142857143 0.285714285714286 0
  1 6 1 0 18 0 0.777777777777778 0.166666666666667 0.0555555555555556 0
  1 7 1 0 25 0.08 0.56 0.2 0.16 0
  1 8 1 0 20 0 0.45 0.45 0.1 0
  1 9 1 0 16 0.125 0.75 0.0625 0.0625 0
  1 10 1 0 19 0 0.315789473684211 0.473684210526316 0.210526315789474 0
  1 11 1 0 20 0.05 0.65 0.25 0.05 0
  1 12 1 0 22 0.0909090909090909 0.681818181818182 0.181818181818182 0.0454545454545455 0
  1 13 1 0 23 0 0.826086956521739 0.173913043478261 0 0
  1 14 1 0 14 0.0714285714285714 0.642857142857143 0.285714285714286 0 0
  1 15 1 0 21 0 0.619047619047619 0.333333333333333 0.0476190476190476 0
  1 16 1 0 14 0.0714285714285714 0.571428571428571 0.357142857142857 0 0
  1 17 1 0 17 0.0588235294117647 0.705882352941177 0.235294117647059 0 0
  1 18 1 0 19 0.0526315789473684 0.842105263157895 0.105263157894737 0 0
  1 19 1 0 18 0 0.555555555555556 0.388888888888889 0.0555555555555556 0
  1 20 1 0 15 0 0.666666666666667 0.333333333333333 0 0
  1 21 1 0 21 0 0.380952380952381 0.523809523809524 0.0952380952380952 0
  1 22 1 0 13 0.153846153846154 0.538461538461538 0.153846153846154 0.153846153846154 0
  1 23 1 0 14 0.0714285714285714 0.571428571428571 0.214285714285714 0.142857142857143 0
  1 24 1 0 14 0 0.571428571428571 0.428571428571429 0 0
  1 25 1 0 18 0 0.611111111111111 0.333333333333333 0.0555555555555556 0
  1 26 1 0 14 0 0.571428571428571 0.428571428571429 0 0
  1 27 1 0 23 0.0434782608695652 0.521739130434783 0.347826086956522 0.0869565217391304 0
  1 28 1 0 14 0 0.714285714285714 0.214285714285714 0.0714285714285714 0
  1 29 1 0 17 0 0.823529411764706 0.117647058823529 0.0588235294117647 0
  1 30 1 0 18 0 0.611111111111111 0.277777777777778 0.111111111111111 0
  1 31 1 0 20 0 0.6 0.4 0 0
  1 32 1 0 10 0 0.4 0.4 0.2 0
  1 33 1 0 15 0.0666666666666667 0.533333333333333 0.133333333333333 0.266666666666667 0
  1 34 1 0 18 0.0555555555555556 0.555555555555556 0.277777777777778 0.111111111111111 0
  1 35 1 0 8 0.125 0.625 0 0.25 0
  1 36 1 0 12 0.0833333333333333 0.75 0.0833333333333333 0.0833333333333333 0
  1 37 1 0 8 0 0.5 0.375 0.125 0
  1 38 1 0 16 0.0625 0.625 0.3125 0 0
  1 39 1 0 10 0.1 0.4 0.5 0 0
  1 40 1 0 10 0 0.5 0.5 0 0
  1 41 1 0 13 0 0.461538461538462 0.461538461538462 0.0769230769230769 0
  1 42 1 0 8 0 1 0 0 0
  1 1 2 0 11 0 0 0.454545454545455 0.272727272727273 0.272727272727273
  1 4 2 0 1 0 0 0 1 0
  1 5 2 0 5 0 0 0 1 0
  1 6 2 0 1 0 0 1 0 0
  1 7 2 0 3 0 0 0.333333333333333 0.666666666666667 0
  1 8 2 0 4 0 0.25 0.5 0.25 0
  1 9 2 0 5 0 0 0.6 0.4 0
  1 10 2 0 10 0 0 1 0 0
  1 11 2 0 13 0 0 0.769230769230769 0.230769230769231 0
  1 12 2 0 15 0 0.0666666666666667 0.666666666666667 0.266666666666667 0
  1 13 2 0 9 0 0 0.222222222222222 0.777777777777778 0
  1 14 2 0 6 0 0 0.333333333333333 0.666666666666667 0
  1 15 2 0 13 0 0 0.384615384615385 0.538461538461538 0.0769230769230769
  1 16 2 0 10 0 0 0.1 0.9 0
  1 17 2 0 10 0 0.9 0 0.1 0
  1 18 2 0 18 0 0 1 0 0
  1 19 2 0 27 0 0 0.814814814814815 0.185185185185185 0
  1 20 2 0 23 0 0 0.652173913043478 0.347826086956522 0
  1 21 2 0 25 0 0.04 0.6 0.36 0
  1 22 2 0 9 0 0 0.666666666666667 0.333333333333333 0
  1 23 2 0 8 0 0 0.5 0.5 0
  1 24 2 0 9 0 0 0.777777777777778 0.222222222222222 0
  1 25 2 0 14 0 0 0.428571428571429 0.571428571428571 0
  1 26 2 0 18 0 0 0.166666666666667 0.833333333333333 0
  1 27 2 0 16 0 0 0.125 0.875 0
  1 28 2 0 6 0 0 0.5 0.5 0
  1 29 2 0 8 0 0.125 0.125 0.75 0
  1 30 2 0 17 0 0 0.705882352941177 0.294117647058824 0
  1 31 2 0 9 0 0.111111111111111 0.888888888888889 0 0
  1 32 2 0 30 0 0 0.666666666666667 0.333333333333333 0
  1 33 2 0 24 0 0 0.375 0.625 0
  1 34 2 0 25 0 0 0.56 0.44 0
  1 35 2 0 16 0 0 0.5 0.5 0
  1 36 2 0 13 0 0 0.230769230769231 0.769230769230769 0
  1 37 2 0 8 0 0 0.125 0.875 0
  1 38 2 0 10 0 0 0.4 0.6 0
  1 39 2 0 13 0 0 0.230769230769231 0.769230769230769 0
  1 40 2 0 8 0 0 0.5 0.5 0
  1 41 2 0 5 0 0 0.4 0.6 0
  1 42 2 0 17 0 0.117647058823529 0.411764705882353 0.470588235294118 0
  1 1 3 0 27 0 0.148148148148148 0.259259259259259 0.592592592592593 0
  1 2 3 0 13 0 0.923076923076923 0.0769230769230769 0 0
  1 3 3 0 5 0 0.8 0.2 0 0
  1 4 3 0 2 0 0.5 0.5 0 0
  1 5 3 0 5 0 0.6 0.4 0 0
  1 6 3 0 1 0 0 1 0 0
  1 7 3 0 3 0 0 0.666666666666667 0.333333333333333 0
  1 8 3 0 3 0 0 0.666666666666667 0.333333333333333 0
  1 9 3 0 4 0 0.25 0.5 0.25 0
  1 10 3 0 4 0 0 0.5 0.5 0
  1 11 3 0 4 0 0 0.25 0.75 0
  1 12 3 0 2 0 0 1 0 0
  1 13 3 0 8 0 0.125 0.5 0.375 0
  1 14 3 0 19 0 0.421052631578947 0.315789473684211 0.263157894736842 0
  1 15 3 0 15 0 0.2 0.2 0.6 0
  1 16 3 0 12 0 0.333333333333333 0.583333333333333 0.0833333333333333 0
  1 17 3 0 14 0 0.428571428571429 0.357142857142857 0.214285714285714 0
  1 18 3 0 14 0 0.571428571428571 0.285714285714286 0.142857142857143 0
  1 19 3 0 15 0 0.133333333333333 0.6 0.266666666666667 0
  1 20 3 0 17 0 0.176470588235294 0.352941176470588 0.470588235294118 0
  1 21 3 0 12 0 0.416666666666667 0.333333333333333 0.25 0
  1 22 3 0 11 0 0.363636363636364 0.545454545454545 0.0909090909090909 0
  1 23 3 0 16 0 0.375 0.25 0.375 0
  1 24 3 0 15 0 0.333333333333333 0.466666666666667 0.2 0
  1 25 3 0 4 0 0 0.75 0.25 0
  1 26 3 0 14 0 0.214285714285714 0.642857142857143 0.142857142857143 0
  1 27 3 0 6 0 0.333333333333333 0.5 0.166666666666667 0
  1 28 3 0 4 0 0 0.75 0.25 0
  1 29 3 0 2 0 0 1 0 0
  1 30 3 0 10 0 0.1 0.4 0.5 0
  1 31 3 0 9 0 0 0.555555555555556 0.444444444444444 0
  1 32 3 0 12 0 0 0.583333333333333 0.416666666666667 0
  1 33 3 0 5 0 0 0.2 0.8 0
  1 34 3 0 9 0 0.777777777777778 0.222222222222222 0 0
  1 35 3 0 5 0 0.4 0.4 0.2 0
  1 36 3 0 5 0 0 1 0 0
  1 37 3 0 3 0 0.333333333333333 0.666666666666667 0 0
  1 38 3 0 15 0 0.466666666666667 0.4 0.133333333333333 0
  1 39 3 0 12 0 0.25 0.5 0.25 0
  1 40 3 0 9 0 0.444444444444444 0.333333333333333 0.222222222222222 0
  1 41 3 0 8 0 0 0.625 0.375 0
  1 42 3 0 12 0 0.25 0.583333333333333 0.166666666666667 0
  1 1 4 0 86 0 0.209302325581395 0.604651162790698 0.186046511627907 0
  1 2 4 0 100 0 0.2 0.63 0.17 0
  1 3 4 0 33 0 0.181818181818182 0.545454545454545 0.272727272727273 0
  1 4 4 0 44 0.0454545454545455 0.25 0.477272727272727 0.227272727272727 0
  1 5 4 0 34 0.0588235294117647 0.176470588235294 0.558823529411765 0.205882352941176 0
  1 6 4 0 40 0.125 0.275 0.425 0.175 0
  1 7 4 0 39 0.0512820512820513 0.58974358974359 0.282051282051282 0.0769230769230769 0
  1 8 4 0 49 0.0408163265306122 0.428571428571429 0.36734693877551 0.163265306122449 0
  1 9 4 0 36 0.0277777777777778 0.416666666666667 0.333333333333333 0.222222222222222 0
  1 10 4 0 43 0.13953488372093 0.488372093023256 0.255813953488372 0.116279069767442 0
  1 11 4 0 41 0.0731707317073171 0.585365853658537 0.268292682926829 0.0731707317073171 0
  1 12 4 0 35 0.0285714285714286 0.742857142857143 0.228571428571429 0 0
  1 13 4 0 32 0 0.46875 0.375 0.15625 0
  1 14 4 0 21 0.0476190476190476 0.476190476190476 0.380952380952381 0.0952380952380952 0
  1 15 4 0 30 0.133333333333333 0.5 0.166666666666667 0.2 0
  1 16 4 0 19 0.0526315789473684 0.473684210526316 0.421052631578947 0.0526315789473684 0
  1 17 4 0 35 0.171428571428571 0.685714285714286 0.114285714285714 0.0285714285714286 0
  1 18 4 0 27 0.037037037037037 0.592592592592593 0.259259259259259 0.111111111111111 0
  1 19 4 0 34 0.0294117647058824 0.588235294117647 0.323529411764706 0.0588235294117647 0
  1 20 4 0 42 0.0238095238095238 0.571428571428571 0.333333333333333 0.0714285714285714 0
  1 21 4 0 41 0.0731707317073171 0.439024390243902 0.390243902439024 0.0975609756097561 0
  1 22 4 0 44 0 0.522727272727273 0.431818181818182 0.0454545454545455 0
  1 23 4 0 28 0 0.464285714285714 0.392857142857143 0.142857142857143 0
  1 24 4 0 34 0 0.5 0.411764705882353 0.0882352941176471 0
  1 25 4 0 36 0 0.333333333333333 0.361111111111111 0.305555555555556 0
  1 26 4 0 31 0 0.32258064516129 0.516129032258065 0.161290322580645 0
  1 27 4 0 39 0.0256410256410256 0.41025641025641 0.41025641025641 0.153846153846154 0
  1 28 4 0 38 0 0.342105263157895 0.526315789473684 0.131578947368421 0
  1 29 4 0 48 0 0.3125 0.458333333333333 0.229166666666667 0
  1 30 4 0 38 0 0.184210526315789 0.447368421052632 0.368421052631579 0
  1 31 4 0 61 0 0.262295081967213 0.508196721311475 0.229508196721311 0
  1 32 4 0 48 0.0208333333333333 0.25 0.458333333333333 0.270833333333333 0
  1 33 4 0 49 0.0816326530612245 0.285714285714286 0.36734693877551 0.26530612244898 0
  1 34 4 0 44 0.181818181818182 0.590909090909091 0.0909090909090909 0.136363636363636 0
  1 35 4 0 61 0.147540983606557 0.60655737704918 0.147540983606557 0.0983606557377049 0
  1 36 4 0 67 0.0597014925373134 0.791044776119403 0.119402985074627 0.0298507462686567 0
  1 37 4 0 57 0.0526315789473684 0.701754385964912 0.210526315789474 0.0350877192982456 0
  1 38 4 0 38 0.0526315789473684 0.631578947368421 0.315789473684211 0 0
  1 39 4 0 52 0.0576923076923077 0.480769230769231 0.461538461538462 0 0
  1 40 4 0 43 0.0465116279069767 0.511627906976744 0.372093023255814 0.0697674418604651 0
  1 41 4 0 42 0 0.547619047619048 0.357142857142857 0.0952380952380952 0
  1 42 4 0 61 0.0327868852459016 0.508196721311475 0.39344262295082 0.0655737704918033 0
  2 1 1 0 58 0 0.344827586206897 0.448275862068966 0.172413793103448 0.0344827586206897
  2 2 1 0 83 0.0120481927710843 0.325301204819277 0.469879518072289 0.168674698795181 0.0240963855421687
  2 3 1 0 63 0 0.380952380952381 0.428571428571429 0.19047619047619 0
  2 4 1 0 56 0.107142857142857 0.535714285714286 0.232142857142857 0.125 0
  2 5 1 0 55 0.0727272727272727 0.545454545454545 0.218181818181818 0.163636363636364 0
  2 6 1 0 45 0.0222222222222222 0.577777777777778 0.288888888888889 0.111111111111111 0
  2 7 1 0 46 0.0869565217391304 0.543478260869565 0.304347826086957 0.0652173913043478 0
  2 8 1 0 56 0 0.553571428571429 0.303571428571429 0.142857142857143 0
  2 9 1 0 51 0.0588235294117647 0.705882352941177 0.196078431372549 0.0392156862745098 0
  2 10 1 0 44 0 0.5 0.386363636363636 0.113636363636364 0
  2 11 1 0 49 0.102040816326531 0.73469387755102 0.102040816326531 0.0612244897959184 0
  2 12 1 0 50 0.14 0.64 0.2 0.02 0
  2 13 1 0 48 0.0625 0.666666666666667 0.270833333333333 0 0
  2 14 1 0 52 0 0.653846153846154 0.307692307692308 0.0384615384615385 0
  2 15 1 0 31 0.032258064516129 0.612903225806452 0.354838709677419 0 0
  2 16 1 0 38 0.0263157894736842 0.526315789473684 0.342105263157895 0.105263157894737 0
  2 17 1 0 26 0.115384615384615 0.653846153846154 0.230769230769231 0 0
  2 18 1 0 33 0.0909090909090909 0.606060606060606 0.242424242424242 0.0606060606060606 0
  2 19 1 0 31 0.0967741935483871 0.709677419354839 0.193548387096774 0 0
  2 20 1 0 38 0.0263157894736842 0.526315789473684 0.447368421052632 0 0
  2 21 1 0 30 0.0333333333333333 0.533333333333333 0.433333333333333 0 0
  2 22 1 0 35 0.0857142857142857 0.742857142857143 0.142857142857143 0.0285714285714286 0
  2 23 1 0 35 0.114285714285714 0.628571428571429 0.257142857142857 0 0
  2 24 1 0 26 0.0384615384615385 0.5 0.384615384615385 0.0769230769230769 0
  2 25 1 0 32 0.03125 0.5625 0.3125 0.09375 0
  2 26 1 0 26 0.0769230769230769 0.5 0.346153846153846 0.0769230769230769 0
  2 27 1 0 37 0 0.459459459459459 0.405405405405405 0.135135135135135 0
  2 28 1 0 35 0.2 0.485714285714286 0.257142857142857 0.0571428571428571 0
  2 29 1 0 33 0.0606060606060606 0.575757575757576 0.333333333333333 0.0303030303030303 0
  2 30 1 0 45 0.0888888888888889 0.577777777777778 0.244444444444444 0.0888888888888889 0
  2 31 1 0 34 0.0294117647058824 0.352941176470588 0.441176470588235 0.176470588235294 0
  2 32 1 0 36 0.0277777777777778 0.444444444444444 0.416666666666667 0.111111111111111 0
  2 33 1 0 42 0 0.547619047619048 0.285714285714286 0.166666666666667 0
  2 34 1 0 34 0.0588235294117647 0.529411764705882 0.264705882352941 0.147058823529412 0
  2 35 1 0 35 0.257142857142857 0.514285714285714 0.171428571428571 0.0571428571428571 0
  2 36 1 0 28 0.178571428571429 0.642857142857143 0.178571428571429 0 0
  2 37 1 0 22 0.0909090909090909 0.5 0.363636363636364 0.0454545454545455 0
  2 38 1 0 32 0.09375 0.59375 0.21875 0.09375 0
  2 39 1 0 27 0.037037037037037 0.555555555555556 0.37037037037037 0.037037037037037 0
  2 40 1 0 39 0 0.794871794871795 0.205128205128205 0 0
  2 41 1 0 20 0 0.5 0.35 0.15 0
  2 42 1 0 30 0.233333333333333 0.7 0.0333333333333333 0.0333333333333333 0
  2 1 2 0 16 0 0 0.5625 0.4375 0
  2 2 2 0 20 0 0 0.3 0.55 0.15
  2 3 2 0 34 0 0 0.323529411764706 0.617647058823529 0.0588235294117647
  2 4 2 0 15 0 0 0.2 0.6 0.2
  2 5 2 0 4 0 0 0.25 0.5 0.25
  2 6 2 0 7 0 0 0.714285714285714 0.285714285714286 0
  2 7 2 0 18 0 0.111111111111111 0.388888888888889 0.5 0
  2 8 2 0 22 0 0.181818181818182 0.363636363636364 0.454545454545455 0
  2 9 2 0 21 0 0.238095238095238 0.523809523809524 0.238095238095238 0
  2 10 2 0 11 0 0 0.636363636363636 0.363636363636364 0
  2 11 2 0 7 0 0.142857142857143 0.857142857142857 0 0
  2 12 2 0 19 0 0.0526315789473684 0.368421052631579 0.578947368421053 0
  2 13 2 0 32 0 0 0.46875 0.53125 0
  2 14 2 0 34 0 0.0294117647058824 0.264705882352941 0.705882352941177 0
  2 15 2 0 27 0 0 0.148148148148148 0.851851851851852 0
  2 16 2 0 42 0 0 0.166666666666667 0.833333333333333 0
  2 17 2 0 34 0 1 0 0 0
  2 18 2 0 28 0 0 1 0 0
  2 19 2 0 26 0 0 0.846153846153846 0.153846153846154 0
  2 20 2 0 32 0 0.03125 0.4375 0.53125 0
  2 21 2 0 37 0 0.135135135135135 0.459459459459459 0.405405405405405 0
  2 22 2 0 38 0 0 0.368421052631579 0.631578947368421 0
  2 23 2 0 41 0 0 0.48780487804878 0.51219512195122 0
  2 24 2 0 33 0 0 0.333333333333333 0.666666666666667 0
  2 25 2 0 45 0 0.0666666666666667 0.155555555555556 0.777777777777778 0
  2 26 2 0 28 0 0.0357142857142857 0.107142857142857 0.857142857142857 0
  2 27 2 0 47 0 0.0851063829787234 0.148936170212766 0.765957446808511 0
  2 28 2 0 22 0 0.0454545454545455 0.181818181818182 0.772727272727273 0
  2 29 2 0 40 0 0.325 0.25 0.425 0
  2 30 2 0 28 0 0.285714285714286 0.642857142857143 0.0714285714285714 0
  2 31 2 0 32 0 0.1875 0.65625 0.15625 0
  2 32 2 0 40 0 0.025 0.575 0.4 0
  2 33 2 0 43 0 0.209302325581395 0.418604651162791 0.372093023255814 0
  2 34 2 0 46 0 0.152173913043478 0.5 0.347826086956522 0
  2 35 2 0 60 0 0.0166666666666667 0.583333333333333 0.4 0
  2 36 2 0 49 0 0.163265306122449 0.306122448979592 0.530612244897959 0
  2 37 2 0 32 0 0.03125 0.59375 0.375 0
  2 38 2 0 30 0 0.0333333333333333 0.266666666666667 0.7 0
  2 39 2 0 29 0 0.0689655172413793 0.241379310344828 0.689655172413793 0
  2 40 2 0 31 0 0 0.290322580645161 0.709677419354839 0
  2 41 2 0 14 0 0.142857142857143 0.142857142857143 0.714285714285714 0
  2 42 2 0 19 0 0.473684210526316 0.421052631578947 0.105263157894737 0
  2 2 3 0 3 0 1 0 0 0
  2 3 3 0 3 0 1 0 0 0
  2 4 3 0 7 0 0.428571428571429 0.571428571428571 0 0
  2 5 3 0 1 0 1 0 0 0
  2 6 3 0 14 0 0.357142857142857 0.357142857142857 0.285714285714286 0
  2 8 3 0 10 0 0.3 0.4 0.3 0
  2 9 3 0 6 0 0 0.666666666666667 0.333333333333333 0
  2 10 3 0 2 0 0 1 0 0
  2 12 3 0 1 0 0 0 1 0
  2 14 3 0 9 0 0.111111111111111 0.444444444444444 0.444444444444444 0
  2 15 3 0 5 0 0.6 0.4 0 0
  2 16 3 0 9 0 0.555555555555556 0.444444444444444 0 0
  2 17 3 0 9 0 0.555555555555556 0.444444444444444 0 0
  2 18 3 0 13 0 0.461538461538462 0.307692307692308 0.230769230769231 0
  2 19 3 0 14 0 0.357142857142857 0.5 0.142857142857143 0
  2 20 3 0 19 0 0.210526315789474 0.684210526315789 0.105263157894737 0
  2 21 3 0 20 0 0.15 0.55 0.3 0
  2 22 3 0 23 0 0.304347826086957 0.434782608695652 0.260869565217391 0
  2 23 3 0 26 0 0.346153846153846 0.230769230769231 0.423076923076923 0
  2 24 3 0 28 0 0.571428571428571 0.321428571428571 0.107142857142857 0
  2 25 3 0 20 0 0.3 0.4 0.3 0
  2 26 3 0 7 0 0.285714285714286 0.428571428571429 0.285714285714286 0
  2 27 3 0 5 0 0 0.4 0.6 0
  2 29 3 0 6 0 0 0.166666666666667 0.833333333333333 0
  2 30 3 0 14 0 0.0714285714285714 0.5 0.428571428571429 0
  2 31 3 0 7 0 0.285714285714286 0.571428571428571 0.142857142857143 0
  2 32 3 0 20 0.05 0.05 0.3 0.6 0
  2 33 3 0 18 0 0.222222222222222 0.277777777777778 0.5 0
  2 34 3 0 15 0 0.666666666666667 0.266666666666667 0.0666666666666667 0
  2 35 3 0 28 0.0357142857142857 0.464285714285714 0.464285714285714 0.0357142857142857 0
  2 36 3 0 25 0 0.52 0.44 0.04 0
  2 37 3 0 19 0 0.368421052631579 0.421052631578947 0.210526315789474 0
  2 38 3 0 33 0 0.424242424242424 0.393939393939394 0.181818181818182 0
  2 39 3 0 32 0 0.34375 0.53125 0.125 0
  2 40 3 0 34 0 0.588235294117647 0.294117647058824 0.117647058823529 0
  2 41 3 0 20 0 0.5 0.3 0.2 0
  2 42 3 0 27 0.037037037037037 0.333333333333333 0.444444444444444 0.185185185185185 0
  2 1 4 0 44 0 0.25 0.590909090909091 0.159090909090909 0
  2 2 4 0 75 0.0133333333333333 0.24 0.573333333333333 0.173333333333333 0
  2 3 4 0 66 0.0151515151515152 0.106060606060606 0.636363636363636 0.242424242424242 0
  2 4 4 0 54 0.12962962962963 0.185185185185185 0.425925925925926 0.259259259259259 0
  2 5 4 0 31 0.0967741935483871 0.387096774193548 0.483870967741935 0.032258064516129 0
  2 6 4 0 24 0.208333333333333 0.458333333333333 0.166666666666667 0.166666666666667 0
  2 7 4 0 20 0.1 0.55 0.2 0.15 0
  2 8 4 0 25 0.12 0.6 0.16 0.12 0
  2 9 4 0 44 0.0909090909090909 0.522727272727273 0.227272727272727 0.159090909090909 0
  2 10 4 0 36 0.305555555555556 0.5 0.0833333333333333 0.111111111111111 0
  2 11 4 0 22 0.181818181818182 0.318181818181818 0.318181818181818 0.181818181818182 0
  2 12 4 0 21 0 0.523809523809524 0.380952380952381 0.0952380952380952 0
  2 13 4 0 26 0.0384615384615385 0.576923076923077 0.230769230769231 0.153846153846154 0
  2 14 4 0 35 0.0571428571428571 0.542857142857143 0.228571428571429 0.171428571428571 0
  2 15 4 0 21 0.333333333333333 0.428571428571429 0.142857142857143 0.0952380952380952 0
  2 16 4 0 30 0.366666666666667 0.433333333333333 0.166666666666667 0.0333333333333333 0
  2 17 4 0 40 0.075 0.725 0.1 0.1 0
  2 18 4 0 42 0.0952380952380952 0.619047619047619 0.285714285714286 0 0
  2 19 4 0 46 0.130434782608696 0.521739130434783 0.304347826086957 0.0434782608695652 0
  2 20 4 0 37 0.027027027027027 0.486486486486487 0.351351351351351 0.135135135135135 0
  2 21 4 0 44 0.0454545454545455 0.409090909090909 0.409090909090909 0.136363636363636 0
  2 22 4 0 42 0.119047619047619 0.404761904761905 0.380952380952381 0.0952380952380952 0
  2 23 4 0 35 0.0285714285714286 0.371428571428571 0.514285714285714 0.0857142857142857 0
  2 24 4 0 26 0.0384615384615385 0.692307692307692 0.192307692307692 0.0769230769230769 0
  2 25 4 0 19 0 0.421052631578947 0.526315789473684 0.0526315789473684 0
  2 26 4 0 29 0.0344827586206897 0.310344827586207 0.448275862068966 0.206896551724138 0
  2 27 4 0 10 0 0.2 0.3 0.5 0
  2 28 4 0 20 0.05 0.25 0.5 0.2 0
  2 29 4 0 25 0.04 0.16 0.64 0.16 0
  2 30 4 0 18 0 0.111111111111111 0.555555555555556 0.333333333333333 0
  2 31 4 0 24 0 0.125 0.625 0.25 0
  2 32 4 0 21 0 0.285714285714286 0.476190476190476 0.238095238095238 0
  2 33 4 0 10 0.1 0.3 0.3 0.3 0
  2 34 4 0 12 0.5 0.25 0.166666666666667 0.0833333333333333 0
  2 35 4 0 29 0.379310344827586 0.413793103448276 0.137931034482759 0.0689655172413793 0
  2 36 4 0 17 0.0588235294117647 0.882352941176471 0.0588235294117647 0 0
  2 37 4 0 39 0.230769230769231 0.512820512820513 0.256410256410256 0 0
  2 38 4 0 9 0.111111111111111 0.666666666666667 0.111111111111111 0.111111111111111 0
  2 39 4 0 50 0.08 0.5 0.4 0.02 0
  2 40 4 0 15 0.133333333333333 0.6 0.266666666666667 0 0
  2 41 4 0 7 0.142857142857143 0.714285714285714 0.142857142857143 0 0
  2 42 4 0 9 0 0.555555555555556 0.222222222222222 0.222222222222222 0
# end survey length observations 
#  
# Fishery catch data 
# Number of observations, init_int Ncatch_obs
  168
# init_matrix obs_catch_biomass(1,Ncatch_obs,1,6) 
# Fleet	Area	Year	Species	Catch(biomass t)	CV 
  1 1 1 1 9.80379459968742 0.05
  1 1 2 1 9.80400489307548 0.05
  1 1 3 1 10.14453667139 0.05
  1 1 4 1 10.0692292321984 0.05
  1 1 5 1 10.2559828143585 0.05
  1 1 6 1 10.0534014326371 0.05
  1 1 7 1 9.78130805902385 0.05
  1 1 8 1 9.91758203310912 0.05
  1 1 9 1 9.8325359560737 0.05
  1 1 10 1 9.7734669195553 0.05
  1 1 11 1 10.0856766008749 0.05
  1 1 12 1 9.93722225409772 0.05
  1 1 13 1 10.255375298596 0.05
  1 1 14 1 10.1742380703687 0.05
  1 1 15 1 9.87750396991445 0.05
  1 1 16 1 9.43683188614055 0.05
  1 1 17 1 9.41833000508757 0.05
  1 1 18 1 8.42436971424677 0.05
  1 1 19 1 8.65799513821242 0.05
  1 1 20 1 9.03726269813233 0.05
  1 1 21 1 8.56850792835482 0.05
  1 1 22 1 8.67876124466662 0.05
  1 1 23 1 8.78647416581623 0.05
  1 1 24 1 8.91375029079758 0.05
  1 1 25 1 8.83211901353959 0.05
  1 1 26 1 8.74635598158759 0.05
  1 1 27 1 8.14340286153277 0.05
  1 1 28 1 7.56563381175218 0.05
  1 1 29 1 8.34156471174444 0.05
  1 1 30 1 8.20152312041103 0.05
  1 1 31 1 8.16781864575944 0.05
  1 1 32 1 8.38587616779476 0.05
  1 1 33 1 7.89668681785831 0.05
  1 1 34 1 7.75367812758874 0.05
  1 1 35 1 7.34315182647322 0.05
  1 1 36 1 6.55234937383002 0.05
  1 1 37 1 6.98574531677867 0.05
  1 1 38 1 6.87662218338546 0.05
  1 1 39 1 6.91911764358674 0.05
  1 1 40 1 6.56209433936945 0.05
  1 1 41 1 6.51652366203523 0.05
  1 1 42 1 6.12568715756654 0.05
  1 1 1 4 8.75893251328798 0.05
  1 1 2 4 8.56011118289332 0.05
  1 1 3 4 8.85047881030981 0.05
  1 1 4 4 8.7081874651743 0.05
  1 1 5 4 9.15185819349149 0.05
  1 1 6 4 8.99786825532804 0.05
  1 1 7 4 8.67514942937635 0.05
  1 1 8 4 8.94011125648207 0.05
  1 1 9 4 8.69697859943287 0.05
  1 1 10 4 8.78584207061242 0.05
  1 1 11 4 9.12572939634578 0.05
  1 1 12 4 9.31766610540178 0.05
  1 1 13 4 9.5789166524259 0.05
  1 1 14 4 9.55042710693611 0.05
  1 1 15 4 9.23638799713679 0.05
  1 1 16 4 9.0401158778692 0.05
  1 1 17 4 9.56235354039912 0.05
  1 1 18 4 8.99237751636944 0.05
  1 1 19 4 9.22540531156067 0.05
  1 1 20 4 9.37362922762325 0.05
  1 1 21 4 8.73276663103076 0.05
  1 1 22 4 8.64030962259026 0.05
  1 1 23 4 9.00419392277649 0.05
  1 1 24 4 9.05001829722465 0.05
  1 1 25 4 8.8299852281176 0.05
  1 1 26 4 8.85555845710539 0.05
  1 1 27 4 8.37412301420363 0.05
  1 1 28 4 7.71256938669083 0.05
  1 1 29 4 8.42583685607321 0.05
  1 1 30 4 8.25965017489428 0.05
  1 1 31 4 8.113429356894 0.05
  1 1 32 4 8.40272121267808 0.05
  1 1 33 4 8.00013220514801 0.05
  1 1 34 4 8.30070394557238 0.05
  1 1 35 4 8.37523704962176 0.05
  1 1 36 4 8.07339442950748 0.05
  1 1 37 4 8.72845932531533 0.05
  1 1 38 4 8.43044106333826 0.05
  1 1 39 4 8.66645825620525 0.05
  1 1 40 4 8.37411953044157 0.05
  1 1 41 4 8.29225233264299 0.05
  1 1 42 4 7.82412689313823 0.05
  2 1 1 2 7.47727153499395 0.05
  2 1 2 2 6.5665772154287 0.05
  2 1 3 2 7.01828871481618 0.05
  2 1 4 2 6.67799187073459 0.05
  2 1 5 2 7.4718513728348 0.05
  2 1 6 2 7.18993333556046 0.05
  2 1 7 2 6.62406258181532 0.05
  2 1 8 2 6.75480010518903 0.05
  2 1 9 2 6.86341127117156 0.05
  2 1 10 2 6.70146816045682 0.05
  2 1 11 2 7.3083378020531 0.05
  2 1 12 2 6.58696501501125 0.05
  2 1 13 2 8.11253628611467 0.05
  2 1 14 2 7.50083490129542 0.05
  2 1 15 2 7.13064400962659 0.05
  2 1 16 2 7.56972860702168 0.05
  2 1 17 2 8.38803743335518 0.05
  2 1 18 2 3.6872793241964 0.05
  2 1 19 2 8.28878550331187 0.05
  2 1 20 2 9.04962484499018 0.05
  2 1 21 2 9.3941747197879 0.05
  2 1 22 2 10.2548189233029 0.05
  2 1 23 2 9.60183019493182 0.05
  2 1 24 2 9.24862704098533 0.05
  2 1 25 2 9.45183787427476 0.05
  2 1 26 2 9.8994665264631 0.05
  2 1 27 2 9.87711990478033 0.05
  2 1 28 2 8.95111955312523 0.05
  2 1 29 2 9.405456664939 0.05
  2 1 30 2 9.46157818857913 0.05
  2 1 31 2 9.61175255027308 0.05
  2 1 32 2 9.74121351635499 0.05
  2 1 33 2 9.17407193821381 0.05
  2 1 34 2 9.46663957491818 0.05
  2 1 35 2 9.54229880464294 0.05
  2 1 36 2 10.6333012838879 0.05
  2 1 37 2 10.2804222568072 0.05
  2 1 38 2 9.72666787501667 0.05
  2 1 39 2 9.27184882759205 0.05
  2 1 40 2 9.17020976927397 0.05
  2 1 41 2 8.67382836061279 0.05
  2 1 42 2 7.09560099877573 0.05
  2 1 1 3 6.02148940748046 0.05
  2 1 2 3 5.62581310970933 0.05
  2 1 3 3 6.02365331189129 0.05
  2 1 4 3 6.26559196133002 0.05
  2 1 5 3 7.7022387961486 0.05
  2 1 6 3 7.99722872494644 0.05
  2 1 7 3 7.78050805606323 0.05
  2 1 8 3 7.96100735907136 0.05
  2 1 9 3 8.05652178690463 0.05
  2 1 10 3 7.88618188222188 0.05
  2 1 11 3 7.8406376217404 0.05
  2 1 12 3 6.60473126783222 0.05
  2 1 13 3 7.82819097222169 0.05
  2 1 14 3 7.24893055917384 0.05
  2 1 15 3 6.83095702440159 0.05
  2 1 16 3 7.4457134877529 0.05
  2 1 17 3 10.0462161763536 0.05
  2 1 18 3 6.70566724981389 0.05
  2 1 19 3 6.82826391682455 0.05
  2 1 20 3 6.38948480693402 0.05
  2 1 21 3 6.5820788388189 0.05
  2 1 22 3 7.24895097654114 0.05
  2 1 23 3 6.59953727156343 0.05
  2 1 24 3 6.22048323840718 0.05
  2 1 25 3 6.6304513475695 0.05
  2 1 26 3 7.43737376329017 0.05
  2 1 27 3 7.43893098175308 0.05
  2 1 28 3 6.72480287749684 0.05
  2 1 29 3 7.22184628026272 0.05
  2 1 30 3 7.25450018527863 0.05
  2 1 31 3 7.03506128335864 0.05
  2 1 32 3 6.52791204263484 0.05
  2 1 33 3 5.32600935354221 0.05
  2 1 34 3 5.28086933470699 0.05
  2 1 35 3 5.42573270948477 0.05
  2 1 36 3 7.18118101024035 0.05
  2 1 37 3 7.36378522242649 0.05
  2 1 38 3 7.19379694361945 0.05
  2 1 39 3 6.85618883981359 0.05
  2 1 40 3 6.94910175082567 0.05
  2 1 41 3 9.75515157248229 0.05
  2 1 42 3 9.82384815827944 0.05
# end catch observations 
#  
# Fishery size comp data 
# Number of observations, init_int Ncatch_size_obs 
  168
# init_matrix obs_catch_size(1,Ncatch_size_obs,1,ncol) 
# Fleet Area  Year  Species Type (0=whole, 1=retained, 2=discard) InpN, proportion by size bin 
  1 1 1 1 0 81 0 0.296296296296296 0.62962962962963 0.0740740740740741 0
  1 1 2 1 0 73 0 0.0410958904109589 0.73972602739726 0.205479452054795 0.0136986301369863
  1 1 3 1 0 65 0 0.0615384615384615 0.676923076923077 0.261538461538462 0
  1 1 4 1 0 56 0 0.107142857142857 0.660714285714286 0.232142857142857 0
  1 1 5 1 0 120 0 0.241666666666667 0.45 0.308333333333333 0
  1 1 6 1 0 130 0 0.207692307692308 0.569230769230769 0.223076923076923 0
  1 1 7 1 0 94 0 0.180851063829787 0.542553191489362 0.265957446808511 0.0106382978723404
  1 1 8 1 0 94 0 0.127659574468085 0.670212765957447 0.180851063829787 0.0212765957446809
  1 1 9 1 0 82 0 0.146341463414634 0.670731707317073 0.182926829268293 0
  1 1 10 1 0 76 0 0.263157894736842 0.565789473684211 0.171052631578947 0
  1 1 11 1 0 74 0 0.175675675675676 0.689189189189189 0.135135135135135 0
  1 1 12 1 0 65 0 0.384615384615385 0.476923076923077 0.138461538461538 0
  1 1 13 1 0 77 0 0.402597402597403 0.441558441558442 0.155844155844156 0
  1 1 14 1 0 88 0 0.295454545454545 0.625 0.0795454545454545 0
  1 1 15 1 0 66 0 0.272727272727273 0.666666666666667 0.0606060606060606 0
  1 1 16 1 0 69 0 0.260869565217391 0.594202898550725 0.144927536231884 0
  1 1 17 1 0 43 0 0.162790697674419 0.581395348837209 0.255813953488372 0
  1 1 18 1 0 34 0 0.235294117647059 0.647058823529412 0.117647058823529 0
  1 1 19 1 0 55 0 0.545454545454545 0.345454545454545 0.109090909090909 0
  1 1 20 1 0 64 0 0.375 0.609375 0.015625 0
  1 1 21 1 0 77 0.012987012987013 0.25974025974026 0.688311688311688 0.038961038961039 0
  1 1 22 1 0 67 0.0149253731343284 0.17910447761194 0.716417910447761 0.0895522388059701 0
  1 1 23 1 0 133 0 0.240601503759398 0.669172932330827 0.0902255639097744 0
  1 1 24 1 0 98 0 0.357142857142857 0.571428571428571 0.0714285714285714 0
  1 1 25 1 0 91 0 0.296703296703297 0.604395604395604 0.0989010989010989 0
  1 1 26 1 0 77 0 0.233766233766234 0.714285714285714 0.051948051948052 0
  1 1 27 1 0 102 0 0.147058823529412 0.705882352941177 0.147058823529412 0
  1 1 28 1 0 76 0 0.144736842105263 0.697368421052632 0.157894736842105 0
  1 1 29 1 0 110 0 0.381818181818182 0.409090909090909 0.209090909090909 0
  1 1 30 1 0 100 0 0.31 0.59 0.1 0
  1 1 31 1 0 108 0 0.194444444444444 0.712962962962963 0.0925925925925926 0
  1 1 32 1 0 118 0 0.211864406779661 0.644067796610169 0.144067796610169 0
  1 1 33 1 0 129 0 0.124031007751938 0.736434108527132 0.13953488372093 0
  1 1 34 1 0 90 0 0.188888888888889 0.644444444444444 0.166666666666667 0
  1 1 35 1 0 69 0 0.202898550724638 0.594202898550725 0.202898550724638 0
  1 1 36 1 0 80 0 0.4 0.475 0.125 0
  1 1 37 1 0 62 0 0.32258064516129 0.596774193548387 0.0806451612903226 0
  1 1 38 1 0 94 0 0.340425531914894 0.563829787234043 0.0957446808510638 0
  1 1 39 1 0 75 0 0.413333333333333 0.546666666666667 0.04 0
  1 1 40 1 0 75 0 0.253333333333333 0.64 0.106666666666667 0
  1 1 41 1 0 35 0 0.314285714285714 0.571428571428571 0.114285714285714 0
  1 1 42 1 0 22 0.0454545454545455 0.136363636363636 0.727272727272727 0.0909090909090909 0
  1 1 1 4 0 5 0 0.4 0 0 0
  1 1 2 4 0 5 0 0 0.4 0.4 0.2
  1 1 3 4 0 5 0 0 0.4 0 0
  1 1 4 4 0 5 0 0 0.2 0.8 0
  1 1 5 4 0 5 0 0 0 1 0
  1 1 6 4 0 5 0 0 0.2 0.6 0.2
  1 1 7 4 0 5 0 0 0.4 0.6 0
  1 1 8 4 0 5 0 0 0 0.2 0
  1 1 9 4 0 5 0 0 0.2 0.8 0
  1 1 10 4 0 5 0 0 0.2 0.8 0
  1 1 11 4 0 1 0 0 1 1 0
  1 1 12 4 0 5 0 0 0.2 0.8 0
  1 1 13 4 0 1 0 0 0 5 0
  1 1 14 4 0 2 0 0 1 1.5 0
  1 1 15 4 0 8 0 0 0 0.625 0
  1 1 16 4 0 3 0 0 0.333333333333333 1.33333333333333 0
  1 1 17 4 0 3 0 0 0.333333333333333 1.33333333333333 0
  1 1 18 4 0 1 0 0 2 3 0
  1 1 19 4 0 3 0 0 1.66666666666667 0 0
  1 1 20 4 0 3 0 0 4.33333333333333 5.66666666666667 0
  1 1 21 4 0 3 0 0 4.66666666666667 10.6666666666667 0
  1 1 22 4 0 2 0 0 1 4 0
  1 1 23 4 0 6 0 0 0.833333333333333 2.33333333333333 0
  1 1 24 4 0 1 0 0 10 51 0
  1 1 25 4 0 1 0 0 4 25 0
  1 1 26 4 0 2 0 0 0 16 0
  1 1 27 4 0 2 0 0 1.5 6.5 0
  1 1 28 4 0 4 0 0 0.25 7.5 0
  1 1 29 4 0 7 0 0 1 5.28571428571429 0
  1 1 30 4 0 6 0 0 0.5 4.33333333333333 0
  1 1 31 4 0 10 0 0 1.4 1.1 0
  1 1 32 4 0 7 0 0 2.14285714285714 1 0
  1 1 33 4 0 15 0 0 0.933333333333333 1.4 0
  1 1 34 4 0 19 0 0 0.368421052631579 1.10526315789474 0
  1 1 35 4 0 13 0 0 0.538461538461538 2.92307692307692 0
  1 1 36 4 0 23 0 0 0.434782608695652 1.78260869565217 0
  1 1 37 4 0 7 0 0 1 4.85714285714286 0
  1 1 38 4 0 7 0 0 1.71428571428571 3.42857142857143 0
  1 1 39 4 0 19 0 0 0.0526315789473684 1 0
  1 1 40 4 0 25 0 0 0.08 0.48 0
  1 1 41 4 0 31 0 0 0.032258064516129 0.516129032258065 0
  1 1 42 4 0 31 0 0 0.0645161290322581 0.709677419354839 0
  2 1 1 2 0 2 0 0 0 0.5 0
  2 1 2 2 0 5 0 0 0.4 0.6 0
  2 1 3 2 0 2 0 0.5 1.5 0.5 0
  2 1 4 2 0 5 0 0 0.2 0 0
  2 1 5 2 0 5 0 0 1.2 0 0
  2 1 6 2 0 5 0 0 0.6 0.2 0
  2 1 7 2 0 5 0 0 0.8 0.2 0
  2 1 8 2 0 1 0 0 1 0 0
  2 1 9 2 0 5 0 0 0.2 0 0
  2 1 10 2 0 5 0 0 0.2 0 0
  2 1 11 2 0 2 0 0 0.5 0.5 0
  2 1 12 2 0 5 0 0 0.6 0.4 0
  2 1 13 2 0 5 0 0 0.4 0.4 0
  2 1 14 2 0 5 0 0 1 0.6 0
  2 1 15 2 0 5 0 0 0.6 1.6 0
  2 1 16 2 0 5 0 0 0.2 0.8 0
  2 1 17 2 0 5 0 0 0.4 0.6 0
  2 1 18 2 0 5 0 0 0.2 0 0
  2 1 19 2 0 5 0 0 0 0.2 0
  2 1 20 2 0 30 0 0 0.0333333333333333 0.1 0
  2 1 21 2 0 46 0 0 0.0434782608695652 0.0217391304347826 0
  2 1 22 2 0 10 0 0 0.1 0.3 0
  2 1 23 2 0 19 0 0.0526315789473684 0.0526315789473684 0.0526315789473684 0
  2 1 24 2 0 61 0 0 0.0491803278688525 0 0
  2 1 25 2 0 29 0 0.0344827586206897 0.0344827586206897 0 0
  2 1 26 2 0 32 0 0 0.09375 0.03125 0
  2 1 27 2 0 16 0 0 0.1875 0.125 0
  2 1 28 2 0 31 0 0 0.0967741935483871 0.032258064516129 0
  2 1 29 2 0 44 0 0 0.0454545454545455 0.0454545454545455 0
  2 1 30 2 0 29 0 0 0.448275862068966 0.379310344827586 0
  2 1 31 2 0 25 0 0 0.2 0.2 0
  2 1 32 2 0 22 0 0 0.136363636363636 0.409090909090909 0
  2 1 33 2 0 35 0 0 0.0571428571428571 0.0571428571428571 0
  2 1 34 2 0 28 0 0 0.142857142857143 0.0714285714285714 0
  2 1 35 2 0 45 0 0 0.0222222222222222 0.0222222222222222 0
  2 1 36 2 0 51 0 0.0196078431372549 0.137254901960784 0.0392156862745098 0
  2 1 37 2 0 41 0 0.024390243902439 0.195121951219512 0 0
  2 1 38 2 0 36 0 0 0.277777777777778 0.0833333333333333 0
  2 1 39 2 0 20 0 0 0.6 0.2 0
  2 1 40 2 0 14 0 0 1.5 0.428571428571429 0
  2 1 41 2 0 17 0 0 0.529411764705882 0.352941176470588 0
  2 1 42 2 0 24 0 0 0.458333333333333 0.208333333333333 0
  2 1 1 3 0 1 0 0 3 2 0
  2 1 2 3 0 5 0 0 0.8 0.2 0
  2 1 3 3 0 5 0 0 0.6 0.4 0
  2 1 4 3 0 1 0 0 4 1 0
  2 1 5 3 0 6 0 0 0.333333333333333 0.5 0
  2 1 6 3 0 4 0 0 0.75 0.5 0
  2 1 7 3 0 5 0 0 0 1 0
  2 1 8 3 0 1 0 2 3 0 0
  2 1 9 3 0 1 0 0 1 4 0
  2 1 10 3 0 1 0 1 2 2 0
  2 1 11 3 0 2 0 0 0.5 0 0
  2 1 12 3 0 5 0 0.8 0 0.2 0
  2 1 13 3 0 4 0 0 0 0.25 0
  2 1 14 3 0 8 0 0 0.125 0.125 0
  2 1 15 3 0 11 0 0.272727272727273 0.454545454545455 0 0
  2 1 16 3 0 5 0 0.4 0.2 0 0
  2 1 17 3 0 5 0 0.2 0.4 0 0
  2 1 18 3 0 1 0 0 1 0 0
  2 1 19 3 0 1 0 0 3 0 0
  2 1 20 3 0 4 0 0 0.75 0 0
  2 1 21 3 0 3 0 0 0.666666666666667 0.333333333333333 0
  2 1 22 3 0 4 0 0 0.5 0 0
  2 1 23 3 0 3 0 0 1.66666666666667 0.333333333333333 0
  2 1 24 3 0 3 0 0 0 0.333333333333333 0
  2 1 25 3 0 2 0 0 0.5 0 0
  2 1 26 3 0 4 0 0 0.25 0.25 0
  2 1 27 3 0 5 0 0 0.4 0 0
  2 1 28 3 0 4 0 0 1 0 0
  2 1 29 3 0 4 0 0 1.25 0.5 0
  2 1 30 3 0 24 0 0 0.166666666666667 0.0833333333333333 0
  2 1 31 3 0 10 0 0 0.6 0.4 0
  2 1 32 3 0 12 0 0.0833333333333333 0.166666666666667 0.333333333333333 0
  2 1 33 3 0 4 0 0.25 2.75 0.75 0
  2 1 34 3 0 6 0.166666666666667 0.333333333333333 1.5 1.16666666666667 0
  2 1 35 3 0 2 0 1.5 4.5 0.5 0
  2 1 36 3 0 10 0 0.9 1 0.4 0
  2 1 37 3 0 9 0 0.111111111111111 0.444444444444444 0.222222222222222 0
  2 1 38 3 0 13 0 0.0769230769230769 0.384615384615385 0.0769230769230769 0
  2 1 39 3 0 16 0 0.5 0.5625 0.125 0
  2 1 40 3 0 27 0 0.222222222222222 0.555555555555556 0.148148148148148 0
  2 1 41 3 0 15 0 0.6 1.13333333333333 0.333333333333333 0
  2 1 42 3 0 16 0 0.5 1.3125 0.125 0
# end fishery length observations 
#  
# Survey diet proportion observations 
# Number of observations, init_int Ndietprop_obs 
  115
# init_matrix obs_dietprop(1,Ndietprop_obs,1,ncol) 
# Survey  Year  Predator  Predator_size InpN  wt_prey_1 wt_prey_2 wt_prey_3 wt_prey_4 wt_prey_5 wt_prey_6 wt_prey_7 wt_prey_8 wt_prey_9 wt_prey_10 wt_prey_11 other 
  1 12 1 2 100 0 0 0 0 1
  1 12 1 3 100 0.57 0 0 0 0.43
  1 13 1 3 100 0 0 0 0 1
  1 13 1 4 100 0 1 0 0 0
  1 15 1 2 100 0 0 0 0 1
  1 18 1 1 100 0.43 0 0 0 0.57
  1 18 1 2 100 0 0 0 0 1
  1 18 1 3 100 0 0.03 0 0 0.97
  1 19 1 2 100 0 0 0 0 1
  1 19 1 3 100 0 0.69 0 0 0.31
  1 20 1 3 100 0 0 0 0 1
  1 21 1 2 100 0 0 0 0 1
  1 21 1 3 100 0 0.43 0 0 0.57
  1 24 1 3 100 0 0.92 0 0 0.08
  1 25 1 3 100 0 0.03 0 0 0.97
  1 26 1 3 100 0 0 0.62 0 0.38
  1 27 1 3 100 0 0.15 0.28 0 0.57
  1 28 1 3 100 0 0.69 0 0 0.31
  1 33 1 3 100 0 0 0 0 1
  1 34 1 3 100 0 0.21 0 0 0.79
  1 35 1 3 100 0 0.4 0 0 0.6
  1 38 1 3 100 0 0.74 0 0 0.26
  1 39 1 3 100 0 0 0 0 1
  1 40 1 2 100 0 0.31 0 0 0.69
  1 41 1 2 100 0 0 0.44 0 0.56
  2 2 1 4 100 0 0 0 0 1
  2 11 1 3 100 0 0.82 0 0 0.18
  2 14 1 3 100 0 0.09 0 0 0.91
  2 14 1 4 100 0 0 0 0 1
  2 15 1 3 100 0 1 0 0 0
  2 16 1 3 100 0 0 0.19 0 0.81
  2 16 1 4 100 0 0 0 0 1
  2 19 1 3 100 0 0 0 0 1
  2 19 1 4 100 0 0 0 0 1
  2 21 1 3 100 0 1 0 0 0
  2 21 1 4 100 0 0 0 0 1
  2 22 1 3 100 0 0 0 0 1
  2 23 1 3 100 0 0 0 0 1
  2 24 1 3 100 0 0 0 0 1
  2 24 1 4 100 0 0.65 0 0 0.35
  2 25 1 2 100 0 0 0.41 0 0.59
  2 25 1 3 100 0 0 0 0 1
  2 26 1 3 100 0 0.65 0 0 0.35
  2 27 1 3 100 0 0.82 0 0 0.18
  2 27 1 4 100 0 0.52 0 0 0.48
  2 29 1 3 100 0 1 0 0 0
  2 33 1 3 100 0 0 0 0 1
  2 35 1 1 100 0 0.08 0 0 0.92
  2 35 1 2 100 0 0 0 0 1
  2 35 1 3 100 0 0 0 0 1
  2 36 1 3 100 0 0 0 0 1
  2 39 1 3 100 0 0 0 0 1
  2 40 1 2 100 0 0.53 0 0 0.47
  2 36 2 3 100 0 0 0.16 0 0.84
  2 30 3 2 100 0 0.32 0 0 0.68
  2 30 3 4 100 0 0 0 0 1
  1 8 4 2 100 0 0 0 0 1
  1 8 4 3 100 0 1 0 0 0
  1 11 4 3 100 0 0 0 0 1
  1 13 4 2 100 0 0.41 0 0 0.59
  1 13 4 3 100 0 0.28 0 0 0.72
  1 13 4 4 100 0 0 0.39 0 0.61
  1 14 4 3 100 0 0.54 0 0 0.46
  1 15 4 3 100 0 0 0 0 1
  1 15 4 4 100 0 0.64 0 0 0.36
  1 16 4 3 100 0 0 0 0 1
  1 16 4 4 100 0 0 0 0 1
  1 17 4 3 100 0 0 0.57 0 0.43
  1 18 4 3 100 0 0 1 0 0
  1 19 4 2 100 0 0 0 0 1
  1 19 4 3 100 1 0 0 0 0
  1 20 4 2 100 0 0.08 0 0 0.92
  1 20 4 3 100 0 0 0 0 1
  1 21 4 3 100 0 0 0 0 1
  1 22 4 2 100 0 0.41 0 0 0.59
  1 23 4 3 100 0 0 0 0 1
  1 24 4 3 100 0 0.74 0 0 0.26
  1 25 4 3 100 0 0.48 0 0 0.52
  1 25 4 4 100 0 0.19 0 0 0.81
  1 26 4 3 100 0 0.36 0 0 0.64
  1 27 4 2 100 0 0 0.17 0 0.83
  1 27 4 3 100 0 0.2 0 0 0.8
  1 28 4 2 100 0 0 0.37 0 0.63
  1 28 4 3 100 0 0.05 0 0 0.95
  1 29 4 3 100 0 1 0 0 0
  1 31 4 3 100 0 0.01 0 0 0.99
  1 31 4 4 100 0 0 0 0 1
  1 34 4 3 100 0 0.37 0 0 0.63
  1 40 4 3 100 0 0 0 0 1
  1 40 4 4 100 0 0 0 0 1
  1 42 4 3 100 0 0 0 0 1
  2 6 4 3 100 0 0 0 0 1
  2 8 4 3 100 0 0 0.52 0 0.48
  2 9 4 4 100 0 0 0 0.17 0.83
  2 14 4 4 100 0 0 0 0 1
  2 15 4 3 100 0 0 0 0 1
  2 16 4 3 100 0 0 0 0 1
  2 17 4 2 100 0 0 0 0 1
  2 18 4 3 100 0 0 0 0 1
  2 19 4 3 100 0 0 0 0 1
  2 21 4 3 100 0 0.2 0 0 0.8
  2 22 4 3 100 0 0.59 0 0 0.41
  2 23 4 3 100 0 0 0 0 1
  2 24 4 3 100 0 0.6 0.22 0 0.18
  2 25 4 3 100 0 0.5 0 0 0.5
  2 25 4 4 100 0 0 1 0 0
  2 27 4 3 100 0 0 0 0 1
  2 30 4 3 100 0 0.68 0 0 0.32
  2 33 4 3 100 0 0 0 0 1
  2 34 4 3 100 0 1 0 0 0
  2 35 4 3 100 0 0.87 0 0 0.13
  2 36 4 2 100 0 0.15 0 0 0.85
  2 36 4 3 100 0 0.3 0 0 0.7
  2 37 4 3 100 0 0.36 0 0 0.64
  2 42 4 3 100 0 0 0.81 0 0.19
# end survey diet proportion observations 
#  
