# This file was created using the write_tsDatFile function and used all the simulated data from sim_dta.rds found in repo:Hydra-self-testing
# Survey index data 
# Number of observations, init_int Nsurvey_obs
  329
# init_matrix obs_survey_biomass(1,Nsurvey_obs,1,5)
# survey year spp value cv
  1 1 4 12.6831571717917 0.212720515437525
  2 1 4 10.0863432455469 0.25363203301826
  1 2 4 12.9450032920363 0.222168779300385
  2 2 4 10.1019943619923 0.187773345626693
  1 3 4 12.797043522764 0.394113240257454
  2 3 4 10.2228082503381 0.423618201694685
  1 4 4 12.9054803253696 0.310035034727007
  2 4 4 10.5479554697351 0.327069686277164
  1 5 4 12.2204145781781 0.378629084128514
  2 5 4 9.68353813053467 0.391316523019912
  1 6 4 12.9081243953207 0.494427832556011
  2 6 4 10.2464389763363 0.376280830351703
  1 7 4 13.8574488945403 0.759062286891916
  2 7 4 10.1266486875853 0.665352569827422
  1 8 4 12.1315349149333 0.383150869515862
  2 8 4 9.9798594686153 0.433685089735353
  1 9 4 11.787768440773 0.48934963094834
  2 9 4 9.3932465410534 0.392371299771634
  1 10 4 12.2287074780171 0.382452035825211
  2 10 4 9.46833409497663 0.333798529002863
  1 11 4 12.429627360653 0.566792532611316
  2 11 4 8.16340089812427 0.868042030585988
  1 12 4 12.6175541722042 0.381518572031255
  2 12 4 9.9747298013276 0.445144789260538
  1 13 4 12.5094234434303 0.438380584739347
  2 13 4 8.87291315892885 0.947226139495183
  1 14 4 11.6517717289904 0.482345652338289
  2 14 4 9.79984985250201 0.377075764230608
  1 15 4 11.6597426802837 0.420835086749712
  2 15 4 8.64997949067048 0.614716212748607
  1 16 4 11.9156450493894 0.515165860253858
  2 16 4 9.75753991978297 0.704031323768783
  1 17 4 12.5381046001419 0.559532625975744
  2 17 4 9.37807024191684 0.319774204956139
  1 18 4 12.5085264331031 0.479008946214672
  2 18 4 9.89263422748346 0.41351869139049
  1 19 4 12.5705411141381 0.429419179801904
  2 19 4 10.4582999577347 0.387615780132326
  1 20 4 12.601603031287 0.477074256852948
  2 20 4 9.34269487554574 0.315868813200741
  1 21 4 12.7355353254393 0.410621521476155
  2 21 4 9.39689575056134 0.630050999524052
  1 22 4 12.1556887029706 0.294672690077384
  2 22 4 9.69998326194315 0.335469505128288
  1 23 4 11.2748869786295 0.477447511398437
  2 23 4 8.93659039266349 0.407625761955908
  1 24 4 12.3915475804734 0.384568504019134
  2 24 4 9.22187986974543 0.43049173366256
  1 25 4 12.0226614059424 0.333261603198005
  2 25 4 9.20294482350288 0.843960441627036
  1 26 4 10.3125963035108 0.685474246042822
  2 26 4 9.46493487564205 0.429620783824035
  1 27 4 11.6491377768756 0.286882992344226
  2 27 4 8.87294265759558 0.81343687860715
  1 28 4 11.7326832750956 0.371822434434906
  2 28 4 8.48384781704173 0.53327636373572
  1 29 4 13.0756038037944 0.592639130460935
  2 29 4 7.88621735227166 0.590339711107796
  1 30 4 11.101596824945 0.374062101432949
  2 30 4 9.30228623160435 0.701775131617819
  1 31 4 11.0893865351143 0.304499664309564
  2 31 4 9.10707162813523 0.210828956182955
  1 32 4 11.3389602938121 0.233962995093855
  2 32 4 7.88813151138891 0.329779252894958
  1 33 4 11.2376324072591 0.270006842918168
  2 33 4 8.50531951818487 0.460124990024536
  1 34 4 12.0653102351194 0.350007507053818
  2 34 4 8.53413206791083 0.837656243552001
  1 35 4 11.35611175939 0.34274593698132
  2 35 4 9.09937360885774 0.291986952078346
  1 36 4 11.6104519787441 0.261906583866089
  2 36 4 9.27936200526844 0.425399553458769
  1 37 4 11.8719347996956 0.417429035160016
  2 37 4 9.31719961501003 0.287702894520317
  1 38 4 11.4798653980536 0.441211421515246
  2 38 4 9.42708480161575 0.866971810340233
  1 39 4 12.0726567503049 0.495234601454268
  2 39 4 9.35608034339107 0.556663444153977
  1 40 4 11.73538981298 0.237858203733512
  2 40 4 9.24193335777614 0.295404104464232
  1 41 4 11.7508379293434 0.327346172729995
  2 41 4 10.8073225883432 0.994030515469621
  1 42 4 12.3183415104425 0.368315456462939
  2 42 4 9.51798840127756 0.461505384764764
  1 1 2 4.15700144089346 0.601375663623589
  2 1 2 4.36664633212712 0.565196579518992
  2 2 2 3.61941650533479 0.686052062200317
  2 3 2 4.10897369307086 0.378997614818957
  1 4 2 2.58788643733334 1
  2 4 2 3.55296334619725 0.459316778181236
  1 5 2 4.09176215207005 0.611089023955187
  2 5 2 3.21388531258468 0.780615956536472
  1 6 2 4.41181747938428 0.702037850017464
  2 6 2 3.29877146590873 0.461790555986525
  1 7 2 4.39074479260577 0.948289691951521
  2 7 2 2.1529750532633 0.685175011742778
  1 8 2 2.29820539926522 0.544380631361087
  2 8 2 3.56495966952435 0.424096495665332
  1 9 2 2.92418719427452 0.5393131982084
  2 9 2 3.48168957208223 0.454629127333952
  1 10 2 5.02836023099176 0.88095039530815
  2 10 2 4.68042587464879 0.419344308350161
  1 11 2 6.31947633097411 0.799987970388403
  2 11 2 3.5835230868159 0.839124360078806
  1 12 2 6.59766197899915 0.774991903603438
  2 12 2 4.02437149608217 0.424721667998453
  1 13 2 3.94657787123236 0.863215133786584
  2 13 2 4.72672627730205 0.387073469025502
  1 14 2 4.60488609843698 0.704083892007286
  2 14 2 4.74799458220501 0.312793018147624
  1 15 2 3.63989449795305 0.457459057188701
  2 15 2 3.92435130022942 0.459652287866146
  1 16 2 3.16956829688874 0.853197309912465
  2 16 2 4.77156972311927 0.628928805514438
  1 17 2 2.48116944016356 0.61116783920211
  2 17 2 3.95634623904394 0.3895964128798
  1 18 2 6.62305081007686 0.416775375911518
  2 18 2 8.57225816880451 0.495180348393774
  1 19 2 6.84539457710993 0.69077510766454
  2 19 2 7.05433173229277 0.347120352110889
  1 20 2 8.4981332527219 0.793751288508348
  2 20 2 7.57871586060497 0.526946514998015
  1 21 2 8.59885700196776 0.339376634127756
  2 21 2 7.35033400634744 0.609998621037514
  1 22 2 7.58180334865444 0.601950919776798
  2 22 2 8.48404071828657 0.389299707202565
  1 23 2 7.535245716745 0.658556209578282
  2 23 2 7.81417411883753 0.288585466763824
  1 24 2 7.99568446008256 0.637453135075156
  2 24 2 8.83291274620595 0.480513100150493
  1 25 2 8.13196001129592 0.510473149998029
  2 25 2 8.33810369006151 0.338488147626423
  1 26 2 7.94981193934133 0.548437091427541
  2 26 2 8.18022281359077 0.345955330423839
  1 27 2 7.78429676978066 0.492912195981742
  2 27 2 7.46068377099631 0.33164245084141
  1 28 2 6.63285177646589 0.747597319880804
  2 28 2 8.10621025045056 0.447853531697379
  1 29 2 8.70404026748935 0.451616070879294
  2 29 2 7.8502353732548 0.305275882623724
  1 30 2 7.77098539884191 0.797269558848634
  2 30 2 7.90100659263948 0.605264936420634
  1 31 2 7.88129559073824 0.666772556553203
  2 31 2 9.81772600073349 0.359836468902791
  1 32 2 9.27960857551727 0.96787270074405
  2 32 2 8.97894880398603 0.422601396160012
  1 33 2 9.04851398799537 0.404694020855087
  2 33 2 10.5843104054598 0.465820030674526
  1 34 2 10.0842651100094 0.814873375751391
  2 34 2 9.46577481709476 0.505954372112585
  1 35 2 8.69848802730751 0.533219898766676
  2 35 2 9.8589689249027 0.287403659199158
  1 36 2 9.35777204345278 0.371953858881132
  2 36 2 9.69551031241405 0.365560779244073
  1 37 2 8.73060178502606 0.791301167226987
  2 37 2 9.0401940762518 0.487536998609889
  1 38 2 9.61812563538811 0.633364993316759
  2 38 2 9.12868182387644 0.644823084547079
  1 39 2 9.25092328644353 0.827253682697507
  2 39 2 10.0588980052978 0.354235596542703
  1 40 2 9.4747848603251 0.900216415173481
  2 40 2 9.2186456527359 0.395846441583114
  1 41 2 9.24604063910548 0.957770995377006
  2 41 2 8.84476732435683 0.496084887173497
  1 42 2 8.34905896164568 0.55870584954739
  2 42 2 8.39816504102939 0.604660139936764
  1 1 1 10.4401864179182 0.241799049430762
  2 1 1 10.5423263714725 0.250018379470286
  1 2 1 10.5318391406275 0.142636213550947
  2 2 1 10.8143097822241 0.163647146277456
  1 3 1 10.0697032504327 0.225478190042395
  2 3 1 10.7268526236189 0.192013183632222
  1 4 1 10.1147044346181 0.323579734794357
  2 4 1 10.7024862883152 0.162432383538487
  1 5 1 10.2811695633817 0.320666395151501
  2 5 1 10.7702906019115 0.822390366318268
  1 6 1 10.3475397712094 0.452044832991261
  2 6 1 10.2939613208061 0.192408532269243
  1 7 1 9.90898505907871 0.28209645893665
  2 7 1 10.1151655714923 0.262097825842625
  1 8 1 9.90324655684663 0.414010381101596
  2 8 1 10.3717879151378 0.189959250209439
  1 9 1 9.88453646795264 0.40638853202345
  2 9 1 10.1145119203857 0.178404315527443
  1 10 1 9.06015360972066 0.290993157294119
  2 10 1 10.4615164571541 0.156753980046499
  1 11 1 9.87868909361864 0.324615016521962
  2 11 1 9.96717591378863 0.174348711952217
  1 12 1 9.82327162198378 0.294780938380682
  2 12 1 10.3496292854473 0.195232854572048
  1 13 1 9.44958548255243 0.440402569626277
  2 13 1 10.0295335742859 0.185762358850192
  1 14 1 9.10547392950925 0.372421878022742
  2 14 1 9.75814263795024 0.151581173531864
  1 15 1 8.79995582849961 0.341871348717721
  2 15 1 9.8908008693331 0.233364310094868
  1 16 1 8.24969705993356 0.416897355424411
  2 16 1 9.35230495464373 0.283802183917676
  1 17 1 8.45504831644553 0.500820840736393
  2 17 1 8.39358212548893 0.495024013362717
  1 18 1 8.58283925031254 0.389853340834037
  2 18 1 9.68676696430409 0.390988792530431
  1 19 1 8.27758526815166 0.293941849282161
  2 19 1 8.50165196776677 0.322403741112933
  1 20 1 8.75916785294535 0.525509720403112
  2 20 1 9.18309705850948 0.218361153170241
  1 21 1 8.52693185087094 0.266433769579894
  2 21 1 8.69923793721482 0.421115605185845
  1 22 1 8.42058283153967 0.374831371194202
  2 22 1 9.08427818072813 0.227391091044855
  1 23 1 7.9919313203815 0.352011231642473
  2 23 1 9.07013128607099 0.384269029090844
  1 24 1 7.72839279771822 0.34725908523047
  2 24 1 9.22230091351861 0.331291933735556
  1 25 1 8.6824199158625 0.578696888706846
  2 25 1 8.42210783676486 0.247394190789157
  1 26 1 6.90684609084083 0.459728456052307
  2 26 1 9.21373201935781 0.394189312610479
  1 27 1 7.92056186780962 0.539982548576019
  2 27 1 9.22278862173434 0.72948972943007
  1 28 1 7.8554642821131 0.364309332200766
  2 28 1 8.53319604891088 0.278656828353639
  1 29 1 8.42089227931154 0.562793580097325
  2 29 1 8.23738163159144 0.316141323613091
  1 30 1 7.82274752756667 0.420348818797864
  2 30 1 8.89522674026403 0.30511736182771
  1 31 1 8.14555419579168 0.403753427903273
  2 31 1 8.73914002594272 0.278331587636247
  1 32 1 6.91224856267976 0.491331418922754
  2 32 1 7.9941741225727 0.329726795744574
  1 33 1 7.10902297314446 0.537081122476055
  2 33 1 8.00407366178439 0.33086845072982
  1 34 1 6.81335030529129 0.379030815152119
  2 34 1 7.04898721399618 0.278881417082292
  1 35 1 6.4690374850373 0.519511456600017
  2 35 1 6.8517271748662 0.27351876283918
  1 36 1 7.41879551599559 0.556056214854877
  2 36 1 6.90494473824719 0.714061811185508
  1 37 1 5.81354903903871 0.588197671943964
  2 37 1 7.46755476801049 0.340315242626747
  1 38 1 6.55208052971334 0.324588369174256
  2 38 1 6.897864080476 0.300199803594678
  1 39 1 6.81072974149636 0.501841796783066
  2 39 1 6.87783915636207 0.438397059851219
  1 40 1 6.63748617431299 0.403101009292275
  2 40 1 7.32811588395971 0.410378233550251
  1 41 1 5.98993481030442 0.478602624152216
  2 41 1 5.96835478733778 0.362128776577143
  1 42 1 7.07732539961137 0.646634922078809
  2 42 1 9.31692299106319 0.816170985475773
  1 1 3 4.35285476692754 0.499484636786782
  1 2 3 3.44569090819255 0.358153914340203
  2 2 3 4.87741094869302 0.577110518633802
  1 3 3 5.15049046544998 0.678339172154909
  2 3 3 5.54221097304813 0.738121970739642
  1 4 3 3.84105720233815 1
  2 4 3 6.5471009846772 0.52056341701904
  1 5 3 4.81368748880304 0.693225535250834
  2 5 3 6.0626171973973 1
  1 6 3 5.1324439506969 1
  2 6 3 6.32237970927822 0.48452157876779
  1 7 3 4.05247955991572 0.912293822979085
  1 8 3 5.27534278608631 0.655734850091527
  2 8 3 5.99694548333083 0.750382084373246
  1 9 3 4.30456612352418 0.670809892238012
  2 9 3 5.84797400065087 0.47273108889926
  1 10 3 5.33935924094003 0.631102684426709
  2 10 3 5.62253363832847 0.919260399745188
  1 11 3 4.10753580354378 0.496475444687371
  1 12 3 4.94581714661707 0.740682868109632
  2 12 3 4.69232289249495 1
  1 13 3 4.60084384531466 0.360862225436052
  1 14 3 4.59369160726889 0.547901331396328
  2 14 3 5.53682459925184 0.478873954421528
  1 15 3 5.27620677865697 0.429608216382601
  2 15 3 5.43522508939505 0.654713783069401
  1 16 3 4.942909572767 0.69118921143411
  2 16 3 6.59626219572806 0.8614889831113
  1 17 3 5.10564345108094 0.426971754606328
  2 17 3 6.15294032230943 0.572182042928152
  1 18 3 4.48476357019772 0.505524319387353
  2 18 3 6.81193822006414 0.488492827246527
  1 19 3 5.50573327462718 0.644591984223249
  2 19 3 6.48203593211403 0.51925665989311
  1 20 3 5.93706783316786 0.899065435378594
  2 20 3 6.82831314428939 0.59569628754064
  1 21 3 6.11848000807899 0.543826822033971
  2 21 3 7.55752600514557 0.466111862829518
  1 22 3 6.44204315849279 0.88174616562504
  2 22 3 6.7961417614792 0.568444982816852
  1 23 3 5.67253425145634 0.408104676406013
  2 23 3 6.22820588393438 0.357346049869971
  1 24 3 6.06174281422778 0.92608255019157
  2 24 3 7.41295449793034 0.539541007788685
  1 25 3 5.6997401837093 0.648664057223823
  2 25 3 6.54290441993425 0.576168087832409
  1 26 3 6.10448199942022 0.695927823776047
  2 26 3 6.66719092950868 0.549529982814455
  1 27 3 5.57808432126545 0.708713243925404
  2 27 3 7.58795838726534 0.496269825160911
  1 28 3 6.57861085177462 0.489543853646182
  1 29 3 5.37664090254896 0.703511357168505
  2 29 3 7.24776917459129 0.875017095315649
  1 30 3 5.47881228632112 0.631659802692532
  2 30 3 7.60109249164847 0.908152223575802
  1 31 3 6.16150299334776 0.626570332091694
  2 31 3 5.96199744718624 0.712465807947941
  1 32 3 5.46991982154359 0.661895735249442
  2 32 3 7.04668570434686 0.86012943797605
  1 33 3 4.63001785982245 0.783155911787346
  2 33 3 7.11525513769469 0.598390099709208
  1 34 3 6.89713708363393 0.542775440757204
  2 34 3 8.10116200488132 0.743173480285892
  1 35 3 6.7814962596928 0.870542376054271
  2 35 3 7.48355094076839 0.446478967244395
  1 36 3 6.31750348215196 0.492193512682958
  2 36 3 8.12900364556829 0.490110041691513
  1 37 3 7.49724158571812 0.909630520329322
  2 37 3 7.97228722385403 0.433872317628348
  1 38 3 8.34165827401223 0.644773009949607
  2 38 3 8.22905788418708 0.484949159815328
  1 39 3 7.64443088112252 0.515045488987725
  2 39 3 8.45238039403131 0.388710136036013
  1 40 3 8.47796883216717 0.442573167063876
  2 40 3 9.21667447586079 0.395139923022642
  1 41 3 8.82538385949401 0.88587618368699
  2 41 3 9.55982421107708 0.537531419606343
  1 42 3 12.5722693581571 0.983269433580366
  2 42 3 10.489207104646 0.849696423298534
# end survey index observations 
#  
# Survey size comp data 
# Number of observations, init_int Nsurvey_size_obs 
  329
# init_matrix obs_survey_size(1,Nsurvey_size_obs,1,ncol) 
# Survey  Year  Species Type (0=whole, 1=retained, 2=discard) InpN, proportion by length bin 
  1 1 1 0 57 0.0175438596491228 0.456140350877193 0.421052631578947 0.087719298245614 0.0175438596491228
  1 2 1 0 65 0.0153846153846154 0.353846153846154 0.476923076923077 0.153846153846154 0
  1 3 1 0 32 0.03125 0.25 0.46875 0.21875 0.03125
  1 4 1 0 32 0.0625 0.65625 0.09375 0.1875 0
  1 5 1 0 21 0 0.571428571428571 0.380952380952381 0.0476190476190476 0
  1 6 1 0 18 0 0.666666666666667 0.277777777777778 0.0555555555555556 0
  1 7 1 0 25 0 0.6 0.2 0.2 0
  1 8 1 0 20 0 0.7 0.25 0.05 0
  1 9 1 0 16 0.0625 0.5 0.375 0.0625 0
  1 10 1 0 19 0.0526315789473684 0.631578947368421 0.315789473684211 0 0
  1 11 1 0 20 0.05 0.6 0.35 0 0
  1 12 1 0 22 0 0.545454545454545 0.409090909090909 0.0454545454545455 0
  1 13 1 0 23 0.0869565217391304 0.739130434782609 0.173913043478261 0 0
  1 14 1 0 14 0.0714285714285714 0.571428571428571 0.357142857142857 0 0
  1 15 1 0 21 0 0.476190476190476 0.476190476190476 0.0476190476190476 0
  1 16 1 0 14 0 0.571428571428571 0.357142857142857 0.0714285714285714 0
  1 17 1 0 17 0 0.823529411764706 0.117647058823529 0.0588235294117647 0
  1 18 1 0 19 0.105263157894737 0.736842105263158 0.157894736842105 0 0
  1 19 1 0 18 0 0.944444444444444 0.0555555555555556 0 0
  1 20 1 0 15 0.0666666666666667 0.4 0.533333333333333 0 0
  1 21 1 0 21 0.0952380952380952 0.619047619047619 0.285714285714286 0 0
  1 22 1 0 13 0.0769230769230769 0.307692307692308 0.461538461538462 0.153846153846154 0
  1 23 1 0 14 0.0714285714285714 0.714285714285714 0.214285714285714 0 0
  1 24 1 0 14 0.0714285714285714 0.571428571428571 0.285714285714286 0.0714285714285714 0
  1 25 1 0 18 0 0.388888888888889 0.444444444444444 0.166666666666667 0
  1 26 1 0 14 0 0.5 0.357142857142857 0.142857142857143 0
  1 27 1 0 23 0 0.434782608695652 0.434782608695652 0.130434782608696 0
  1 28 1 0 14 0.0714285714285714 0.785714285714286 0.0714285714285714 0.0714285714285714 0
  1 29 1 0 17 0.0588235294117647 0.588235294117647 0.294117647058824 0.0588235294117647 0
  1 30 1 0 18 0 0.5 0.444444444444444 0.0555555555555556 0
  1 31 1 0 20 0 0.45 0.45 0.1 0
  1 32 1 0 10 0 0.2 0.8 0 0
  1 33 1 0 15 0 0.466666666666667 0.466666666666667 0.0666666666666667 0
  1 34 1 0 18 0 0.333333333333333 0.444444444444444 0.222222222222222 0
  1 35 1 0 8 0 0.75 0.125 0.125 0
  1 36 1 0 12 0.0833333333333333 0.75 0.166666666666667 0 0
  1 37 1 0 8 0 0.625 0.375 0 0
  1 38 1 0 16 0 0.75 0.25 0 0
  1 39 1 0 10 0.1 0.3 0.5 0.1 0
  1 40 1 0 10 0 0.5 0.5 0 0
  1 41 1 0 13 0 0.461538461538462 0.384615384615385 0.153846153846154 0
  1 42 1 0 8 0 1 0 0 0
  1 1 2 0 11 0 0 0.363636363636364 0.636363636363636 0
  1 4 2 0 1 0 0 0 1 0
  1 5 2 0 5 0 0 0.8 0.2 0
  1 6 2 0 1 0 0 1 0 0
  1 7 2 0 3 0 0 0.666666666666667 0.333333333333333 0
  1 8 2 0 4 0 0 0.75 0.25 0
  1 9 2 0 5 0 0 0.6 0.4 0
  1 10 2 0 10 0 0 0.9 0.1 0
  1 11 2 0 13 0 0 0.615384615384615 0.384615384615385 0
  1 12 2 0 15 0 0 0.466666666666667 0.533333333333333 0
  1 13 2 0 9 0 0 0.333333333333333 0.666666666666667 0
  1 14 2 0 6 0 0 0.5 0.5 0
  1 15 2 0 13 0 0 0.307692307692308 0.692307692307692 0
  1 16 2 0 10 0 0 0.3 0.7 0
  1 17 2 0 10 0 0.9 0.1 0 0
  1 18 2 0 18 0 0 1 0 0
  1 19 2 0 27 0 0 0.814814814814815 0.185185185185185 0
  1 20 2 0 23 0 0 0.391304347826087 0.608695652173913 0
  1 21 2 0 25 0 0 0.44 0.56 0
  1 22 2 0 9 0 0 0.444444444444444 0.555555555555556 0
  1 23 2 0 8 0 0 0.625 0.375 0
  1 24 2 0 9 0 0 0.111111111111111 0.888888888888889 0
  1 25 2 0 14 0 0 0.428571428571429 0.571428571428571 0
  1 26 2 0 18 0 0 0.166666666666667 0.833333333333333 0
  1 27 2 0 16 0 0.0625 0.1875 0.75 0
  1 28 2 0 6 0 0 0.5 0.5 0
  1 29 2 0 8 0 0 0.125 0.875 0
  1 30 2 0 17 0 0.117647058823529 0.823529411764706 0.0588235294117647 0
  1 31 2 0 9 0 0 0.777777777777778 0.222222222222222 0
  1 32 2 0 30 0 0 0.666666666666667 0.333333333333333 0
  1 33 2 0 24 0 0 0.416666666666667 0.583333333333333 0
  1 34 2 0 25 0 0.04 0.28 0.68 0
  1 35 2 0 16 0 0.0625 0.4375 0.5 0
  1 36 2 0 13 0 0 0.230769230769231 0.769230769230769 0
  1 37 2 0 8 0 0 0.625 0.375 0
  1 38 2 0 10 0 0 0.5 0.5 0
  1 39 2 0 13 0 0 0.230769230769231 0.769230769230769 0
  1 40 2 0 8 0 0 0.125 0.875 0
  1 41 2 0 5 0 0 0.2 0.8 0
  1 42 2 0 17 0 0.0588235294117647 0.411764705882353 0.529411764705882 0
  1 1 3 0 27 0 0.333333333333333 0.185185185185185 0.481481481481481 0
  1 2 3 0 13 0 0.846153846153846 0.0769230769230769 0.0769230769230769 0
  1 3 3 0 5 0 0.6 0 0.4 0
  1 4 3 0 2 0 0.5 0.5 0 0
  1 5 3 0 5 0 0.2 0.6 0.2 0
  1 6 3 0 1 0 0 0 1 0
  1 7 3 0 3 0 0 0.666666666666667 0.333333333333333 0
  1 8 3 0 3 0 0 1 0 0
  1 9 3 0 4 0 0 0.75 0.25 0
  1 10 3 0 4 0 0.25 0.5 0.25 0
  1 11 3 0 4 0 0 0.5 0.5 0
  1 12 3 0 2 0 0 1 0 0
  1 13 3 0 8 0 0 0.625 0.375 0
  1 14 3 0 19 0 0.210526315789474 0.473684210526316 0.315789473684211 0
  1 15 3 0 15 0 0.466666666666667 0.266666666666667 0.266666666666667 0
  1 16 3 0 12 0 0.166666666666667 0.75 0.0833333333333333 0
  1 17 3 0 14 0 0.5 0.5 0 0
  1 18 3 0 14 0 0.5 0.5 0 0
  1 19 3 0 15 0 0.4 0.4 0.2 0
  1 20 3 0 17 0 0.352941176470588 0.411764705882353 0.235294117647059 0
  1 21 3 0 12 0 0.166666666666667 0.583333333333333 0.25 0
  1 22 3 0 11 0 0 0.727272727272727 0.272727272727273 0
  1 23 3 0 16 0 0.375 0.5 0.125 0
  1 24 3 0 15 0 0.333333333333333 0.466666666666667 0.2 0
  1 25 3 0 4 0 0.5 0.5 0 0
  1 26 3 0 14 0 0.214285714285714 0.571428571428571 0.214285714285714 0
  1 27 3 0 6 0 0.333333333333333 0.5 0.166666666666667 0
  1 28 3 0 4 0 0 0.25 0.75 0
  1 29 3 0 2 0 0.5 0.5 0 0
  1 30 3 0 10 0 0.1 0.4 0.5 0
  1 31 3 0 9 0 0.111111111111111 0.666666666666667 0.222222222222222 0
  1 32 3 0 12 0 0 0.333333333333333 0.666666666666667 0
  1 33 3 0 5 0 0.2 0 0.8 0
  1 34 3 0 9 0 0.666666666666667 0.222222222222222 0.111111111111111 0
  1 35 3 0 5 0 0.6 0.4 0 0
  1 36 3 0 5 0 0.8 0.2 0 0
  1 37 3 0 3 0 0 1 0 0
  1 38 3 0 15 0 0.133333333333333 0.866666666666667 0 0
  1 39 3 0 12 0 0.333333333333333 0.583333333333333 0.0833333333333333 0
  1 40 3 0 9 0 0.555555555555556 0.333333333333333 0.111111111111111 0
  1 41 3 0 8 0 0.375 0.375 0.25 0
  1 42 3 0 12 0 0.5 0.416666666666667 0.0833333333333333 0
  1 1 4 0 86 0.0116279069767442 0.267441860465116 0.581395348837209 0.13953488372093 0
  1 2 4 0 100 0.01 0.21 0.66 0.12 0
  1 3 4 0 33 0.0303030303030303 0.0909090909090909 0.757575757575758 0.121212121212121 0
  1 4 4 0 44 0.0681818181818182 0.25 0.522727272727273 0.159090909090909 0
  1 5 4 0 34 0.0588235294117647 0.205882352941176 0.529411764705882 0.205882352941176 0
  1 6 4 0 40 0.175 0.3 0.3 0.225 0
  1 7 4 0 39 0.102564102564103 0.41025641025641 0.282051282051282 0.205128205128205 0
  1 8 4 0 49 0.0612244897959184 0.489795918367347 0.346938775510204 0.102040816326531 0
  1 9 4 0 36 0.0277777777777778 0.583333333333333 0.25 0.138888888888889 0
  1 10 4 0 43 0.0930232558139535 0.488372093023256 0.27906976744186 0.13953488372093 0
  1 11 4 0 41 0 0.585365853658537 0.292682926829268 0.121951219512195 0
  1 12 4 0 35 0.0857142857142857 0.514285714285714 0.314285714285714 0.0857142857142857 0
  1 13 4 0 32 0 0.65625 0.1875 0.15625 0
  1 14 4 0 21 0 0.571428571428571 0.238095238095238 0.19047619047619 0
  1 15 4 0 30 0.166666666666667 0.433333333333333 0.333333333333333 0.0666666666666667 0
  1 16 4 0 19 0.105263157894737 0.631578947368421 0.263157894736842 0 0
  1 17 4 0 35 0.0571428571428571 0.6 0.257142857142857 0.0857142857142857 0
  1 18 4 0 27 0 0.814814814814815 0.148148148148148 0.037037037037037 0
  1 19 4 0 34 0.0294117647058824 0.441176470588235 0.5 0.0294117647058824 0
  1 20 4 0 42 0.0476190476190476 0.5 0.30952380952381 0.142857142857143 0
  1 21 4 0 41 0.024390243902439 0.536585365853659 0.341463414634146 0.0975609756097561 0
  1 22 4 0 44 0 0.5 0.431818181818182 0.0681818181818182 0
  1 23 4 0 28 0.0357142857142857 0.357142857142857 0.392857142857143 0.214285714285714 0
  1 24 4 0 34 0 0.5 0.382352941176471 0.117647058823529 0
  1 25 4 0 36 0 0.416666666666667 0.361111111111111 0.222222222222222 0
  1 26 4 0 31 0 0.290322580645161 0.483870967741935 0.225806451612903 0
  1 27 4 0 39 0 0.256410256410256 0.487179487179487 0.256410256410256 0
  1 28 4 0 38 0 0.342105263157895 0.473684210526316 0.184210526315789 0
  1 29 4 0 48 0 0.25 0.479166666666667 0.270833333333333 0
  1 30 4 0 38 0 0.263157894736842 0.342105263157895 0.394736842105263 0
  1 31 4 0 61 0.0163934426229508 0.311475409836066 0.442622950819672 0.229508196721311 0
  1 32 4 0 48 0.0208333333333333 0.208333333333333 0.479166666666667 0.291666666666667 0
  1 33 4 0 49 0.0408163265306122 0.408163265306122 0.346938775510204 0.204081632653061 0
  1 34 4 0 44 0.25 0.522727272727273 0.159090909090909 0.0681818181818182 0
  1 35 4 0 61 0.114754098360656 0.721311475409836 0.114754098360656 0.0491803278688525 0
  1 36 4 0 67 0.119402985074627 0.73134328358209 0.134328358208955 0.0149253731343284 0
  1 37 4 0 57 0.087719298245614 0.56140350877193 0.280701754385965 0.0701754385964912 0
  1 38 4 0 38 0.131578947368421 0.578947368421053 0.236842105263158 0.0526315789473684 0
  1 39 4 0 52 0 0.634615384615385 0.307692307692308 0.0576923076923077 0
  1 40 4 0 43 0.0465116279069767 0.418604651162791 0.534883720930233 0 0
  1 41 4 0 42 0 0.619047619047619 0.333333333333333 0.0476190476190476 0
  1 42 4 0 61 0.0163934426229508 0.524590163934426 0.344262295081967 0.114754098360656 0
  2 1 1 0 58 0 0.275862068965517 0.551724137931034 0.172413793103448 0
  2 2 1 0 83 0 0.44578313253012 0.397590361445783 0.156626506024096 0
  2 3 1 0 63 0 0.222222222222222 0.507936507936508 0.26984126984127 0
  2 4 1 0 56 0.142857142857143 0.553571428571429 0.178571428571429 0.125 0
  2 5 1 0 55 0.0727272727272727 0.581818181818182 0.2 0.127272727272727 0.0181818181818182
  2 6 1 0 45 0.0222222222222222 0.488888888888889 0.288888888888889 0.2 0
  2 7 1 0 46 0.0869565217391304 0.58695652173913 0.304347826086957 0.0217391304347826 0
  2 8 1 0 56 0.0535714285714286 0.589285714285714 0.321428571428571 0.0357142857142857 0
  2 9 1 0 51 0.0784313725490196 0.568627450980392 0.215686274509804 0.137254901960784 0
  2 10 1 0 44 0 0.568181818181818 0.363636363636364 0.0681818181818182 0
  2 11 1 0 49 0.163265306122449 0.693877551020408 0.122448979591837 0.0204081632653061 0
  2 12 1 0 50 0.14 0.7 0.16 0 0
  2 13 1 0 48 0.0416666666666667 0.604166666666667 0.354166666666667 0 0
  2 14 1 0 52 0.0192307692307692 0.480769230769231 0.480769230769231 0 0.0192307692307692
  2 15 1 0 31 0.0645161290322581 0.419354838709677 0.516129032258065 0 0
  2 16 1 0 38 0.0526315789473684 0.473684210526316 0.447368421052632 0.0263157894736842 0
  2 17 1 0 26 0.0384615384615385 0.615384615384615 0.307692307692308 0.0384615384615385 0
  2 18 1 0 33 0.242424242424242 0.666666666666667 0.0909090909090909 0 0
  2 19 1 0 31 0.129032258064516 0.709677419354839 0.161290322580645 0 0
  2 20 1 0 38 0.0263157894736842 0.5 0.447368421052632 0.0263157894736842 0
  2 21 1 0 30 0.1 0.5 0.333333333333333 0.0666666666666667 0
  2 22 1 0 35 0.114285714285714 0.714285714285714 0.171428571428571 0 0
  2 23 1 0 35 0.114285714285714 0.685714285714286 0.171428571428571 0.0285714285714286 0
  2 24 1 0 26 0 0.538461538461538 0.423076923076923 0.0384615384615385 0
  2 25 1 0 32 0.09375 0.5 0.375 0.03125 0
  2 26 1 0 26 0.0384615384615385 0.5 0.346153846153846 0.115384615384615 0
  2 27 1 0 37 0.0810810810810811 0.405405405405405 0.405405405405405 0.108108108108108 0
  2 28 1 0 35 0.0285714285714286 0.742857142857143 0.2 0.0285714285714286 0
  2 29 1 0 33 0.0303030303030303 0.606060606060606 0.272727272727273 0.0909090909090909 0
  2 30 1 0 45 0.0222222222222222 0.644444444444444 0.244444444444444 0.0888888888888889 0
  2 31 1 0 34 0 0.588235294117647 0.323529411764706 0.0882352941176471 0
  2 32 1 0 36 0.0277777777777778 0.472222222222222 0.361111111111111 0.138888888888889 0
  2 33 1 0 42 0 0.404761904761905 0.476190476190476 0.119047619047619 0
  2 34 1 0 34 0.0588235294117647 0.411764705882353 0.323529411764706 0.205882352941176 0
  2 35 1 0 35 0.0285714285714286 0.828571428571429 0.114285714285714 0.0285714285714286 0
  2 36 1 0 28 0.107142857142857 0.642857142857143 0.25 0 0
  2 37 1 0 22 0.0454545454545455 0.636363636363636 0.318181818181818 0 0
  2 38 1 0 32 0.0625 0.78125 0.125 0.03125 0
  2 39 1 0 27 0.111111111111111 0.518518518518518 0.333333333333333 0.037037037037037 0
  2 40 1 0 39 0.0256410256410256 0.615384615384615 0.282051282051282 0.0769230769230769 0
  2 41 1 0 20 0.05 0.5 0.4 0.05 0
  2 42 1 0 30 0.233333333333333 0.766666666666667 0 0 0
  2 1 2 0 16 0 0 0.5 0.4375 0.0625
  2 2 2 0 20 0 0 0.45 0.5 0.05
  2 3 2 0 34 0 0 0.235294117647059 0.676470588235294 0.0882352941176471
  2 4 2 0 15 0 0 0.2 0.666666666666667 0.133333333333333
  2 5 2 0 4 0 0 0.25 0.5 0.25
  2 6 2 0 7 0 0.142857142857143 0.714285714285714 0.142857142857143 0
  2 7 2 0 18 0 0 0.444444444444444 0.555555555555556 0
  2 8 2 0 22 0 0.136363636363636 0.363636363636364 0.5 0
  2 9 2 0 21 0 0.333333333333333 0.333333333333333 0.333333333333333 0
  2 10 2 0 11 0 0.0909090909090909 0.636363636363636 0.272727272727273 0
  2 11 2 0 7 0 0 1 0 0
  2 12 2 0 19 0 0 0.526315789473684 0.473684210526316 0
  2 13 2 0 32 0 0 0.28125 0.71875 0
  2 14 2 0 34 0 0.0294117647058824 0.294117647058824 0.676470588235294 0
  2 15 2 0 27 0 0 0.259259259259259 0.740740740740741 0
  2 16 2 0 42 0 0 0.214285714285714 0.785714285714286 0
  2 17 2 0 34 0 0.970588235294118 0.0294117647058824 0 0
  2 18 2 0 28 0 0.107142857142857 0.892857142857143 0 0
  2 19 2 0 26 0 0.0769230769230769 0.730769230769231 0.192307692307692 0
  2 20 2 0 32 0 0.15625 0.5 0.34375 0
  2 21 2 0 37 0 0.027027027027027 0.459459459459459 0.513513513513513 0
  2 22 2 0 38 0 0.0263157894736842 0.447368421052632 0.526315789473684 0
  2 23 2 0 41 0 0 0.292682926829268 0.707317073170732 0
  2 24 2 0 33 0 0 0.272727272727273 0.727272727272727 0
  2 25 2 0 45 0 0 0.222222222222222 0.777777777777778 0
  2 26 2 0 28 0 0.0357142857142857 0.285714285714286 0.678571428571429 0
  2 27 2 0 47 0 0.0425531914893617 0.25531914893617 0.702127659574468 0
  2 28 2 0 22 0 0.0454545454545455 0.454545454545455 0.5 0
  2 29 2 0 40 0 0.3 0.3 0.4 0
  2 30 2 0 28 0 0.25 0.5 0.25 0
  2 31 2 0 32 0 0.15625 0.75 0.09375 0
  2 32 2 0 40 0 0 0.775 0.225 0
  2 33 2 0 43 0 0.0697674418604651 0.418604651162791 0.511627906976744 0
  2 34 2 0 46 0 0.239130434782609 0.391304347826087 0.369565217391304 0
  2 35 2 0 60 0 0.05 0.45 0.5 0
  2 36 2 0 49 0 0.163265306122449 0.346938775510204 0.489795918367347 0
  2 37 2 0 32 0 0.03125 0.34375 0.625 0
  2 38 2 0 30 0 0 0.533333333333333 0.466666666666667 0
  2 39 2 0 29 0 0 0.103448275862069 0.896551724137931 0
  2 40 2 0 31 0 0 0.32258064516129 0.67741935483871 0
  2 41 2 0 14 0 0.214285714285714 0.214285714285714 0.571428571428571 0
  2 42 2 0 19 0 0.368421052631579 0.157894736842105 0.473684210526316 0
  2 2 3 0 3 0 0.666666666666667 0 0.333333333333333 0
  2 3 3 0 3 0 0.666666666666667 0 0.333333333333333 0
  2 4 3 0 7 0 0.571428571428571 0.285714285714286 0.142857142857143 0
  2 5 3 0 1 0 0 1 0 0
  2 6 3 0 14 0 0.214285714285714 0.5 0.285714285714286 0
  2 8 3 0 10 0 0.1 0.5 0.4 0
  2 9 3 0 6 0 0 0.833333333333333 0.166666666666667 0
  2 10 3 0 2 0 0.5 0 0.5 0
  2 12 3 0 1 0 0 0 1 0
  2 14 3 0 9 0 0.333333333333333 0.333333333333333 0.333333333333333 0
  2 15 3 0 5 0 0.6 0.4 0 0
  2 16 3 0 9 0 0.444444444444444 0.444444444444444 0.111111111111111 0
  2 17 3 0 9 0 0.555555555555556 0.444444444444444 0 0
  2 18 3 0 13 0 0.307692307692308 0.615384615384615 0.0769230769230769 0
  2 19 3 0 14 0 0.214285714285714 0.642857142857143 0.142857142857143 0
  2 20 3 0 19 0 0.421052631578947 0.473684210526316 0.105263157894737 0
  2 21 3 0 20 0.05 0.15 0.65 0.15 0
  2 22 3 0 23 0 0.0434782608695652 0.391304347826087 0.565217391304348 0
  2 23 3 0 26 0.0384615384615385 0.384615384615385 0.346153846153846 0.230769230769231 0
  2 24 3 0 28 0 0.357142857142857 0.428571428571429 0.214285714285714 0
  2 25 3 0 20 0 0.55 0.4 0.05 0
  2 26 3 0 7 0 0.428571428571429 0.571428571428571 0 0
  2 27 3 0 5 0 0.2 0.6 0.2 0
  2 29 3 0 6 0 0 0.833333333333333 0.166666666666667 0
  2 30 3 0 14 0 0.142857142857143 0.285714285714286 0.571428571428571 0
  2 31 3 0 7 0 0 0.285714285714286 0.714285714285714 0
  2 32 3 0 20 0 0.2 0.35 0.45 0
  2 33 3 0 18 0 0.222222222222222 0.277777777777778 0.5 0
  2 34 3 0 15 0 0.8 0 0.2 0
  2 35 3 0 28 0 0.642857142857143 0.25 0.107142857142857 0
  2 36 3 0 25 0.04 0.48 0.44 0.04 0
  2 37 3 0 19 0 0.368421052631579 0.631578947368421 0 0
  2 38 3 0 33 0 0.242424242424242 0.606060606060606 0.151515151515152 0
  2 39 3 0 32 0 0.1875 0.59375 0.21875 0
  2 40 3 0 34 0 0.470588235294118 0.382352941176471 0.147058823529412 0
  2 41 3 0 20 0 0.55 0.3 0.15 0
  2 42 3 0 27 0 0.37037037037037 0.481481481481481 0.148148148148148 0
  2 1 4 0 44 0 0.25 0.522727272727273 0.227272727272727 0
  2 2 4 0 75 0 0.173333333333333 0.666666666666667 0.16 0
  2 3 4 0 66 0 0.136363636363636 0.636363636363636 0.227272727272727 0
  2 4 4 0 54 0.12962962962963 0.259259259259259 0.333333333333333 0.277777777777778 0
  2 5 4 0 31 0.129032258064516 0.354838709677419 0.419354838709677 0.0967741935483871 0
  2 6 4 0 24 0.125 0.375 0.291666666666667 0.208333333333333 0
  2 7 4 0 20 0.2 0.25 0.45 0.1 0
  2 8 4 0 25 0.16 0.36 0.28 0.2 0
  2 9 4 0 44 0.136363636363636 0.454545454545455 0.204545454545455 0.204545454545455 0
  2 10 4 0 36 0.333333333333333 0.305555555555556 0.194444444444444 0.166666666666667 0
  2 11 4 0 22 0.136363636363636 0.5 0.272727272727273 0.0909090909090909 0
  2 12 4 0 21 0.0476190476190476 0.571428571428571 0.285714285714286 0.0952380952380952 0
  2 13 4 0 26 0.153846153846154 0.653846153846154 0.115384615384615 0.0769230769230769 0
  2 14 4 0 35 0.0571428571428571 0.457142857142857 0.342857142857143 0.142857142857143 0
  2 15 4 0 21 0.19047619047619 0.380952380952381 0.380952380952381 0.0476190476190476 0
  2 16 4 0 30 0.166666666666667 0.5 0.233333333333333 0.1 0
  2 17 4 0 40 0.2 0.6 0.075 0.125 0
  2 18 4 0 42 0.0952380952380952 0.523809523809524 0.30952380952381 0.0714285714285714 0
  2 19 4 0 46 0.0869565217391304 0.565217391304348 0.282608695652174 0.0652173913043478 0
  2 20 4 0 37 0.0810810810810811 0.486486486486487 0.351351351351351 0.0810810810810811 0
  2 21 4 0 44 0.0909090909090909 0.590909090909091 0.272727272727273 0.0454545454545455 0
  2 22 4 0 42 0.0714285714285714 0.476190476190476 0.380952380952381 0.0714285714285714 0
  2 23 4 0 35 0.0285714285714286 0.371428571428571 0.428571428571429 0.171428571428571 0
  2 24 4 0 26 0.0384615384615385 0.230769230769231 0.538461538461538 0.192307692307692 0
  2 25 4 0 19 0.0526315789473684 0.526315789473684 0.368421052631579 0.0526315789473684 0
  2 26 4 0 29 0.0344827586206897 0.310344827586207 0.482758620689655 0.172413793103448 0
  2 27 4 0 10 0 0.1 0.8 0.1 0
  2 28 4 0 20 0.05 0.45 0.35 0.15 0
  2 29 4 0 25 0 0.28 0.32 0.4 0
  2 30 4 0 18 0 0.444444444444444 0.388888888888889 0.166666666666667 0
  2 31 4 0 24 0.0416666666666667 0.25 0.458333333333333 0.25 0
  2 32 4 0 21 0.142857142857143 0.238095238095238 0.285714285714286 0.333333333333333 0
  2 33 4 0 10 0.1 0.3 0.4 0.2 0
  2 34 4 0 12 0.583333333333333 0.333333333333333 0.0833333333333333 0 0
  2 35 4 0 29 0.275862068965517 0.551724137931034 0.0689655172413793 0.103448275862069 0
  2 36 4 0 17 0.235294117647059 0.647058823529412 0.117647058823529 0 0
  2 37 4 0 39 0.102564102564103 0.666666666666667 0.230769230769231 0 0
  2 38 4 0 9 0 0.555555555555556 0.333333333333333 0.111111111111111 0
  2 39 4 0 50 0.1 0.58 0.3 0.02 0
  2 40 4 0 15 0.2 0.4 0.4 0 0
  2 41 4 0 7 0.142857142857143 0.428571428571429 0.428571428571429 0 0
  2 42 4 0 9 0 0.222222222222222 0.666666666666667 0.111111111111111 0
# end survey length observations 
#  
# Fishery catch data 
# Number of observations, init_int Ncatch_obs
  168
# init_matrix obs_catch_biomass(1,Ncatch_obs,1,6) 
# Fleet	Area	Year	Species	Catch(biomass t)	CV 
  1 1 1 1 9.70254280936158 0.05
  1 1 2 1 9.79052725199465 0.05
  1 1 3 1 10.1456001658391 0.05
  1 1 4 1 9.95946937281414 0.05
  1 1 5 1 10.1962942524621 0.05
  1 1 6 1 10.134483808716 0.05
  1 1 7 1 9.80156070471727 0.05
  1 1 8 1 9.97555837425523 0.05
  1 1 9 1 9.77258140119174 0.05
  1 1 10 1 9.88785296988615 0.05
  1 1 11 1 10.1145605749909 0.05
  1 1 12 1 10.0219314868911 0.05
  1 1 13 1 10.1984528439374 0.05
  1 1 14 1 10.1926116725721 0.05
  1 1 15 1 9.75882424367444 0.05
  1 1 16 1 9.33610209026375 0.05
  1 1 17 1 9.33284311822857 0.05
  1 1 18 1 8.28166977163054 0.05
  1 1 19 1 8.5809487167636 0.05
  1 1 20 1 8.91535650746626 0.05
  1 1 21 1 8.45297081026159 0.05
  1 1 22 1 8.60772444556958 0.05
  1 1 23 1 8.84723524455248 0.05
  1 1 24 1 9.0084076789927 0.05
  1 1 25 1 8.84936066841107 0.05
  1 1 26 1 8.69631423525146 0.05
  1 1 27 1 8.03656000895007 0.05
  1 1 28 1 7.63252296982866 0.05
  1 1 29 1 8.21263618669772 0.05
  1 1 30 1 8.25065648561494 0.05
  1 1 31 1 8.2465515740536 0.05
  1 1 32 1 8.35134800019015 0.05
  1 1 33 1 7.8375428653592 0.05
  1 1 34 1 7.88132776522701 0.05
  1 1 35 1 7.40667236050229 0.05
  1 1 36 1 6.59428614054732 0.05
  1 1 37 1 7.0206991842212 0.05
  1 1 38 1 6.88477189097157 0.05
  1 1 39 1 6.91883510395864 0.05
  1 1 40 1 6.63487511665786 0.05
  1 1 41 1 6.48836068898279 0.05
  1 1 42 1 6.07474837750543 0.05
  1 1 1 4 8.82828612465607 0.05
  1 1 2 4 8.63498477763832 0.05
  1 1 3 4 8.84964581835362 0.05
  1 1 4 4 8.69911352922664 0.05
  1 1 5 4 9.12574689858361 0.05
  1 1 6 4 8.97396048685195 0.05
  1 1 7 4 8.69457851503257 0.05
  1 1 8 4 8.86852120877023 0.05
  1 1 9 4 8.76385513281732 0.05
  1 1 10 4 8.97673528881804 0.05
  1 1 11 4 9.02708135362102 0.05
  1 1 12 4 9.24209338840029 0.05
  1 1 13 4 9.63762686826604 0.05
  1 1 14 4 9.59029178751483 0.05
  1 1 15 4 9.34299952220468 0.05
  1 1 16 4 9.12339742292935 0.05
  1 1 17 4 9.44244166549888 0.05
  1 1 18 4 9.06623781334171 0.05
  1 1 19 4 9.25116392989571 0.05
  1 1 20 4 9.33570649253429 0.05
  1 1 21 4 8.74682201202761 0.05
  1 1 22 4 8.70465104332771 0.05
  1 1 23 4 8.94472355195488 0.05
  1 1 24 4 9.08337585607116 0.05
  1 1 25 4 8.90933754454917 0.05
  1 1 26 4 8.8385570869418 0.05
  1 1 27 4 8.35089858498429 0.05
  1 1 28 4 7.75823951563919 0.05
  1 1 29 4 8.4062733863564 0.05
  1 1 30 4 8.27794004566151 0.05
  1 1 31 4 8.08161083117062 0.05
  1 1 32 4 8.33086664718051 0.05
  1 1 33 4 8.09646910159673 0.05
  1 1 34 4 8.30580505399697 0.05
  1 1 35 4 8.38651944713557 0.05
  1 1 36 4 8.11021763746705 0.05
  1 1 37 4 8.56544553724427 0.05
  1 1 38 4 8.45666343407272 0.05
  1 1 39 4 8.6736751243321 0.05
  1 1 40 4 8.32531063409104 0.05
  1 1 41 4 8.34363069915837 0.05
  1 1 42 4 7.78592406531762 0.05
  2 1 1 2 7.47625971986965 0.05
  2 1 2 2 6.70021152355699 0.05
  2 1 3 2 7.04120079172296 0.05
  2 1 4 2 6.66458184637843 0.05
  2 1 5 2 7.54507044743655 0.05
  2 1 6 2 7.22389603809962 0.05
  2 1 7 2 6.75144145149699 0.05
  2 1 8 2 6.7851307808111 0.05
  2 1 9 2 6.83160564717109 0.05
  2 1 10 2 6.63709581809506 0.05
  2 1 11 2 7.31801517336299 0.05
  2 1 12 2 6.73624378924029 0.05
  2 1 13 2 8.09623691211355 0.05
  2 1 14 2 7.49580672999019 0.05
  2 1 15 2 7.07194152947404 0.05
  2 1 16 2 7.46972275163625 0.05
  2 1 17 2 8.58386412943919 0.05
  2 1 18 2 3.67917691010922 0.05
  2 1 19 2 8.09072464157308 0.05
  2 1 20 2 8.94985204845193 0.05
  2 1 21 2 9.4262349025966 0.05
  2 1 22 2 10.1701983410321 0.05
  2 1 23 2 9.64932565852811 0.05
  2 1 24 2 9.32143203924796 0.05
  2 1 25 2 9.50084308316254 0.05
  2 1 26 2 9.89653597220901 0.05
  2 1 27 2 9.8832526134631 0.05
  2 1 28 2 9.07514313191794 0.05
  2 1 29 2 9.46467539979778 0.05
  2 1 30 2 9.53339250340451 0.05
  2 1 31 2 9.59403032087998 0.05
  2 1 32 2 9.81034083881235 0.05
  2 1 33 2 9.17522535090538 0.05
  2 1 34 2 9.53409185775559 0.05
  2 1 35 2 9.48434568449478 0.05
  2 1 36 2 10.5154138849824 0.05
  2 1 37 2 10.2189469395441 0.05
  2 1 38 2 9.70027116680641 0.05
  2 1 39 2 9.24329658622864 0.05
  2 1 40 2 9.19913959435424 0.05
  2 1 41 2 8.80265930303595 0.05
  2 1 42 2 7.03836922248284 0.05
  2 1 1 3 5.97287226786744 0.05
  2 1 2 3 5.70729285378749 0.05
  2 1 3 3 6.01648902828892 0.05
  2 1 4 3 6.18977547460672 0.05
  2 1 5 3 7.65463050831875 0.05
  2 1 6 3 8.14914374810154 0.05
  2 1 7 3 7.82827237485691 0.05
  2 1 8 3 7.95768568485323 0.05
  2 1 9 3 7.98419138051689 0.05
  2 1 10 3 7.76623166303486 0.05
  2 1 11 3 7.84366068638934 0.05
  2 1 12 3 6.60226906658194 0.05
  2 1 13 3 7.77435173771993 0.05
  2 1 14 3 7.26518888760609 0.05
  2 1 15 3 6.86206009179973 0.05
  2 1 16 3 7.48164285873869 0.05
  2 1 17 3 9.96029239262917 0.05
  2 1 18 3 6.76580750220212 0.05
  2 1 19 3 6.85218534379989 0.05
  2 1 20 3 6.4615012992347 0.05
  2 1 21 3 6.48373722706257 0.05
  2 1 22 3 7.19156799856255 0.05
  2 1 23 3 6.55449667975158 0.05
  2 1 24 3 6.27600389324362 0.05
  2 1 25 3 6.59624051796654 0.05
  2 1 26 3 7.35015626504727 0.05
  2 1 27 3 7.50406516719727 0.05
  2 1 28 3 6.74155587694018 0.05
  2 1 29 3 7.32762462473518 0.05
  2 1 30 3 7.26366092897141 0.05
  2 1 31 3 7.13930039771683 0.05
  2 1 32 3 6.51974328500691 0.05
  2 1 33 3 5.29455919661965 0.05
  2 1 34 3 5.36177090702566 0.05
  2 1 35 3 5.41100287317413 0.05
  2 1 36 3 7.13449854606513 0.05
  2 1 37 3 7.34207047158121 0.05
  2 1 38 3 7.13547951493368 0.05
  2 1 39 3 6.82515154711019 0.05
  2 1 40 3 7.0276402000605 0.05
  2 1 41 3 9.75014256821706 0.05
  2 1 42 3 9.82624324384854 0.05
# end catch observations 
#  
# Fishery size comp data 
# Number of observations, init_int Ncatch_size_obs 
  168
# init_matrix obs_catch_size(1,Ncatch_size_obs,1,ncol) 
# Fleet Area  Year  Species Type (0=whole, 1=retained, 2=discard) InpN, proportion by size bin 
  1 1 1 1 0 81 0 0.259259259259259 0.728395061728395 0.0123456790123457 0
  1 1 2 1 0 73 0 0.10958904109589 0.726027397260274 0.123287671232877 0.0410958904109589
  1 1 3 1 0 65 0 0.107692307692308 0.676923076923077 0.2 0.0153846153846154
  1 1 4 1 0 56 0 0.0892857142857143 0.678571428571429 0.214285714285714 0.0178571428571429
  1 1 5 1 0 120 0 0.275 0.466666666666667 0.233333333333333 0.025
  1 1 6 1 0 130 0 0.215384615384615 0.607692307692308 0.176923076923077 0
  1 1 7 1 0 94 0 0.148936170212766 0.585106382978723 0.265957446808511 0
  1 1 8 1 0 94 0 0.212765957446809 0.627659574468085 0.159574468085106 0
  1 1 9 1 0 82 0 0.121951219512195 0.609756097560976 0.268292682926829 0
  1 1 10 1 0 76 0 0.25 0.565789473684211 0.171052631578947 0.0131578947368421
  1 1 11 1 0 74 0.0135135135135135 0.189189189189189 0.716216216216216 0.0810810810810811 0
  1 1 12 1 0 65 0 0.323076923076923 0.523076923076923 0.153846153846154 0
  1 1 13 1 0 77 0 0.428571428571429 0.428571428571429 0.142857142857143 0
  1 1 14 1 0 88 0 0.329545454545455 0.613636363636364 0.0568181818181818 0
  1 1 15 1 0 66 0 0.257575757575758 0.727272727272727 0.0151515151515152 0
  1 1 16 1 0 69 0 0.318840579710145 0.579710144927536 0.101449275362319 0
  1 1 17 1 0 43 0 0.13953488372093 0.720930232558139 0.13953488372093 0
  1 1 18 1 0 34 0.0294117647058824 0.382352941176471 0.529411764705882 0.0588235294117647 0
  1 1 19 1 0 55 0 0.527272727272727 0.381818181818182 0.0909090909090909 0
  1 1 20 1 0 64 0.015625 0.28125 0.625 0.078125 0
  1 1 21 1 0 77 0 0.285714285714286 0.662337662337662 0.051948051948052 0
  1 1 22 1 0 67 0 0.164179104477612 0.686567164179104 0.149253731343284 0
  1 1 23 1 0 133 0 0.353383458646617 0.541353383458647 0.105263157894737 0
  1 1 24 1 0 98 0 0.336734693877551 0.591836734693878 0.0714285714285714 0
  1 1 25 1 0 91 0 0.230769230769231 0.648351648351648 0.120879120879121 0
  1 1 26 1 0 77 0 0.246753246753247 0.623376623376623 0.12987012987013 0
  1 1 27 1 0 102 0 0.166666666666667 0.754901960784314 0.0784313725490196 0
  1 1 28 1 0 76 0 0.131578947368421 0.684210526315789 0.184210526315789 0
  1 1 29 1 0 110 0 0.245454545454545 0.563636363636364 0.190909090909091 0
  1 1 30 1 0 100 0 0.32 0.62 0.06 0
  1 1 31 1 0 108 0 0.194444444444444 0.694444444444444 0.111111111111111 0
  1 1 32 1 0 118 0 0.194915254237288 0.593220338983051 0.211864406779661 0
  1 1 33 1 0 129 0 0.147286821705426 0.635658914728682 0.217054263565891 0
  1 1 34 1 0 90 0 0.133333333333333 0.733333333333333 0.133333333333333 0
  1 1 35 1 0 69 0 0.231884057971014 0.550724637681159 0.217391304347826 0
  1 1 36 1 0 80 0 0.3625 0.525 0.1125 0
  1 1 37 1 0 62 0 0.403225806451613 0.5 0.0967741935483871 0
  1 1 38 1 0 94 0.0106382978723404 0.319148936170213 0.627659574468085 0.0425531914893617 0
  1 1 39 1 0 75 0 0.333333333333333 0.533333333333333 0.133333333333333 0
  1 1 40 1 0 75 0 0.253333333333333 0.68 0.0666666666666667 0
  1 1 41 1 0 35 0 0.171428571428571 0.742857142857143 0.0857142857142857 0
  1 1 42 1 0 22 0 0.136363636363636 0.727272727272727 0.136363636363636 0
  1 1 1 4 0 5 0 0 0.2 0.2 0
  1 1 2 4 0 5 0 0 0.4 0.4 0.2
  1 1 3 4 0 5 0 0 0 0.4 0
  1 1 4 4 0 5 0 0 0 1 0
  1 1 5 4 0 5 0 0 0 0.8 0.2
  1 1 6 4 0 5 0 0 0.4 0.6 0
  1 1 7 4 0 5 0 0 0.4 0.6 0
  1 1 8 4 0 5 0 0 0.2 0 0
  1 1 9 4 0 5 0 0 0 0.8 0.2
  1 1 10 4 0 5 0 0 0 1 0
  1 1 11 4 0 1 0 0 2 0 0
  1 1 12 4 0 5 0 0 0.6 0.4 0
  1 1 13 4 0 1 0 0 3 2 0
  1 1 14 4 0 2 0 0 0 2.5 0
  1 1 15 4 0 8 0 0 0.125 0.5 0
  1 1 16 4 0 3 0 0 0.333333333333333 1.33333333333333 0
  1 1 17 4 0 3 0 0 0 1.66666666666667 0
  1 1 18 4 0 1 0 0 2 3 0
  1 1 19 4 0 3 0 0 1.66666666666667 0 0
  1 1 20 4 0 3 0 0 4.33333333333333 5.66666666666667 0
  1 1 21 4 0 3 0 0 5.33333333333333 10 0
  1 1 22 4 0 2 0 0 1 4 0
  1 1 23 4 0 6 0 0 0.666666666666667 2.5 0
  1 1 24 4 0 1 0 0 7 54 0
  1 1 25 4 0 1 0 0 5 24 0
  1 1 26 4 0 2 0 0 1.5 14.5 0
  1 1 27 4 0 2 0 0 1 7 0
  1 1 28 4 0 4 0 0 1 6.75 0
  1 1 29 4 0 7 0 0 0.714285714285714 5.57142857142857 0
  1 1 30 4 0 6 0 0 1.16666666666667 3.66666666666667 0
  1 1 31 4 0 10 0 0 1.2 1.3 0
  1 1 32 4 0 7 0 0 2.28571428571429 0.857142857142857 0
  1 1 33 4 0 15 0 0 1.06666666666667 1.26666666666667 0
  1 1 34 4 0 19 0 0 0.315789473684211 1.15789473684211 0
  1 1 35 4 0 13 0 0 0.384615384615385 3.07692307692308 0
  1 1 36 4 0 23 0 0 0.608695652173913 1.60869565217391 0
  1 1 37 4 0 7 0 0 0.857142857142857 5 0
  1 1 38 4 0 7 0 0 1.14285714285714 4 0
  1 1 39 4 0 19 0 0 0.0526315789473684 1 0
  1 1 40 4 0 25 0 0 0.04 0.52 0
  1 1 41 4 0 31 0 0 0.0967741935483871 0.451612903225806 0
  1 1 42 4 0 31 0 0 0.032258064516129 0.741935483870968 0
  2 1 1 2 0 2 0 0 0.5 0 0
  2 1 2 2 0 5 0 0 0.6 0.4 0
  2 1 3 2 0 2 0 0.5 1 1 0
  2 1 4 2 0 5 0 0 0 0.2 0
  2 1 5 2 0 5 0 0 1 0.2 0
  2 1 6 2 0 5 0 0 0.8 0 0
  2 1 7 2 0 5 0 0 1 0 0
  2 1 8 2 0 1 0 0 1 0 0
  2 1 9 2 0 5 0 0 0 0.2 0
  2 1 10 2 0 5 0 0 0.2 0 0
  2 1 11 2 0 2 0 0 0.5 0.5 0
  2 1 12 2 0 5 0 0 0.2 0.8 0
  2 1 13 2 0 5 0 0 0.2 0.6 0
  2 1 14 2 0 5 0 0 0.6 1 0
  2 1 15 2 0 5 0 0 1.2 1 0
  2 1 16 2 0 5 0 0 0.6 0.4 0
  2 1 17 2 0 5 0 0.2 0.6 0.2 0
  2 1 18 2 0 5 0 0 0.2 0 0
  2 1 19 2 0 5 0 0 0.2 0 0
  2 1 20 2 0 30 0 0 0.1 0.0333333333333333 0
  2 1 21 2 0 46 0 0 0.0434782608695652 0.0217391304347826 0
  2 1 22 2 0 10 0 0 0.2 0.2 0
  2 1 23 2 0 19 0 0 0.0526315789473684 0.105263157894737 0
  2 1 24 2 0 61 0 0 0.0327868852459016 0.0163934426229508 0
  2 1 25 2 0 29 0 0 0.0344827586206897 0.0344827586206897 0
  2 1 26 2 0 32 0 0 0.09375 0.03125 0
  2 1 27 2 0 16 0 0 0.25 0.0625 0
  2 1 28 2 0 31 0 0 0.129032258064516 0 0
  2 1 29 2 0 44 0 0 0.0681818181818182 0.0227272727272727 0
  2 1 30 2 0 29 0 0 0.413793103448276 0.413793103448276 0
  2 1 31 2 0 25 0 0 0.12 0.28 0
  2 1 32 2 0 22 0 0 0.272727272727273 0.272727272727273 0
  2 1 33 2 0 35 0 0 0.0571428571428571 0.0571428571428571 0
  2 1 34 2 0 28 0 0 0.0714285714285714 0.142857142857143 0
  2 1 35 2 0 45 0 0.0222222222222222 0.0222222222222222 0 0
  2 1 36 2 0 51 0 0 0.156862745098039 0.0392156862745098 0
  2 1 37 2 0 41 0 0 0.170731707317073 0.0487804878048781 0
  2 1 38 2 0 36 0 0 0.305555555555556 0.0555555555555556 0
  2 1 39 2 0 20 0 0.05 0.45 0.3 0
  2 1 40 2 0 14 0 0 1.28571428571429 0.642857142857143 0
  2 1 41 2 0 17 0 0 0.588235294117647 0.294117647058824 0
  2 1 42 2 0 24 0 0.0416666666666667 0.458333333333333 0.166666666666667 0
  2 1 1 3 0 1 0 0 4 1 0
  2 1 2 3 0 5 0 0 0.8 0.2 0
  2 1 3 3 0 5 0 0 0.8 0.2 0
  2 1 4 3 0 1 0 0 4 1 0
  2 1 5 3 0 6 0 0 0.5 0.333333333333333 0
  2 1 6 3 0 4 0 0.25 1 0 0
  2 1 7 3 0 5 0 0 1 0 0
  2 1 8 3 0 1 0 1 1 3 0
  2 1 9 3 0 1 0 0 3 2 0
  2 1 10 3 0 1 0 0 4 1 0
  2 1 11 3 0 2 0 0 0 0.5 0
  2 1 12 3 0 5 0 0 0.8 0.2 0
  2 1 13 3 0 4 0 0 0 0.25 0
  2 1 14 3 0 8 0 0.125 0.125 0 0
  2 1 15 3 0 11 0 0.181818181818182 0.181818181818182 0.363636363636364 0
  2 1 16 3 0 5 0 0 0.6 0 0
  2 1 17 3 0 5 0 0.2 0.2 0.2 0
  2 1 18 3 0 1 0 1 0 0 0
  2 1 19 3 0 1 0 0 3 0 0
  2 1 20 3 0 4 0 0 0.75 0 0
  2 1 21 3 0 3 0 0 1 0 0
  2 1 22 3 0 4 0 0 0.25 0.25 0
  2 1 23 3 0 3 0 0.666666666666667 1 0.333333333333333 0
  2 1 24 3 0 3 0 0 0.333333333333333 0 0
  2 1 25 3 0 2 0 0 0.5 0 0
  2 1 26 3 0 4 0 0 0.5 0 0
  2 1 27 3 0 5 0 0 0.4 0 0
  2 1 28 3 0 4 0 0.25 0.75 0 0
  2 1 29 3 0 4 0 0.25 1 0.5 0
  2 1 30 3 0 24 0 0 0.208333333333333 0.0416666666666667 0
  2 1 31 3 0 10 0 0.1 0.6 0.3 0
  2 1 32 3 0 12 0 0 0.416666666666667 0.166666666666667 0
  2 1 33 3 0 4 0 0.5 1.5 1.75 0
  2 1 34 3 0 6 0 0.5 1.33333333333333 1.33333333333333 0
  2 1 35 3 0 2 0 2.5 2.5 1.5 0
  2 1 36 3 0 10 0 1.2 0.7 0.4 0
  2 1 37 3 0 9 0 0.333333333333333 0.444444444444444 0 0
  2 1 38 3 0 13 0 0.153846153846154 0.384615384615385 0 0
  2 1 39 3 0 16 0 0.375 0.625 0.1875 0
  2 1 40 3 0 27 0 0.222222222222222 0.555555555555556 0.148148148148148 0
  2 1 41 3 0 15 0 0.8 1.06666666666667 0.2 0
  2 1 42 3 0 16 0 0.6875 1.125 0.125 0
# end fishery length observations 
#  
# Survey diet proportion observations 
# Number of observations, init_int Ndietprop_obs 
  115
# init_matrix obs_dietprop(1,Ndietprop_obs,1,ncol) 
# Survey  Year  Predator  Predator_size InpN  wt_prey_1 wt_prey_2 wt_prey_3 wt_prey_4 wt_prey_5 wt_prey_6 wt_prey_7 wt_prey_8 wt_prey_9 wt_prey_10 wt_prey_11 other 
  1 12 1 2 100 0 0 0 0 1
  1 12 1 3 100 0.53 0 0 0 0.47
  1 13 1 3 100 0 0 0 0 1
  1 13 1 4 100 0 1 0 0 0
  1 15 1 2 100 0 0 0 0 1
  1 18 1 1 100 0.28 0 0 0 0.72
  1 18 1 2 100 0 0 0 0 1
  1 18 1 3 100 0 0.02 0 0 0.98
  1 19 1 2 100 0 0 0 0 1
  1 19 1 3 100 0 0.58 0 0 0.42
  1 20 1 3 100 0 0 0 0 1
  1 21 1 2 100 0 0 0 0 1
  1 21 1 3 100 0 0.4 0 0 0.6
  1 24 1 3 100 0 0.84 0 0 0.16
  1 25 1 3 100 0 0.04 0 0 0.96
  1 26 1 3 100 0 0 0.67 0 0.33
  1 27 1 3 100 0 0.07 0.42 0 0.51
  1 28 1 3 100 0 0.71 0 0 0.29
  1 33 1 3 100 0 0 0 0 1
  1 34 1 3 100 0 0.23 0 0 0.77
  1 35 1 3 100 0 0.37 0 0 0.63
  1 38 1 3 100 0 0.61 0 0 0.39
  1 39 1 3 100 0 0.01 0 0 0.99
  1 40 1 2 100 0 0.33 0 0 0.67
  1 41 1 2 100 0 0 0.48 0 0.52
  2 2 1 4 100 0 0 0 0 1
  2 11 1 3 100 0 0 0 0 1
  2 14 1 3 100 0 0.75 0 0 0.25
  2 14 1 4 100 0 0 0.31 0 0.69
  2 15 1 3 100 0 0 0 0 1
  2 16 1 3 100 0 0.69 0 0 0.31
  2 16 1 4 100 0 0.86 0 0 0.14
  2 19 1 3 100 0 0.5 0 0 0.5
  2 19 1 4 100 0 0.96 0 0 0.04
  2 21 1 3 100 0 0 0 0 1
  2 21 1 4 100 0 0.07 0 0 0.93
  2 22 1 3 100 0 0 0 0 1
  2 23 1 3 100 0 0.01 0 0 0.99
  2 24 1 3 100 0 0 0 0 1
  2 24 1 4 100 0 0 0 0 1
  2 25 1 2 100 0 0.5 0 0 0.5
  2 25 1 3 100 0 0 0.24 0 0.76
  2 26 1 3 100 0 0.41 0 0 0.59
  2 27 1 3 100 0 0 0 0 1
  2 27 1 4 100 0 0 0 0 1
  2 29 1 3 100 0 1 0 0 0
  2 33 1 3 100 0 0 0 0 1
  2 35 1 1 100 0 0.31 0 0 0.69
  2 35 1 2 100 0 0.34 0 0 0.66
  2 35 1 3 100 0 0 0.48 0 0.52
  2 36 1 3 100 0 0.31 0 0 0.69
  2 39 1 3 100 0 0 0 0 1
  2 40 1 2 100 0 0.79 0 0 0.21
  2 36 2 3 100 0 0.01 0 0 0.99
  2 30 3 2 100 0 0 0 0 1
  2 30 3 4 100 0 0 0.52 0 0.48
  1 8 4 2 100 0 0 1 0 0
  1 8 4 3 100 0 0 0 0 1
  1 11 4 3 100 1 0 0 0 0
  1 13 4 2 100 0 0.09 0 0 0.91
  1 13 4 3 100 0 0 0 0 1
  1 13 4 4 100 0 0 0 0 1
  1 14 4 3 100 0 0.21 0 0 0.79
  1 15 4 3 100 0 0 0 0 1
  1 15 4 4 100 0 0.56 0 0 0.44
  1 16 4 3 100 0 0.44 0 0 0.56
  1 16 4 4 100 0 0.26 0 0 0.74
  1 17 4 3 100 0 0.24 0.02 0 0.74
  1 18 4 3 100 0 0 0.17 0 0.83
  1 19 4 2 100 0 0.16 0 0 0.84
  1 19 4 3 100 0 0 0.33 0 0.67
  1 20 4 2 100 0 0.07 0 0 0.93
  1 20 4 3 100 0 1 0 0 0
  1 21 4 3 100 0 0.01 0 0 0.99
  1 22 4 2 100 0 0 0 0 1
  1 23 4 3 100 0 0.26 0 0 0.74
  1 24 4 3 100 0 0 0 0 1
  1 25 4 3 100 0 0 0 0 1
  1 25 4 4 100 0 0 0 0 1
  1 26 4 3 100 0 0 0 0 1
  1 27 4 2 100 0 0.87 0 0 0.13
  1 27 4 3 100 0 0.12 0 0 0.88
  1 28 4 2 100 0 0 0 0 1
  1 28 4 3 100 0 1 0 0 0
  1 29 4 3 100 0 0 0.15 0 0.85
  1 31 4 3 100 0 0 0 0 1
  1 31 4 4 100 0 0 0 0 1
  1 34 4 3 100 0 0.05 0 0 0.95
  1 40 4 3 100 0 1 0 0 0
  1 40 4 4 100 0 0 0 0 1
  1 42 4 3 100 0 0 0 0 1
  2 6 4 3 100 0 0 0 0 1
  2 8 4 3 100 0 0 0.52 0 0.48
  2 9 4 4 100 0 0 0 0.33 0.67
  2 14 4 4 100 0 0 0 0 1
  2 15 4 3 100 0 0 0 0 1
  2 16 4 3 100 0 0 0 0 1
  2 17 4 2 100 0 0 0 0 1
  2 18 4 3 100 0 0 0 0 1
  2 19 4 3 100 0 0 0 0 1
  2 21 4 3 100 0 0.08 0 0 0.92
  2 22 4 3 100 0 0.65 0 0 0.35
  2 23 4 3 100 0 0 0 0 1
  2 24 4 3 100 0 0.64 0.29 0 0.07
  2 25 4 3 100 0 0.57 0 0 0.43
  2 25 4 4 100 0 0 1 0 0
  2 27 4 3 100 0 0.13 0 0 0.87
  2 30 4 3 100 0 0.77 0 0 0.23
  2 33 4 3 100 0 0 0 0 1
  2 34 4 3 100 0 1 0 0 0
  2 35 4 3 100 0 0.64 0 0 0.36
  2 36 4 2 100 0 0.24 0 0 0.76
  2 36 4 3 100 0 0.44 0 0 0.56
  2 37 4 3 100 0 0.39 0 0 0.61
  2 42 4 3 100 0 0 0.85 0 0.15
# end survey diet proportion observations 
#  
