# This file was created using the write_tsDatFile function and used all the simulated data from sim_dta.rds found in repo:Hydra-self-testing
# Survey index data 
# Number of observations, init_int Nsurvey_obs
  329
# init_matrix obs_survey_biomass(1,Nsurvey_obs,1,5)
# survey year spp value cv
  1 1 4 12.7340143169284 0.212720515437525
  2 1 4 10.6403619690901 0.25363203301826
  1 2 4 12.4020958377738 0.222168779300385
  2 2 4 10.2088492374648 0.187773345626693
  1 3 4 13.3380054025843 0.394113240257454
  2 3 4 10.545661468547 0.423618201694685
  1 4 4 12.603462074896 0.310035034727007
  2 4 4 10.0019175186384 0.327069686277164
  1 5 4 12.4949931415716 0.378629084128514
  2 5 4 10.2863864386402 0.391316523019912
  1 6 4 11.6125046963185 0.494427832556011
  2 6 4 10.0137141344991 0.376280830351703
  1 7 4 12.0067423819486 0.759062286891916
  2 7 4 10.1823166594326 0.665352569827422
  1 8 4 12.1389651369124 0.383150869515862
  2 8 4 10.1401248540675 0.433685089735353
  1 9 4 12.9067027045646 0.48934963094834
  2 9 4 10.8780350668632 0.392371299771634
  1 10 4 12.3580000615746 0.382452035825211
  2 10 4 9.27204807707913 0.333798529002863
  1 11 4 12.6010487211799 0.566792532611316
  2 11 4 10.3518665719567 0.868042030585988
  1 12 4 12.5683839250525 0.381518572031255
  2 12 4 10.5322127359978 0.445144789260538
  1 13 4 12.3975225666355 0.438380584739347
  2 13 4 9.59977483406767 0.947226139495183
  1 14 4 11.7499498585385 0.482345652338289
  2 14 4 9.77526028002504 0.377075764230608
  1 15 4 12.6760892688155 0.420835086749712
  2 15 4 9.89457905409775 0.614716212748607
  1 16 4 12.4434878678076 0.515165860253858
  2 16 4 9.74836808320498 0.704031323768783
  1 17 4 11.2531324120159 0.559532625975744
  2 17 4 10.1405105188642 0.319774204956139
  1 18 4 11.7860808335514 0.479008946214672
  2 18 4 9.5309307502592 0.41351869139049
  1 19 4 12.0243907009509 0.429419179801904
  2 19 4 9.96863287171156 0.387615780132326
  1 20 4 12.1976404399412 0.477074256852948
  2 20 4 10.008153034605 0.315868813200741
  1 21 4 11.3708217528675 0.410621521476155
  2 21 4 9.49119977108484 0.630050999524052
  1 22 4 11.5966865229541 0.294672690077384
  2 22 4 9.34574261546503 0.335469505128288
  1 23 4 11.5857055511208 0.477447511398437
  2 23 4 9.46963668820061 0.407625761955908
  1 24 4 12.1921336560941 0.384568504019134
  2 24 4 9.6896808751109 0.43049173366256
  1 25 4 12.2503270133758 0.333261603198005
  2 25 4 9.55327905551732 0.843960441627036
  1 26 4 11.1452664915034 0.685474246042822
  2 26 4 9.40940845935922 0.429620783824035
  1 27 4 11.6456440479985 0.286882992344226
  2 27 4 9.21539841625619 0.81343687860715
  1 28 4 11.2416106485498 0.371822434434906
  2 28 4 9.95337155548426 0.53327636373572
  1 29 4 10.8063641272842 0.592639130460935
  2 29 4 9.32354769109415 0.590339711107796
  1 30 4 11.1724316744337 0.374062101432949
  2 30 4 10.4136940454925 0.701775131617819
  1 31 4 11.1993577100135 0.304499664309564
  2 31 4 9.08783986859856 0.210828956182955
  1 32 4 10.5719548468627 0.233962995093855
  2 32 4 8.90852537568555 0.329779252894958
  1 33 4 11.3743723090074 0.270006842918168
  2 33 4 7.98472085835479 0.460124990024536
  1 34 4 11.0067816045448 0.350007507053818
  2 34 4 9.50200218946378 0.837656243552001
  1 35 4 11.5101237861643 0.34274593698132
  2 35 4 9.06618983939376 0.291986952078346
  1 36 4 11.2837894522265 0.261906583866089
  2 36 4 9.33886258050912 0.425399553458769
  1 37 4 11.8533623140096 0.417429035160016
  2 37 4 9.02722261173941 0.287702894520317
  1 38 4 12.0231014870274 0.441211421515246
  2 38 4 8.66890193727015 0.866971810340233
  1 39 4 12.4218371051579 0.495234601454268
  2 39 4 9.50892397256607 0.556663444153977
  1 40 4 11.777415818961 0.237858203733512
  2 40 4 8.93996723474313 0.295404104464232
  1 41 4 11.0867965292118 0.327346172729995
  2 41 4 8.65360965818174 0.994030515469621
  1 42 4 11.2691539843798 0.368315456462939
  2 42 4 9.27348690770932 0.461505384764764
  1 1 2 4.3914228196771 0.601375663623589
  2 1 2 4.62663110527592 0.565196579518992
  2 2 2 4.1981107628044 0.686052062200317
  2 3 2 3.73586130496333 0.378997614818957
  1 4 2 3.46064065476351 1
  2 4 2 3.82095852939926 0.459316778181236
  1 5 2 3.40642715597294 0.611089023955187
  2 5 2 4.03497600622169 0.780615956536472
  1 6 2 3.74058943636781 0.702037850017464
  2 6 2 3.66014542129468 0.461790555986525
  1 7 2 3.60109516204827 0.948289691951521
  2 7 2 4.16017139637813 0.685175011742778
  1 8 2 3.28320751319909 0.544380631361087
  2 8 2 4.37196639865098 0.424096495665332
  1 9 2 3.09850068662618 0.5393131982084
  2 9 2 3.74548504232384 0.454629127333952
  1 10 2 3.84091527181611 0.88095039530815
  2 10 2 4.22726778485744 0.419344308350161
  1 11 2 3.48132022931621 0.799987970388403
  2 11 2 3.7686875875003 0.839124360078806
  1 12 2 5.81355267166527 0.774991903603438
  2 12 2 4.77435805271167 0.424721667998453
  1 13 2 4.05861498773624 0.863215133786584
  2 13 2 4.90395124672992 0.387073469025502
  1 14 2 4.07336773714504 0.704083892007286
  2 14 2 4.43076007672403 0.312793018147624
  1 15 2 3.14931549586124 0.457459057188701
  2 15 2 3.90243517650673 0.459652287866146
  1 16 2 5.01601087424642 0.853197309912465
  2 16 2 4.40343092262547 0.628928805514438
  1 17 2 2.26615960071475 0.61116783920211
  2 17 2 4.01827311742364 0.3895964128798
  1 18 2 6.86523401351599 0.416775375911518
  2 18 2 6.06162181715594 0.495180348393774
  1 19 2 8.06893074571795 0.69077510766454
  2 19 2 7.97364285837849 0.347120352110889
  1 20 2 8.90372772865091 0.793751288508348
  2 20 2 9.00526787640815 0.526946514998015
  1 21 2 7.86473506580138 0.339376634127756
  2 21 2 8.14957875179176 0.609998621037514
  1 22 2 8.71816000528406 0.601950919776798
  2 22 2 8.06281895126076 0.389299707202565
  1 23 2 7.53130920266475 0.658556209578282
  2 23 2 8.52149232119091 0.288585466763824
  1 24 2 8.48711189563538 0.637453135075156
  2 24 2 8.26648267595732 0.480513100150493
  1 25 2 7.98626084959195 0.510473149998029
  2 25 2 7.88331049397044 0.338488147626423
  1 26 2 7.43189020332086 0.548437091427541
  2 26 2 8.21377428986534 0.345955330423839
  1 27 2 7.14720370455753 0.492912195981742
  2 27 2 7.91136889928197 0.33164245084141
  1 28 2 8.16053025822856 0.747597319880804
  2 28 2 8.00098592925266 0.447853531697379
  1 29 2 7.76622936330788 0.451616070879294
  2 29 2 7.70584697702203 0.305275882623724
  1 30 2 7.35578200306018 0.797269558848634
  2 30 2 8.8578563438365 0.605264936420634
  1 31 2 9.71952770861063 0.666772556553203
  2 31 2 8.95746381161507 0.359836468902791
  1 32 2 9.11877266020229 0.96787270074405
  2 32 2 9.94508070762642 0.422601396160012
  1 33 2 9.78491467234698 0.404694020855087
  2 33 2 9.35956751740931 0.465820030674526
  1 34 2 9.50519016598998 0.814873375751391
  2 34 2 10.8141599558746 0.505954372112585
  1 35 2 9.83530385888074 0.533219898766676
  2 35 2 10.0527381328633 0.287403659199158
  1 36 2 9.51045754690445 0.371953858881132
  2 36 2 8.57394354096416 0.365560779244073
  1 37 2 9.58342164600319 0.791301167226987
  2 37 2 10.5905451990309 0.487536998609889
  1 38 2 9.1112851472104 0.633364993316759
  2 38 2 9.38236330878253 0.644823084547079
  1 39 2 7.83318481348012 0.827253682697507
  2 39 2 8.93772252996018 0.354235596542703
  1 40 2 8.89296462237965 0.900216415173481
  2 40 2 9.00992449288213 0.395846441583114
  1 41 2 8.89409363451249 0.957770995377006
  2 41 2 8.89577126197285 0.496084887173497
  1 42 2 7.60261073571889 0.55870584954739
  2 42 2 8.63538894186003 0.604660139936764
  1 1 1 10.2160663077992 0.241799049430762
  2 1 1 10.5839257441694 0.250018379470286
  1 2 1 10.4165071188951 0.142636213550947
  2 2 1 10.8646644763961 0.163647146277456
  1 3 1 9.90674527481539 0.225478190042395
  2 3 1 10.5336021055774 0.192013183632222
  1 4 1 10.494073002251 0.323579734794357
  2 4 1 10.7002491442416 0.162432383538487
  1 5 1 10.0832131562305 0.320666395151501
  2 5 1 11.1980136046438 0.822390366318268
  1 6 1 9.59437988004663 0.452044832991261
  2 6 1 10.526138785545 0.192408532269243
  1 7 1 10.1282056538711 0.28209645893665
  2 7 1 10.3060755853005 0.262097825842625
  1 8 1 9.9417424064086 0.414010381101596
  2 8 1 10.0392181400199 0.189959250209439
  1 9 1 9.29080463728389 0.40638853202345
  2 9 1 10.5453886477996 0.178404315527443
  1 10 1 9.50858810698693 0.290993157294119
  2 10 1 10.3797428887222 0.156753980046499
  1 11 1 9.55364132301153 0.324615016521962
  2 11 1 10.1836656110493 0.174348711952217
  1 12 1 9.59788126057622 0.294780938380682
  2 12 1 10.1671478025459 0.195232854572048
  1 13 1 9.13337205927454 0.440402569626277
  2 13 1 9.87003222040894 0.185762358850192
  1 14 1 9.65093338118035 0.372421878022742
  2 14 1 9.72867002697461 0.151581173531864
  1 15 1 8.98910835181833 0.341871348717721
  2 15 1 9.18812768298156 0.233364310094868
  1 16 1 8.39702744156087 0.416897355424411
  2 16 1 8.84795335674368 0.283802183917676
  1 17 1 8.3346890377327 0.500820840736393
  2 17 1 8.31632406241343 0.495024013362717
  1 18 1 8.64567479500151 0.389853340834037
  2 18 1 8.74831471160268 0.390988792530431
  1 19 1 8.32869581623738 0.293941849282161
  2 19 1 9.19042630844129 0.322403741112933
  1 20 1 8.65920830306844 0.525509720403112
  2 20 1 9.11010183114459 0.218361153170241
  1 21 1 7.99268220046932 0.266433769579894
  2 21 1 9.13577492338902 0.421115605185845
  1 22 1 8.73338103374672 0.374831371194202
  2 22 1 8.69439004817589 0.227391091044855
  1 23 1 8.1043043636612 0.352011231642473
  2 23 1 8.83202177338491 0.384269029090844
  1 24 1 8.5424562027836 0.34725908523047
  2 24 1 8.55635311014496 0.331291933735556
  1 25 1 8.40571962657771 0.578696888706846
  2 25 1 8.73891047529825 0.247394190789157
  1 26 1 7.78621625464122 0.459728456052307
  2 26 1 8.29854945464501 0.394189312610479
  1 27 1 8.83842400000557 0.539982548576019
  2 27 1 6.91177651645994 0.72948972943007
  1 28 1 8.26377305150103 0.364309332200766
  2 28 1 8.85397579892138 0.278656828353639
  1 29 1 7.93609660168119 0.562793580097325
  2 29 1 9.09452717599639 0.316141323613091
  1 30 1 7.690328894969 0.420348818797864
  2 30 1 8.49700317168766 0.30511736182771
  1 31 1 7.45980295472158 0.403753427903273
  2 31 1 8.29191389815882 0.278331587636247
  1 32 1 8.15200487485273 0.491331418922754
  2 32 1 7.87177607977727 0.329726795744574
  1 33 1 6.33561418118385 0.537081122476055
  2 33 1 7.25945421361271 0.33086845072982
  1 34 1 6.53649632021583 0.379030815152119
  2 34 1 7.16608009247616 0.278881417082292
  1 35 1 5.94606176483041 0.519511456600017
  2 35 1 6.87652461426179 0.27351876283918
  1 36 1 6.1737144993543 0.556056214854877
  2 36 1 7.88999360369464 0.714061811185508
  1 37 1 7.59027603213582 0.588197671943964
  2 37 1 6.88999474528164 0.340315242626747
  1 38 1 6.02111520668608 0.324588369174256
  2 38 1 7.37690855893218 0.300199803594678
  1 39 1 6.13893735528946 0.501841796783066
  2 39 1 7.20056797356639 0.438397059851219
  1 40 1 6.15132194439643 0.403101009292275
  2 40 1 6.63023338161309 0.410378233550251
  1 41 1 6.91083284202904 0.478602624152216
  2 41 1 6.2534868736817 0.362128776577143
  1 42 1 6.36590470346082 0.646634922078809
  2 42 1 9.5680331736317 0.816170985475773
  1 1 3 3.63008923937248 0.499484636786782
  1 2 3 4.09953909168118 0.358153914340203
  2 2 3 5.49654478191273 0.577110518633802
  1 3 3 3.65437814035529 0.678339172154909
  2 3 3 4.83253514338578 0.738121970739642
  1 4 3 5.53464403047633 1
  2 4 3 6.26322671850957 0.52056341701904
  1 5 3 5.01733061109359 0.693225535250834
  2 5 3 7.42076248855406 1
  1 6 3 3.55318210993139 1
  2 6 3 7.37403414638105 0.48452157876779
  1 7 3 7.41356051467592 0.912293822979085
  1 8 3 4.63991500477381 0.655734850091527
  2 8 3 5.18727617910795 0.750382084373246
  1 9 3 5.55166886128891 0.670809892238012
  2 9 3 6.18422766527701 0.47273108889926
  1 10 3 4.76749793554431 0.631102684426709
  2 10 3 4.98252987312364 0.919260399745188
  1 11 3 5.11362698386525 0.496475444687371
  1 12 3 6.3714619672617 0.740682868109632
  2 12 3 6.39529131047825 1
  1 13 3 4.9618531416422 0.360862225436052
  1 14 3 4.1555709379398 0.547901331396328
  2 14 3 5.57725718771279 0.478873954421528
  1 15 3 5.16922845080083 0.429608216382601
  2 15 3 5.34268626605413 0.654713783069401
  1 16 3 5.48219920318835 0.69118921143411
  2 16 3 6.78341061520929 0.8614889831113
  1 17 3 5.3509947433376 0.426971754606328
  2 17 3 5.43278049674836 0.572182042928152
  1 18 3 5.43925777125272 0.505524319387353
  2 18 3 6.16510543839488 0.488492827246527
  1 19 3 4.73181977743235 0.644591984223249
  2 19 3 6.20637511996068 0.51925665989311
  1 20 3 4.48915207178911 0.899065435378594
  2 20 3 6.63313929006199 0.59569628754064
  1 21 3 6.2732646501604 0.543826822033971
  2 21 3 7.26878272424409 0.466111862829518
  1 22 3 5.15746731377491 0.88174616562504
  2 22 3 6.91862193105192 0.568444982816852
  1 23 3 5.00738026893223 0.408104676406013
  2 23 3 6.18104101364286 0.357346049869971
  1 24 3 5.53250540387115 0.92608255019157
  2 24 3 6.13681889305229 0.539541007788685
  1 25 3 5.41078540332597 0.648664057223823
  2 25 3 6.32543753318116 0.576168087832409
  1 26 3 5.02056642393122 0.695927823776047
  2 26 3 6.41973731930016 0.549529982814455
  1 27 3 5.08071301752085 0.708713243925404
  2 27 3 6.91200004637929 0.496269825160911
  1 28 3 6.29836880254349 0.489543853646182
  1 29 3 6.91753661088828 0.703511357168505
  2 29 3 8.18014008996289 0.875017095315649
  1 30 3 7.02891928092166 0.631659802692532
  2 30 3 7.03989768227494 0.908152223575802
  1 31 3 6.03652944617209 0.626570332091694
  2 31 3 6.58479536628658 0.712465807947941
  1 32 3 6.27591240867172 0.661895735249442
  2 32 3 7.58983992164876 0.86012943797605
  1 33 3 6.3225606729274 0.783155911787346
  2 33 3 7.55732841235023 0.598390099709208
  1 34 3 4.98357449933828 0.542775440757204
  2 34 3 7.68730169127229 0.743173480285892
  1 35 3 6.43385930254553 0.870542376054271
  2 35 3 7.98047302040334 0.446478967244395
  1 36 3 7.66207688459383 0.492193512682958
  2 36 3 8.48519119885112 0.490110041691513
  1 37 3 6.53728834675932 0.909630520329322
  2 37 3 8.24883855008359 0.433872317628348
  1 38 3 6.91757624407862 0.644773009949607
  2 38 3 8.26973769828588 0.484949159815328
  1 39 3 6.92366074164477 0.515045488987725
  2 39 3 8.78231611658189 0.388710136036013
  1 40 3 8.46672958783808 0.442573167063876
  2 40 3 8.6990924252246 0.395139923022642
  1 41 3 9.8508756666324 0.88587618368699
  2 41 3 9.26795164111227 0.537531419606343
  1 42 3 13.0334723083658 0.983269433580366
  2 42 3 10.348942578841 0.849696423298534
# end survey index observations 
#  
# Survey size comp data 
# Number of observations, init_int Nsurvey_size_obs 
  329
# init_matrix obs_survey_size(1,Nsurvey_size_obs,1,ncol) 
# Survey  Year  Species Type (0=whole, 1=retained, 2=discard) InpN, proportion by length bin 
  1 1 1 0 57 0 0.421052631578947 0.491228070175439 0.0350877192982456 0.0526315789473684
  1 2 1 0 65 0 0.323076923076923 0.523076923076923 0.138461538461538 0.0153846153846154
  1 3 1 0 32 0 0.25 0.53125 0.1875 0.03125
  1 4 1 0 32 0.03125 0.6875 0.21875 0.0625 0
  1 5 1 0 21 0.0476190476190476 0.428571428571429 0.333333333333333 0.19047619047619 0
  1 6 1 0 18 0 0.555555555555556 0.277777777777778 0.166666666666667 0
  1 7 1 0 25 0 0.4 0.44 0.16 0
  1 8 1 0 20 0 0.6 0.25 0.15 0
  1 9 1 0 16 0.0625 0.5625 0.1875 0.1875 0
  1 10 1 0 19 0 0.631578947368421 0.368421052631579 0 0
  1 11 1 0 20 0.15 0.45 0.3 0.1 0
  1 12 1 0 22 0 0.454545454545455 0.454545454545455 0.0909090909090909 0
  1 13 1 0 23 0 0.739130434782609 0.260869565217391 0 0
  1 14 1 0 14 0 0.714285714285714 0.285714285714286 0 0
  1 15 1 0 21 0 0.476190476190476 0.523809523809524 0 0
  1 16 1 0 14 0 0.357142857142857 0.571428571428571 0.0714285714285714 0
  1 17 1 0 17 0.117647058823529 0.588235294117647 0.294117647058824 0 0
  1 18 1 0 19 0.105263157894737 0.894736842105263 0 0 0
  1 19 1 0 18 0.0555555555555556 0.666666666666667 0.277777777777778 0 0
  1 20 1 0 15 0 0.733333333333333 0.2 0.0666666666666667 0
  1 21 1 0 21 0.0476190476190476 0.619047619047619 0.285714285714286 0.0476190476190476 0
  1 22 1 0 13 0.0769230769230769 0.384615384615385 0.538461538461538 0 0
  1 23 1 0 14 0 0.285714285714286 0.642857142857143 0.0714285714285714 0
  1 24 1 0 14 0 0.785714285714286 0.214285714285714 0 0
  1 25 1 0 18 0.0555555555555556 0.555555555555556 0.333333333333333 0.0555555555555556 0
  1 26 1 0 14 0 0.428571428571429 0.571428571428571 0 0
  1 27 1 0 23 0 0.652173913043478 0.304347826086957 0.0434782608695652 0
  1 28 1 0 14 0.0714285714285714 0.785714285714286 0.142857142857143 0 0
  1 29 1 0 17 0.0588235294117647 0.705882352941177 0.235294117647059 0 0
  1 30 1 0 18 0.0555555555555556 0.666666666666667 0.277777777777778 0 0
  1 31 1 0 20 0 0.55 0.45 0 0
  1 32 1 0 10 0 0.3 0.6 0.1 0
  1 33 1 0 15 0 0.666666666666667 0.2 0.133333333333333 0
  1 34 1 0 18 0 0.444444444444444 0.5 0.0555555555555556 0
  1 35 1 0 8 0.125 0.625 0.125 0.125 0
  1 36 1 0 12 0 0.666666666666667 0.333333333333333 0 0
  1 37 1 0 8 0.25 0.5 0.25 0 0
  1 38 1 0 16 0.125 0.4375 0.4375 0 0
  1 39 1 0 10 0 0.7 0.3 0 0
  1 40 1 0 10 0 0.7 0.3 0 0
  1 41 1 0 13 0 0.153846153846154 0.769230769230769 0.0769230769230769 0
  1 42 1 0 8 0 0.875 0.125 0 0
  1 1 2 0 11 0 0 0.272727272727273 0.636363636363636 0.0909090909090909
  1 4 2 0 1 0 0 0 1 0
  1 5 2 0 5 0 0 0.4 0.4 0.2
  1 6 2 0 1 0 0 1 0 0
  1 7 2 0 3 0 0 0.666666666666667 0.333333333333333 0
  1 8 2 0 4 0 0 1 0 0
  1 9 2 0 5 0 0 0.8 0.2 0
  1 10 2 0 10 0 0 0.8 0.2 0
  1 11 2 0 13 0 0 0.769230769230769 0.230769230769231 0
  1 12 2 0 15 0 0 0.466666666666667 0.533333333333333 0
  1 13 2 0 9 0 0 0.222222222222222 0.777777777777778 0
  1 14 2 0 6 0 0 0.333333333333333 0.666666666666667 0
  1 15 2 0 13 0 0 0.153846153846154 0.846153846153846 0
  1 16 2 0 10 0 0 0.2 0.8 0
  1 17 2 0 10 0 1 0 0 0
  1 18 2 0 18 0 0 1 0 0
  1 19 2 0 27 0 0.037037037037037 0.740740740740741 0.222222222222222 0
  1 20 2 0 23 0 0 0.347826086956522 0.652173913043478 0
  1 21 2 0 25 0 0 0.52 0.48 0
  1 22 2 0 9 0 0 0.666666666666667 0.333333333333333 0
  1 23 2 0 8 0 0 0.375 0.625 0
  1 24 2 0 9 0 0 0.333333333333333 0.666666666666667 0
  1 25 2 0 14 0 0.0714285714285714 0.214285714285714 0.714285714285714 0
  1 26 2 0 18 0 0 0.333333333333333 0.666666666666667 0
  1 27 2 0 16 0 0 0.3125 0.6875 0
  1 28 2 0 6 0 0 0.333333333333333 0.666666666666667 0
  1 29 2 0 8 0 0 0.375 0.625 0
  1 30 2 0 17 0 0 0.647058823529412 0.352941176470588 0
  1 31 2 0 9 0 0 0.555555555555556 0.444444444444444 0
  1 32 2 0 30 0 0 0.533333333333333 0.466666666666667 0
  1 33 2 0 24 0 0 0.5 0.5 0
  1 34 2 0 25 0 0.04 0.44 0.52 0
  1 35 2 0 16 0 0 0.4375 0.5625 0
  1 36 2 0 13 0 0 0.230769230769231 0.769230769230769 0
  1 37 2 0 8 0 0 0.375 0.625 0
  1 38 2 0 10 0 0 0.4 0.6 0
  1 39 2 0 13 0 0 0.461538461538462 0.538461538461538 0
  1 40 2 0 8 0 0 0.5 0.5 0
  1 41 2 0 5 0 0 0 1 0
  1 42 2 0 17 0 0.235294117647059 0.294117647058824 0.470588235294118 0
  1 1 3 0 27 0 0.111111111111111 0.333333333333333 0.555555555555556 0
  1 2 3 0 13 0 0.692307692307692 0.0769230769230769 0.230769230769231 0
  1 3 3 0 5 0 0.4 0.6 0 0
  1 4 3 0 2 0 0.5 0.5 0 0
  1 5 3 0 5 0 0 1 0 0
  1 6 3 0 1 0 0 1 0 0
  1 7 3 0 3 0 0.333333333333333 0.666666666666667 0 0
  1 8 3 0 3 0 0.333333333333333 0.333333333333333 0.333333333333333 0
  1 9 3 0 4 0 0 0.25 0.75 0
  1 10 3 0 4 0 0 0.5 0.5 0
  1 11 3 0 4 0 0.25 0.75 0 0
  1 12 3 0 2 0 0 0.5 0.5 0
  1 13 3 0 8 0 0.125 0.5 0.375 0
  1 14 3 0 19 0 0.210526315789474 0.368421052631579 0.421052631578947 0
  1 15 3 0 15 0 0.666666666666667 0.2 0.133333333333333 0
  1 16 3 0 12 0 0.5 0.333333333333333 0.166666666666667 0
  1 17 3 0 14 0 0.285714285714286 0.571428571428571 0.142857142857143 0
  1 18 3 0 14 0 0.428571428571429 0.285714285714286 0.285714285714286 0
  1 19 3 0 15 0 0.266666666666667 0.4 0.333333333333333 0
  1 20 3 0 17 0 0.294117647058824 0.529411764705882 0.176470588235294 0
  1 21 3 0 12 0 0.166666666666667 0.583333333333333 0.25 0
  1 22 3 0 11 0 0.363636363636364 0.272727272727273 0.363636363636364 0
  1 23 3 0 16 0 0.375 0.3125 0.3125 0
  1 24 3 0 15 0 0.333333333333333 0.533333333333333 0.133333333333333 0
  1 25 3 0 4 0 0.25 0.5 0.25 0
  1 26 3 0 14 0 0.285714285714286 0.5 0.214285714285714 0
  1 27 3 0 6 0 0.166666666666667 0.5 0.333333333333333 0
  1 28 3 0 4 0 0.25 0.5 0.25 0
  1 29 3 0 2 0 0.5 0 0.5 0
  1 30 3 0 10 0 0 0.5 0.5 0
  1 31 3 0 9 0 0.111111111111111 0.444444444444444 0.444444444444444 0
  1 32 3 0 12 0 0.0833333333333333 0.166666666666667 0.75 0
  1 33 3 0 5 0 0.4 0 0.6 0
  1 34 3 0 9 0 0.777777777777778 0 0.222222222222222 0
  1 35 3 0 5 0 0.8 0 0.2 0
  1 36 3 0 5 0 0.2 0.8 0 0
  1 37 3 0 3 0 0 0.333333333333333 0.666666666666667 0
  1 38 3 0 15 0 0.4 0.533333333333333 0.0666666666666667 0
  1 39 3 0 12 0 0.416666666666667 0.333333333333333 0.25 0
  1 40 3 0 9 0 0.666666666666667 0.333333333333333 0 0
  1 41 3 0 8 0 0.625 0.25 0.125 0
  1 42 3 0 12 0 0.333333333333333 0.5 0.166666666666667 0
  1 1 4 0 86 0 0.186046511627907 0.709302325581395 0.104651162790698 0
  1 2 4 0 100 0.01 0.22 0.61 0.16 0
  1 3 4 0 33 0 0.272727272727273 0.545454545454545 0.181818181818182 0
  1 4 4 0 44 0.0454545454545455 0.181818181818182 0.454545454545455 0.318181818181818 0
  1 5 4 0 34 0.0588235294117647 0.352941176470588 0.352941176470588 0.235294117647059 0
  1 6 4 0 40 0.025 0.325 0.325 0.325 0
  1 7 4 0 39 0.0512820512820513 0.41025641025641 0.307692307692308 0.230769230769231 0
  1 8 4 0 49 0 0.510204081632653 0.224489795918367 0.26530612244898 0
  1 9 4 0 36 0.0555555555555556 0.5 0.277777777777778 0.166666666666667 0
  1 10 4 0 43 0.0697674418604651 0.488372093023256 0.27906976744186 0.162790697674419 0
  1 11 4 0 41 0.0487804878048781 0.634146341463415 0.24390243902439 0.0731707317073171 0
  1 12 4 0 35 0.0571428571428571 0.514285714285714 0.257142857142857 0.171428571428571 0
  1 13 4 0 32 0.03125 0.53125 0.25 0.1875 0
  1 14 4 0 21 0.0476190476190476 0.333333333333333 0.523809523809524 0.0952380952380952 0
  1 15 4 0 30 0.166666666666667 0.6 0.133333333333333 0.1 0
  1 16 4 0 19 0.157894736842105 0.684210526315789 0.105263157894737 0.0526315789473684 0
  1 17 4 0 35 0 0.657142857142857 0.228571428571429 0.114285714285714 0
  1 18 4 0 27 0.0740740740740741 0.62962962962963 0.259259259259259 0.037037037037037 0
  1 19 4 0 34 0.0588235294117647 0.529411764705882 0.323529411764706 0.0882352941176471 0
  1 20 4 0 42 0.0714285714285714 0.452380952380952 0.285714285714286 0.19047619047619 0
  1 21 4 0 41 0.024390243902439 0.536585365853659 0.390243902439024 0.0487804878048781 0
  1 22 4 0 44 0.0681818181818182 0.431818181818182 0.386363636363636 0.113636363636364 0
  1 23 4 0 28 0 0.535714285714286 0.392857142857143 0.0714285714285714 0
  1 24 4 0 34 0 0.5 0.323529411764706 0.176470588235294 0
  1 25 4 0 36 0.0277777777777778 0.472222222222222 0.388888888888889 0.111111111111111 0
  1 26 4 0 31 0 0.258064516129032 0.483870967741935 0.258064516129032 0
  1 27 4 0 39 0 0.384615384615385 0.41025641025641 0.205128205128205 0
  1 28 4 0 38 0 0.315789473684211 0.421052631578947 0.263157894736842 0
  1 29 4 0 48 0.0208333333333333 0.3125 0.4375 0.229166666666667 0
  1 30 4 0 38 0 0.157894736842105 0.473684210526316 0.368421052631579 0
  1 31 4 0 61 0 0.19672131147541 0.426229508196721 0.377049180327869 0
  1 32 4 0 48 0 0.145833333333333 0.604166666666667 0.25 0
  1 33 4 0 49 0.0408163265306122 0.408163265306122 0.326530612244898 0.224489795918367 0
  1 34 4 0 44 0.204545454545455 0.681818181818182 0.0909090909090909 0.0227272727272727 0
  1 35 4 0 61 0.131147540983607 0.672131147540984 0.131147540983607 0.0655737704918033 0
  1 36 4 0 67 0.0895522388059701 0.671641791044776 0.149253731343284 0.0895522388059701 0
  1 37 4 0 57 0.12280701754386 0.684210526315789 0.192982456140351 0 0
  1 38 4 0 38 0 0.605263157894737 0.315789473684211 0.0789473684210526 0
  1 39 4 0 52 0.0384615384615385 0.692307692307692 0.269230769230769 0 0
  1 40 4 0 43 0.0232558139534884 0.488372093023256 0.418604651162791 0.0697674418604651 0
  1 41 4 0 42 0 0.5 0.404761904761905 0.0952380952380952 0
  1 42 4 0 61 0 0.459016393442623 0.409836065573771 0.131147540983607 0
  2 1 1 0 58 0 0.448275862068966 0.482758620689655 0.0689655172413793 0
  2 2 1 0 83 0 0.373493975903614 0.469879518072289 0.144578313253012 0.0120481927710843
  2 3 1 0 63 0.0158730158730159 0.428571428571429 0.349206349206349 0.206349206349206 0
  2 4 1 0 56 0.0892857142857143 0.5 0.267857142857143 0.142857142857143 0
  2 5 1 0 55 0 0.636363636363636 0.236363636363636 0.127272727272727 0
  2 6 1 0 45 0 0.555555555555556 0.355555555555556 0.0666666666666667 0.0222222222222222
  2 7 1 0 46 0.0652173913043478 0.652173913043478 0.195652173913043 0.0869565217391304 0
  2 8 1 0 56 0.0357142857142857 0.571428571428571 0.357142857142857 0.0357142857142857 0
  2 9 1 0 51 0.117647058823529 0.549019607843137 0.215686274509804 0.117647058823529 0
  2 10 1 0 44 0.0454545454545455 0.522727272727273 0.363636363636364 0.0681818181818182 0
  2 11 1 0 49 0.0612244897959184 0.63265306122449 0.26530612244898 0.0408163265306122 0
  2 12 1 0 50 0.12 0.62 0.26 0 0
  2 13 1 0 48 0.0625 0.6875 0.229166666666667 0.0208333333333333 0
  2 14 1 0 52 0 0.557692307692308 0.384615384615385 0.0576923076923077 0
  2 15 1 0 31 0 0.67741935483871 0.32258064516129 0 0
  2 16 1 0 38 0.0263157894736842 0.447368421052632 0.394736842105263 0.131578947368421 0
  2 17 1 0 26 0.0769230769230769 0.538461538461538 0.346153846153846 0.0384615384615385 0
  2 18 1 0 33 0.121212121212121 0.787878787878788 0.0909090909090909 0 0
  2 19 1 0 31 0.0645161290322581 0.709677419354839 0.193548387096774 0.032258064516129 0
  2 20 1 0 38 0.184210526315789 0.578947368421053 0.236842105263158 0 0
  2 21 1 0 30 0.0666666666666667 0.533333333333333 0.333333333333333 0.0666666666666667 0
  2 22 1 0 35 0.0857142857142857 0.571428571428571 0.285714285714286 0.0571428571428571 0
  2 23 1 0 35 0.114285714285714 0.714285714285714 0.171428571428571 0 0
  2 24 1 0 26 0.0384615384615385 0.615384615384615 0.346153846153846 0 0
  2 25 1 0 32 0.03125 0.59375 0.28125 0.09375 0
  2 26 1 0 26 0.0384615384615385 0.653846153846154 0.230769230769231 0.0769230769230769 0
  2 27 1 0 37 0.0540540540540541 0.405405405405405 0.405405405405405 0.135135135135135 0
  2 28 1 0 35 0.114285714285714 0.628571428571429 0.142857142857143 0.114285714285714 0
  2 29 1 0 33 0 0.484848484848485 0.484848484848485 0.0303030303030303 0
  2 30 1 0 45 0.0444444444444444 0.688888888888889 0.244444444444444 0.0222222222222222 0
  2 31 1 0 34 0.0882352941176471 0.411764705882353 0.470588235294118 0.0294117647058824 0
  2 32 1 0 36 0.0277777777777778 0.638888888888889 0.277777777777778 0.0555555555555556 0
  2 33 1 0 42 0.0238095238095238 0.333333333333333 0.428571428571429 0.214285714285714 0
  2 34 1 0 34 0 0.411764705882353 0.411764705882353 0.176470588235294 0
  2 35 1 0 35 0.142857142857143 0.742857142857143 0.114285714285714 0 0
  2 36 1 0 28 0.0714285714285714 0.607142857142857 0.285714285714286 0.0357142857142857 0
  2 37 1 0 22 0.136363636363636 0.636363636363636 0.227272727272727 0 0
  2 38 1 0 32 0.15625 0.53125 0.3125 0 0
  2 39 1 0 27 0.037037037037037 0.740740740740741 0.148148148148148 0.0740740740740741 0
  2 40 1 0 39 0 0.487179487179487 0.435897435897436 0.0769230769230769 0
  2 41 1 0 20 0.1 0.6 0.2 0.1 0
  2 42 1 0 30 0.1 0.833333333333333 0.0333333333333333 0.0333333333333333 0
  2 1 2 0 16 0 0 0.3125 0.6875 0
  2 2 2 0 20 0 0 0.35 0.55 0.1
  2 3 2 0 34 0 0 0.264705882352941 0.588235294117647 0.147058823529412
  2 4 2 0 15 0 0.0666666666666667 0.133333333333333 0.6 0.2
  2 5 2 0 4 0 0.25 0.25 0.25 0.25
  2 6 2 0 7 0 0 0.714285714285714 0.142857142857143 0.142857142857143
  2 7 2 0 18 0 0 0.555555555555556 0.444444444444444 0
  2 8 2 0 22 0 0.0454545454545455 0.454545454545455 0.409090909090909 0.0909090909090909
  2 9 2 0 21 0 0.333333333333333 0.380952380952381 0.285714285714286 0
  2 10 2 0 11 0 0 0.818181818181818 0.181818181818182 0
  2 11 2 0 7 0 0 1 0 0
  2 12 2 0 19 0 0 0.578947368421053 0.421052631578947 0
  2 13 2 0 32 0 0 0.21875 0.78125 0
  2 14 2 0 34 0 0 0.235294117647059 0.764705882352941 0
  2 15 2 0 27 0 0 0.148148148148148 0.851851851851852 0
  2 16 2 0 42 0 0 0.142857142857143 0.857142857142857 0
  2 17 2 0 34 0 1 0 0 0
  2 18 2 0 28 0 0.0714285714285714 0.928571428571429 0 0
  2 19 2 0 26 0 0 0.653846153846154 0.346153846153846 0
  2 20 2 0 32 0 0.03125 0.5 0.46875 0
  2 21 2 0 37 0 0.0810810810810811 0.378378378378378 0.540540540540541 0
  2 22 2 0 38 0 0 0.447368421052632 0.552631578947368 0
  2 23 2 0 41 0 0.0487804878048781 0.268292682926829 0.682926829268293 0
  2 24 2 0 33 0 0.0303030303030303 0.242424242424242 0.727272727272727 0
  2 25 2 0 45 0 0 0.266666666666667 0.733333333333333 0
  2 26 2 0 28 0 0.0714285714285714 0.178571428571429 0.75 0
  2 27 2 0 47 0 0.0212765957446809 0.319148936170213 0.659574468085106 0
  2 28 2 0 22 0 0.0909090909090909 0.227272727272727 0.681818181818182 0
  2 29 2 0 40 0 0.35 0.325 0.325 0
  2 30 2 0 28 0 0.321428571428571 0.535714285714286 0.142857142857143 0
  2 31 2 0 32 0 0.125 0.84375 0.03125 0
  2 32 2 0 40 0 0 0.75 0.25 0
  2 33 2 0 43 0 0.116279069767442 0.395348837209302 0.488372093023256 0
  2 34 2 0 46 0 0.173913043478261 0.521739130434783 0.304347826086957 0
  2 35 2 0 60 0 0.0333333333333333 0.6 0.366666666666667 0
  2 36 2 0 49 0 0.244897959183673 0.183673469387755 0.571428571428571 0
  2 37 2 0 32 0 0.0625 0.40625 0.53125 0
  2 38 2 0 30 0 0 0.433333333333333 0.566666666666667 0
  2 39 2 0 29 0 0.0344827586206897 0.172413793103448 0.793103448275862 0
  2 40 2 0 31 0 0 0.225806451612903 0.774193548387097 0
  2 41 2 0 14 0 0 0.285714285714286 0.714285714285714 0
  2 42 2 0 19 0 0.526315789473684 0.210526315789474 0.263157894736842 0
  2 2 3 0 3 0 0.666666666666667 0 0.333333333333333 0
  2 3 3 0 3 0 0.666666666666667 0.333333333333333 0 0
  2 4 3 0 7 0 0.285714285714286 0.571428571428571 0.142857142857143 0
  2 5 3 0 1 0 1 0 0 0
  2 6 3 0 14 0 0.142857142857143 0.642857142857143 0.214285714285714 0
  2 8 3 0 10 0 0.2 0.4 0.4 0
  2 9 3 0 6 0 0.333333333333333 0.333333333333333 0.333333333333333 0
  2 10 3 0 2 0 0.5 0.5 0 0
  2 12 3 0 1 0 0 1 0 0
  2 14 3 0 9 0 0.333333333333333 0.111111111111111 0.555555555555556 0
  2 15 3 0 5 0 0.8 0 0.2 0
  2 16 3 0 9 0 0.666666666666667 0.222222222222222 0.111111111111111 0
  2 17 3 0 9 0 0.555555555555556 0.333333333333333 0.111111111111111 0
  2 18 3 0 13 0 0.384615384615385 0.538461538461538 0.0769230769230769 0
  2 19 3 0 14 0 0.5 0.428571428571429 0.0714285714285714 0
  2 20 3 0 19 0 0.421052631578947 0.421052631578947 0.157894736842105 0
  2 21 3 0 20 0 0.3 0.4 0.3 0
  2 22 3 0 23 0 0.130434782608696 0.521739130434783 0.347826086956522 0
  2 23 3 0 26 0 0.692307692307692 0.115384615384615 0.192307692307692 0
  2 24 3 0 28 0 0.285714285714286 0.571428571428571 0.142857142857143 0
  2 25 3 0 20 0 0.45 0.25 0.3 0
  2 26 3 0 7 0 0.571428571428571 0.142857142857143 0.285714285714286 0
  2 27 3 0 5 0 0.2 0.4 0.4 0
  2 29 3 0 6 0 0.166666666666667 0.333333333333333 0.5 0
  2 30 3 0 14 0 0.0714285714285714 0.428571428571429 0.5 0
  2 31 3 0 7 0 0.142857142857143 0.428571428571429 0.428571428571429 0
  2 32 3 0 20 0 0.05 0.5 0.45 0
  2 33 3 0 18 0 0.555555555555556 0.166666666666667 0.277777777777778 0
  2 34 3 0 15 0 0.933333333333333 0 0.0666666666666667 0
  2 35 3 0 28 0 0.642857142857143 0.285714285714286 0.0714285714285714 0
  2 36 3 0 25 0 0.44 0.44 0.12 0
  2 37 3 0 19 0 0.526315789473684 0.473684210526316 0 0
  2 38 3 0 33 0 0.545454545454545 0.393939393939394 0.0606060606060606 0
  2 39 3 0 32 0 0.375 0.4375 0.1875 0
  2 40 3 0 34 0 0.529411764705882 0.352941176470588 0.117647058823529 0
  2 41 3 0 20 0 0.55 0.3 0.15 0
  2 42 3 0 27 0 0.481481481481481 0.37037037037037 0.148148148148148 0
  2 1 4 0 44 0 0.25 0.590909090909091 0.159090909090909 0
  2 2 4 0 75 0.0266666666666667 0.173333333333333 0.6 0.2 0
  2 3 4 0 66 0 0.257575757575758 0.439393939393939 0.303030303030303 0
  2 4 4 0 54 0.166666666666667 0.185185185185185 0.555555555555556 0.0925925925925926 0
  2 5 4 0 31 0.129032258064516 0.290322580645161 0.387096774193548 0.193548387096774 0
  2 6 4 0 24 0.166666666666667 0.541666666666667 0.166666666666667 0.125 0
  2 7 4 0 20 0.15 0.5 0.2 0.15 0
  2 8 4 0 25 0 0.36 0.52 0.12 0
  2 9 4 0 44 0.159090909090909 0.363636363636364 0.295454545454545 0.181818181818182 0
  2 10 4 0 36 0.166666666666667 0.555555555555556 0.194444444444444 0.0833333333333333 0
  2 11 4 0 22 0.136363636363636 0.363636363636364 0.318181818181818 0.181818181818182 0
  2 12 4 0 21 0.142857142857143 0.571428571428571 0.19047619047619 0.0952380952380952 0
  2 13 4 0 26 0.115384615384615 0.346153846153846 0.346153846153846 0.192307692307692 0
  2 14 4 0 35 0.0285714285714286 0.371428571428571 0.457142857142857 0.142857142857143 0
  2 15 4 0 21 0.238095238095238 0.523809523809524 0.142857142857143 0.0952380952380952 0
  2 16 4 0 30 0.2 0.6 0.133333333333333 0.0666666666666667 0
  2 17 4 0 40 0.175 0.575 0.125 0.125 0
  2 18 4 0 42 0.119047619047619 0.595238095238095 0.238095238095238 0.0476190476190476 0
  2 19 4 0 46 0.130434782608696 0.58695652173913 0.239130434782609 0.0434782608695652 0
  2 20 4 0 37 0.027027027027027 0.513513513513513 0.378378378378378 0.0810810810810811 0
  2 21 4 0 44 0.0681818181818182 0.5 0.340909090909091 0.0909090909090909 0
  2 22 4 0 42 0.0238095238095238 0.452380952380952 0.428571428571429 0.0952380952380952 0
  2 23 4 0 35 0.0857142857142857 0.457142857142857 0.342857142857143 0.114285714285714 0
  2 24 4 0 26 0 0.576923076923077 0.346153846153846 0.0769230769230769 0
  2 25 4 0 19 0 0.473684210526316 0.315789473684211 0.210526315789474 0
  2 26 4 0 29 0.0344827586206897 0.379310344827586 0.413793103448276 0.172413793103448 0
  2 27 4 0 10 0 0.4 0.3 0.3 0
  2 28 4 0 20 0 0.4 0.5 0.1 0
  2 29 4 0 25 0 0.56 0.32 0.12 0
  2 30 4 0 18 0 0.388888888888889 0.5 0.111111111111111 0
  2 31 4 0 24 0 0.25 0.5 0.25 0
  2 32 4 0 21 0.0952380952380952 0.19047619047619 0.285714285714286 0.428571428571429 0
  2 33 4 0 10 0.1 0.4 0.4 0.1 0
  2 34 4 0 12 0.583333333333333 0.166666666666667 0.25 0 0
  2 35 4 0 29 0.310344827586207 0.482758620689655 0.172413793103448 0.0344827586206897 0
  2 36 4 0 17 0.352941176470588 0.529411764705882 0.117647058823529 0 0
  2 37 4 0 39 0.128205128205128 0.641025641025641 0.179487179487179 0.0512820512820513 0
  2 38 4 0 9 0.333333333333333 0.555555555555556 0.111111111111111 0 0
  2 39 4 0 50 0.16 0.44 0.36 0.04 0
  2 40 4 0 15 0.0666666666666667 0.533333333333333 0.333333333333333 0.0666666666666667 0
  2 41 4 0 7 0 0.714285714285714 0.285714285714286 0 0
  2 42 4 0 9 0.111111111111111 0.666666666666667 0.222222222222222 0 0
# end survey length observations 
#  
# Fishery catch data 
# Number of observations, init_int Ncatch_obs
  168
# init_matrix obs_catch_biomass(1,Ncatch_obs,1,6) 
# Fleet	Area	Year	Species	Catch(biomass t)	CV 
  1 1 1 1 9.65178916469239 0.05
  1 1 2 1 9.77283814117941 0.05
  1 1 3 1 10.196733345824 0.05
  1 1 4 1 9.93627293647441 0.05
  1 1 5 1 10.2431150758967 0.05
  1 1 6 1 10.0977318926183 0.05
  1 1 7 1 9.83927624013611 0.05
  1 1 8 1 9.95802939056528 0.05
  1 1 9 1 9.78555593378829 0.05
  1 1 10 1 9.84051043355499 0.05
  1 1 11 1 10.0640509247653 0.05
  1 1 12 1 9.97950912339347 0.05
  1 1 13 1 10.2051421849842 0.05
  1 1 14 1 10.1070602715281 0.05
  1 1 15 1 9.71819362383099 0.05
  1 1 16 1 9.47653290868709 0.05
  1 1 17 1 9.28375522512094 0.05
  1 1 18 1 8.44865064058278 0.05
  1 1 19 1 8.54951171259914 0.05
  1 1 20 1 8.9454768155775 0.05
  1 1 21 1 8.50731854882142 0.05
  1 1 22 1 8.66045882922185 0.05
  1 1 23 1 8.90701814012491 0.05
  1 1 24 1 9.0590056674384 0.05
  1 1 25 1 8.79902402294559 0.05
  1 1 26 1 8.69296157054838 0.05
  1 1 27 1 8.10624803468598 0.05
  1 1 28 1 7.56607504525768 0.05
  1 1 29 1 8.31793766590542 0.05
  1 1 30 1 8.16816292564825 0.05
  1 1 31 1 8.12047867321564 0.05
  1 1 32 1 8.41241786181908 0.05
  1 1 33 1 7.81423523691798 0.05
  1 1 34 1 7.80423928128571 0.05
  1 1 35 1 7.40049049597206 0.05
  1 1 36 1 6.62420269166524 0.05
  1 1 37 1 7.03394688148829 0.05
  1 1 38 1 6.90073574609649 0.05
  1 1 39 1 6.92402388321313 0.05
  1 1 40 1 6.65616430494657 0.05
  1 1 41 1 6.53988954124452 0.05
  1 1 42 1 6.06799718235797 0.05
  1 1 1 4 8.74449601653777 0.05
  1 1 2 4 8.57409586224853 0.05
  1 1 3 4 8.85332833665758 0.05
  1 1 4 4 8.73726410411436 0.05
  1 1 5 4 9.18457601351489 0.05
  1 1 6 4 9.00767458590515 0.05
  1 1 7 4 8.66166257496846 0.05
  1 1 8 4 8.87172290208917 0.05
  1 1 9 4 8.7291512227535 0.05
  1 1 10 4 8.84321474958023 0.05
  1 1 11 4 9.12887471207851 0.05
  1 1 12 4 9.23374521981106 0.05
  1 1 13 4 9.60061801062842 0.05
  1 1 14 4 9.67278742669075 0.05
  1 1 15 4 9.29790905278102 0.05
  1 1 16 4 9.08772827934916 0.05
  1 1 17 4 9.47354197182804 0.05
  1 1 18 4 9.02784966840654 0.05
  1 1 19 4 9.16425475525958 0.05
  1 1 20 4 9.341307483372 0.05
  1 1 21 4 8.68177811853531 0.05
  1 1 22 4 8.70249480856976 0.05
  1 1 23 4 8.94868196636954 0.05
  1 1 24 4 9.01595276979543 0.05
  1 1 25 4 8.85202096683648 0.05
  1 1 26 4 8.8998098469753 0.05
  1 1 27 4 8.24621054392221 0.05
  1 1 28 4 7.79820507181272 0.05
  1 1 29 4 8.40702894234115 0.05
  1 1 30 4 8.27525632369581 0.05
  1 1 31 4 8.12541047605553 0.05
  1 1 32 4 8.40867976012068 0.05
  1 1 33 4 8.00449770181034 0.05
  1 1 34 4 8.27648077223551 0.05
  1 1 35 4 8.2692523401092 0.05
  1 1 36 4 8.08537642958999 0.05
  1 1 37 4 8.51377099930904 0.05
  1 1 38 4 8.58410313957085 0.05
  1 1 39 4 8.66586573694077 0.05
  1 1 40 4 8.37848230590562 0.05
  1 1 41 4 8.27307834454887 0.05
  1 1 42 4 7.84786607498325 0.05
  2 1 1 2 7.34399503943357 0.05
  2 1 2 2 6.61931727171396 0.05
  2 1 3 2 7.00398382934221 0.05
  2 1 4 2 6.62115482614257 0.05
  2 1 5 2 7.54621032087466 0.05
  2 1 6 2 7.19918782827166 0.05
  2 1 7 2 6.60332753731008 0.05
  2 1 8 2 6.78941350300545 0.05
  2 1 9 2 6.69645677506564 0.05
  2 1 10 2 6.76313981142129 0.05
  2 1 11 2 7.27042633579277 0.05
  2 1 12 2 6.6700679105918 0.05
  2 1 13 2 8.23524533869706 0.05
  2 1 14 2 7.41431545023985 0.05
  2 1 15 2 7.22602023790377 0.05
  2 1 16 2 7.44305591140305 0.05
  2 1 17 2 8.61940547842901 0.05
  2 1 18 2 3.75618989388011 0.05
  2 1 19 2 8.17460473041776 0.05
  2 1 20 2 8.9723876152763 0.05
  2 1 21 2 9.40243279757929 0.05
  2 1 22 2 10.1351991962247 0.05
  2 1 23 2 9.60396784595682 0.05
  2 1 24 2 9.34281507125948 0.05
  2 1 25 2 9.43912681329672 0.05
  2 1 26 2 9.98212392499401 0.05
  2 1 27 2 9.93009070837228 0.05
  2 1 28 2 8.95703592652973 0.05
  2 1 29 2 9.46416795726117 0.05
  2 1 30 2 9.47633594334691 0.05
  2 1 31 2 9.50998761853994 0.05
  2 1 32 2 9.74873296652496 0.05
  2 1 33 2 9.12494597486522 0.05
  2 1 34 2 9.46067350886324 0.05
  2 1 35 2 9.46210438613824 0.05
  2 1 36 2 10.5671422176706 0.05
  2 1 37 2 10.3031838607797 0.05
  2 1 38 2 9.74749989620873 0.05
  2 1 39 2 9.32971959443764 0.05
  2 1 40 2 9.17657778659547 0.05
  2 1 41 2 8.72556267287607 0.05
  2 1 42 2 7.16615158013466 0.05
  2 1 1 3 5.95298511477793 0.05
  2 1 2 3 5.64020206780765 0.05
  2 1 3 3 6.06299658537395 0.05
  2 1 4 3 6.2012523997514 0.05
  2 1 5 3 7.78481722827545 0.05
  2 1 6 3 8.07366156578727 0.05
  2 1 7 3 7.86729786339409 0.05
  2 1 8 3 8.05584156135794 0.05
  2 1 9 3 8.05646934903915 0.05
  2 1 10 3 7.81407775129413 0.05
  2 1 11 3 7.7990635357959 0.05
  2 1 12 3 6.5942282484991 0.05
  2 1 13 3 7.83601826190147 0.05
  2 1 14 3 7.23447911713003 0.05
  2 1 15 3 6.93318651450326 0.05
  2 1 16 3 7.49036103949132 0.05
  2 1 17 3 9.98924774392553 0.05
  2 1 18 3 6.62572284837297 0.05
  2 1 19 3 6.73693932947551 0.05
  2 1 20 3 6.4832482171587 0.05
  2 1 21 3 6.46936009741229 0.05
  2 1 22 3 7.27004947526459 0.05
  2 1 23 3 6.48373108509349 0.05
  2 1 24 3 6.3236869900517 0.05
  2 1 25 3 6.6478790782763 0.05
  2 1 26 3 7.26468971341615 0.05
  2 1 27 3 7.5722213529082 0.05
  2 1 28 3 6.70216168946315 0.05
  2 1 29 3 7.30445176260236 0.05
  2 1 30 3 7.29815037282318 0.05
  2 1 31 3 7.04664997770991 0.05
  2 1 32 3 6.49958167264725 0.05
  2 1 33 3 5.19841128841414 0.05
  2 1 34 3 5.32428352883046 0.05
  2 1 35 3 5.46214041538114 0.05
  2 1 36 3 7.23453339958511 0.05
  2 1 37 3 7.39433658069493 0.05
  2 1 38 3 7.12209675102716 0.05
  2 1 39 3 6.85786879139993 0.05
  2 1 40 3 7.10729293532094 0.05
  2 1 41 3 9.66745359849996 0.05
  2 1 42 3 9.88559807346449 0.05
# end catch observations 
#  
# Fishery size comp data 
# Number of observations, init_int Ncatch_size_obs 
  168
# init_matrix obs_catch_size(1,Ncatch_size_obs,1,ncol) 
# Fleet Area  Year  Species Type (0=whole, 1=retained, 2=discard) InpN, proportion by size bin 
  1 1 1 1 0 81 0 0.197530864197531 0.740740740740741 0.037037037037037 0.0246913580246914
  1 1 2 1 0 73 0 0.10958904109589 0.726027397260274 0.164383561643836 0
  1 1 3 1 0 65 0 0.123076923076923 0.692307692307692 0.184615384615385 0
  1 1 4 1 0 56 0 0.0714285714285714 0.625 0.285714285714286 0.0178571428571429
  1 1 5 1 0 120 0.00833333333333333 0.175 0.466666666666667 0.333333333333333 0.0166666666666667
  1 1 6 1 0 130 0 0.253846153846154 0.538461538461538 0.207692307692308 0
  1 1 7 1 0 94 0 0.138297872340426 0.627659574468085 0.234042553191489 0
  1 1 8 1 0 94 0 0.191489361702128 0.648936170212766 0.159574468085106 0
  1 1 9 1 0 82 0.0121951219512195 0.182926829268293 0.621951219512195 0.182926829268293 0
  1 1 10 1 0 76 0 0.276315789473684 0.552631578947368 0.157894736842105 0.0131578947368421
  1 1 11 1 0 74 0 0.283783783783784 0.594594594594595 0.121621621621622 0
  1 1 12 1 0 65 0 0.353846153846154 0.461538461538462 0.184615384615385 0
  1 1 13 1 0 77 0 0.467532467532468 0.415584415584416 0.116883116883117 0
  1 1 14 1 0 88 0 0.352272727272727 0.568181818181818 0.0795454545454545 0
  1 1 15 1 0 66 0 0.318181818181818 0.636363636363636 0.0454545454545455 0
  1 1 16 1 0 69 0 0.217391304347826 0.72463768115942 0.0579710144927536 0
  1 1 17 1 0 43 0 0.325581395348837 0.651162790697674 0.0232558139534884 0
  1 1 18 1 0 34 0 0.352941176470588 0.617647058823529 0.0294117647058824 0
  1 1 19 1 0 55 0 0.563636363636364 0.418181818181818 0.0181818181818182 0
  1 1 20 1 0 64 0 0.328125 0.65625 0.015625 0
  1 1 21 1 0 77 0 0.298701298701299 0.675324675324675 0.025974025974026 0
  1 1 22 1 0 67 0 0.253731343283582 0.626865671641791 0.119402985074627 0
  1 1 23 1 0 133 0 0.390977443609023 0.548872180451128 0.0601503759398496 0
  1 1 24 1 0 98 0 0.326530612244898 0.561224489795918 0.112244897959184 0
  1 1 25 1 0 91 0 0.197802197802198 0.67032967032967 0.131868131868132 0
  1 1 26 1 0 77 0 0.233766233766234 0.675324675324675 0.0909090909090909 0
  1 1 27 1 0 102 0 0.156862745098039 0.686274509803922 0.156862745098039 0
  1 1 28 1 0 76 0.0131578947368421 0.0526315789473684 0.710526315789474 0.223684210526316 0
  1 1 29 1 0 110 0 0.327272727272727 0.527272727272727 0.145454545454545 0
  1 1 30 1 0 100 0 0.38 0.59 0.03 0
  1 1 31 1 0 108 0 0.222222222222222 0.657407407407407 0.12037037037037 0
  1 1 32 1 0 118 0 0.169491525423729 0.73728813559322 0.0932203389830508 0
  1 1 33 1 0 129 0 0.147286821705426 0.62015503875969 0.232558139534884 0
  1 1 34 1 0 90 0 0.144444444444444 0.7 0.155555555555556 0
  1 1 35 1 0 69 0 0.202898550724638 0.594202898550725 0.202898550724638 0
  1 1 36 1 0 80 0 0.3875 0.4875 0.125 0
  1 1 37 1 0 62 0 0.354838709677419 0.564516129032258 0.0806451612903226 0
  1 1 38 1 0 94 0 0.361702127659574 0.595744680851064 0.0425531914893617 0
  1 1 39 1 0 75 0 0.293333333333333 0.64 0.0666666666666667 0
  1 1 40 1 0 75 0 0.213333333333333 0.693333333333333 0.0933333333333333 0
  1 1 41 1 0 35 0 0.171428571428571 0.685714285714286 0.142857142857143 0
  1 1 42 1 0 22 0.0454545454545455 0.181818181818182 0.636363636363636 0.136363636363636 0
  1 1 1 4 0 5 0 0.4 0 0 0
  1 1 2 4 0 5 0 0 0 0.8 0.2
  1 1 3 4 0 5 0 0 0 0.4 0
  1 1 4 4 0 5 0 0 0 0.6 0.4
  1 1 5 4 0 5 0 0 0 1 0
  1 1 6 4 0 5 0 0 0.2 0.8 0
  1 1 7 4 0 5 0 0 0.4 0.6 0
  1 1 8 4 0 5 0 0 0 0.2 0
  1 1 9 4 0 5 0 0 0 1 0
  1 1 10 4 0 5 0 0 0.6 0.4 0
  1 1 11 4 0 1 0 0 0 2 0
  1 1 12 4 0 5 0 0 0.6 0.4 0
  1 1 13 4 0 1 0 0 1 4 0
  1 1 14 4 0 2 0 0 1 1.5 0
  1 1 15 4 0 8 0 0 0.125 0.5 0
  1 1 16 4 0 3 0 0 0 1.66666666666667 0
  1 1 17 4 0 3 0 0 0.333333333333333 1.33333333333333 0
  1 1 18 4 0 1 0 0 1 4 0
  1 1 19 4 0 3 0 0 1.66666666666667 0 0
  1 1 20 4 0 3 0 0 4.66666666666667 5.33333333333333 0
  1 1 21 4 0 3 0 0 3.66666666666667 11.6666666666667 0
  1 1 22 4 0 2 0 0 1 4 0
  1 1 23 4 0 6 0 0 0.833333333333333 2.33333333333333 0
  1 1 24 4 0 1 0 0 10 51 0
  1 1 25 4 0 1 0 0 3 26 0
  1 1 26 4 0 2 0 0 2 14 0
  1 1 27 4 0 2 0 0 0 8 0
  1 1 28 4 0 4 0 0 0.75 7 0
  1 1 29 4 0 7 0 0 0.857142857142857 5.42857142857143 0
  1 1 30 4 0 6 0 0 0.833333333333333 4 0
  1 1 31 4 0 10 0 0 1.3 1.2 0
  1 1 32 4 0 7 0 0 1.85714285714286 1.28571428571429 0
  1 1 33 4 0 15 0 0 0.533333333333333 1.8 0
  1 1 34 4 0 19 0 0 0.421052631578947 1.05263157894737 0
  1 1 35 4 0 13 0 0 1 2.46153846153846 0
  1 1 36 4 0 23 0 0 0.521739130434783 1.69565217391304 0
  1 1 37 4 0 7 0 0 0.571428571428571 5.28571428571429 0
  1 1 38 4 0 7 0 0 1.71428571428571 3.42857142857143 0
  1 1 39 4 0 19 0 0 0.210526315789474 0.842105263157895 0
  1 1 40 4 0 25 0 0 0.08 0.48 0
  1 1 41 4 0 31 0 0 0.032258064516129 0.516129032258065 0
  1 1 42 4 0 31 0 0 0 0.774193548387097 0
  2 1 1 2 0 2 0 0 0 0.5 0
  2 1 2 2 0 5 0 0.2 0.8 0 0
  2 1 3 2 0 2 0 1.5 0.5 0.5 0
  2 1 4 2 0 5 0 0 0.2 0 0
  2 1 5 2 0 5 0 0 1 0.2 0
  2 1 6 2 0 5 0 0 0.6 0.2 0
  2 1 7 2 0 5 0 0 1 0 0
  2 1 8 2 0 1 0 0 1 0 0
  2 1 9 2 0 5 0 0 0.2 0 0
  2 1 10 2 0 5 0 0 0.2 0 0
  2 1 11 2 0 2 0 0 0 1 0
  2 1 12 2 0 5 0 0 0.4 0.6 0
  2 1 13 2 0 5 0 0 0.6 0.2 0
  2 1 14 2 0 5 0 0 0.6 1 0
  2 1 15 2 0 5 0 0 1 1.2 0
  2 1 16 2 0 5 0 0.2 0 0.8 0
  2 1 17 2 0 5 0 0 0.8 0.2 0
  2 1 18 2 0 5 0 0 0.2 0 0
  2 1 19 2 0 5 0 0 0.2 0 0
  2 1 20 2 0 30 0 0 0.0333333333333333 0.1 0
  2 1 21 2 0 46 0 0 0.0434782608695652 0.0217391304347826 0
  2 1 22 2 0 10 0 0 0.3 0.1 0
  2 1 23 2 0 19 0 0 0.157894736842105 0 0
  2 1 24 2 0 61 0 0 0.0163934426229508 0.0327868852459016 0
  2 1 25 2 0 29 0 0 0 0.0689655172413793 0
  2 1 26 2 0 32 0 0 0.09375 0.03125 0
  2 1 27 2 0 16 0 0.0625 0.125 0.125 0
  2 1 28 2 0 31 0 0 0.0967741935483871 0.032258064516129 0
  2 1 29 2 0 44 0 0 0.0227272727272727 0.0681818181818182 0
  2 1 30 2 0 29 0 0.0344827586206897 0.344827586206897 0.448275862068966 0
  2 1 31 2 0 25 0 0 0.2 0.2 0
  2 1 32 2 0 22 0 0 0.227272727272727 0.318181818181818 0
  2 1 33 2 0 35 0 0.0285714285714286 0.0285714285714286 0.0571428571428571 0
  2 1 34 2 0 28 0 0 0.0714285714285714 0.142857142857143 0
  2 1 35 2 0 45 0 0 0.0444444444444444 0 0
  2 1 36 2 0 51 0 0.0196078431372549 0.156862745098039 0.0196078431372549 0
  2 1 37 2 0 41 0 0 0.0975609756097561 0.121951219512195 0
  2 1 38 2 0 36 0 0 0.277777777777778 0.0833333333333333 0
  2 1 39 2 0 20 0 0.05 0.5 0.25 0
  2 1 40 2 0 14 0 0 1.35714285714286 0.571428571428571 0
  2 1 41 2 0 17 0 0 0.764705882352941 0.117647058823529 0
  2 1 42 2 0 24 0 0.0416666666666667 0.541666666666667 0.0833333333333333 0
  2 1 1 3 0 1 0 0 5 0 0
  2 1 2 3 0 5 0 0 0.8 0.2 0
  2 1 3 3 0 5 0 0 0.8 0.2 0
  2 1 4 3 0 1 0 0 4 1 0
  2 1 5 3 0 6 0 0.166666666666667 0.166666666666667 0.5 0
  2 1 6 3 0 4 0 0 0.5 0.75 0
  2 1 7 3 0 5 0 0.2 0.4 0.4 0
  2 1 8 3 0 1 0 0 5 0 0
  2 1 9 3 0 1 0 1 2 2 0
  2 1 10 3 0 1 0 3 0 2 0
  2 1 11 3 0 2 0 0 0 0.5 0
  2 1 12 3 0 5 0 0.2 0.6 0.2 0
  2 1 13 3 0 4 0 0 0.25 0 0
  2 1 14 3 0 8 0 0 0.125 0.125 0
  2 1 15 3 0 11 0 0.0909090909090909 0.454545454545455 0.181818181818182 0
  2 1 16 3 0 5 0 0.2 0.2 0.2 0
  2 1 17 3 0 5 0 0.2 0.4 0 0
  2 1 18 3 0 1 0 0 1 0 0
  2 1 19 3 0 1 0 1 1 1 0
  2 1 20 3 0 4 0 0.25 0.5 0 0
  2 1 21 3 0 3 0 0 0.666666666666667 0.333333333333333 0
  2 1 22 3 0 4 0 0 0.5 0 0
  2 1 23 3 0 3 0 0.666666666666667 1 0.333333333333333 0
  2 1 24 3 0 3 0 0.333333333333333 0 0 0
  2 1 25 3 0 2 0 0 0.5 0 0
  2 1 26 3 0 4 0 0 0.5 0 0
  2 1 27 3 0 5 0 0 0.2 0.2 0
  2 1 28 3 0 4 0 0 0.75 0.25 0
  2 1 29 3 0 4 0 0.25 0.75 0.75 0
  2 1 30 3 0 24 0 0.0416666666666667 0.166666666666667 0.0416666666666667 0
  2 1 31 3 0 10 0 0 0.8 0.2 0
  2 1 32 3 0 12 0 0.0833333333333333 0.25 0.25 0
  2 1 33 3 0 4 0 0 2.25 1.5 0
  2 1 34 3 0 6 0 0.666666666666667 1.16666666666667 1.33333333333333 0
  2 1 35 3 0 2 0 2 2.5 2 0
  2 1 36 3 0 10 0 0.9 1.3 0.1 0
  2 1 37 3 0 9 0 0 0.666666666666667 0.111111111111111 0
  2 1 38 3 0 13 0 0.384615384615385 0.153846153846154 0 0
  2 1 39 3 0 16 0 0.4375 0.6875 0.0625 0
  2 1 40 3 0 27 0 0.222222222222222 0.518518518518518 0.185185185185185 0
  2 1 41 3 0 15 0 0.2 1.46666666666667 0.4 0
  2 1 42 3 0 16 0 0.4375 1.1875 0.3125 0
# end fishery length observations 
#  
# Survey diet proportion observations 
# Number of observations, init_int Ndietprop_obs 
  115
# init_matrix obs_dietprop(1,Ndietprop_obs,1,ncol) 
# Survey  Year  Predator  Predator_size InpN  wt_prey_1 wt_prey_2 wt_prey_3 wt_prey_4 wt_prey_5 wt_prey_6 wt_prey_7 wt_prey_8 wt_prey_9 wt_prey_10 wt_prey_11 other 
  1 12 1 2 100 0 0 0 0 1
  1 12 1 3 100 0.52 0 0 0 0.48
  1 13 1 3 100 0 0 0 0 1
  1 13 1 4 100 0 1 0 0 0
  1 15 1 2 100 0 0.02 0 0 0.98
  1 18 1 1 100 0.37 0 0 0 0.63
  1 18 1 2 100 0 0 0 0 1
  1 18 1 3 100 0 0.07 0 0 0.93
  1 19 1 2 100 0 0.05 0 0 0.95
  1 19 1 3 100 0 0.49 0 0 0.51
  1 20 1 3 100 0 0.02 0 0 0.98
  1 21 1 2 100 0 0.06 0 0 0.94
  1 21 1 3 100 0 0.22 0 0 0.78
  1 24 1 3 100 0 0.73 0 0 0.27
  1 25 1 3 100 0 0.24 0 0 0.76
  1 26 1 3 100 0 0.28 0.28 0 0.44
  1 27 1 3 100 0 0.08 0.35 0 0.57
  1 28 1 3 100 0 0.82 0 0 0.18
  1 33 1 3 100 0 0.04 0 0 0.96
  1 34 1 3 100 0 0.3 0 0 0.7
  1 35 1 3 100 0 0.48 0 0 0.52
  1 38 1 3 100 0 0.21 0 0 0.79
  1 39 1 3 100 0 0.07 0 0 0.93
  1 40 1 2 100 0 0.44 0 0 0.56
  1 41 1 2 100 0 0 0.46 0 0.54
  2 2 1 4 100 0 0.2 0 0 0.8
  2 11 1 3 100 0 0.18 0 0 0.82
  2 14 1 3 100 0 0.22 0.02 0 0.76
  2 14 1 4 100 0 0 0.07 0 0.93
  2 15 1 3 100 0 0.07 0 0 0.93
  2 16 1 3 100 0 0.07 0.28 0 0.65
  2 16 1 4 100 0 0.2 0 0 0.8
  2 19 1 3 100 0 1 0 0 0
  2 19 1 4 100 0 0.08 0 0 0.92
  2 21 1 3 100 0 0 0 0 1
  2 21 1 4 100 0 0.29 0 0 0.71
  2 22 1 3 100 0.09 0 0 0 0.91
  2 23 1 3 100 0 0 0 0 1
  2 24 1 3 100 0 0 0 0 1
  2 24 1 4 100 0 0 0 0 1
  2 25 1 2 100 0 0.94 0 0 0.06
  2 25 1 3 100 0 0.08 0 0 0.92
  2 26 1 3 100 0 0 0.07 0 0.93
  2 27 1 3 100 0 0.8 0 0 0.2
  2 27 1 4 100 0 0 0.13 0 0.87
  2 29 1 3 100 0 0 0.06 0 0.94
  2 33 1 3 100 0 0.09 0 0 0.91
  2 35 1 1 100 0 0.11 0 0 0.89
  2 35 1 2 100 0 1 0 0 0
  2 35 1 3 100 0 0 0 0 1
  2 36 1 3 100 0 0 0 0 1
  2 39 1 3 100 0 0 0 0 1
  2 40 1 2 100 0 0 0 0 1
  2 36 2 3 100 0 0.32 0 0 0.68
  2 30 3 2 100 0 0.12 0.09 0 0.79
  2 30 3 4 100 0 0.01 0 0 0.99
  1 8 4 2 100 0 0.45 0 0 0.55
  1 8 4 3 100 0 0.59 0 0 0.41
  1 11 4 3 100 0 0.51 0 0 0.49
  1 13 4 2 100 0 0.91 0 0 0.09
  1 13 4 3 100 0 0 0 0 1
  1 13 4 4 100 0 0.07 0 0 0.93
  1 14 4 3 100 0 0 0 0 1
  1 15 4 3 100 0 0.17 0 0 0.83
  1 15 4 4 100 0 0 0 0 1
  1 16 4 3 100 0 0 0 0 1
  1 16 4 4 100 0 0.54 0 0 0.46
  1 17 4 3 100 0 0 0.2 0 0.8
  1 18 4 3 100 0 0.47 0 0 0.53
  1 19 4 2 100 0 0 0 0.01 0.99
  1 19 4 3 100 0 0 0 0 1
  1 20 4 2 100 0 1 0 0 0
  1 20 4 3 100 0 0 0 0 1
  1 21 4 3 100 0 0.48 0 0 0.52
  1 22 4 2 100 0 0.54 0 0 0.46
  1 23 4 3 100 0 0 0.31 0 0.69
  1 24 4 3 100 0 0.36 0 0 0.64
  1 25 4 3 100 0 0.04 0 0 0.96
  1 25 4 4 100 0 0.47 0 0 0.53
  1 26 4 3 100 0 0.17 0 0 0.83
  1 27 4 2 100 0 0 0 0 1
  1 27 4 3 100 0 0 0.18 0 0.82
  1 28 4 2 100 0 0 0.99 0 0.01
  1 28 4 3 100 0 0.04 0 0 0.96
  1 29 4 3 100 1 0 0 0 0
  1 31 4 3 100 0 0.17 0 0 0.83
  1 31 4 4 100 0 0 0 0 1
  1 34 4 3 100 0 0 0 0 1
  1 40 4 3 100 0 0.07 0 0 0.93
  1 40 4 4 100 0 0.13 0 0 0.87
  1 42 4 3 100 0 0.34 0 0 0.66
  2 6 4 3 100 0 0 0 0 1
  2 8 4 3 100 0 0 0.21 0 0.79
  2 9 4 4 100 0 0 0 0.32 0.68
  2 14 4 4 100 0.2 0 0 0 0.8
  2 15 4 3 100 0 0 0 0 1
  2 16 4 3 100 0 0 0 0 1
  2 17 4 2 100 0 0 0 0 1
  2 18 4 3 100 0 0 0 0 1
  2 19 4 3 100 0 0 0 0 1
  2 21 4 3 100 0 0.1 0 0 0.9
  2 22 4 3 100 0 0.32 0 0 0.68
  2 23 4 3 100 0 0.02 0 0 0.98
  2 24 4 3 100 0 0.34 0.14 0 0.52
  2 25 4 3 100 0 0.62 0 0 0.38
  2 25 4 4 100 0 0 0.92 0 0.08
  2 27 4 3 100 0 0.29 0 0 0.71
  2 30 4 3 100 0 0.36 0 0 0.64
  2 33 4 3 100 0 0.05 0 0 0.95
  2 34 4 3 100 0 1 0 0 0
  2 35 4 3 100 0 0.67 0 0 0.33
  2 36 4 2 100 0 0.15 0 0 0.85
  2 36 4 3 100 0 0.7 0 0 0.3
  2 37 4 3 100 0 0.32 0 0 0.68
  2 42 4 3 100 0 0 0.82 0 0.18
# end survey diet proportion observations 
#  
