# This file was created using the write_tsDatFile function and used all the simulated data from sim_dta.rds found in repo:Hydra-self-testing
# Survey index data 
# Number of observations, init_int Nsurvey_obs
  329
# init_matrix obs_survey_biomass(1,Nsurvey_obs,1,5)
# survey year spp value cv
  1 1 4 12.7402609271054 0.212720515437525
  2 1 4 10.6090305713448 0.25363203301826
  1 2 4 12.7085470519698 0.222168779300385
  2 2 4 10.3788497912439 0.187773345626693
  1 3 4 12.7017090125825 0.394113240257454
  2 3 4 9.98714698367804 0.423618201694685
  1 4 4 12.0835922308103 0.310035034727007
  2 4 4 9.75841163115369 0.327069686277164
  1 5 4 13.1515904608586 0.378629084128514
  2 5 4 10.4498630722771 0.391316523019912
  1 6 4 12.5102683279416 0.494427832556011
  2 6 4 10.0016565782186 0.376280830351703
  1 7 4 13.0597178001339 0.759062286891916
  2 7 4 9.45913187816697 0.665352569827422
  1 8 4 12.1376711971895 0.383150869515862
  2 8 4 9.93213849823006 0.433685089735353
  1 9 4 11.9915404097986 0.48934963094834
  2 9 4 9.69337237691284 0.392371299771634
  1 10 4 12.6549309892498 0.382452035825211
  2 10 4 9.97549598103544 0.333798529002863
  1 11 4 11.6929844258761 0.566792532611316
  2 11 4 9.63662530566656 0.868042030585988
  1 12 4 11.4869562546724 0.381518572031255
  2 12 4 9.78655122792657 0.445144789260538
  1 13 4 12.3381544283938 0.438380584739347
  2 13 4 9.76338310400403 0.947226139495183
  1 14 4 12.1707505515938 0.482345652338289
  2 14 4 9.30692808292837 0.377075764230608
  1 15 4 12.2866715818048 0.420835086749712
  2 15 4 9.68816229097375 0.614716212748607
  1 16 4 12.2207082083819 0.515165860253858
  2 16 4 9.1154133503077 0.704031323768783
  1 17 4 13.221712334767 0.559532625975744
  2 17 4 9.72317551639289 0.319774204956139
  1 18 4 12.2473221248472 0.479008946214672
  2 18 4 9.93754950294631 0.41351869139049
  1 19 4 11.9080909505881 0.429419179801904
  2 19 4 9.8513470880621 0.387615780132326
  1 20 4 12.4978199590958 0.477074256852948
  2 20 4 9.87465072410634 0.315868813200741
  1 21 4 11.9880949582093 0.410621521476155
  2 21 4 9.23769971178032 0.630050999524052
  1 22 4 11.5920902833104 0.294672690077384
  2 22 4 9.62264822719525 0.335469505128288
  1 23 4 13.0305089655867 0.477447511398437
  2 23 4 9.6829421608261 0.407625761955908
  1 24 4 11.4037412905152 0.384568504019134
  2 24 4 9.43736921974072 0.43049173366256
  1 25 4 11.4973234121727 0.333261603198005
  2 25 4 10.2142585466363 0.843960441627036
  1 26 4 12.7747993584599 0.685474246042822
  2 26 4 9.63869782126478 0.429620783824035
  1 27 4 11.5613139653029 0.286882992344226
  2 27 4 9.46388846329274 0.81343687860715
  1 28 4 11.9040662911733 0.371822434434906
  2 28 4 8.23841093159371 0.53327636373572
  1 29 4 11.5078407807725 0.592639130460935
  2 29 4 8.72550963296657 0.590339711107796
  1 30 4 11.3515701097143 0.374062101432949
  2 30 4 8.64958727493502 0.701775131617819
  1 31 4 11.2861201158766 0.304499664309564
  2 31 4 8.90613985625119 0.210828956182955
  1 32 4 11.3818081641679 0.233962995093855
  2 32 4 8.57888184026533 0.329779252894958
  1 33 4 11.4213610875799 0.270006842918168
  2 33 4 9.04403953608319 0.460124990024536
  1 34 4 11.3763900139808 0.350007507053818
  2 34 4 9.17392916690953 0.837656243552001
  1 35 4 11.2575870980902 0.34274593698132
  2 35 4 9.64469589994265 0.291986952078346
  1 36 4 11.3762344588249 0.261906583866089
  2 36 4 9.30272732409289 0.425399553458769
  1 37 4 12.1793389364779 0.417429035160016
  2 37 4 9.00658375462374 0.287702894520317
  1 38 4 11.6595223254749 0.441211421515246
  2 38 4 8.69117582797984 0.866971810340233
  1 39 4 11.76397814574 0.495234601454268
  2 39 4 9.64751857715832 0.556663444153977
  1 40 4 11.7192921734365 0.237858203733512
  2 40 4 9.60582299891492 0.295404104464232
  1 41 4 11.5038103434263 0.327346172729995
  2 41 4 9.87113193704575 0.994030515469621
  1 42 4 12.2581458599786 0.368315456462939
  2 42 4 9.88082219325693 0.461505384764764
  1 1 2 4.13153558532721 0.601375663623589
  2 1 2 4.19768826861669 0.565196579518992
  2 2 2 2.93969145682814 0.686052062200317
  2 3 2 3.35505373537947 0.378997614818957
  1 4 2 3.36355671191287 1
  2 4 2 4.60831322979322 0.459316778181236
  1 5 2 3.18280160286155 0.611089023955187
  2 5 2 3.88308268440932 0.780615956536472
  1 6 2 3.6849415081972 0.702037850017464
  2 6 2 3.78884719948485 0.461790555986525
  1 7 2 5.24857733439341 0.948289691951521
  2 7 2 3.7543238342725 0.685175011742778
  1 8 2 4.32792620362603 0.544380631361087
  2 8 2 3.06748021772938 0.424096495665332
  1 9 2 3.86381998229417 0.5393131982084
  2 9 2 4.41405908953976 0.454629127333952
  1 10 2 4.47013930443437 0.88095039530815
  2 10 2 4.87566386034675 0.419344308350161
  1 11 2 4.77228980429396 0.799987970388403
  2 11 2 5.26578722415531 0.839124360078806
  1 12 2 3.68772615582868 0.774991903603438
  2 12 2 5.26642130310621 0.424721667998453
  1 13 2 4.10034177023353 0.863215133786584
  2 13 2 4.70315800792739 0.387073469025502
  1 14 2 4.42530966925389 0.704083892007286
  2 14 2 4.30707638315668 0.312793018147624
  1 15 2 3.30076588605536 0.457459057188701
  2 15 2 4.00135443560305 0.459652287866146
  1 16 2 4.56411447032226 0.853197309912465
  2 16 2 4.05976346491649 0.628928805514438
  1 17 2 3.58546114036384 0.61116783920211
  2 17 2 3.62575845814978 0.3895964128798
  1 18 2 6.8099788471459 0.416775375911518
  2 18 2 7.92072975877825 0.495180348393774
  1 19 2 7.3404859331545 0.69077510766454
  2 19 2 7.13860464485428 0.347120352110889
  1 20 2 7.69246524902815 0.793751288508348
  2 20 2 8.20137512289283 0.526946514998015
  1 21 2 7.961782385036 0.339376634127756
  2 21 2 8.05175039133576 0.609998621037514
  1 22 2 7.48522298713276 0.601950919776798
  2 22 2 7.65195227278929 0.389299707202565
  1 23 2 7.73035579317864 0.658556209578282
  2 23 2 8.00361476187631 0.288585466763824
  1 24 2 8.40583992515495 0.637453135075156
  2 24 2 7.66814163135694 0.480513100150493
  1 25 2 8.09978418525628 0.510473149998029
  2 25 2 8.12421061373794 0.338488147626423
  1 26 2 6.79827390351186 0.548437091427541
  2 26 2 7.50295901724768 0.345955330423839
  1 27 2 8.49541675165141 0.492912195981742
  2 27 2 8.4926211205011 0.33164245084141
  1 28 2 6.54999059249107 0.747597319880804
  2 28 2 6.99577694267715 0.447853531697379
  1 29 2 7.95074059315698 0.451616070879294
  2 29 2 7.89505348661832 0.305275882623724
  1 30 2 7.43894523909065 0.797269558848634
  2 30 2 9.02160320635187 0.605264936420634
  1 31 2 8.92008406963843 0.666772556553203
  2 31 2 9.46198360143412 0.359836468902791
  1 32 2 9.81596276233604 0.96787270074405
  2 32 2 8.62154632853022 0.422601396160012
  1 33 2 9.81007077317182 0.404694020855087
  2 33 2 10.0235065497344 0.465820030674526
  1 34 2 10.5643548283234 0.814873375751391
  2 34 2 9.58241391462914 0.505954372112585
  1 35 2 10.0963528310255 0.533219898766676
  2 35 2 9.62740733404186 0.287403659199158
  1 36 2 9.270795990679 0.371953858881132
  2 36 2 9.47978520868375 0.365560779244073
  1 37 2 10.291609493558 0.791301167226987
  2 37 2 10.2880098688944 0.487536998609889
  1 38 2 8.36477135129819 0.633364993316759
  2 38 2 9.76443028552992 0.644823084547079
  1 39 2 9.90709705881502 0.827253682697507
  2 39 2 9.49833150540046 0.354235596542703
  1 40 2 9.33246918954857 0.900216415173481
  2 40 2 8.73573286996261 0.395846441583114
  1 41 2 8.74290667874467 0.957770995377006
  2 41 2 8.74827179090242 0.496084887173497
  1 42 2 9.20757920334162 0.55870584954739
  2 42 2 8.3464633152447 0.604660139936764
  1 1 1 10.5855293126276 0.241799049430762
  2 1 1 10.9397531862415 0.250018379470286
  1 2 1 10.4651549537168 0.142636213550947
  2 2 1 10.7855615618197 0.163647146277456
  1 3 1 10.0823512255152 0.225478190042395
  2 3 1 10.6309083892352 0.192013183632222
  1 4 1 10.2670560681427 0.323579734794357
  2 4 1 10.5415769902435 0.162432383538487
  1 5 1 9.85195627052911 0.320666395151501
  2 5 1 10.8373699943202 0.822390366318268
  1 6 1 9.37832881599404 0.452044832991261
  2 6 1 10.4808644865426 0.192408532269243
  1 7 1 9.13193582909595 0.28209645893665
  2 7 1 10.2147091207083 0.262097825842625
  1 8 1 10.3675026903606 0.414010381101596
  2 8 1 10.0797897941448 0.189959250209439
  1 9 1 9.63601917971611 0.40638853202345
  2 9 1 10.2101060137987 0.178404315527443
  1 10 1 9.08983929387913 0.290993157294119
  2 10 1 10.2324916600134 0.156753980046499
  1 11 1 9.8858774910427 0.324615016521962
  2 11 1 10.0892247442496 0.174348711952217
  1 12 1 9.74916298842143 0.294780938380682
  2 12 1 10.2852322010851 0.195232854572048
  1 13 1 9.32200435099204 0.440402569626277
  2 13 1 10.0088822427383 0.185762358850192
  1 14 1 8.64184713354291 0.372421878022742
  2 14 1 9.61075818183175 0.151581173531864
  1 15 1 8.67456418209984 0.341871348717721
  2 15 1 9.88799291989894 0.233364310094868
  1 16 1 8.3841525812077 0.416897355424411
  2 16 1 9.27129212022986 0.283802183917676
  1 17 1 8.1032891127177 0.500820840736393
  2 17 1 7.71452541431028 0.495024013362717
  1 18 1 8.00297642912042 0.389853340834037
  2 18 1 9.43319533150126 0.390988792530431
  1 19 1 8.66862172163395 0.293941849282161
  2 19 1 9.5071833831006 0.322403741112933
  1 20 1 7.93470453702165 0.525509720403112
  2 20 1 8.81262660188956 0.218361153170241
  1 21 1 8.59286803481753 0.266433769579894
  2 21 1 8.36579132344394 0.421115605185845
  1 22 1 9.04259034836285 0.374831371194202
  2 22 1 8.73818267001857 0.227391091044855
  1 23 1 8.60283236011952 0.352011231642473
  2 23 1 8.71670873529494 0.384269029090844
  1 24 1 8.94298444370616 0.34725908523047
  2 24 1 9.0731156830514 0.331291933735556
  1 25 1 9.26823445251359 0.578696888706846
  2 25 1 8.67607916387684 0.247394190789157
  1 26 1 7.00156796463297 0.459728456052307
  2 26 1 8.39476130163587 0.394189312610479
  1 27 1 7.86085885154485 0.539982548576019
  2 27 1 8.95150504683748 0.72948972943007
  1 28 1 7.54038061263854 0.364309332200766
  2 28 1 8.47696498044092 0.278656828353639
  1 29 1 7.8264268707935 0.562793580097325
  2 29 1 8.98074022652307 0.316141323613091
  1 30 1 8.29152963390148 0.420348818797864
  2 30 1 9.18769718379915 0.30511736182771
  1 31 1 8.25953640377124 0.403753427903273
  2 31 1 8.60646424434899 0.278331587636247
  1 32 1 6.74177239174065 0.491331418922754
  2 32 1 7.80798328910222 0.329726795744574
  1 33 1 7.82875171594464 0.537081122476055
  2 33 1 7.9313019155413 0.33086845072982
  1 34 1 6.389203816535 0.379030815152119
  2 34 1 7.01281919107897 0.278881417082292
  1 35 1 6.00091011240682 0.519511456600017
  2 35 1 7.40934977839744 0.27351876283918
  1 36 1 5.83982242758055 0.556056214854877
  2 36 1 7.01387990026595 0.714061811185508
  1 37 1 6.98381153738812 0.588197671943964
  2 37 1 7.04798800122996 0.340315242626747
  1 38 1 6.38025461410671 0.324588369174256
  2 38 1 7.18483102605957 0.300199803594678
  1 39 1 6.21451605755872 0.501841796783066
  2 39 1 7.33452345266641 0.438397059851219
  1 40 1 6.00202095633314 0.403101009292275
  2 40 1 6.05603136992316 0.410378233550251
  1 41 1 5.90500818654573 0.478602624152216
  2 41 1 6.46348970271381 0.362128776577143
  1 42 1 8.33438365881513 0.646634922078809
  2 42 1 8.55991455322396 0.816170985475773
  1 1 3 3.84528849823276 0.499484636786782
  1 2 3 3.9734400322758 0.358153914340203
  2 2 3 5.82678684978542 0.577110518633802
  1 3 3 4.88144814032492 0.678339172154909
  2 3 3 5.6498095832755 0.738121970739642
  1 4 3 5.02040053355634 1
  2 4 3 6.04857653011226 0.52056341701904
  1 5 3 5.25476366823189 0.693225535250834
  2 5 3 5.11008580256457 1
  1 6 3 4.8428502860277 1
  2 6 3 5.65119372541953 0.48452157876779
  1 7 3 5.21273190684518 0.912293822979085
  1 8 3 4.82670656204928 0.655734850091527
  2 8 3 6.0769454902845 0.750382084373246
  1 9 3 5.13284773657194 0.670809892238012
  2 9 3 6.21408780086108 0.47273108889926
  1 10 3 5.33823872610706 0.631102684426709
  2 10 3 7.10895286051031 0.919260399745188
  1 11 3 5.95913541040264 0.496475444687371
  1 12 3 3.87416356114824 0.740682868109632
  2 12 3 6.14630335175137 1
  1 13 3 4.56420910424188 0.360862225436052
  1 14 3 5.01153179963357 0.547901331396328
  2 14 3 5.89891902322799 0.478873954421528
  1 15 3 4.69602363327585 0.429608216382601
  2 15 3 5.49745862172608 0.654713783069401
  1 16 3 5.39096344251692 0.69118921143411
  2 16 3 5.94542272080779 0.8614889831113
  1 17 3 5.48178327164838 0.426971754606328
  2 17 3 6.52567180768291 0.572182042928152
  1 18 3 4.21381678532924 0.505524319387353
  2 18 3 6.4160683000995 0.488492827246527
  1 19 3 5.27303691986689 0.644591984223249
  2 19 3 6.34482552679312 0.51925665989311
  1 20 3 6.02462753051425 0.899065435378594
  2 20 3 6.85163206885426 0.59569628754064
  1 21 3 5.73239468157187 0.543826822033971
  2 21 3 6.97336131336889 0.466111862829518
  1 22 3 5.56083808683341 0.88174616562504
  2 22 3 6.82352900906491 0.568444982816852
  1 23 3 5.84389941277837 0.408104676406013
  2 23 3 6.79602373897204 0.357346049869971
  1 24 3 5.58122797742812 0.92608255019157
  2 24 3 7.44609721316599 0.539541007788685
  1 25 3 5.86361528047429 0.648664057223823
  2 25 3 6.76342144257498 0.576168087832409
  1 26 3 6.37191926764613 0.695927823776047
  2 26 3 6.1700159926175 0.549529982814455
  1 27 3 6.44366551322715 0.708713243925404
  2 27 3 7.55165046115397 0.496269825160911
  1 28 3 6.50688000637378 0.489543853646182
  1 29 3 5.89016954452635 0.703511357168505
  2 29 3 8.48308946566139 0.875017095315649
  1 30 3 5.44564235338307 0.631659802692532
  2 30 3 7.16299722406295 0.908152223575802
  1 31 3 6.36674280437475 0.626570332091694
  2 31 3 7.16996378062913 0.712465807947941
  1 32 3 6.77379095824047 0.661895735249442
  2 32 3 6.78976215348482 0.86012943797605
  1 33 3 6.08300573297637 0.783155911787346
  2 33 3 6.85244184344775 0.598390099709208
  1 34 3 5.88922971566307 0.542775440757204
  2 34 3 8.14481810744954 0.743173480285892
  1 35 3 6.37597049259709 0.870542376054271
  2 35 3 7.25930480458684 0.446478967244395
  1 36 3 7.32593963434348 0.492193512682958
  2 36 3 7.33966571643126 0.490110041691513
  1 37 3 8.19354961668479 0.909630520329322
  2 37 3 8.44850571284295 0.433872317628348
  1 38 3 7.78518105630933 0.644773009949607
  2 38 3 8.93909339656948 0.484949159815328
  1 39 3 8.53161290635988 0.515045488987725
  2 39 3 8.40577693204828 0.388710136036013
  1 40 3 8.24316404574197 0.442573167063876
  2 40 3 8.82801979123896 0.395139923022642
  1 41 3 10.1364859989249 0.88587618368699
  2 41 3 9.53817936732008 0.537531419606343
  1 42 3 12.5905518175253 0.983269433580366
  2 42 3 10.257213072023 0.849696423298534
# end survey index observations 
#  
# Survey size comp data 
# Number of observations, init_int Nsurvey_size_obs 
  329
# init_matrix obs_survey_size(1,Nsurvey_size_obs,1,ncol) 
# Survey  Year  Species Type (0=whole, 1=retained, 2=discard) InpN, proportion by length bin 
  1 1 1 0 57 0 0.350877192982456 0.631578947368421 0.0175438596491228 0
  1 2 1 0 65 0 0.353846153846154 0.507692307692308 0.138461538461538 0
  1 3 1 0 32 0 0.375 0.34375 0.28125 0
  1 4 1 0 32 0.03125 0.625 0.1875 0.15625 0
  1 5 1 0 21 0.0476190476190476 0.714285714285714 0.142857142857143 0.0952380952380952 0
  1 6 1 0 18 0 0.5 0.444444444444444 0.0555555555555556 0
  1 7 1 0 25 0.04 0.68 0.12 0.16 0
  1 8 1 0 20 0 0.35 0.5 0.15 0
  1 9 1 0 16 0 0.75 0.0625 0.1875 0
  1 10 1 0 19 0 0.526315789473684 0.473684210526316 0 0
  1 11 1 0 20 0.1 0.75 0.05 0.1 0
  1 12 1 0 22 0 0.727272727272727 0.272727272727273 0 0
  1 13 1 0 23 0 0.608695652173913 0.347826086956522 0.0434782608695652 0
  1 14 1 0 14 0 0.428571428571429 0.571428571428571 0 0
  1 15 1 0 21 0 0.666666666666667 0.333333333333333 0 0
  1 16 1 0 14 0 0.357142857142857 0.642857142857143 0 0
  1 17 1 0 17 0 0.647058823529412 0.352941176470588 0 0
  1 18 1 0 19 0 0.894736842105263 0.105263157894737 0 0
  1 19 1 0 18 0 0.944444444444444 0 0.0555555555555556 0
  1 20 1 0 15 0.133333333333333 0.8 0.0666666666666667 0 0
  1 21 1 0 21 0 0.619047619047619 0.333333333333333 0.0476190476190476 0
  1 22 1 0 13 0 0.846153846153846 0.153846153846154 0 0
  1 23 1 0 14 0 0.857142857142857 0.142857142857143 0 0
  1 24 1 0 14 0 0.571428571428571 0.428571428571429 0 0
  1 25 1 0 18 0.0555555555555556 0.611111111111111 0.277777777777778 0.0555555555555556 0
  1 26 1 0 14 0.0714285714285714 0.714285714285714 0.214285714285714 0 0
  1 27 1 0 23 0.0869565217391304 0.391304347826087 0.304347826086957 0.217391304347826 0
  1 28 1 0 14 0.142857142857143 0.5 0.214285714285714 0.142857142857143 0
  1 29 1 0 17 0 0.823529411764706 0.176470588235294 0 0
  1 30 1 0 18 0 0.444444444444444 0.333333333333333 0.222222222222222 0
  1 31 1 0 20 0 0.55 0.45 0 0
  1 32 1 0 10 0 0.3 0.4 0.3 0
  1 33 1 0 15 0 0.466666666666667 0.466666666666667 0.0666666666666667 0
  1 34 1 0 18 0 0.555555555555556 0.444444444444444 0 0
  1 35 1 0 8 0 0.875 0.125 0 0
  1 36 1 0 12 0 0.833333333333333 0.166666666666667 0 0
  1 37 1 0 8 0 0.875 0.125 0 0
  1 38 1 0 16 0.0625 0.6875 0.25 0 0
  1 39 1 0 10 0.1 0.3 0.6 0 0
  1 40 1 0 10 0 0.4 0.5 0.1 0
  1 41 1 0 13 0.0769230769230769 0.230769230769231 0.538461538461538 0.153846153846154 0
  1 42 1 0 8 0 1 0 0 0
  1 1 2 0 11 0 0 0.454545454545455 0.454545454545455 0.0909090909090909
  1 4 2 0 1 0 0 0 1 0
  1 5 2 0 5 0 0 0.4 0.4 0.2
  1 6 2 0 1 0 0 1 0 0
  1 7 2 0 3 0 0 0.666666666666667 0.333333333333333 0
  1 8 2 0 4 0 0 0.75 0.25 0
  1 9 2 0 5 0 0 1 0 0
  1 10 2 0 10 0 0 0.9 0.1 0
  1 11 2 0 13 0 0 0.461538461538462 0.538461538461538 0
  1 12 2 0 15 0 0 0.333333333333333 0.666666666666667 0
  1 13 2 0 9 0 0 0.222222222222222 0.777777777777778 0
  1 14 2 0 6 0 0 0 1 0
  1 15 2 0 13 0 0 0.230769230769231 0.769230769230769 0
  1 16 2 0 10 0 0 0.3 0.7 0
  1 17 2 0 10 0 0.7 0.3 0 0
  1 18 2 0 18 0 0.0555555555555556 0.944444444444444 0 0
  1 19 2 0 27 0 0.037037037037037 0.703703703703704 0.259259259259259 0
  1 20 2 0 23 0 0 0.434782608695652 0.565217391304348 0
  1 21 2 0 25 0 0 0.4 0.6 0
  1 22 2 0 9 0 0 0.444444444444444 0.555555555555556 0
  1 23 2 0 8 0 0 0.375 0.625 0
  1 24 2 0 9 0 0 0.777777777777778 0.222222222222222 0
  1 25 2 0 14 0 0.0714285714285714 0.214285714285714 0.714285714285714 0
  1 26 2 0 18 0 0 0.277777777777778 0.722222222222222 0
  1 27 2 0 16 0 0.0625 0.125 0.8125 0
  1 28 2 0 6 0 0 0 1 0
  1 29 2 0 8 0 0.125 0.125 0.75 0
  1 30 2 0 17 0 0 0.882352941176471 0.117647058823529 0
  1 31 2 0 9 0 0 0.888888888888889 0.111111111111111 0
  1 32 2 0 30 0 0 0.566666666666667 0.433333333333333 0
  1 33 2 0 24 0 0.0416666666666667 0.458333333333333 0.5 0
  1 34 2 0 25 0 0.12 0.36 0.52 0
  1 35 2 0 16 0 0 0.6875 0.3125 0
  1 36 2 0 13 0 0 0.384615384615385 0.615384615384615 0
  1 37 2 0 8 0 0 0.5 0.5 0
  1 38 2 0 10 0 0 0.4 0.6 0
  1 39 2 0 13 0 0 0.153846153846154 0.846153846153846 0
  1 40 2 0 8 0 0 0.25 0.75 0
  1 41 2 0 5 0 0 0.2 0.8 0
  1 42 2 0 17 0 0 0.117647058823529 0.882352941176471 0
  1 1 3 0 27 0 0.444444444444444 0.185185185185185 0.37037037037037 0
  1 2 3 0 13 0 0.615384615384615 0.153846153846154 0.230769230769231 0
  1 3 3 0 5 0 0.6 0.2 0.2 0
  1 4 3 0 2 0 0.5 0 0.5 0
  1 5 3 0 5 0 0.8 0.2 0 0
  1 6 3 0 1 0 1 0 0 0
  1 7 3 0 3 0 0.333333333333333 0.666666666666667 0 0
  1 8 3 0 3 0 0 0.666666666666667 0.333333333333333 0
  1 9 3 0 4 0 0.25 0.5 0.25 0
  1 10 3 0 4 0 0.25 0 0.75 0
  1 11 3 0 4 0 0 0.5 0.5 0
  1 12 3 0 2 0 0 0.5 0.5 0
  1 13 3 0 8 0 0.125 0.375 0.5 0
  1 14 3 0 19 0 0.157894736842105 0.157894736842105 0.684210526315789 0
  1 15 3 0 15 0 0.6 0.266666666666667 0.133333333333333 0
  1 16 3 0 12 0 0.583333333333333 0.166666666666667 0.25 0
  1 17 3 0 14 0 0.428571428571429 0.357142857142857 0.214285714285714 0
  1 18 3 0 14 0 0.357142857142857 0.428571428571429 0.214285714285714 0
  1 19 3 0 15 0 0.333333333333333 0.6 0.0666666666666667 0
  1 20 3 0 17 0 0.176470588235294 0.529411764705882 0.294117647058824 0
  1 21 3 0 12 0 0.25 0.583333333333333 0.166666666666667 0
  1 22 3 0 11 0 0.272727272727273 0.454545454545455 0.272727272727273 0
  1 23 3 0 16 0 0.5 0.375 0.125 0
  1 24 3 0 15 0 0.266666666666667 0.333333333333333 0.4 0
  1 25 3 0 4 0 0.25 0.5 0.25 0
  1 26 3 0 14 0 0.357142857142857 0.285714285714286 0.357142857142857 0
  1 27 3 0 6 0 0.166666666666667 0.333333333333333 0.5 0
  1 28 3 0 4 0 0.25 0.5 0.25 0
  1 29 3 0 2 0 0.5 0.5 0 0
  1 30 3 0 10 0 0 0.2 0.8 0
  1 31 3 0 9 0 0.111111111111111 0.222222222222222 0.666666666666667 0
  1 32 3 0 12 0 0.0833333333333333 0.416666666666667 0.5 0
  1 33 3 0 5 0 0.2 0 0.8 0
  1 34 3 0 9 0 0.666666666666667 0.333333333333333 0 0
  1 35 3 0 5 0 0.6 0.4 0 0
  1 36 3 0 5 0 0.6 0.2 0.2 0
  1 37 3 0 3 0 0 1 0 0
  1 38 3 0 15 0 0.333333333333333 0.466666666666667 0.2 0
  1 39 3 0 12 0 0.333333333333333 0.5 0.166666666666667 0
  1 40 3 0 9 0 0.555555555555556 0.333333333333333 0.111111111111111 0
  1 41 3 0 8 0 0.375 0.625 0 0
  1 42 3 0 12 0 0.25 0.583333333333333 0.166666666666667 0
  1 1 4 0 86 0 0.313953488372093 0.593023255813954 0.0930232558139535 0
  1 2 4 0 100 0 0.29 0.5 0.21 0
  1 3 4 0 33 0 0.272727272727273 0.393939393939394 0.333333333333333 0
  1 4 4 0 44 0.0227272727272727 0.272727272727273 0.477272727272727 0.227272727272727 0
  1 5 4 0 34 0.117647058823529 0.411764705882353 0.294117647058824 0.176470588235294 0
  1 6 4 0 40 0.075 0.375 0.25 0.3 0
  1 7 4 0 39 0.0512820512820513 0.41025641025641 0.384615384615385 0.153846153846154 0
  1 8 4 0 49 0.0612244897959184 0.408163265306122 0.36734693877551 0.163265306122449 0
  1 9 4 0 36 0.0277777777777778 0.472222222222222 0.305555555555556 0.194444444444444 0
  1 10 4 0 43 0.0465116279069767 0.488372093023256 0.302325581395349 0.162790697674419 0
  1 11 4 0 41 0.0731707317073171 0.414634146341463 0.439024390243902 0.0731707317073171 0
  1 12 4 0 35 0.114285714285714 0.542857142857143 0.171428571428571 0.171428571428571 0
  1 13 4 0 32 0 0.53125 0.28125 0.1875 0
  1 14 4 0 21 0.0476190476190476 0.523809523809524 0.333333333333333 0.0952380952380952 0
  1 15 4 0 30 0.133333333333333 0.633333333333333 0.166666666666667 0.0666666666666667 0
  1 16 4 0 19 0.105263157894737 0.526315789473684 0.315789473684211 0.0526315789473684 0
  1 17 4 0 35 0.0857142857142857 0.485714285714286 0.4 0.0285714285714286 0
  1 18 4 0 27 0.148148148148148 0.62962962962963 0.185185185185185 0.037037037037037 0
  1 19 4 0 34 0.0882352941176471 0.470588235294118 0.323529411764706 0.117647058823529 0
  1 20 4 0 42 0.0476190476190476 0.666666666666667 0.261904761904762 0.0238095238095238 0
  1 21 4 0 41 0.0487804878048781 0.439024390243902 0.439024390243902 0.0731707317073171 0
  1 22 4 0 44 0 0.431818181818182 0.409090909090909 0.159090909090909 0
  1 23 4 0 28 0.0357142857142857 0.392857142857143 0.321428571428571 0.25 0
  1 24 4 0 34 0 0.470588235294118 0.382352941176471 0.147058823529412 0
  1 25 4 0 36 0 0.527777777777778 0.388888888888889 0.0833333333333333 0
  1 26 4 0 31 0 0.32258064516129 0.516129032258065 0.161290322580645 0
  1 27 4 0 39 0.0256410256410256 0.384615384615385 0.435897435897436 0.153846153846154 0
  1 28 4 0 38 0 0.236842105263158 0.552631578947368 0.210526315789474 0
  1 29 4 0 48 0 0.1875 0.625 0.1875 0
  1 30 4 0 38 0 0.289473684210526 0.552631578947368 0.157894736842105 0
  1 31 4 0 61 0.0163934426229508 0.229508196721311 0.409836065573771 0.344262295081967 0
  1 32 4 0 48 0.0208333333333333 0.25 0.416666666666667 0.3125 0
  1 33 4 0 49 0.0408163265306122 0.204081632653061 0.510204081632653 0.244897959183673 0
  1 34 4 0 44 0.227272727272727 0.772727272727273 0 0 0
  1 35 4 0 61 0.147540983606557 0.655737704918033 0.147540983606557 0.0491803278688525 0
  1 36 4 0 67 0.119402985074627 0.641791044776119 0.17910447761194 0.0597014925373134 0
  1 37 4 0 57 0.0175438596491228 0.824561403508772 0.12280701754386 0.0350877192982456 0
  1 38 4 0 38 0.105263157894737 0.710526315789474 0.157894736842105 0.0263157894736842 0
  1 39 4 0 52 0.0769230769230769 0.634615384615385 0.25 0.0384615384615385 0
  1 40 4 0 43 0 0.534883720930233 0.395348837209302 0.0697674418604651 0
  1 41 4 0 42 0 0.642857142857143 0.30952380952381 0.0476190476190476 0
  1 42 4 0 61 0.0163934426229508 0.377049180327869 0.459016393442623 0.147540983606557 0
  2 1 1 0 58 0.0172413793103448 0.396551724137931 0.53448275862069 0.0517241379310345 0
  2 2 1 0 83 0.0120481927710843 0.337349397590361 0.469879518072289 0.156626506024096 0.0240963855421687
  2 3 1 0 63 0.0317460317460317 0.349206349206349 0.46031746031746 0.158730158730159 0
  2 4 1 0 56 0.142857142857143 0.571428571428571 0.142857142857143 0.142857142857143 0
  2 5 1 0 55 0.145454545454545 0.545454545454545 0.163636363636364 0.145454545454545 0
  2 6 1 0 45 0.0444444444444444 0.444444444444444 0.355555555555556 0.133333333333333 0.0222222222222222
  2 7 1 0 46 0.0869565217391304 0.369565217391304 0.456521739130435 0.0869565217391304 0
  2 8 1 0 56 0.0178571428571429 0.428571428571429 0.392857142857143 0.160714285714286 0
  2 9 1 0 51 0.156862745098039 0.509803921568627 0.254901960784314 0.0784313725490196 0
  2 10 1 0 44 0.0454545454545455 0.545454545454545 0.340909090909091 0.0681818181818182 0
  2 11 1 0 49 0.0816326530612245 0.714285714285714 0.183673469387755 0.0204081632653061 0
  2 12 1 0 50 0.08 0.7 0.16 0.06 0
  2 13 1 0 48 0.0625 0.666666666666667 0.229166666666667 0.0416666666666667 0
  2 14 1 0 52 0.0384615384615385 0.596153846153846 0.365384615384615 0 0
  2 15 1 0 31 0.032258064516129 0.612903225806452 0.32258064516129 0.032258064516129 0
  2 16 1 0 38 0 0.605263157894737 0.368421052631579 0.0263157894736842 0
  2 17 1 0 26 0.115384615384615 0.653846153846154 0.230769230769231 0 0
  2 18 1 0 33 0.181818181818182 0.696969696969697 0.121212121212121 0 0
  2 19 1 0 31 0.032258064516129 0.806451612903226 0.161290322580645 0 0
  2 20 1 0 38 0.0526315789473684 0.657894736842105 0.289473684210526 0 0
  2 21 1 0 30 0.1 0.5 0.4 0 0
  2 22 1 0 35 0.0857142857142857 0.657142857142857 0.228571428571429 0.0285714285714286 0
  2 23 1 0 35 0.0571428571428571 0.771428571428571 0.171428571428571 0 0
  2 24 1 0 26 0 0.653846153846154 0.346153846153846 0 0
  2 25 1 0 32 0.0625 0.46875 0.40625 0.0625 0
  2 26 1 0 26 0.0769230769230769 0.5 0.423076923076923 0 0
  2 27 1 0 37 0.0810810810810811 0.594594594594595 0.216216216216216 0.108108108108108 0
  2 28 1 0 35 0.0571428571428571 0.628571428571429 0.257142857142857 0.0571428571428571 0
  2 29 1 0 33 0.0909090909090909 0.575757575757576 0.242424242424242 0.0909090909090909 0
  2 30 1 0 45 0.0666666666666667 0.511111111111111 0.377777777777778 0.0444444444444444 0
  2 31 1 0 34 0 0.441176470588235 0.529411764705882 0.0294117647058824 0
  2 32 1 0 36 0 0.5 0.416666666666667 0.0833333333333333 0
  2 33 1 0 42 0.0476190476190476 0.333333333333333 0.428571428571429 0.19047619047619 0
  2 34 1 0 34 0.0588235294117647 0.382352941176471 0.470588235294118 0.0882352941176471 0
  2 35 1 0 35 0.0857142857142857 0.657142857142857 0.114285714285714 0.142857142857143 0
  2 36 1 0 28 0.0357142857142857 0.785714285714286 0.178571428571429 0 0
  2 37 1 0 22 0 0.772727272727273 0.227272727272727 0 0
  2 38 1 0 32 0.03125 0.71875 0.1875 0.0625 0
  2 39 1 0 27 0.0740740740740741 0.555555555555556 0.296296296296296 0.0740740740740741 0
  2 40 1 0 39 0.179487179487179 0.512820512820513 0.256410256410256 0.0512820512820513 0
  2 41 1 0 20 0 0.5 0.45 0.05 0
  2 42 1 0 30 0.233333333333333 0.666666666666667 0.1 0 0
  2 1 2 0 16 0 0 0.4375 0.4375 0.125
  2 2 2 0 20 0 0 0.25 0.65 0.1
  2 3 2 0 34 0 0 0.176470588235294 0.764705882352941 0.0588235294117647
  2 4 2 0 15 0 0.0666666666666667 0.333333333333333 0.466666666666667 0.133333333333333
  2 5 2 0 4 0 0.25 0.25 0.5 0
  2 6 2 0 7 0 0.142857142857143 0.571428571428571 0.285714285714286 0
  2 7 2 0 18 0 0 0.666666666666667 0.333333333333333 0
  2 8 2 0 22 0 0.136363636363636 0.590909090909091 0.272727272727273 0
  2 9 2 0 21 0 0.380952380952381 0.285714285714286 0.333333333333333 0
  2 10 2 0 11 0 0.0909090909090909 0.727272727272727 0.181818181818182 0
  2 11 2 0 7 0 0 0.571428571428571 0.428571428571429 0
  2 12 2 0 19 0 0 0.473684210526316 0.526315789473684 0
  2 13 2 0 32 0 0 0.25 0.75 0
  2 14 2 0 34 0 0 0.264705882352941 0.735294117647059 0
  2 15 2 0 27 0 0 0.333333333333333 0.666666666666667 0
  2 16 2 0 42 0 0 0.142857142857143 0.857142857142857 0
  2 17 2 0 34 0 0.970588235294118 0.0294117647058824 0 0
  2 18 2 0 28 0 0 1 0 0
  2 19 2 0 26 0 0.0384615384615385 0.884615384615385 0.0769230769230769 0
  2 20 2 0 32 0 0 0.40625 0.59375 0
  2 21 2 0 37 0 0.0540540540540541 0.432432432432432 0.513513513513513 0
  2 22 2 0 38 0 0 0.473684210526316 0.526315789473684 0
  2 23 2 0 41 0 0.024390243902439 0.463414634146341 0.51219512195122 0
  2 24 2 0 33 0 0.0303030303030303 0.151515151515152 0.818181818181818 0
  2 25 2 0 45 0 0 0.155555555555556 0.844444444444444 0
  2 26 2 0 28 0 0.0714285714285714 0.142857142857143 0.785714285714286 0
  2 27 2 0 47 0 0.0212765957446809 0.404255319148936 0.574468085106383 0
  2 28 2 0 22 0 0.0909090909090909 0.318181818181818 0.590909090909091 0
  2 29 2 0 40 0 0.375 0.325 0.3 0
  2 30 2 0 28 0 0.285714285714286 0.714285714285714 0 0
  2 31 2 0 32 0 0.125 0.71875 0.15625 0
  2 32 2 0 40 0 0.025 0.725 0.25 0
  2 33 2 0 43 0 0.0232558139534884 0.581395348837209 0.395348837209302 0
  2 34 2 0 46 0 0.239130434782609 0.456521739130435 0.304347826086957 0
  2 35 2 0 60 0 0 0.65 0.35 0
  2 36 2 0 49 0 0.244897959183673 0.326530612244898 0.428571428571429 0
  2 37 2 0 32 0 0.03125 0.5 0.46875 0
  2 38 2 0 30 0 0 0.3 0.7 0
  2 39 2 0 29 0 0 0.379310344827586 0.620689655172414 0
  2 40 2 0 31 0 0.032258064516129 0.258064516129032 0.709677419354839 0
  2 41 2 0 14 0 0.285714285714286 0.142857142857143 0.571428571428571 0
  2 42 2 0 19 0 0.315789473684211 0.368421052631579 0.315789473684211 0
  2 2 3 0 3 0 1 0 0 0
  2 3 3 0 3 0 1 0 0 0
  2 4 3 0 7 0 0.857142857142857 0.142857142857143 0 0
  2 5 3 0 1 0 0 1 0 0
  2 6 3 0 14 0 0.428571428571429 0.5 0.0714285714285714 0
  2 8 3 0 10 0 0.2 0.7 0.1 0
  2 9 3 0 6 0 0 0.5 0.5 0
  2 10 3 0 2 0 0 0.5 0.5 0
  2 12 3 0 1 0 0 0 1 0
  2 14 3 0 9 0 0.444444444444444 0.222222222222222 0.333333333333333 0
  2 15 3 0 5 0 0.6 0.4 0 0
  2 16 3 0 9 0 0.444444444444444 0.333333333333333 0.222222222222222 0
  2 17 3 0 9 0 0.333333333333333 0.444444444444444 0.222222222222222 0
  2 18 3 0 13 0 0.307692307692308 0.384615384615385 0.307692307692308 0
  2 19 3 0 14 0 0.0714285714285714 0.714285714285714 0.214285714285714 0
  2 20 3 0 19 0 0.263157894736842 0.368421052631579 0.368421052631579 0
  2 21 3 0 20 0 0.45 0.45 0.1 0
  2 22 3 0 23 0 0.304347826086957 0.521739130434783 0.173913043478261 0
  2 23 3 0 26 0 0.538461538461538 0.153846153846154 0.307692307692308 0
  2 24 3 0 28 0 0.428571428571429 0.357142857142857 0.214285714285714 0
  2 25 3 0 20 0 0.4 0.45 0.15 0
  2 26 3 0 7 0 0.142857142857143 0.714285714285714 0.142857142857143 0
  2 27 3 0 5 0 0 0.4 0.6 0
  2 29 3 0 6 0 0.166666666666667 0.333333333333333 0.5 0
  2 30 3 0 14 0 0 0.5 0.5 0
  2 31 3 0 7 0 0 0.428571428571429 0.571428571428571 0
  2 32 3 0 20 0 0.05 0.35 0.6 0
  2 33 3 0 18 0 0.5 0.222222222222222 0.277777777777778 0
  2 34 3 0 15 0 0.866666666666667 0 0.133333333333333 0
  2 35 3 0 28 0 0.75 0.142857142857143 0.107142857142857 0
  2 36 3 0 25 0.04 0.28 0.6 0.08 0
  2 37 3 0 19 0 0.473684210526316 0.368421052631579 0.157894736842105 0
  2 38 3 0 33 0 0.333333333333333 0.515151515151515 0.151515151515152 0
  2 39 3 0 32 0.03125 0.375 0.53125 0.0625 0
  2 40 3 0 34 0 0.5 0.470588235294118 0.0294117647058824 0
  2 41 3 0 20 0 0.4 0.4 0.2 0
  2 42 3 0 27 0.037037037037037 0.222222222222222 0.592592592592593 0.148148148148148 0
  2 1 4 0 44 0 0.204545454545455 0.75 0.0454545454545455 0
  2 2 4 0 75 0.0133333333333333 0.226666666666667 0.533333333333333 0.226666666666667 0
  2 3 4 0 66 0.0303030303030303 0.196969696969697 0.515151515151515 0.257575757575758 0
  2 4 4 0 54 0.0925925925925926 0.333333333333333 0.425925925925926 0.148148148148148 0
  2 5 4 0 31 0.193548387096774 0.161290322580645 0.387096774193548 0.258064516129032 0
  2 6 4 0 24 0.166666666666667 0.291666666666667 0.375 0.166666666666667 0
  2 7 4 0 20 0.15 0.2 0.4 0.25 0
  2 8 4 0 25 0.16 0.32 0.32 0.2 0
  2 9 4 0 44 0.159090909090909 0.363636363636364 0.340909090909091 0.136363636363636 0
  2 10 4 0 36 0.25 0.361111111111111 0.305555555555556 0.0833333333333333 0
  2 11 4 0 22 0.136363636363636 0.636363636363636 0.181818181818182 0.0454545454545455 0
  2 12 4 0 21 0.0952380952380952 0.571428571428571 0.19047619047619 0.142857142857143 0
  2 13 4 0 26 0.115384615384615 0.5 0.269230769230769 0.115384615384615 0
  2 14 4 0 35 0.0857142857142857 0.314285714285714 0.342857142857143 0.257142857142857 0
  2 15 4 0 21 0.285714285714286 0.523809523809524 0.142857142857143 0.0476190476190476 0
  2 16 4 0 30 0.2 0.533333333333333 0.2 0.0666666666666667 0
  2 17 4 0 40 0.275 0.525 0.1 0.1 0
  2 18 4 0 42 0.0476190476190476 0.642857142857143 0.238095238095238 0.0714285714285714 0
  2 19 4 0 46 0.130434782608696 0.456521739130435 0.347826086956522 0.0652173913043478 0
  2 20 4 0 37 0.0540540540540541 0.486486486486487 0.378378378378378 0.0810810810810811 0
  2 21 4 0 44 0.0909090909090909 0.454545454545455 0.363636363636364 0.0909090909090909 0
  2 22 4 0 42 0.0952380952380952 0.428571428571429 0.261904761904762 0.214285714285714 0
  2 23 4 0 35 0.0285714285714286 0.4 0.457142857142857 0.114285714285714 0
  2 24 4 0 26 0 0.307692307692308 0.5 0.192307692307692 0
  2 25 4 0 19 0.0526315789473684 0.526315789473684 0.421052631578947 0 0
  2 26 4 0 29 0.0344827586206897 0.344827586206897 0.448275862068966 0.172413793103448 0
  2 27 4 0 10 0 0.3 0.5 0.2 0
  2 28 4 0 20 0 0.5 0.35 0.15 0
  2 29 4 0 25 0.04 0.4 0.28 0.28 0
  2 30 4 0 18 0 0.277777777777778 0.5 0.222222222222222 0
  2 31 4 0 24 0.0416666666666667 0.208333333333333 0.5 0.25 0
  2 32 4 0 21 0.0952380952380952 0.142857142857143 0.476190476190476 0.285714285714286 0
  2 33 4 0 10 0 0.4 0.2 0.4 0
  2 34 4 0 12 0.25 0.75 0 0 0
  2 35 4 0 29 0.310344827586207 0.586206896551724 0.0689655172413793 0.0344827586206897 0
  2 36 4 0 17 0.117647058823529 0.823529411764706 0 0.0588235294117647 0
  2 37 4 0 39 0.128205128205128 0.743589743589744 0.128205128205128 0 0
  2 38 4 0 9 0.222222222222222 0.444444444444444 0.222222222222222 0.111111111111111 0
  2 39 4 0 50 0.12 0.52 0.28 0.08 0
  2 40 4 0 15 0 0.6 0.4 0 0
  2 41 4 0 7 0 0.428571428571429 0.571428571428571 0 0
  2 42 4 0 9 0.222222222222222 0.555555555555556 0.111111111111111 0.111111111111111 0
# end survey length observations 
#  
# Fishery catch data 
# Number of observations, init_int Ncatch_obs
  168
# init_matrix obs_catch_biomass(1,Ncatch_obs,1,6) 
# Fleet	Area	Year	Species	Catch(biomass t)	CV 
  1 1 1 1 9.77695067696686 0.05
  1 1 2 1 9.79719428788588 0.05
  1 1 3 1 10.1325733864327 0.05
  1 1 4 1 9.94638185462065 0.05
  1 1 5 1 10.1802268915884 0.05
  1 1 6 1 10.0858997596008 0.05
  1 1 7 1 9.79409306247693 0.05
  1 1 8 1 10.0736968486078 0.05
  1 1 9 1 9.87718910873926 0.05
  1 1 10 1 9.9013845277337 0.05
  1 1 11 1 10.072095383961 0.05
  1 1 12 1 10.1176514054208 0.05
  1 1 13 1 10.321749670878 0.05
  1 1 14 1 10.1999505248267 0.05
  1 1 15 1 9.76025140745218 0.05
  1 1 16 1 9.40112373157889 0.05
  1 1 17 1 9.42397145035275 0.05
  1 1 18 1 8.49279201976114 0.05
  1 1 19 1 8.53480515438902 0.05
  1 1 20 1 8.9912697649293 0.05
  1 1 21 1 8.4997984136132 0.05
  1 1 22 1 8.6542453218554 0.05
  1 1 23 1 8.8580077736291 0.05
  1 1 24 1 8.91426916847007 0.05
  1 1 25 1 8.83208945427412 0.05
  1 1 26 1 8.72307115484137 0.05
  1 1 27 1 7.97820509157381 0.05
  1 1 28 1 7.54535163963342 0.05
  1 1 29 1 8.2586834324412 0.05
  1 1 30 1 8.21783988985723 0.05
  1 1 31 1 8.16699012683765 0.05
  1 1 32 1 8.35723984008419 0.05
  1 1 33 1 7.86014724484718 0.05
  1 1 34 1 7.79549751163627 0.05
  1 1 35 1 7.46177224984798 0.05
  1 1 36 1 6.55667551893186 0.05
  1 1 37 1 7.02044080242386 0.05
  1 1 38 1 6.88591400471969 0.05
  1 1 39 1 6.92798033500167 0.05
  1 1 40 1 6.67631158135695 0.05
  1 1 41 1 6.41652512724257 0.05
  1 1 42 1 5.91987262996525 0.05
  1 1 1 4 8.73808126583426 0.05
  1 1 2 4 8.58970580253008 0.05
  1 1 3 4 8.81905618377036 0.05
  1 1 4 4 8.79577590656491 0.05
  1 1 5 4 9.04627770215525 0.05
  1 1 6 4 8.97795922718314 0.05
  1 1 7 4 8.60813932393498 0.05
  1 1 8 4 8.90100215969229 0.05
  1 1 9 4 8.73450730749664 0.05
  1 1 10 4 8.90682891959089 0.05
  1 1 11 4 9.16231823848624 0.05
  1 1 12 4 9.27373132825444 0.05
  1 1 13 4 9.59615940500474 0.05
  1 1 14 4 9.54847132659676 0.05
  1 1 15 4 9.2812441547644 0.05
  1 1 16 4 9.03486257178984 0.05
  1 1 17 4 9.42918732648758 0.05
  1 1 18 4 9.06731979096733 0.05
  1 1 19 4 9.19794474600633 0.05
  1 1 20 4 9.36204748526645 0.05
  1 1 21 4 8.74572473706441 0.05
  1 1 22 4 8.6343659733244 0.05
  1 1 23 4 9.04606067567143 0.05
  1 1 24 4 8.99989772917845 0.05
  1 1 25 4 8.94858544203853 0.05
  1 1 26 4 8.91790472204029 0.05
  1 1 27 4 8.3224129900449 0.05
  1 1 28 4 7.81038605899921 0.05
  1 1 29 4 8.40556994305154 0.05
  1 1 30 4 8.24823185569202 0.05
  1 1 31 4 8.08748009245219 0.05
  1 1 32 4 8.43248622870251 0.05
  1 1 33 4 8.05277771727624 0.05
  1 1 34 4 8.36820245278058 0.05
  1 1 35 4 8.3554446531507 0.05
  1 1 36 4 8.10490181221395 0.05
  1 1 37 4 8.66169613625171 0.05
  1 1 38 4 8.61057440639311 0.05
  1 1 39 4 8.75564040210293 0.05
  1 1 40 4 8.39831049386112 0.05
  1 1 41 4 8.30742516576989 0.05
  1 1 42 4 7.87808335387548 0.05
  2 1 1 2 7.35232840104346 0.05
  2 1 2 2 6.63205133115982 0.05
  2 1 3 2 7.09550946103804 0.05
  2 1 4 2 6.62110702700278 0.05
  2 1 5 2 7.45769720898829 0.05
  2 1 6 2 7.11050458661952 0.05
  2 1 7 2 6.68383059680177 0.05
  2 1 8 2 6.70827324900546 0.05
  2 1 9 2 6.85193456678499 0.05
  2 1 10 2 6.70064478927364 0.05
  2 1 11 2 7.28699229304231 0.05
  2 1 12 2 6.60099514139406 0.05
  2 1 13 2 8.18298545199166 0.05
  2 1 14 2 7.49527184624116 0.05
  2 1 15 2 7.11464996264886 0.05
  2 1 16 2 7.52898027084419 0.05
  2 1 17 2 8.58240125504994 0.05
  2 1 18 2 3.73935775991474 0.05
  2 1 19 2 8.10697933501677 0.05
  2 1 20 2 8.89944335316742 0.05
  2 1 21 2 9.32437984887068 0.05
  2 1 22 2 10.1532265150692 0.05
  2 1 23 2 9.48111067571715 0.05
  2 1 24 2 9.30171792309472 0.05
  2 1 25 2 9.4936688637316 0.05
  2 1 26 2 9.90659467647412 0.05
  2 1 27 2 9.86873114080893 0.05
  2 1 28 2 9.03370183383227 0.05
  2 1 29 2 9.34194579027836 0.05
  2 1 30 2 9.5042364223425 0.05
  2 1 31 2 9.5183153133026 0.05
  2 1 32 2 9.75540327193193 0.05
  2 1 33 2 9.13812105311134 0.05
  2 1 34 2 9.44315025976319 0.05
  2 1 35 2 9.54111864833317 0.05
  2 1 36 2 10.5879048928814 0.05
  2 1 37 2 10.3446911957538 0.05
  2 1 38 2 9.71993647344353 0.05
  2 1 39 2 9.28020195802001 0.05
  2 1 40 2 9.22090518041864 0.05
  2 1 41 2 8.71499127463515 0.05
  2 1 42 2 7.11621973850925 0.05
  2 1 1 3 5.91726713174715 0.05
  2 1 2 3 5.7250957206817 0.05
  2 1 3 3 6.07096256884586 0.05
  2 1 4 3 6.14318579831138 0.05
  2 1 5 3 7.70944682844137 0.05
  2 1 6 3 8.14701753153104 0.05
  2 1 7 3 7.90609357323242 0.05
  2 1 8 3 7.96849422728995 0.05
  2 1 9 3 8.12920581036873 0.05
  2 1 10 3 7.88685525066734 0.05
  2 1 11 3 7.82620654772177 0.05
  2 1 12 3 6.63579079225683 0.05
  2 1 13 3 7.82752106755952 0.05
  2 1 14 3 7.19781982015358 0.05
  2 1 15 3 6.90636020731559 0.05
  2 1 16 3 7.48460013870521 0.05
  2 1 17 3 10.0740052683376 0.05
  2 1 18 3 6.71224154805538 0.05
  2 1 19 3 6.82714096553538 0.05
  2 1 20 3 6.39100306870634 0.05
  2 1 21 3 6.43040874210308 0.05
  2 1 22 3 7.28585208880108 0.05
  2 1 23 3 6.58546790286117 0.05
  2 1 24 3 6.23272608314683 0.05
  2 1 25 3 6.64276757625708 0.05
  2 1 26 3 7.28941758598116 0.05
  2 1 27 3 7.466446213498 0.05
  2 1 28 3 6.61016806010762 0.05
  2 1 29 3 7.15417882814776 0.05
  2 1 30 3 7.22916057042958 0.05
  2 1 31 3 6.97203496413424 0.05
  2 1 32 3 6.53117308462298 0.05
  2 1 33 3 5.26954755403591 0.05
  2 1 34 3 5.32387256474634 0.05
  2 1 35 3 5.50482174536298 0.05
  2 1 36 3 7.19965179323912 0.05
  2 1 37 3 7.3637496905986 0.05
  2 1 38 3 7.10097917068595 0.05
  2 1 39 3 6.86703382826335 0.05
  2 1 40 3 7.03715107004041 0.05
  2 1 41 3 9.66757497875041 0.05
  2 1 42 3 9.79581325985703 0.05
# end catch observations 
#  
# Fishery size comp data 
# Number of observations, init_int Ncatch_size_obs 
  168
# init_matrix obs_catch_size(1,Ncatch_size_obs,1,ncol) 
# Fleet Area  Year  Species Type (0=whole, 1=retained, 2=discard) InpN, proportion by size bin 
  1 1 1 1 0 81 0 0.135802469135802 0.753086419753086 0.0740740740740741 0.037037037037037
  1 1 2 1 0 73 0 0.0684931506849315 0.698630136986301 0.219178082191781 0.0136986301369863
  1 1 3 1 0 65 0 0.0461538461538462 0.769230769230769 0.153846153846154 0.0307692307692308
  1 1 4 1 0 56 0 0.0535714285714286 0.625 0.303571428571429 0.0178571428571429
  1 1 5 1 0 120 0 0.258333333333333 0.475 0.266666666666667 0
  1 1 6 1 0 130 0 0.223076923076923 0.623076923076923 0.153846153846154 0
  1 1 7 1 0 94 0 0.127659574468085 0.606382978723404 0.265957446808511 0
  1 1 8 1 0 94 0 0.223404255319149 0.606382978723404 0.170212765957447 0
  1 1 9 1 0 82 0 0.231707317073171 0.548780487804878 0.219512195121951 0
  1 1 10 1 0 76 0 0.263157894736842 0.605263157894737 0.131578947368421 0
  1 1 11 1 0 74 0.0135135135135135 0.202702702702703 0.648648648648649 0.135135135135135 0
  1 1 12 1 0 65 0 0.323076923076923 0.569230769230769 0.107692307692308 0
  1 1 13 1 0 77 0.012987012987013 0.363636363636364 0.519480519480519 0.0909090909090909 0.012987012987013
  1 1 14 1 0 88 0 0.306818181818182 0.659090909090909 0.0340909090909091 0
  1 1 15 1 0 66 0 0.287878787878788 0.636363636363636 0.0757575757575758 0
  1 1 16 1 0 69 0 0.231884057971014 0.666666666666667 0.101449275362319 0
  1 1 17 1 0 43 0 0.13953488372093 0.674418604651163 0.186046511627907 0
  1 1 18 1 0 34 0 0.264705882352941 0.588235294117647 0.147058823529412 0
  1 1 19 1 0 55 0 0.454545454545455 0.509090909090909 0.0363636363636364 0
  1 1 20 1 0 64 0 0.328125 0.578125 0.09375 0
  1 1 21 1 0 77 0 0.272727272727273 0.701298701298701 0.025974025974026 0
  1 1 22 1 0 67 0 0.223880597014925 0.686567164179104 0.0895522388059701 0
  1 1 23 1 0 133 0 0.330827067669173 0.541353383458647 0.12781954887218 0
  1 1 24 1 0 98 0 0.36734693877551 0.551020408163265 0.0816326530612245 0
  1 1 25 1 0 91 0 0.296703296703297 0.659340659340659 0.043956043956044 0
  1 1 26 1 0 77 0 0.246753246753247 0.714285714285714 0.038961038961039 0
  1 1 27 1 0 102 0 0.186274509803922 0.656862745098039 0.156862745098039 0
  1 1 28 1 0 76 0 0.118421052631579 0.75 0.131578947368421 0
  1 1 29 1 0 110 0 0.318181818181818 0.5 0.181818181818182 0
  1 1 30 1 0 100 0 0.28 0.66 0.06 0
  1 1 31 1 0 108 0 0.203703703703704 0.703703703703704 0.0925925925925926 0
  1 1 32 1 0 118 0 0.279661016949153 0.584745762711864 0.135593220338983 0
  1 1 33 1 0 129 0 0.186046511627907 0.65891472868217 0.155038759689922 0
  1 1 34 1 0 90 0 0.155555555555556 0.688888888888889 0.155555555555556 0
  1 1 35 1 0 69 0.0144927536231884 0.115942028985507 0.666666666666667 0.202898550724638 0
  1 1 36 1 0 80 0 0.2375 0.675 0.0875 0
  1 1 37 1 0 62 0 0.451612903225806 0.483870967741935 0.0645161290322581 0
  1 1 38 1 0 94 0 0.276595744680851 0.627659574468085 0.0957446808510638 0
  1 1 39 1 0 75 0 0.306666666666667 0.613333333333333 0.08 0
  1 1 40 1 0 75 0 0.266666666666667 0.653333333333333 0.08 0
  1 1 41 1 0 35 0 0.171428571428571 0.714285714285714 0.114285714285714 0
  1 1 42 1 0 22 0.0454545454545455 0.0909090909090909 0.590909090909091 0.272727272727273 0
  1 1 1 4 0 5 0 0.2 0 0.2 0
  1 1 2 4 0 5 0 0 0.6 0.2 0.2
  1 1 3 4 0 5 0 0 0 0.4 0
  1 1 4 4 0 5 0 0 0 0.6 0.4
  1 1 5 4 0 5 0 0 0 0.8 0.2
  1 1 6 4 0 5 0 0 0.4 0.6 0
  1 1 7 4 0 5 0 0 0.2 0.8 0
  1 1 8 4 0 5 0 0 0 0.2 0
  1 1 9 4 0 5 0 0 0.2 0.8 0
  1 1 10 4 0 5 0 0 0.4 0.4 0.2
  1 1 11 4 0 1 0 0 1 1 0
  1 1 12 4 0 5 0 0 0.2 0.8 0
  1 1 13 4 0 1 0 0 1 4 0
  1 1 14 4 0 2 0 0 0 2.5 0
  1 1 15 4 0 8 0 0 0 0.625 0
  1 1 16 4 0 3 0 0 0 1.66666666666667 0
  1 1 17 4 0 3 0 0 0 1.66666666666667 0
  1 1 18 4 0 1 0 0 2 3 0
  1 1 19 4 0 3 0 0 1.66666666666667 0 0
  1 1 20 4 0 3 0 0 5.33333333333333 4.66666666666667 0
  1 1 21 4 0 3 0 0 3.33333333333333 12 0
  1 1 22 4 0 2 0 0 2 3 0
  1 1 23 4 0 6 0 0 0.5 2.66666666666667 0
  1 1 24 4 0 1 0 0 9 52 0
  1 1 25 4 0 1 0 0 5 24 0
  1 1 26 4 0 2 0 0 0 16 0
  1 1 27 4 0 2 0 0 0.5 7.5 0
  1 1 28 4 0 4 0 0 0.5 7.25 0
  1 1 29 4 0 7 0 0 0.857142857142857 5.42857142857143 0
  1 1 30 4 0 6 0 0 1 3.83333333333333 0
  1 1 31 4 0 10 0 0 0.9 1.6 0
  1 1 32 4 0 7 0 0 1.85714285714286 1.28571428571429 0
  1 1 33 4 0 15 0 0 1.2 1.13333333333333 0
  1 1 34 4 0 19 0 0 0.210526315789474 1.26315789473684 0
  1 1 35 4 0 13 0 0 0.692307692307692 2.76923076923077 0
  1 1 36 4 0 23 0 0 0.695652173913043 1.52173913043478 0
  1 1 37 4 0 7 0 0 0.571428571428571 5.28571428571429 0
  1 1 38 4 0 7 0 0 0.857142857142857 4.28571428571429 0
  1 1 39 4 0 19 0 0 0.263157894736842 0.789473684210526 0
  1 1 40 4 0 25 0 0 0.2 0.36 0
  1 1 41 4 0 31 0 0 0 0.548387096774194 0
  1 1 42 4 0 31 0 0 0.0645161290322581 0.709677419354839 0
  2 1 1 2 0 2 0 0 0.5 0 0
  2 1 2 2 0 5 0 0 0.6 0.4 0
  2 1 3 2 0 2 0 0.5 1 1 0
  2 1 4 2 0 5 0 0 0 0.2 0
  2 1 5 2 0 5 0 0.2 1 0 0
  2 1 6 2 0 5 0 0.2 0.6 0 0
  2 1 7 2 0 5 0 0 0.6 0.4 0
  2 1 8 2 0 1 0 0 0 1 0
  2 1 9 2 0 5 0 0 0 0.2 0
  2 1 10 2 0 5 0 0 0.2 0 0
  2 1 11 2 0 2 0 0 0.5 0.5 0
  2 1 12 2 0 5 0 0 0.6 0.4 0
  2 1 13 2 0 5 0 0 0.4 0.4 0
  2 1 14 2 0 5 0 0 0.8 0.8 0
  2 1 15 2 0 5 0 0 0.8 1.4 0
  2 1 16 2 0 5 0 0 0.4 0.6 0
  2 1 17 2 0 5 0 0.2 0.6 0.2 0
  2 1 18 2 0 5 0 0 0.2 0 0
  2 1 19 2 0 5 0 0 0 0.2 0
  2 1 20 2 0 30 0 0 0.1 0.0333333333333333 0
  2 1 21 2 0 46 0 0 0.0434782608695652 0.0217391304347826 0
  2 1 22 2 0 10 0 0 0.3 0.1 0
  2 1 23 2 0 19 0 0 0.0526315789473684 0.105263157894737 0
  2 1 24 2 0 61 0 0 0.0491803278688525 0 0
  2 1 25 2 0 29 0 0.0344827586206897 0.0344827586206897 0 0
  2 1 26 2 0 32 0 0 0.09375 0.03125 0
  2 1 27 2 0 16 0 0 0.3125 0 0
  2 1 28 2 0 31 0 0 0.0967741935483871 0.032258064516129 0
  2 1 29 2 0 44 0 0 0.0909090909090909 0 0
  2 1 30 2 0 29 0 0 0.413793103448276 0.413793103448276 0
  2 1 31 2 0 25 0 0 0.2 0.2 0
  2 1 32 2 0 22 0 0 0.0909090909090909 0.454545454545455 0
  2 1 33 2 0 35 0 0 0.0857142857142857 0.0285714285714286 0
  2 1 34 2 0 28 0 0 0.0714285714285714 0.142857142857143 0
  2 1 35 2 0 45 0 0 0.0222222222222222 0.0222222222222222 0
  2 1 36 2 0 51 0 0.0196078431372549 0.156862745098039 0.0196078431372549 0
  2 1 37 2 0 41 0 0 0.170731707317073 0.0487804878048781 0
  2 1 38 2 0 36 0 0 0.222222222222222 0.138888888888889 0
  2 1 39 2 0 20 0 0 0.45 0.35 0
  2 1 40 2 0 14 0 0 1.14285714285714 0.785714285714286 0
  2 1 41 2 0 17 0 0 0.588235294117647 0.294117647058824 0
  2 1 42 2 0 24 0 0.0416666666666667 0.375 0.25 0
  2 1 1 3 0 1 0 0 3 2 0
  2 1 2 3 0 5 0 0 0.4 0.6 0
  2 1 3 3 0 5 0 0 0.8 0.2 0
  2 1 4 3 0 1 0 1 4 0 0
  2 1 5 3 0 6 0 0 0.5 0.333333333333333 0
  2 1 6 3 0 4 0 0.25 0.25 0.75 0
  2 1 7 3 0 5 0 0 1 0 0
  2 1 8 3 0 1 0 2 2 1 0
  2 1 9 3 0 1 0 1 2 2 0
  2 1 10 3 0 1 0 1 4 0 0
  2 1 11 3 0 2 0 0 0.5 0 0
  2 1 12 3 0 5 0 0.2 0.4 0.4 0
  2 1 13 3 0 4 0 0 0.25 0 0
  2 1 14 3 0 8 0 0 0.25 0 0
  2 1 15 3 0 11 0 0.0909090909090909 0.636363636363636 0 0
  2 1 16 3 0 5 0 0.2 0 0.4 0
  2 1 17 3 0 5 0 0 0.6 0 0
  2 1 18 3 0 1 0 0 1 0 0
  2 1 19 3 0 1 0 2 0 1 0
  2 1 20 3 0 4 0 0 0.75 0 0
  2 1 21 3 0 3 0 0.333333333333333 0.666666666666667 0 0
  2 1 22 3 0 4 0 0 0.5 0 0
  2 1 23 3 0 3 0 0 1.33333333333333 0.666666666666667 0
  2 1 24 3 0 3 0 0.333333333333333 0 0 0
  2 1 25 3 0 2 0 0 0.5 0 0
  2 1 26 3 0 4 0 0 0.5 0 0
  2 1 27 3 0 5 0 0 0.4 0 0
  2 1 28 3 0 4 0 0 1 0 0
  2 1 29 3 0 4 0 0.25 1.5 0 0
  2 1 30 3 0 24 0 0 0.166666666666667 0.0833333333333333 0
  2 1 31 3 0 10 0 0 0.6 0.4 0
  2 1 32 3 0 12 0 0 0.416666666666667 0.166666666666667 0
  2 1 33 3 0 4 0 0 2.25 1.5 0
  2 1 34 3 0 6 0.166666666666667 0.166666666666667 2 0.833333333333333 0
  2 1 35 3 0 2 0 2.5 1.5 2.5 0
  2 1 36 3 0 10 0 0.9 0.9 0.5 0
  2 1 37 3 0 9 0 0.222222222222222 0.444444444444444 0.111111111111111 0
  2 1 38 3 0 13 0 0.230769230769231 0.230769230769231 0.0769230769230769 0
  2 1 39 3 0 16 0 0.4375 0.6875 0.0625 0
  2 1 40 3 0 27 0 0.222222222222222 0.555555555555556 0.148148148148148 0
  2 1 41 3 0 15 0 0.6 1.46666666666667 0 0
  2 1 42 3 0 16 0 0.1875 1.5 0.25 0
# end fishery length observations 
#  
# Survey diet proportion observations 
# Number of observations, init_int Ndietprop_obs 
  115
# init_matrix obs_dietprop(1,Ndietprop_obs,1,ncol) 
# Survey  Year  Predator  Predator_size InpN  wt_prey_1 wt_prey_2 wt_prey_3 wt_prey_4 wt_prey_5 wt_prey_6 wt_prey_7 wt_prey_8 wt_prey_9 wt_prey_10 wt_prey_11 other 
  1 12 1 2 100 0 0 0 0 1
  1 12 1 3 100 0.56 0 0 0 0.44
  1 13 1 3 100 0 0 0 0 1
  1 13 1 4 100 0 1 0 0 0
  1 15 1 2 100 0 0.02 0 0 0.98
  1 18 1 1 100 0.45 0 0 0 0.55
  1 18 1 2 100 0 0 0 0 1
  1 18 1 3 100 0 0.13 0 0 0.87
  1 19 1 2 100 0 0.03 0 0 0.97
  1 19 1 3 100 0 0.38 0 0 0.62
  1 20 1 3 100 0 0.03 0 0 0.97
  1 21 1 2 100 0 0.08 0 0 0.92
  1 21 1 3 100 0 0.15 0 0 0.85
  1 24 1 3 100 0 0.64 0 0 0.36
  1 25 1 3 100 0 0.36 0 0 0.64
  1 26 1 3 100 0 0.35 0.16 0 0.49
  1 27 1 3 100 0 0.14 0.25 0 0.61
  1 28 1 3 100 0 0.73 0 0 0.27
  1 33 1 3 100 0 0.08 0 0 0.92
  1 34 1 3 100 0 0.31 0 0 0.69
  1 35 1 3 100 0 0.44 0 0 0.56
  1 38 1 3 100 0 0.17 0 0 0.83
  1 39 1 3 100 0 0.15 0 0 0.85
  1 40 1 2 100 0 0.53 0 0 0.47
  1 41 1 2 100 0 0 0.41 0 0.59
  2 2 1 4 100 0 0.06 0 0 0.94
  2 11 1 3 100 0 0 0 0 1
  2 14 1 3 100 0 0.4 0 0 0.6
  2 14 1 4 100 0.08 0 0 0 0.92
  2 15 1 3 100 0 0 0 0 1
  2 16 1 3 100 0 0.02 0 0 0.98
  2 16 1 4 100 0 0 0 0 1
  2 19 1 3 100 0 0.96 0 0 0.04
  2 19 1 4 100 0 0.06 0 0 0.94
  2 21 1 3 100 0 0.06 0.09 0 0.85
  2 21 1 4 100 0 0.7 0 0 0.3
  2 22 1 3 100 0 0 0.15 0 0.85
  2 23 1 3 100 0 0 0.09 0 0.91
  2 24 1 3 100 0 0.07 0 0 0.93
  2 24 1 4 100 0 0.16 0 0 0.84
  2 25 1 2 100 0 1 0 0 0
  2 25 1 3 100 0 0 0 0 1
  2 26 1 3 100 0 0 0 0 1
  2 27 1 3 100 0 0 0 0 1
  2 27 1 4 100 0 0 0 0 1
  2 29 1 3 100 0 0.28 0 0 0.72
  2 33 1 3 100 0 0.09 0.08 0 0.83
  2 35 1 1 100 0 0.03 0 0 0.97
  2 35 1 2 100 0 0.7 0 0 0.3
  2 35 1 3 100 0 0.51 0 0 0.49
  2 36 1 3 100 0 0.4 0 0 0.6
  2 39 1 3 100 0 0.93 0 0 0.07
  2 40 1 2 100 0 0 0 0 1
  2 36 2 3 100 0 0.08 0 0 0.92
  2 30 3 2 100 0 0 0 0 1
  2 30 3 4 100 0 0.18 0 0 0.82
  1 8 4 2 100 0 0 0.02 0 0.98
  1 8 4 3 100 0 0 0 0 1
  1 11 4 3 100 0 0.46 0 0 0.54
  1 13 4 2 100 0 0 0.21 0 0.79
  1 13 4 3 100 0 0.46 0 0 0.54
  1 13 4 4 100 0 0 0 0.05 0.95
  1 14 4 3 100 0 0 0 0 1
  1 15 4 3 100 0 1 0 0 0
  1 15 4 4 100 0 0 0 0 1
  1 16 4 3 100 0 0.33 0 0 0.67
  1 16 4 4 100 0 0.61 0 0 0.39
  1 17 4 3 100 0 0 0.43 0 0.57
  1 18 4 3 100 0 0.36 0 0 0.64
  1 19 4 2 100 0 0.04 0 0 0.96
  1 19 4 3 100 0 0.49 0 0 0.51
  1 20 4 2 100 0 0.2 0 0 0.8
  1 20 4 3 100 0 0 0 0 1
  1 21 4 3 100 0 0 0.15 0 0.85
  1 22 4 2 100 0 0 0.96 0 0.04
  1 23 4 3 100 0 0.09 0 0 0.91
  1 24 4 3 100 1 0 0 0 0
  1 25 4 3 100 0 0.14 0 0 0.86
  1 25 4 4 100 0 0.01 0 0 0.99
  1 26 4 3 100 0 0 0 0 1
  1 27 4 2 100 0 0.06 0 0 0.94
  1 27 4 3 100 0 0.25 0 0 0.75
  1 28 4 2 100 0 0.35 0 0 0.65
  1 28 4 3 100 0 0.13 0 0 0.87
  1 29 4 3 100 0 0.35 0 0 0.65
  1 31 4 3 100 0 0.35 0.03 0 0.62
  1 31 4 4 100 0 0 0.16 0 0.84
  1 34 4 3 100 0 0.14 0 0 0.86
  1 40 4 3 100 0 0.05 0.22 0 0.73
  1 40 4 4 100 0 0.08 0 0 0.92
  1 42 4 3 100 0 1 0 0 0
  2 6 4 3 100 0 0 0.01 0 0.99
  2 8 4 3 100 0 0 0.23 0 0.77
  2 9 4 4 100 0 0 0 0.09 0.91
  2 14 4 4 100 0.13 0 0 0 0.87
  2 15 4 3 100 0 0 0 0 1
  2 16 4 3 100 0 0 0 0 1
  2 17 4 2 100 0 0 0 0 1
  2 18 4 3 100 0 0.02 0 0 0.98
  2 19 4 3 100 0 0 0 0 1
  2 21 4 3 100 0 0.08 0 0 0.92
  2 22 4 3 100 0 0.33 0 0 0.67
  2 23 4 3 100 0 0.04 0 0 0.96
  2 24 4 3 100 0 0.28 0.15 0 0.57
  2 25 4 3 100 0 0.43 0 0 0.57
  2 25 4 4 100 0 0 0.88 0 0.12
  2 27 4 3 100 0 0.14 0 0 0.86
  2 30 4 3 100 0 0.4 0 0 0.6
  2 33 4 3 100 0 0.03 0 0 0.97
  2 34 4 3 100 0 1 0 0 0
  2 35 4 3 100 0 0.8 0 0 0.2
  2 36 4 2 100 0 0.17 0 0 0.83
  2 36 4 3 100 0 0.72 0 0 0.28
  2 37 4 3 100 0 0.28 0 0 0.72
  2 42 4 3 100 0 0 0.88 0 0.12
# end survey diet proportion observations 
#  
