# This file was created using the write_tsDatFile function and used all the simulated data from sim_dta.rds found in repo:Hydra-self-testing
# Survey index data 
# Number of observations, init_int Nsurvey_obs
  329
# init_matrix obs_survey_biomass(1,Nsurvey_obs,1,5)
# survey year spp value cv
  1 1 4 12.5996089798424 0.212720515437525
  2 1 4 10.475284033761 0.25363203301826
  1 2 4 12.6818675896824 0.222168779300385
  2 2 4 10.1376656386389 0.187773345626693
  1 3 4 12.3934363747426 0.394113240257454
  2 3 4 10.1740659768126 0.423618201694685
  1 4 4 12.7837347594915 0.310035034727007
  2 4 4 10.2287400322633 0.327069686277164
  1 5 4 12.7737170181901 0.378629084128514
  2 5 4 10.2703493437732 0.391316523019912
  1 6 4 11.8415785839132 0.494427832556011
  2 6 4 10.2844457369442 0.376280830351703
  1 7 4 13.6578064516278 0.759062286891916
  2 7 4 10.6170856432994 0.665352569827422
  1 8 4 12.6782664787651 0.383150869515862
  2 8 4 9.35620984110644 0.433685089735353
  1 9 4 12.4384909012215 0.48934963094834
  2 9 4 9.42534688932348 0.392371299771634
  1 10 4 12.5365681033968 0.382452035825211
  2 10 4 9.98865443515782 0.333798529002863
  1 11 4 11.9764101410307 0.566792532611316
  2 11 4 10.1869292219533 0.868042030585988
  1 12 4 11.8998108265959 0.381518572031255
  2 12 4 9.67979940523811 0.445144789260538
  1 13 4 11.7712770877076 0.438380584739347
  2 13 4 10.4802328376059 0.947226139495183
  1 14 4 10.7885729817077 0.482345652338289
  2 14 4 9.7816935646566 0.377075764230608
  1 15 4 12.1478475458953 0.420835086749712
  2 15 4 10.1072385910278 0.614716212748607
  1 16 4 13.0586873927546 0.515165860253858
  2 16 4 10.3105249012026 0.704031323768783
  1 17 4 11.8064736007326 0.559532625975744
  2 17 4 9.80719235975874 0.319774204956139
  1 18 4 12.2039857285862 0.479008946214672
  2 18 4 9.36928612241172 0.41351869139049
  1 19 4 11.3005033821532 0.429419179801904
  2 19 4 10.0416729162624 0.387615780132326
  1 20 4 12.9198074767047 0.477074256852948
  2 20 4 9.12686887166647 0.315868813200741
  1 21 4 12.8078146245156 0.410621521476155
  2 21 4 8.97625090030848 0.630050999524052
  1 22 4 12.0021617957108 0.294672690077384
  2 22 4 9.86711660514931 0.335469505128288
  1 23 4 11.3323594621223 0.477447511398437
  2 23 4 9.76570042630155 0.407625761955908
  1 24 4 11.782063333783 0.384568504019134
  2 24 4 9.85006890281049 0.43049173366256
  1 25 4 11.7672026330602 0.333261603198005
  2 25 4 8.13323841358197 0.843960441627036
  1 26 4 13.0779143713085 0.685474246042822
  2 26 4 9.28677253417524 0.429620783824035
  1 27 4 12.0497148661558 0.286882992344226
  2 27 4 8.08859349201501 0.81343687860715
  1 28 4 11.1506699798267 0.371822434434906
  2 28 4 9.09920869466696 0.53327636373572
  1 29 4 12.0349480702212 0.592639130460935
  2 29 4 9.15872324986264 0.590339711107796
  1 30 4 11.8105010807943 0.374062101432949
  2 30 4 8.40585483452557 0.701775131617819
  1 31 4 11.2359570200193 0.304499664309564
  2 31 4 9.21358467170651 0.210828956182955
  1 32 4 11.4903698468398 0.233962995093855
  2 32 4 8.68705149918583 0.329779252894958
  1 33 4 11.0234223751272 0.270006842918168
  2 33 4 9.37901545959289 0.460124990024536
  1 34 4 11.7302711166416 0.350007507053818
  2 34 4 9.42646104804203 0.837656243552001
  1 35 4 11.3255766978826 0.34274593698132
  2 35 4 9.03277154067048 0.291986952078346
  1 36 4 11.5993856665568 0.261906583866089
  2 36 4 8.83920569219918 0.425399553458769
  1 37 4 12.0724035920726 0.417429035160016
  2 37 4 9.2707899801439 0.287702894520317
  1 38 4 11.9643223541805 0.441211421515246
  2 38 4 9.25660925319286 0.866971810340233
  1 39 4 11.2375238121779 0.495234601454268
  2 39 4 9.28095362117267 0.556663444153977
  1 40 4 11.8514052792614 0.237858203733512
  2 40 4 9.49562705629057 0.295404104464232
  1 41 4 11.8608963579795 0.327346172729995
  2 41 4 9.40069751892612 0.994030515469621
  1 42 4 11.5458193641507 0.368315456462939
  2 42 4 9.76843060293478 0.461505384764764
  1 1 2 4.31843876053936 0.601375663623589
  2 1 2 4.05598439835771 0.565196579518992
  2 2 2 4.83986168439141 0.686052062200317
  2 3 2 3.94202965742031 0.378997614818957
  1 4 2 4.31858115906307 1
  2 4 2 4.23086513958912 0.459316778181236
  1 5 2 3.50879026121173 0.611089023955187
  2 5 2 1.68212174583467 0.780615956536472
  1 6 2 2.29833883834333 0.702037850017464
  2 6 2 3.21590847314458 0.461790555986525
  1 7 2 2.91412453296654 0.948289691951521
  2 7 2 2.51323055038321 0.685175011742778
  1 8 2 3.23670100803746 0.544380631361087
  2 8 2 3.74051336425256 0.424096495665332
  1 9 2 3.06918059768975 0.5393131982084
  2 9 2 3.7629979692949 0.454629127333952
  1 10 2 3.55508657107943 0.88095039530815
  2 10 2 4.34947231216265 0.419344308350161
  1 11 2 3.54496463416215 0.799987970388403
  2 11 2 4.08984075238175 0.839124360078806
  1 12 2 5.01736973123399 0.774991903603438
  2 12 2 5.1338927728611 0.424721667998453
  1 13 2 3.87606469315627 0.863215133786584
  2 13 2 4.76127086567565 0.387073469025502
  1 14 2 4.63119725118796 0.704083892007286
  2 14 2 4.40920381614009 0.312793018147624
  1 15 2 3.81551808346285 0.457459057188701
  2 15 2 4.79910886688702 0.459652287866146
  1 16 2 3.18960660897411 0.853197309912465
  2 16 2 4.14346739396339 0.628928805514438
  1 17 2 2.05137837800469 0.61116783920211
  2 17 2 3.62932079075031 0.3895964128798
  1 18 2 7.09020589930238 0.416775375911518
  2 18 2 7.12103784463817 0.495180348393774
  1 19 2 6.47801614026906 0.69077510766454
  2 19 2 7.18127121488682 0.347120352110889
  1 20 2 6.57314760002721 0.793751288508348
  2 20 2 8.2213098175329 0.526946514998015
  1 21 2 7.46261367752342 0.339376634127756
  2 21 2 8.93099937215359 0.609998621037514
  1 22 2 7.22730347287075 0.601950919776798
  2 22 2 8.18261130118272 0.389299707202565
  1 23 2 8.32817206394968 0.658556209578282
  2 23 2 8.10760885162918 0.288585466763824
  1 24 2 7.73107934989835 0.637453135075156
  2 24 2 7.73006467555278 0.480513100150493
  1 25 2 8.52989975575913 0.510473149998029
  2 25 2 7.98403497336644 0.338488147626423
  1 26 2 7.47205085813342 0.548437091427541
  2 26 2 7.516526221919 0.345955330423839
  1 27 2 8.47456210005934 0.492912195981742
  2 27 2 7.30282019887095 0.33164245084141
  1 28 2 7.65214818767444 0.747597319880804
  2 28 2 7.96829645391272 0.447853531697379
  1 29 2 8.12090750056385 0.451616070879294
  2 29 2 8.17610257635033 0.305275882623724
  1 30 2 8.24402322373689 0.797269558848634
  2 30 2 8.39634856591886 0.605264936420634
  1 31 2 9.26872820711201 0.666772556553203
  2 31 2 9.79429609459353 0.359836468902791
  1 32 2 10.8147643714866 0.96787270074405
  2 32 2 9.28103416622061 0.422601396160012
  1 33 2 9.09586643395036 0.404694020855087
  2 33 2 9.54344445531128 0.465820030674526
  1 34 2 9.51269743909976 0.814873375751391
  2 34 2 9.62695288632964 0.505954372112585
  1 35 2 9.55161180542967 0.533219898766676
  2 35 2 9.95616130972832 0.287403659199158
  1 36 2 9.65846891250473 0.371953858881132
  2 36 2 9.41968859704523 0.365560779244073
  1 37 2 7.92177111143549 0.791301167226987
  2 37 2 10.0624135688465 0.487536998609889
  1 38 2 8.67366413578942 0.633364993316759
  2 38 2 9.98552175717921 0.644823084547079
  1 39 2 9.46571563770441 0.827253682697507
  2 39 2 8.74520074471545 0.354235596542703
  1 40 2 8.01649017460186 0.900216415173481
  2 40 2 8.09854742718778 0.395846441583114
  1 41 2 6.84036913072915 0.957770995377006
  2 41 2 8.43902233787695 0.496084887173497
  1 42 2 8.39866942676265 0.55870584954739
  2 42 2 9.33432063991874 0.604660139936764
  1 1 1 10.4399785498957 0.241799049430762
  2 1 1 10.9053435415303 0.250018379470286
  1 2 1 10.2508409202443 0.142636213550947
  2 2 1 10.7894661168464 0.163647146277456
  1 3 1 9.8621757590748 0.225478190042395
  2 3 1 10.8003783991613 0.192013183632222
  1 4 1 10.0249023818726 0.323579734794357
  2 4 1 10.6633922032322 0.162432383538487
  1 5 1 10.3373764383181 0.320666395151501
  2 5 1 10.3203883680389 0.822390366318268
  1 6 1 9.74560041270249 0.452044832991261
  2 6 1 10.4283305112877 0.192408532269243
  1 7 1 10.0805720675315 0.28209645893665
  2 7 1 10.6582846659888 0.262097825842625
  1 8 1 10.2728254592323 0.414010381101596
  2 8 1 10.0065007870446 0.189959250209439
  1 9 1 10.0567595680424 0.40638853202345
  2 9 1 10.1038650706442 0.178404315527443
  1 10 1 9.11026188479566 0.290993157294119
  2 10 1 10.0493455946093 0.156753980046499
  1 11 1 9.37293016933314 0.324615016521962
  2 11 1 10.3399895051096 0.174348711952217
  1 12 1 9.71671824684146 0.294780938380682
  2 12 1 10.343283507608 0.195232854572048
  1 13 1 9.79435591749164 0.440402569626277
  2 13 1 9.8775379625848 0.185762358850192
  1 14 1 9.28676630535021 0.372421878022742
  2 14 1 9.64007649506535 0.151581173531864
  1 15 1 9.69388637021536 0.341871348717721
  2 15 1 9.09053112382511 0.233364310094868
  1 16 1 9.59190628244511 0.416897355424411
  2 16 1 9.36810702538065 0.283802183917676
  1 17 1 7.59455954017339 0.500820840736393
  2 17 1 8.70417358481226 0.495024013362717
  1 18 1 8.79248338308955 0.389853340834037
  2 18 1 9.6818657159324 0.390988792530431
  1 19 1 8.8303645113211 0.293941849282161
  2 19 1 8.7209689851833 0.322403741112933
  1 20 1 7.98169525481918 0.525509720403112
  2 20 1 8.64724674096933 0.218361153170241
  1 21 1 7.99177037658623 0.266433769579894
  2 21 1 8.52344858663536 0.421115605185845
  1 22 1 8.56124958317211 0.374831371194202
  2 22 1 9.26954061525292 0.227391091044855
  1 23 1 8.22040424271427 0.352011231642473
  2 23 1 8.52171369487271 0.384269029090844
  1 24 1 8.43556055626525 0.34725908523047
  2 24 1 8.86705859756208 0.331291933735556
  1 25 1 8.86061853072606 0.578696888706846
  2 25 1 8.98987344725126 0.247394190789157
  1 26 1 8.04645211128025 0.459728456052307
  2 26 1 8.8053770663075 0.394189312610479
  1 27 1 8.13019665983727 0.539982548576019
  2 27 1 8.57623943821909 0.72948972943007
  1 28 1 7.32415645607104 0.364309332200766
  2 28 1 9.01553704910349 0.278656828353639
  1 29 1 7.61944362197046 0.562793580097325
  2 29 1 8.37134980992235 0.316141323613091
  1 30 1 8.69829754371387 0.420348818797864
  2 30 1 8.67082902970776 0.30511736182771
  1 31 1 8.04162061958523 0.403753427903273
  2 31 1 8.40167588230586 0.278331587636247
  1 32 1 7.24357116181528 0.491331418922754
  2 32 1 8.48046695334513 0.329726795744574
  1 33 1 6.97697308683271 0.537081122476055
  2 33 1 7.56627373706267 0.33086845072982
  1 34 1 7.03014330982016 0.379030815152119
  2 34 1 7.42123557132824 0.278881417082292
  1 35 1 6.08575103836929 0.519511456600017
  2 35 1 6.91726640608077 0.27351876283918
  1 36 1 7.49051382510898 0.556056214854877
  2 36 1 8.35146089906462 0.714061811185508
  1 37 1 6.41050319352301 0.588197671943964
  2 37 1 7.54410880109679 0.340315242626747
  1 38 1 6.6316590707296 0.324588369174256
  2 38 1 6.68701262078816 0.300199803594678
  1 39 1 7.18330943710228 0.501841796783066
  2 39 1 6.74683845623078 0.438397059851219
  1 40 1 6.39047751791255 0.403101009292275
  2 40 1 6.26991184660025 0.410378233550251
  1 41 1 6.56082548270692 0.478602624152216
  2 41 1 6.91524642259146 0.362128776577143
  1 42 1 6.93998500577277 0.646634922078809
  2 42 1 9.62606076418649 0.816170985475773
  1 1 3 3.97360909462668 0.499484636786782
  1 2 3 4.42523851665184 0.358153914340203
  2 2 3 5.56310985517936 0.577110518633802
  1 3 3 3.84070431563744 0.678339172154909
  2 3 3 4.35230247089017 0.738121970739642
  1 4 3 4.94521899446492 1
  2 4 3 6.46508671115918 0.52056341701904
  1 5 3 4.62569686566704 0.693225535250834
  2 5 3 7.0365904580477 1
  1 6 3 5.6550832622878 1
  2 6 3 5.79578912974037 0.48452157876779
  1 7 3 5.36456576522384 0.912293822979085
  1 8 3 5.35274424725117 0.655734850091527
  2 8 3 5.18468570351955 0.750382084373246
  1 9 3 5.49699825405346 0.670809892238012
  2 9 3 6.13726769389808 0.47273108889926
  1 10 3 5.65600643773071 0.631102684426709
  2 10 3 6.55531320459111 0.919260399745188
  1 11 3 5.47766522019901 0.496475444687371
  1 12 3 5.05277257060753 0.740682868109632
  2 12 3 5.12972239287849 1
  1 13 3 4.57297797004794 0.360862225436052
  1 14 3 4.85565222025795 0.547901331396328
  2 14 3 6.75789770242624 0.478873954421528
  1 15 3 4.94688798973433 0.429608216382601
  2 15 3 5.21144425415699 0.654713783069401
  1 16 3 4.46697716243525 0.69118921143411
  2 16 3 5.91824023336107 0.8614889831113
  1 17 3 4.92371834469668 0.426971754606328
  2 17 3 6.50316358991554 0.572182042928152
  1 18 3 5.42278510212017 0.505524319387353
  2 18 3 6.20847157207723 0.488492827246527
  1 19 3 5.06068674700446 0.644591984223249
  2 19 3 6.3169758251107 0.51925665989311
  1 20 3 4.19210664736947 0.899065435378594
  2 20 3 6.46465572776398 0.59569628754064
  1 21 3 6.01203677908897 0.543826822033971
  2 21 3 6.6144454377214 0.466111862829518
  1 22 3 4.94184286504071 0.88174616562504
  2 22 3 5.66496898384023 0.568444982816852
  1 23 3 5.14964929416316 0.408104676406013
  2 23 3 7.08586118498102 0.357346049869971
  1 24 3 6.40600859232596 0.92608255019157
  2 24 3 6.95289243786092 0.539541007788685
  1 25 3 5.99088452565711 0.648664057223823
  2 25 3 6.48867706978226 0.576168087832409
  1 26 3 6.76124249432619 0.695927823776047
  2 26 3 7.06128418724409 0.549529982814455
  1 27 3 5.94719508683069 0.708713243925404
  2 27 3 7.78475058245867 0.496269825160911
  1 28 3 6.02260441606704 0.489543853646182
  1 29 3 7.35732708381253 0.703511357168505
  2 29 3 5.63946947786649 0.875017095315649
  1 30 3 6.68479229828101 0.631659802692532
  2 30 3 6.40892802200608 0.908152223575802
  1 31 3 6.80583191035464 0.626570332091694
  2 31 3 7.63239399011786 0.712465807947941
  1 32 3 7.50349598295119 0.661895735249442
  2 32 3 6.14391636706762 0.86012943797605
  1 33 3 6.28967286139603 0.783155911787346
  2 33 3 7.02245923161029 0.598390099709208
  1 34 3 5.7437574476701 0.542775440757204
  2 34 3 7.67460162918772 0.743173480285892
  1 35 3 8.75869091010069 0.870542376054271
  2 35 3 8.0056652536436 0.446478967244395
  1 36 3 7.67268659852534 0.492193512682958
  2 36 3 7.27914098100619 0.490110041691513
  1 37 3 6.77397842662882 0.909630520329322
  2 37 3 9.07530253804086 0.433872317628348
  1 38 3 7.29477497197226 0.644773009949607
  2 38 3 8.30287137524521 0.484949159815328
  1 39 3 7.5573648580553 0.515045488987725
  2 39 3 9.36066173304678 0.388710136036013
  1 40 3 7.95928841322996 0.442573167063876
  2 40 3 8.67138516814098 0.395139923022642
  1 41 3 7.79030741405482 0.88587618368699
  2 41 3 9.51657269167516 0.537531419606343
  1 42 3 12.7631412185975 0.983269433580366
  2 42 3 10.8906837450384 0.849696423298534
# end survey index observations 
#  
# Survey size comp data 
# Number of observations, init_int Nsurvey_size_obs 
  329
# init_matrix obs_survey_size(1,Nsurvey_size_obs,1,ncol) 
# Survey  Year  Species Type (0=whole, 1=retained, 2=discard) InpN, proportion by length bin 
  1 1 1 0 57 0.0175438596491228 0.43859649122807 0.350877192982456 0.175438596491228 0.0175438596491228
  1 2 1 0 65 0 0.323076923076923 0.492307692307692 0.184615384615385 0
  1 3 1 0 32 0.03125 0.375 0.4375 0.15625 0
  1 4 1 0 32 0 0.8125 0.0625 0.125 0
  1 5 1 0 21 0 0.761904761904762 0.19047619047619 0.0476190476190476 0
  1 6 1 0 18 0 0.611111111111111 0.277777777777778 0.111111111111111 0
  1 7 1 0 25 0 0.44 0.52 0.04 0
  1 8 1 0 20 0.05 0.65 0.15 0.15 0
  1 9 1 0 16 0.0625 0.625 0.1875 0.125 0
  1 10 1 0 19 0 0.421052631578947 0.578947368421053 0 0
  1 11 1 0 20 0.1 0.6 0.2 0.1 0
  1 12 1 0 22 0 0.818181818181818 0.181818181818182 0 0
  1 13 1 0 23 0 0.782608695652174 0.217391304347826 0 0
  1 14 1 0 14 0.0714285714285714 0.571428571428571 0.285714285714286 0.0714285714285714 0
  1 15 1 0 21 0 0.714285714285714 0.285714285714286 0 0
  1 16 1 0 14 0 0.714285714285714 0.285714285714286 0 0
  1 17 1 0 17 0 0.705882352941177 0.176470588235294 0.117647058823529 0
  1 18 1 0 19 0.0526315789473684 0.947368421052632 0 0 0
  1 19 1 0 18 0 0.611111111111111 0.277777777777778 0.111111111111111 0
  1 20 1 0 15 0 0.6 0.4 0 0
  1 21 1 0 21 0 0.714285714285714 0.238095238095238 0.0476190476190476 0
  1 22 1 0 13 0 0.769230769230769 0.230769230769231 0 0
  1 23 1 0 14 0.142857142857143 0.642857142857143 0.214285714285714 0 0
  1 24 1 0 14 0 0.357142857142857 0.571428571428571 0.0714285714285714 0
  1 25 1 0 18 0 0.444444444444444 0.555555555555556 0 0
  1 26 1 0 14 0 0.571428571428571 0.285714285714286 0.142857142857143 0
  1 27 1 0 23 0 0.347826086956522 0.521739130434783 0.130434782608696 0
  1 28 1 0 14 0.0714285714285714 0.714285714285714 0.142857142857143 0.0714285714285714 0
  1 29 1 0 17 0 0.647058823529412 0.352941176470588 0 0
  1 30 1 0 18 0 0.444444444444444 0.5 0.0555555555555556 0
  1 31 1 0 20 0 0.55 0.35 0.1 0
  1 32 1 0 10 0 0.7 0.2 0.1 0
  1 33 1 0 15 0 0.6 0.133333333333333 0.266666666666667 0
  1 34 1 0 18 0 0.666666666666667 0.277777777777778 0.0555555555555556 0
  1 35 1 0 8 0 0.75 0.125 0.125 0
  1 36 1 0 12 0 0.583333333333333 0.416666666666667 0 0
  1 37 1 0 8 0 1 0 0 0
  1 38 1 0 16 0.1875 0.6875 0.125 0 0
  1 39 1 0 10 0 0.7 0.3 0 0
  1 40 1 0 10 0 0.7 0.3 0 0
  1 41 1 0 13 0 0.692307692307692 0.307692307692308 0 0
  1 42 1 0 8 0.125 0.875 0 0 0
  1 1 2 0 11 0 0 0.545454545454545 0.363636363636364 0.0909090909090909
  1 4 2 0 1 0 0 0 1 0
  1 5 2 0 5 0 0 0.4 0.6 0
  1 6 2 0 1 0 0 1 0 0
  1 7 2 0 3 0 0 0.333333333333333 0.666666666666667 0
  1 8 2 0 4 0 0 0.75 0.25 0
  1 9 2 0 5 0 0 0.4 0.6 0
  1 10 2 0 10 0 0 0.8 0.2 0
  1 11 2 0 13 0 0 0.461538461538462 0.538461538461538 0
  1 12 2 0 15 0 0 0.533333333333333 0.466666666666667 0
  1 13 2 0 9 0 0 0.888888888888889 0.111111111111111 0
  1 14 2 0 6 0 0 0 1 0
  1 15 2 0 13 0 0 0.307692307692308 0.692307692307692 0
  1 16 2 0 10 0 0 0.4 0.6 0
  1 17 2 0 10 0 0.9 0.1 0 0
  1 18 2 0 18 0 0 1 0 0
  1 19 2 0 27 0 0 0.925925925925926 0.0740740740740741 0
  1 20 2 0 23 0 0 0.695652173913043 0.304347826086957 0
  1 21 2 0 25 0 0 0.64 0.36 0
  1 22 2 0 9 0 0 0.444444444444444 0.555555555555556 0
  1 23 2 0 8 0 0 0.5 0.5 0
  1 24 2 0 9 0 0 0.222222222222222 0.777777777777778 0
  1 25 2 0 14 0 0 0.285714285714286 0.714285714285714 0
  1 26 2 0 18 0 0 0.166666666666667 0.833333333333333 0
  1 27 2 0 16 0 0 0.25 0.75 0
  1 28 2 0 6 0 0.166666666666667 0.333333333333333 0.5 0
  1 29 2 0 8 0 0.25 0.375 0.375 0
  1 30 2 0 17 0 0.117647058823529 0.647058823529412 0.235294117647059 0
  1 31 2 0 9 0 0.111111111111111 0.777777777777778 0.111111111111111 0
  1 32 2 0 30 0 0 0.6 0.4 0
  1 33 2 0 24 0 0 0.375 0.625 0
  1 34 2 0 25 0 0.04 0.68 0.28 0
  1 35 2 0 16 0 0 0.9375 0.0625 0
  1 36 2 0 13 0 0.0769230769230769 0.384615384615385 0.538461538461538 0
  1 37 2 0 8 0 0 0.625 0.375 0
  1 38 2 0 10 0 0 0.4 0.6 0
  1 39 2 0 13 0 0 0.461538461538462 0.538461538461538 0
  1 40 2 0 8 0 0 0.375 0.625 0
  1 41 2 0 5 0 0 0.2 0.8 0
  1 42 2 0 17 0 0.117647058823529 0.470588235294118 0.411764705882353 0
  1 1 3 0 27 0 0.259259259259259 0.259259259259259 0.481481481481481 0
  1 2 3 0 13 0 0.461538461538462 0.230769230769231 0.307692307692308 0
  1 3 3 0 5 0 0.8 0.2 0 0
  1 4 3 0 2 0 0.5 0.5 0 0
  1 5 3 0 5 0 0 1 0 0
  1 6 3 0 1 0 0 0 1 0
  1 7 3 0 3 0 0 1 0 0
  1 8 3 0 3 0 0.333333333333333 0 0.666666666666667 0
  1 9 3 0 4 0 0.25 0.5 0.25 0
  1 10 3 0 4 0 0 0.25 0.75 0
  1 11 3 0 4 0 0 0.5 0.5 0
  1 12 3 0 2 0 0 0 1 0
  1 13 3 0 8 0 0 0.5 0.5 0
  1 14 3 0 19 0 0.368421052631579 0 0.631578947368421 0
  1 15 3 0 15 0 0.533333333333333 0.2 0.266666666666667 0
  1 16 3 0 12 0 0.583333333333333 0.416666666666667 0 0
  1 17 3 0 14 0 0.5 0.428571428571429 0.0714285714285714 0
  1 18 3 0 14 0 0.357142857142857 0.642857142857143 0 0
  1 19 3 0 15 0 0.2 0.4 0.4 0
  1 20 3 0 17 0 0.0588235294117647 0.588235294117647 0.352941176470588 0
  1 21 3 0 12 0 0.333333333333333 0.333333333333333 0.333333333333333 0
  1 22 3 0 11 0 0.181818181818182 0.636363636363636 0.181818181818182 0
  1 23 3 0 16 0 0.5 0.375 0.125 0
  1 24 3 0 15 0 0.333333333333333 0.4 0.266666666666667 0
  1 25 3 0 4 0 0.5 0.25 0.25 0
  1 26 3 0 14 0 0.357142857142857 0.571428571428571 0.0714285714285714 0
  1 27 3 0 6 0 0.166666666666667 0.333333333333333 0.5 0
  1 28 3 0 4 0 0 0.5 0.5 0
  1 29 3 0 2 0 0 0 1 0
  1 30 3 0 10 0 0.2 0.2 0.6 0
  1 31 3 0 9 0 0 0.444444444444444 0.555555555555556 0
  1 32 3 0 12 0 0.166666666666667 0.333333333333333 0.5 0
  1 33 3 0 5 0 0.6 0.4 0 0
  1 34 3 0 9 0 0.888888888888889 0 0.111111111111111 0
  1 35 3 0 5 0 0.6 0.4 0 0
  1 36 3 0 5 0 0.4 0.6 0 0
  1 37 3 0 3 0 0.333333333333333 0.333333333333333 0.333333333333333 0
  1 38 3 0 15 0 0.2 0.6 0.2 0
  1 39 3 0 12 0 0.25 0.666666666666667 0.0833333333333333 0
  1 40 3 0 9 0 0.333333333333333 0.444444444444444 0.222222222222222 0
  1 41 3 0 8 0 0.625 0.375 0 0
  1 42 3 0 12 0 0.166666666666667 0.75 0.0833333333333333 0
  1 1 4 0 86 0 0.209302325581395 0.662790697674419 0.127906976744186 0
  1 2 4 0 100 0 0.16 0.64 0.2 0
  1 3 4 0 33 0 0.0909090909090909 0.757575757575758 0.151515151515152 0
  1 4 4 0 44 0.0909090909090909 0.159090909090909 0.545454545454545 0.204545454545455 0
  1 5 4 0 34 0.0294117647058824 0.323529411764706 0.5 0.147058823529412 0
  1 6 4 0 40 0.125 0.325 0.3 0.25 0
  1 7 4 0 39 0.205128205128205 0.358974358974359 0.307692307692308 0.128205128205128 0
  1 8 4 0 49 0.0612244897959184 0.489795918367347 0.224489795918367 0.224489795918367 0
  1 9 4 0 36 0.0833333333333333 0.5 0.277777777777778 0.138888888888889 0
  1 10 4 0 43 0.0232558139534884 0.604651162790698 0.209302325581395 0.162790697674419 0
  1 11 4 0 41 0.0975609756097561 0.609756097560976 0.195121951219512 0.0975609756097561 0
  1 12 4 0 35 0.114285714285714 0.428571428571429 0.314285714285714 0.142857142857143 0
  1 13 4 0 32 0.03125 0.5 0.375 0.09375 0
  1 14 4 0 21 0.0952380952380952 0.285714285714286 0.380952380952381 0.238095238095238 0
  1 15 4 0 30 0.2 0.6 0.1 0.1 0
  1 16 4 0 19 0.0526315789473684 0.578947368421053 0.263157894736842 0.105263157894737 0
  1 17 4 0 35 0.0285714285714286 0.714285714285714 0.2 0.0571428571428571 0
  1 18 4 0 27 0 0.666666666666667 0.333333333333333 0 0
  1 19 4 0 34 0 0.470588235294118 0.323529411764706 0.205882352941176 0
  1 20 4 0 42 0.0714285714285714 0.523809523809524 0.333333333333333 0.0714285714285714 0
  1 21 4 0 41 0.0731707317073171 0.560975609756098 0.317073170731707 0.0487804878048781 0
  1 22 4 0 44 0.0681818181818182 0.431818181818182 0.431818181818182 0.0681818181818182 0
  1 23 4 0 28 0 0.607142857142857 0.321428571428571 0.0714285714285714 0
  1 24 4 0 34 0 0.352941176470588 0.5 0.147058823529412 0
  1 25 4 0 36 0.0277777777777778 0.333333333333333 0.5 0.138888888888889 0
  1 26 4 0 31 0 0.354838709677419 0.483870967741935 0.161290322580645 0
  1 27 4 0 39 0 0.384615384615385 0.358974358974359 0.256410256410256 0
  1 28 4 0 38 0 0.368421052631579 0.447368421052632 0.184210526315789 0
  1 29 4 0 48 0 0.208333333333333 0.583333333333333 0.208333333333333 0
  1 30 4 0 38 0 0.236842105263158 0.447368421052632 0.315789473684211 0
  1 31 4 0 61 0.0327868852459016 0.295081967213115 0.426229508196721 0.245901639344262 0
  1 32 4 0 48 0.0416666666666667 0.208333333333333 0.5 0.25 0
  1 33 4 0 49 0.0612244897959184 0.204081632653061 0.551020408163265 0.183673469387755 0
  1 34 4 0 44 0.25 0.568181818181818 0.113636363636364 0.0681818181818182 0
  1 35 4 0 61 0.0819672131147541 0.754098360655738 0.114754098360656 0.0491803278688525 0
  1 36 4 0 67 0.0895522388059701 0.686567164179104 0.194029850746269 0.0298507462686567 0
  1 37 4 0 57 0.087719298245614 0.614035087719298 0.263157894736842 0.0350877192982456 0
  1 38 4 0 38 0.0789473684210526 0.578947368421053 0.289473684210526 0.0526315789473684 0
  1 39 4 0 52 0.0384615384615385 0.615384615384615 0.326923076923077 0.0192307692307692 0
  1 40 4 0 43 0.0465116279069767 0.651162790697674 0.302325581395349 0 0
  1 41 4 0 42 0.0238095238095238 0.642857142857143 0.261904761904762 0.0714285714285714 0
  1 42 4 0 61 0.0163934426229508 0.459016393442623 0.459016393442623 0.0655737704918033 0
  2 1 1 0 58 0 0.448275862068966 0.413793103448276 0.120689655172414 0.0172413793103448
  2 2 1 0 83 0.0120481927710843 0.313253012048193 0.506024096385542 0.156626506024096 0.0120481927710843
  2 3 1 0 63 0.0158730158730159 0.301587301587302 0.412698412698413 0.253968253968254 0.0158730158730159
  2 4 1 0 56 0.160714285714286 0.625 0.142857142857143 0.0714285714285714 0
  2 5 1 0 55 0.0363636363636364 0.581818181818182 0.290909090909091 0.0909090909090909 0
  2 6 1 0 45 0.0666666666666667 0.422222222222222 0.4 0.111111111111111 0
  2 7 1 0 46 0.0434782608695652 0.434782608695652 0.369565217391304 0.152173913043478 0
  2 8 1 0 56 0.0178571428571429 0.553571428571429 0.321428571428571 0.0892857142857143 0.0178571428571429
  2 9 1 0 51 0.0784313725490196 0.529411764705882 0.294117647058824 0.0980392156862745 0
  2 10 1 0 44 0 0.545454545454545 0.363636363636364 0.0909090909090909 0
  2 11 1 0 49 0.102040816326531 0.591836734693878 0.26530612244898 0.0408163265306122 0
  2 12 1 0 50 0.06 0.7 0.2 0.04 0
  2 13 1 0 48 0.0833333333333333 0.708333333333333 0.208333333333333 0 0
  2 14 1 0 52 0.0384615384615385 0.692307692307692 0.269230769230769 0 0
  2 15 1 0 31 0 0.451612903225806 0.548387096774194 0 0
  2 16 1 0 38 0.0526315789473684 0.526315789473684 0.289473684210526 0.131578947368421 0
  2 17 1 0 26 0.0384615384615385 0.576923076923077 0.269230769230769 0.115384615384615 0
  2 18 1 0 33 0.151515151515152 0.666666666666667 0.181818181818182 0 0
  2 19 1 0 31 0.0645161290322581 0.580645161290323 0.354838709677419 0 0
  2 20 1 0 38 0.0526315789473684 0.763157894736842 0.157894736842105 0.0263157894736842 0
  2 21 1 0 30 0.0333333333333333 0.633333333333333 0.233333333333333 0.1 0
  2 22 1 0 35 0.114285714285714 0.628571428571429 0.2 0.0571428571428571 0
  2 23 1 0 35 0.0571428571428571 0.657142857142857 0.257142857142857 0.0285714285714286 0
  2 24 1 0 26 0.0384615384615385 0.576923076923077 0.384615384615385 0 0
  2 25 1 0 32 0 0.53125 0.40625 0.0625 0
  2 26 1 0 26 0 0.576923076923077 0.423076923076923 0 0
  2 27 1 0 37 0.027027027027027 0.405405405405405 0.378378378378378 0.189189189189189 0
  2 28 1 0 35 0.114285714285714 0.6 0.2 0.0857142857142857 0
  2 29 1 0 33 0.0303030303030303 0.575757575757576 0.333333333333333 0.0606060606060606 0
  2 30 1 0 45 0.0222222222222222 0.577777777777778 0.355555555555556 0.0444444444444444 0
  2 31 1 0 34 0.0588235294117647 0.470588235294118 0.441176470588235 0.0294117647058824 0
  2 32 1 0 36 0.138888888888889 0.527777777777778 0.25 0.0833333333333333 0
  2 33 1 0 42 0.0476190476190476 0.428571428571429 0.452380952380952 0.0714285714285714 0
  2 34 1 0 34 0 0.411764705882353 0.441176470588235 0.147058823529412 0
  2 35 1 0 35 0.114285714285714 0.628571428571429 0.2 0.0571428571428571 0
  2 36 1 0 28 0.0357142857142857 0.714285714285714 0.214285714285714 0.0357142857142857 0
  2 37 1 0 22 0.0454545454545455 0.681818181818182 0.272727272727273 0 0
  2 38 1 0 32 0.03125 0.65625 0.3125 0 0
  2 39 1 0 27 0.0740740740740741 0.592592592592593 0.333333333333333 0 0
  2 40 1 0 39 0 0.538461538461538 0.384615384615385 0.0769230769230769 0
  2 41 1 0 20 0.05 0.55 0.35 0.05 0
  2 42 1 0 30 0.233333333333333 0.766666666666667 0 0 0
  2 1 2 0 16 0 0 0.5 0.4375 0.0625
  2 2 2 0 20 0 0 0.45 0.5 0.05
  2 3 2 0 34 0 0.0294117647058824 0.294117647058824 0.588235294117647 0.0882352941176471
  2 4 2 0 15 0 0 0.333333333333333 0.6 0.0666666666666667
  2 5 2 0 4 0 0.5 0.25 0.25 0
  2 6 2 0 7 0 0.142857142857143 0.714285714285714 0.142857142857143 0
  2 7 2 0 18 0 0.111111111111111 0.5 0.388888888888889 0
  2 8 2 0 22 0 0.0454545454545455 0.681818181818182 0.227272727272727 0.0454545454545455
  2 9 2 0 21 0 0.380952380952381 0.285714285714286 0.333333333333333 0
  2 10 2 0 11 0 0.0909090909090909 0.818181818181818 0.0909090909090909 0
  2 11 2 0 7 0 0 0.428571428571429 0.571428571428571 0
  2 12 2 0 19 0 0 0.368421052631579 0.631578947368421 0
  2 13 2 0 32 0 0 0.25 0.75 0
  2 14 2 0 34 0 0 0.235294117647059 0.764705882352941 0
  2 15 2 0 27 0 0 0.222222222222222 0.777777777777778 0
  2 16 2 0 42 0 0 0.285714285714286 0.714285714285714 0
  2 17 2 0 34 0 0.970588235294118 0.0294117647058824 0 0
  2 18 2 0 28 0 0.0357142857142857 0.964285714285714 0 0
  2 19 2 0 26 0 0 0.884615384615385 0.115384615384615 0
  2 20 2 0 32 0 0.15625 0.40625 0.4375 0
  2 21 2 0 37 0 0.108108108108108 0.405405405405405 0.486486486486487 0
  2 22 2 0 38 0 0 0.552631578947368 0.447368421052632 0
  2 23 2 0 41 0 0.024390243902439 0.292682926829268 0.682926829268293 0
  2 24 2 0 33 0 0 0.303030303030303 0.696969696969697 0
  2 25 2 0 45 0 0.0444444444444444 0.111111111111111 0.844444444444444 0
  2 26 2 0 28 0 0.0357142857142857 0.142857142857143 0.821428571428571 0
  2 27 2 0 47 0 0.106382978723404 0.212765957446809 0.680851063829787 0
  2 28 2 0 22 0 0 0.272727272727273 0.727272727272727 0
  2 29 2 0 40 0 0.25 0.275 0.475 0
  2 30 2 0 28 0 0.535714285714286 0.321428571428571 0.142857142857143 0
  2 31 2 0 32 0 0.09375 0.8125 0.09375 0
  2 32 2 0 40 0 0.05 0.65 0.3 0
  2 33 2 0 43 0 0.186046511627907 0.418604651162791 0.395348837209302 0
  2 34 2 0 46 0 0.173913043478261 0.304347826086957 0.521739130434783 0
  2 35 2 0 60 0 0.0333333333333333 0.466666666666667 0.5 0
  2 36 2 0 49 0 0.183673469387755 0.285714285714286 0.530612244897959 0
  2 37 2 0 32 0 0 0.46875 0.53125 0
  2 38 2 0 30 0 0 0.4 0.6 0
  2 39 2 0 29 0 0.0344827586206897 0.310344827586207 0.655172413793103 0
  2 40 2 0 31 0 0 0.290322580645161 0.709677419354839 0
  2 41 2 0 14 0 0.0714285714285714 0.0714285714285714 0.857142857142857 0
  2 42 2 0 19 0 0.368421052631579 0.315789473684211 0.315789473684211 0
  2 2 3 0 3 0 0.666666666666667 0.333333333333333 0 0
  2 3 3 0 3 0 0.666666666666667 0.333333333333333 0 0
  2 4 3 0 7 0 0.857142857142857 0.142857142857143 0 0
  2 5 3 0 1 0 0 1 0 0
  2 6 3 0 14 0 0.428571428571429 0.428571428571429 0.142857142857143 0
  2 8 3 0 10 0 0.5 0.4 0.1 0
  2 9 3 0 6 0 0 0.833333333333333 0.166666666666667 0
  2 10 3 0 2 0 0.5 0 0.5 0
  2 12 3 0 1 0 0 0 1 0
  2 14 3 0 9 0 0.222222222222222 0.111111111111111 0.666666666666667 0
  2 15 3 0 5 0 0.6 0.4 0 0
  2 16 3 0 9 0 0.555555555555556 0.444444444444444 0 0
  2 17 3 0 9 0 0.444444444444444 0.444444444444444 0.111111111111111 0
  2 18 3 0 13 0 0.153846153846154 0.846153846153846 0 0
  2 19 3 0 14 0 0.285714285714286 0.571428571428571 0.142857142857143 0
  2 20 3 0 19 0 0.263157894736842 0.578947368421053 0.157894736842105 0
  2 21 3 0 20 0 0.35 0.45 0.2 0
  2 22 3 0 23 0 0.173913043478261 0.565217391304348 0.260869565217391 0
  2 23 3 0 26 0 0.346153846153846 0.461538461538462 0.192307692307692 0
  2 24 3 0 28 0 0.535714285714286 0.285714285714286 0.178571428571429 0
  2 25 3 0 20 0 0.15 0.75 0.1 0
  2 26 3 0 7 0 0.285714285714286 0.285714285714286 0.428571428571429 0
  2 27 3 0 5 0 0.2 0.6 0.2 0
  2 29 3 0 6 0 0.166666666666667 0.5 0.333333333333333 0
  2 30 3 0 14 0 0 0.428571428571429 0.571428571428571 0
  2 31 3 0 7 0 0 0.571428571428571 0.428571428571429 0
  2 32 3 0 20 0 0.15 0.25 0.6 0
  2 33 3 0 18 0.0555555555555556 0.0555555555555556 0.222222222222222 0.666666666666667 0
  2 34 3 0 15 0 0.666666666666667 0.266666666666667 0.0666666666666667 0
  2 35 3 0 28 0 0.571428571428571 0.357142857142857 0.0714285714285714 0
  2 36 3 0 25 0 0.52 0.44 0.04 0
  2 37 3 0 19 0 0.263157894736842 0.368421052631579 0.368421052631579 0
  2 38 3 0 33 0 0.424242424242424 0.454545454545455 0.121212121212121 0
  2 39 3 0 32 0 0.28125 0.46875 0.25 0
  2 40 3 0 34 0.0294117647058824 0.647058823529412 0.235294117647059 0.0882352941176471 0
  2 41 3 0 20 0 0.35 0.4 0.25 0
  2 42 3 0 27 0 0.296296296296296 0.555555555555556 0.148148148148148 0
  2 1 4 0 44 0 0.159090909090909 0.818181818181818 0.0227272727272727 0
  2 2 4 0 75 0 0.2 0.68 0.12 0
  2 3 4 0 66 0 0.272727272727273 0.575757575757576 0.151515151515152 0
  2 4 4 0 54 0.12962962962963 0.240740740740741 0.425925925925926 0.203703703703704 0
  2 5 4 0 31 0.032258064516129 0.354838709677419 0.290322580645161 0.32258064516129 0
  2 6 4 0 24 0.208333333333333 0.375 0.291666666666667 0.125 0
  2 7 4 0 20 0.2 0.3 0.25 0.25 0
  2 8 4 0 25 0.08 0.56 0.2 0.16 0
  2 9 4 0 44 0.136363636363636 0.363636363636364 0.227272727272727 0.272727272727273 0
  2 10 4 0 36 0.222222222222222 0.416666666666667 0.222222222222222 0.138888888888889 0
  2 11 4 0 22 0.0909090909090909 0.5 0.227272727272727 0.181818181818182 0
  2 12 4 0 21 0.0952380952380952 0.666666666666667 0.238095238095238 0 0
  2 13 4 0 26 0.0769230769230769 0.576923076923077 0.269230769230769 0.0769230769230769 0
  2 14 4 0 35 0.0857142857142857 0.371428571428571 0.4 0.142857142857143 0
  2 15 4 0 21 0.19047619047619 0.619047619047619 0.0952380952380952 0.0952380952380952 0
  2 16 4 0 30 0.1 0.533333333333333 0.3 0.0666666666666667 0
  2 17 4 0 40 0.175 0.625 0.175 0.025 0
  2 18 4 0 42 0.0714285714285714 0.547619047619048 0.30952380952381 0.0714285714285714 0
  2 19 4 0 46 0.130434782608696 0.543478260869565 0.239130434782609 0.0869565217391304 0
  2 20 4 0 37 0.0540540540540541 0.594594594594595 0.243243243243243 0.108108108108108 0
  2 21 4 0 44 0.0681818181818182 0.636363636363636 0.272727272727273 0.0227272727272727 0
  2 22 4 0 42 0.0238095238095238 0.571428571428571 0.357142857142857 0.0476190476190476 0
  2 23 4 0 35 0.0285714285714286 0.314285714285714 0.485714285714286 0.171428571428571 0
  2 24 4 0 26 0.0384615384615385 0.423076923076923 0.461538461538462 0.0769230769230769 0
  2 25 4 0 19 0.0526315789473684 0.421052631578947 0.315789473684211 0.210526315789474 0
  2 26 4 0 29 0.0344827586206897 0.344827586206897 0.448275862068966 0.172413793103448 0
  2 27 4 0 10 0 0.3 0.5 0.2 0
  2 28 4 0 20 0 0.5 0.45 0.05 0
  2 29 4 0 25 0.08 0.28 0.44 0.2 0
  2 30 4 0 18 0 0.277777777777778 0.333333333333333 0.388888888888889 0
  2 31 4 0 24 0 0.333333333333333 0.375 0.291666666666667 0
  2 32 4 0 21 0.142857142857143 0.19047619047619 0.333333333333333 0.333333333333333 0
  2 33 4 0 10 0.1 0.6 0.1 0.2 0
  2 34 4 0 12 0.583333333333333 0.166666666666667 0 0.25 0
  2 35 4 0 29 0.448275862068966 0.413793103448276 0.103448275862069 0.0344827586206897 0
  2 36 4 0 17 0.235294117647059 0.411764705882353 0.352941176470588 0 0
  2 37 4 0 39 0.128205128205128 0.538461538461538 0.307692307692308 0.0256410256410256 0
  2 38 4 0 9 0 0.333333333333333 0.666666666666667 0 0
  2 39 4 0 50 0.12 0.56 0.28 0.04 0
  2 40 4 0 15 0.133333333333333 0.466666666666667 0.266666666666667 0.133333333333333 0
  2 41 4 0 7 0 0.428571428571429 0.571428571428571 0 0
  2 42 4 0 9 0 0.555555555555556 0.444444444444444 0 0
# end survey length observations 
#  
# Fishery catch data 
# Number of observations, init_int Ncatch_obs
  168
# init_matrix obs_catch_biomass(1,Ncatch_obs,1,6) 
# Fleet	Area	Year	Species	Catch(biomass t)	CV 
  1 1 1 1 9.68588112286687 0.05
  1 1 2 1 9.80334844371011 0.05
  1 1 3 1 10.1608685583653 0.05
  1 1 4 1 9.8863037123265 0.05
  1 1 5 1 10.2104233421536 0.05
  1 1 6 1 10.0355563766347 0.05
  1 1 7 1 9.7858098529954 0.05
  1 1 8 1 9.99074927672143 0.05
  1 1 9 1 9.87835995487113 0.05
  1 1 10 1 9.82870058627848 0.05
  1 1 11 1 10.0612123751736 0.05
  1 1 12 1 10.0068353160974 0.05
  1 1 13 1 10.251881288618 0.05
  1 1 14 1 10.1920569021316 0.05
  1 1 15 1 9.72706323003326 0.05
  1 1 16 1 9.28606795483553 0.05
  1 1 17 1 9.41912817743298 0.05
  1 1 18 1 8.44509353984231 0.05
  1 1 19 1 8.52096354672029 0.05
  1 1 20 1 8.99419186955601 0.05
  1 1 21 1 8.5587206287841 0.05
  1 1 22 1 8.61965132506392 0.05
  1 1 23 1 8.92449768819413 0.05
  1 1 24 1 8.91477240014821 0.05
  1 1 25 1 8.77437358456442 0.05
  1 1 26 1 8.71796549968512 0.05
  1 1 27 1 8.0850432545318 0.05
  1 1 28 1 7.5040286984687 0.05
  1 1 29 1 8.23110818369516 0.05
  1 1 30 1 8.21638642413557 0.05
  1 1 31 1 8.18078246778376 0.05
  1 1 32 1 8.35212599467326 0.05
  1 1 33 1 7.86278000659753 0.05
  1 1 34 1 7.83643229122186 0.05
  1 1 35 1 7.47449648307772 0.05
  1 1 36 1 6.66746798291323 0.05
  1 1 37 1 6.97463514048601 0.05
  1 1 38 1 6.95029749805744 0.05
  1 1 39 1 6.88417325382832 0.05
  1 1 40 1 6.54063820045054 0.05
  1 1 41 1 6.58827035649348 0.05
  1 1 42 1 6.00409515923825 0.05
  1 1 1 4 8.79087913223342 0.05
  1 1 2 4 8.51103467440334 0.05
  1 1 3 4 8.95506460307599 0.05
  1 1 4 4 8.78288907517403 0.05
  1 1 5 4 9.24710899485429 0.05
  1 1 6 4 9.00182683359714 0.05
  1 1 7 4 8.67080174478883 0.05
  1 1 8 4 8.88046800310391 0.05
  1 1 9 4 8.74702933945301 0.05
  1 1 10 4 8.99410363031568 0.05
  1 1 11 4 9.13723720310696 0.05
  1 1 12 4 9.18514482513121 0.05
  1 1 13 4 9.56180501535138 0.05
  1 1 14 4 9.55244459346918 0.05
  1 1 15 4 9.22086512976103 0.05
  1 1 16 4 9.0784245910405 0.05
  1 1 17 4 9.58212122217971 0.05
  1 1 18 4 9.01871857381384 0.05
  1 1 19 4 9.22688197066057 0.05
  1 1 20 4 9.33143499155388 0.05
  1 1 21 4 8.67366777835942 0.05
  1 1 22 4 8.71602857613962 0.05
  1 1 23 4 8.92363238328807 0.05
  1 1 24 4 9.03388149984373 0.05
  1 1 25 4 8.93961552624471 0.05
  1 1 26 4 8.91161377321203 0.05
  1 1 27 4 8.32022850856854 0.05
  1 1 28 4 7.78079920925348 0.05
  1 1 29 4 8.47956194752773 0.05
  1 1 30 4 8.28873456995074 0.05
  1 1 31 4 8.0946343525891 0.05
  1 1 32 4 8.30191985909831 0.05
  1 1 33 4 7.92678614598569 0.05
  1 1 34 4 8.20123071942525 0.05
  1 1 35 4 8.34027050280693 0.05
  1 1 36 4 8.08590544993272 0.05
  1 1 37 4 8.59620268338585 0.05
  1 1 38 4 8.55255100692977 0.05
  1 1 39 4 8.7153642369231 0.05
  1 1 40 4 8.39124579852834 0.05
  1 1 41 4 8.27389147765934 0.05
  1 1 42 4 7.88290794971048 0.05
  2 1 1 2 7.39744943129236 0.05
  2 1 2 2 6.65979531764694 0.05
  2 1 3 2 7.02103932963385 0.05
  2 1 4 2 6.67424365650531 0.05
  2 1 5 2 7.49497271420496 0.05
  2 1 6 2 7.16312945241311 0.05
  2 1 7 2 6.63560658578342 0.05
  2 1 8 2 6.74190286609605 0.05
  2 1 9 2 6.79160238169656 0.05
  2 1 10 2 6.78399660597117 0.05
  2 1 11 2 7.15831556318544 0.05
  2 1 12 2 6.72388122482747 0.05
  2 1 13 2 8.13966016285731 0.05
  2 1 14 2 7.51413502224725 0.05
  2 1 15 2 7.16336327720966 0.05
  2 1 16 2 7.58812537534585 0.05
  2 1 17 2 8.59400693971503 0.05
  2 1 18 2 3.6809440108445 0.05
  2 1 19 2 8.17547418111899 0.05
  2 1 20 2 8.96090002730337 0.05
  2 1 21 2 9.42381339376318 0.05
  2 1 22 2 10.1165110864468 0.05
  2 1 23 2 9.50286379521907 0.05
  2 1 24 2 9.34319305300433 0.05
  2 1 25 2 9.51819998944313 0.05
  2 1 26 2 9.91112213556066 0.05
  2 1 27 2 9.92077131534797 0.05
  2 1 28 2 8.94816779191127 0.05
  2 1 29 2 9.43959768794648 0.05
  2 1 30 2 9.48454146145992 0.05
  2 1 31 2 9.5016522392714 0.05
  2 1 32 2 9.72994363221905 0.05
  2 1 33 2 9.09500852411231 0.05
  2 1 34 2 9.45446681257451 0.05
  2 1 35 2 9.47810644495167 0.05
  2 1 36 2 10.5819815117447 0.05
  2 1 37 2 10.3676166445843 0.05
  2 1 38 2 9.81519607648977 0.05
  2 1 39 2 9.31511303909371 0.05
  2 1 40 2 9.11958583638868 0.05
  2 1 41 2 8.69373849640981 0.05
  2 1 42 2 7.17492323279479 0.05
  2 1 1 3 5.97040255183349 0.05
  2 1 2 3 5.6055898117582 0.05
  2 1 3 3 6.04265497898099 0.05
  2 1 4 3 6.158835470331 0.05
  2 1 5 3 7.6427982228331 0.05
  2 1 6 3 8.09444840378653 0.05
  2 1 7 3 7.82360819777856 0.05
  2 1 8 3 8.03610868558339 0.05
  2 1 9 3 8.17440936586012 0.05
  2 1 10 3 7.81766252701125 0.05
  2 1 11 3 7.78048792859319 0.05
  2 1 12 3 6.65044178802427 0.05
  2 1 13 3 7.91259402152149 0.05
  2 1 14 3 7.22570005707197 0.05
  2 1 15 3 6.80976648411925 0.05
  2 1 16 3 7.46982394611108 0.05
  2 1 17 3 10.0930494936853 0.05
  2 1 18 3 6.79722451964436 0.05
  2 1 19 3 6.88331823896416 0.05
  2 1 20 3 6.39601863765825 0.05
  2 1 21 3 6.57572592572183 0.05
  2 1 22 3 7.27258880329874 0.05
  2 1 23 3 6.50453772190952 0.05
  2 1 24 3 6.27534824490753 0.05
  2 1 25 3 6.61234250190418 0.05
  2 1 26 3 7.37657687615255 0.05
  2 1 27 3 7.5509077901889 0.05
  2 1 28 3 6.77932921341338 0.05
  2 1 29 3 7.23267088475306 0.05
  2 1 30 3 7.26401229789262 0.05
  2 1 31 3 7.07262968142744 0.05
  2 1 32 3 6.50777413771706 0.05
  2 1 33 3 5.33111798223158 0.05
  2 1 34 3 5.32811696043713 0.05
  2 1 35 3 5.53752864889227 0.05
  2 1 36 3 7.17893238754789 0.05
  2 1 37 3 7.33500111037929 0.05
  2 1 38 3 7.07403984785282 0.05
  2 1 39 3 6.92516356094897 0.05
  2 1 40 3 7.09885545620144 0.05
  2 1 41 3 9.76884765564257 0.05
  2 1 42 3 9.83690920529069 0.05
# end catch observations 
#  
# Fishery size comp data 
# Number of observations, init_int Ncatch_size_obs 
  168
# init_matrix obs_catch_size(1,Ncatch_size_obs,1,ncol) 
# Fleet Area  Year  Species Type (0=whole, 1=retained, 2=discard) InpN, proportion by size bin 
  1 1 1 1 0 81 0 0.271604938271605 0.679012345679012 0.037037037037037 0.0123456790123457
  1 1 2 1 0 73 0 0.123287671232877 0.657534246575342 0.191780821917808 0.0273972602739726
  1 1 3 1 0 65 0 0.0769230769230769 0.630769230769231 0.276923076923077 0.0153846153846154
  1 1 4 1 0 56 0 0.196428571428571 0.571428571428571 0.232142857142857 0
  1 1 5 1 0 120 0 0.2 0.541666666666667 0.258333333333333 0
  1 1 6 1 0 130 0 0.192307692307692 0.592307692307692 0.207692307692308 0.00769230769230769
  1 1 7 1 0 94 0 0.148936170212766 0.627659574468085 0.223404255319149 0
  1 1 8 1 0 94 0 0.24468085106383 0.606382978723404 0.138297872340426 0.0106382978723404
  1 1 9 1 0 82 0 0.195121951219512 0.573170731707317 0.231707317073171 0
  1 1 10 1 0 76 0 0.236842105263158 0.592105263157895 0.171052631578947 0
  1 1 11 1 0 74 0 0.22972972972973 0.621621621621622 0.148648648648649 0
  1 1 12 1 0 65 0 0.307692307692308 0.569230769230769 0.123076923076923 0
  1 1 13 1 0 77 0 0.272727272727273 0.688311688311688 0.038961038961039 0
  1 1 14 1 0 88 0 0.329545454545455 0.647727272727273 0.0227272727272727 0
  1 1 15 1 0 66 0 0.227272727272727 0.712121212121212 0.0606060606060606 0
  1 1 16 1 0 69 0 0.115942028985507 0.840579710144927 0.0434782608695652 0
  1 1 17 1 0 43 0 0.162790697674419 0.651162790697674 0.186046511627907 0
  1 1 18 1 0 34 0.0294117647058824 0.235294117647059 0.676470588235294 0.0588235294117647 0
  1 1 19 1 0 55 0 0.472727272727273 0.472727272727273 0.0545454545454545 0
  1 1 20 1 0 64 0 0.328125 0.640625 0.03125 0
  1 1 21 1 0 77 0 0.311688311688312 0.649350649350649 0.038961038961039 0
  1 1 22 1 0 67 0 0.208955223880597 0.641791044776119 0.149253731343284 0
  1 1 23 1 0 133 0 0.353383458646617 0.496240601503759 0.150375939849624 0
  1 1 24 1 0 98 0 0.357142857142857 0.540816326530612 0.102040816326531 0
  1 1 25 1 0 91 0 0.274725274725275 0.67032967032967 0.0549450549450549 0
  1 1 26 1 0 77 0 0.272727272727273 0.597402597402597 0.12987012987013 0
  1 1 27 1 0 102 0 0.186274509803922 0.725490196078431 0.0882352941176471 0
  1 1 28 1 0 76 0 0.210526315789474 0.644736842105263 0.144736842105263 0
  1 1 29 1 0 110 0 0.4 0.4 0.2 0
  1 1 30 1 0 100 0 0.29 0.61 0.1 0
  1 1 31 1 0 108 0 0.240740740740741 0.611111111111111 0.148148148148148 0
  1 1 32 1 0 118 0 0.161016949152542 0.720338983050847 0.11864406779661 0
  1 1 33 1 0 129 0 0.116279069767442 0.728682170542636 0.155038759689922 0
  1 1 34 1 0 90 0 0.155555555555556 0.688888888888889 0.155555555555556 0
  1 1 35 1 0 69 0 0.188405797101449 0.623188405797101 0.188405797101449 0
  1 1 36 1 0 80 0 0.2375 0.5875 0.175 0
  1 1 37 1 0 62 0 0.403225806451613 0.467741935483871 0.129032258064516 0
  1 1 38 1 0 94 0 0.265957446808511 0.691489361702128 0.0425531914893617 0
  1 1 39 1 0 75 0 0.346666666666667 0.6 0.0533333333333333 0
  1 1 40 1 0 75 0 0.28 0.586666666666667 0.133333333333333 0
  1 1 41 1 0 35 0 0.114285714285714 0.685714285714286 0.2 0
  1 1 42 1 0 22 0.0454545454545455 0.136363636363636 0.681818181818182 0.136363636363636 0
  1 1 1 4 0 5 0 0.2 0.2 0 0
  1 1 2 4 0 5 0 0 0 1 0
  1 1 3 4 0 5 0 0 0 0.4 0
  1 1 4 4 0 5 0 0 0 0.8 0.2
  1 1 5 4 0 5 0 0 0 1 0
  1 1 6 4 0 5 0 0 0 0.8 0.2
  1 1 7 4 0 5 0 0 0.2 0.8 0
  1 1 8 4 0 5 0 0 0.2 0 0
  1 1 9 4 0 5 0 0 0 1 0
  1 1 10 4 0 5 0 0 0.4 0.6 0
  1 1 11 4 0 1 0 0 1 1 0
  1 1 12 4 0 5 0 0 0.2 0.8 0
  1 1 13 4 0 1 0 0 0 5 0
  1 1 14 4 0 2 0 0 0 2.5 0
  1 1 15 4 0 8 0 0 0 0.625 0
  1 1 16 4 0 3 0 0 0 1.66666666666667 0
  1 1 17 4 0 3 0 0 0.333333333333333 1.33333333333333 0
  1 1 18 4 0 1 0 0 0 5 0
  1 1 19 4 0 3 0 0 1.66666666666667 0 0
  1 1 20 4 0 3 0 0 5.33333333333333 4.66666666666667 0
  1 1 21 4 0 3 0 0 4.66666666666667 10.6666666666667 0
  1 1 22 4 0 2 0 0 1 4 0
  1 1 23 4 0 6 0 0 1 2.16666666666667 0
  1 1 24 4 0 1 0 0 9 52 0
  1 1 25 4 0 1 0 0 3 26 0
  1 1 26 4 0 2 0 0 1 15 0
  1 1 27 4 0 2 0 0 1 7 0
  1 1 28 4 0 4 0 0 0.5 7.25 0
  1 1 29 4 0 7 0 0 1 5.28571428571429 0
  1 1 30 4 0 6 0 0 0.833333333333333 4 0
  1 1 31 4 0 10 0 0 0.7 1.8 0
  1 1 32 4 0 7 0 0 2.14285714285714 1 0
  1 1 33 4 0 15 0 0 1 1.33333333333333 0
  1 1 34 4 0 19 0 0 0.368421052631579 1.10526315789474 0
  1 1 35 4 0 13 0 0 1.07692307692308 2.38461538461538 0
  1 1 36 4 0 23 0 0 0.521739130434783 1.69565217391304 0
  1 1 37 4 0 7 0 0 0.285714285714286 5.57142857142857 0
  1 1 38 4 0 7 0 0 1.57142857142857 3.57142857142857 0
  1 1 39 4 0 19 0 0 0.210526315789474 0.842105263157895 0
  1 1 40 4 0 25 0 0 0.04 0.52 0
  1 1 41 4 0 31 0 0 0.032258064516129 0.516129032258065 0
  1 1 42 4 0 31 0 0 0.032258064516129 0.741935483870968 0
  2 1 1 2 0 2 0 0 0 0.5 0
  2 1 2 2 0 5 0 0 0.2 0.8 0
  2 1 3 2 0 2 0 1 0.5 1 0
  2 1 4 2 0 5 0 0 0.2 0 0
  2 1 5 2 0 5 0 0 1 0.2 0
  2 1 6 2 0 5 0 0 0.4 0.4 0
  2 1 7 2 0 5 0 0 0.6 0.4 0
  2 1 8 2 0 1 0 0 1 0 0
  2 1 9 2 0 5 0 0 0.2 0 0
  2 1 10 2 0 5 0 0 0 0.2 0
  2 1 11 2 0 2 0 0 0 1 0
  2 1 12 2 0 5 0 0 0.4 0.6 0
  2 1 13 2 0 5 0 0 0.2 0.6 0
  2 1 14 2 0 5 0 0 0.8 0.8 0
  2 1 15 2 0 5 0 0 0.4 1.8 0
  2 1 16 2 0 5 0 0 0.6 0.4 0
  2 1 17 2 0 5 0 0 0.8 0.2 0
  2 1 18 2 0 5 0 0 0.2 0 0
  2 1 19 2 0 5 0 0 0.2 0 0
  2 1 20 2 0 30 0 0 0.1 0.0333333333333333 0
  2 1 21 2 0 46 0 0 0.0652173913043478 0 0
  2 1 22 2 0 10 0 0 0.3 0.1 0
  2 1 23 2 0 19 0 0 0.105263157894737 0.0526315789473684 0
  2 1 24 2 0 61 0 0 0.0491803278688525 0 0
  2 1 25 2 0 29 0 0 0 0.0689655172413793 0
  2 1 26 2 0 32 0 0.03125 0.0625 0.03125 0
  2 1 27 2 0 16 0 0 0.25 0.0625 0
  2 1 28 2 0 31 0 0 0.129032258064516 0 0
  2 1 29 2 0 44 0 0 0.0454545454545455 0.0454545454545455 0
  2 1 30 2 0 29 0 0 0.310344827586207 0.517241379310345 0
  2 1 31 2 0 25 0 0 0.2 0.2 0
  2 1 32 2 0 22 0 0 0.318181818181818 0.227272727272727 0
  2 1 33 2 0 35 0 0 0.0571428571428571 0.0571428571428571 0
  2 1 34 2 0 28 0 0.0357142857142857 0.107142857142857 0.0714285714285714 0
  2 1 35 2 0 45 0 0 0 0.0444444444444444 0
  2 1 36 2 0 51 0 0.0196078431372549 0.156862745098039 0.0196078431372549 0
  2 1 37 2 0 41 0 0.024390243902439 0.170731707317073 0.024390243902439 0
  2 1 38 2 0 36 0 0 0.277777777777778 0.0833333333333333 0
  2 1 39 2 0 20 0 0.05 0.4 0.35 0
  2 1 40 2 0 14 0 0 1.28571428571429 0.642857142857143 0
  2 1 41 2 0 17 0 0 0.647058823529412 0.235294117647059 0
  2 1 42 2 0 24 0 0 0.541666666666667 0.125 0
  2 1 1 3 0 1 0 0 4 1 0
  2 1 2 3 0 5 0 0 0.6 0.4 0
  2 1 3 3 0 5 0 0.2 0.6 0.2 0
  2 1 4 3 0 1 0 1 2 2 0
  2 1 5 3 0 6 0 0 0.5 0.333333333333333 0
  2 1 6 3 0 4 0 0 1 0.25 0
  2 1 7 3 0 5 0 0 0.2 0.8 0
  2 1 8 3 0 1 0 2 2 1 0
  2 1 9 3 0 1 0 1 2 2 0
  2 1 10 3 0 1 0 0 5 0 0
  2 1 11 3 0 2 0 0 0.5 0 0
  2 1 12 3 0 5 0 0.2 0.2 0.6 0
  2 1 13 3 0 4 0 0 0.25 0 0
  2 1 14 3 0 8 0 0 0 0.25 0
  2 1 15 3 0 11 0 0.0909090909090909 0.454545454545455 0.181818181818182 0
  2 1 16 3 0 5 0 0 0.6 0 0
  2 1 17 3 0 5 0 0 0.2 0.4 0
  2 1 18 3 0 1 0 0 1 0 0
  2 1 19 3 0 1 0 2 0 1 0
  2 1 20 3 0 4 0 0 0.75 0 0
  2 1 21 3 0 3 0 0 1 0 0
  2 1 22 3 0 4 0 0.25 0 0.25 0
  2 1 23 3 0 3 0 1 0.666666666666667 0.333333333333333 0
  2 1 24 3 0 3 0 0 0.333333333333333 0 0
  2 1 25 3 0 2 0 0.5 0 0 0
  2 1 26 3 0 4 0 0 0.5 0 0
  2 1 27 3 0 5 0 0.2 0.2 0 0
  2 1 28 3 0 4 0 0 1 0 0
  2 1 29 3 0 4 0 0.25 1 0.5 0
  2 1 30 3 0 24 0 0 0.208333333333333 0.0416666666666667 0
  2 1 31 3 0 10 0 0.1 0.4 0.5 0
  2 1 32 3 0 12 0 0 0.333333333333333 0.25 0
  2 1 33 3 0 4 0 0.5 1.75 1.5 0
  2 1 34 3 0 6 0 0.666666666666667 1.16666666666667 1.33333333333333 0
  2 1 35 3 0 2 0 2.5 3 1 0
  2 1 36 3 0 10 0 1 1.1 0.2 0
  2 1 37 3 0 9 0 0.333333333333333 0.333333333333333 0.111111111111111 0
  2 1 38 3 0 13 0 0 0.384615384615385 0.153846153846154 0
  2 1 39 3 0 16 0 0.375 0.6875 0.125 0
  2 1 40 3 0 27 0 0.333333333333333 0.481481481481481 0.111111111111111 0
  2 1 41 3 0 15 0 0.4 1.53333333333333 0.133333333333333 0
  2 1 42 3 0 16 0 0.375 1.1875 0.375 0
# end fishery length observations 
#  
# Survey diet proportion observations 
# Number of observations, init_int Ndietprop_obs 
  115
# init_matrix obs_dietprop(1,Ndietprop_obs,1,ncol) 
# Survey  Year  Predator  Predator_size InpN  wt_prey_1 wt_prey_2 wt_prey_3 wt_prey_4 wt_prey_5 wt_prey_6 wt_prey_7 wt_prey_8 wt_prey_9 wt_prey_10 wt_prey_11 other 
  1 12 1 2 100 0 0 0 0 1
  1 12 1 3 100 0.61 0 0 0 0.39
  1 13 1 3 100 0 0 0 0 1
  1 13 1 4 100 0 1 0 0 0
  1 15 1 2 100 0 0 0 0 1
  1 18 1 1 100 0.27 0 0 0 0.73
  1 18 1 2 100 0 0 0 0 1
  1 18 1 3 100 0 0.06 0 0 0.94
  1 19 1 2 100 0 0.02 0 0 0.98
  1 19 1 3 100 0 0.61 0 0 0.39
  1 20 1 3 100 0 0 0 0 1
  1 21 1 2 100 0 0.01 0 0 0.99
  1 21 1 3 100 0 0.41 0 0 0.59
  1 24 1 3 100 0 0.74 0 0 0.26
  1 25 1 3 100 0 0.15 0 0 0.85
  1 26 1 3 100 0 0.21 0.5 0 0.29
  1 27 1 3 100 0 0.02 0.33 0 0.65
  1 28 1 3 100 0 0.75 0 0 0.25
  1 33 1 3 100 0 0 0 0 1
  1 34 1 3 100 0 0.37 0 0 0.63
  1 35 1 3 100 0 0.44 0 0 0.56
  1 38 1 3 100 0 0.54 0 0 0.46
  1 39 1 3 100 0 0.02 0 0 0.98
  1 40 1 2 100 0 0.39 0 0 0.61
  1 41 1 2 100 0 0 0.37 0 0.63
  2 2 1 4 100 0 0 0.15 0 0.85
  2 11 1 3 100 0 0.46 0 0 0.54
  2 14 1 3 100 0 0 0 0.05 0.95
  2 14 1 4 100 0 0 0 0 1
  2 15 1 3 100 0 1 0 0 0
  2 16 1 3 100 0 0 0 0 1
  2 16 1 4 100 0 0.33 0 0 0.67
  2 19 1 3 100 0 0.53 0 0 0.47
  2 19 1 4 100 0 0 0.44 0 0.56
  2 21 1 3 100 0 0.48 0 0 0.52
  2 21 1 4 100 0 0 0 0 1
  2 22 1 3 100 0 0.59 0 0 0.41
  2 23 1 3 100 0 0.24 0 0 0.76
  2 24 1 3 100 0 0 0 0 1
  2 24 1 4 100 0 0 0.25 0 0.75
  2 25 1 2 100 0 0 0.99 0 0.01
  2 25 1 3 100 0 0 0 0 1
  2 26 1 3 100 1 0 0 0 0
  2 27 1 3 100 0 0.16 0 0 0.84
  2 27 1 4 100 0 0 0 0 1
  2 29 1 3 100 0 0 0 0 1
  2 33 1 3 100 0 0.28 0 0 0.72
  2 35 1 1 100 0 0.04 0 0 0.96
  2 35 1 2 100 0 0.37 0 0 0.63
  2 35 1 3 100 0 0.34 0 0 0.66
  2 36 1 3 100 0 0.23 0 0 0.77
  2 39 1 3 100 0 0.17 0.11 0 0.72
  2 40 1 2 100 0 0 0.26 0 0.74
  2 36 2 3 100 0 0.27 0 0 0.73
  2 30 3 2 100 0 0 0.19 0 0.81
  2 30 3 4 100 0 0.03 0 0 0.97
  1 8 4 2 100 0 1 0 0 0
  1 8 4 3 100 0 0.04 0 0 0.96
  1 11 4 3 100 0 0 0 0 1
  1 13 4 2 100 0 0.21 0 0 0.79
  1 13 4 3 100 0 0 0 0 1
  1 13 4 4 100 0 0 0 0 1
  1 14 4 3 100 0 0 0 0 1
  1 15 4 3 100 0 0 0 0 1
  1 15 4 4 100 0 0.95 0 0 0.05
  1 16 4 3 100 0 0.08 0 0 0.92
  1 16 4 4 100 0 0 0 0 1
  1 17 4 3 100 0 0.99 0 0 0.01
  1 18 4 3 100 0 0 0.19 0 0.81
  1 19 4 2 100 0 0 0.04 0 0.96
  1 19 4 3 100 0 0.01 0 0 0.99
  1 20 4 2 100 0 0.22 0 0 0.78
  1 20 4 3 100 0 1 0 0 0
  1 21 4 3 100 0 0 0 0 1
  1 22 4 2 100 0 0 0 0 1
  1 23 4 3 100 0 0 0 0 1
  1 24 4 3 100 0 0 0 0 1
  1 25 4 3 100 0 0.64 0 0 0.36
  1 25 4 4 100 0 0.07 0.09 0 0.84
  1 26 4 3 100 0 0.05 0 0 0.95
  1 27 4 2 100 0 0.75 0 0 0.25
  1 27 4 3 100 0 0.8 0 0 0.2
  1 28 4 2 100 0 0.66 0 0 0.34
  1 28 4 3 100 0 0.98 0 0 0.02
  1 29 4 3 100 0 0 0 0 1
  1 31 4 3 100 0 0.1 0 0 0.9
  1 31 4 4 100 0 0 0 0 1
  1 34 4 3 100 0 0.03 0 0 0.97
  1 40 4 3 100 0 0 0 0 1
  1 40 4 4 100 0 0 0 0 1
  1 42 4 3 100 0 0.49 0 0 0.51
  2 6 4 3 100 0 0 0 0 1
  2 8 4 3 100 0 0 0.41 0 0.59
  2 9 4 4 100 0 0 0 0.23 0.77
  2 14 4 4 100 0.09 0 0 0 0.91
  2 15 4 3 100 0 0 0 0 1
  2 16 4 3 100 0 0 0 0 1
  2 17 4 2 100 0 0 0 0 1
  2 18 4 3 100 0 0 0 0 1
  2 19 4 3 100 0 0 0 0 1
  2 21 4 3 100 0 0.07 0 0 0.93
  2 22 4 3 100 0 0.44 0 0 0.56
  2 23 4 3 100 0 0 0 0 1
  2 24 4 3 100 0 0.53 0.34 0 0.13
  2 25 4 3 100 0 0.57 0 0 0.43
  2 25 4 4 100 0 0 1 0 0
  2 27 4 3 100 0 0.2 0 0 0.8
  2 30 4 3 100 0 0.5 0 0 0.5
  2 33 4 3 100 0 0.04 0 0 0.96
  2 34 4 3 100 0 1 0 0 0
  2 35 4 3 100 0 0.38 0 0 0.62
  2 36 4 2 100 0 0.22 0 0 0.78
  2 36 4 3 100 0 0.34 0 0 0.66
  2 37 4 3 100 0 0.45 0 0 0.55
  2 42 4 3 100 0 0 0.94 0 0.06
# end survey diet proportion observations 
#  
