# This file was created using create_datpin_files.R function write_tsDatFile
      #and used all inputs from csv files found in folder:
      #hydradata/data-raw
# Survey index data 
# Number of observations, init_int Nsurvey_obs
  329
# init_matrix obs_survey_biomass(1,Nsurvey_obs,1,5)
# survey year spp value cv
  1 1 4 237834.892234042 0.212720515437525
  2 1 4 217381.07405532 0.25363203301826
  1 2 4 88891.2339681243 0.222168779300385
  2 2 4 80120.2283080197 0.187773345626693
  1 3 4 47664.3630711652 0.394113240257454
  2 3 4 34283.4487000885 0.423618201694685
  1 4 4 72933.4487949335 0.310035034727007
  2 4 4 42131.2389758498 0.327069686277164
  1 5 4 86004.4128199249 0.378629084128514
  2 5 4 61361.375552127 0.391316523019912
  1 6 4 75308.9408253489 0.494427832556011
  2 6 4 53569.9836436893 0.376280830351703
  1 7 4 47550.3441218533 0.759062286891916
  2 7 4 37811.4436656762 0.665352569827422
  1 8 4 13119.8000527421 0.383150869515862
  2 8 4 11094.8807890688 0.433685089735353
  1 9 4 17733.7435364378 0.48934963094834
  2 9 4 8612.01033146027 0.392371299771634
  1 10 4 24697.3259941588 0.382452035825211
  2 10 4 15703.5842064949 0.333798529002863
  1 11 4 15552.8493354314 0.566792532611316
  2 11 4 11063.2803870375 0.868042030585988
  1 12 4 15067.8658226 0.381518572031255
  2 12 4 8293.075239552 0.445144789260538
  1 13 4 10201.0426010155 0.438380584739347
  2 13 4 6322.38561513966 0.947226139495183
  1 14 4 11259.345590094 0.482345652338289
  2 14 4 5711.65922703196 0.377075764230608
  1 15 4 7102.89097115511 0.420835086749712
  2 15 4 4707.42835754909 0.614716212748607
  1 16 4 2297.42598127285 0.515165860253858
  2 16 4 1435.10559738573 0.704031323768783
  1 17 4 8552.41176762904 0.559532625975744
  2 17 4 3259.623716473 0.319774204956139
  1 18 4 8472.34105385569 0.479008946214672
  2 18 4 5714.94366877768 0.41351869139049
  1 19 4 5258.30835319664 0.429419179801904
  2 19 4 3143.8398644081 0.387615780132326
  1 20 4 7826.98377396709 0.477074256852948
  2 20 4 3631.86026037101 0.315868813200741
  1 21 4 12994.7529269719 0.410621521476155
  2 21 4 7514.38973985741 0.630050999524052
  1 22 4 14150.1764896919 0.294672690077384
  2 22 4 9112.65505876487 0.335469505128288
  1 23 4 10816.0109277185 0.477447511398437
  2 23 4 6713.13454773434 0.407625761955908
  1 24 4 10056.8933946072 0.384568504019134
  2 24 4 5876.13737001336 0.43049173366256
  1 25 4 10083.4332596371 0.333261603198005
  2 25 4 6085.01884302989 0.843960441627036
  1 26 4 6535.53943379819 0.685474246042822
  2 26 4 4367.30523949342 0.429620783824035
  1 27 4 6919.67508025442 0.286882992344226
  2 27 4 4011.96058615586 0.81343687860715
  1 28 4 8531.63753267134 0.371822434434906
  2 28 4 5520.04001754859 0.53327636373572
  1 29 4 15655.7409887837 0.592639130460935
  2 29 4 7989.80551448237 0.590339711107796
  1 30 4 21495.2465345094 0.374062101432949
  2 30 4 14437.6273566732 0.701775131617819
  1 31 4 17417.6162069016 0.304499664309564
  2 31 4 13412.3204414173 0.210828956182955
  1 32 4 19367.0056112214 0.233962995093855
  2 32 4 11339.7993835028 0.329779252894958
  1 33 4 17541.521337387 0.270006842918168
  2 33 4 13240.9917317351 0.460124990024536
  1 34 4 8528.76088195927 0.350007507053818
  2 34 4 6372.6288618333 0.837656243552001
  1 35 4 7473.27426928209 0.34274593698132
  2 35 4 4334.4488517135 0.291986952078346
  1 36 4 14855.1872049948 0.261906583866089
  2 36 4 8072.59041000072 0.425399553458769
  1 37 4 29925.1444656516 0.417429035160016
  2 37 4 16755.4840776143 0.287702894520317
  1 38 4 39679.0971755894 0.441211421515246
  2 38 4 26864.256800372 0.866971810340233
  1 39 4 36635.1362821801 0.495234601454268
  2 39 4 25881.641473587 0.556663444153977
  1 40 4 22879.6864995243 0.237858203733512
  2 40 4 18187.3951890658 0.295404104464232
  1 41 4 6543.92719014765 0.327346172729995
  2 41 4 5463.74867733913 0.994030515469621
  1 42 4 1484.11616285596 0.368315456462939
  2 42 4 1036.63153729992 0.461505384764764
  1 1 2 3831.80971934684 0.601375663623589
  2 1 2 3119.52166095987 0.565196579518992
  2 2 2 1946.68983591407 0.686052062200317
  2 3 2 1083.70141537265 0.378997614818957
  1 4 2 790.749347800713 1
  2 4 2 623.897124605714 0.459316778181236
  1 5 2 238.220379229752 0.611089023955187
  2 5 2 217.236258016252 0.780615956536472
  1 6 2 180.907782897451 0.702037850017464
  2 6 2 179.451412930179 0.461790555986525
  1 7 2 159.044779034473 0.948289691951521
  2 7 2 152.022239901558 0.685175011742778
  1 8 2 99.5878907479911 0.544380631361087
  2 8 2 102.811770701977 0.424096495665332
  1 9 2 154.966959053217 0.5393131982084
  2 9 2 164.91839135543 0.454629127333952
  1 10 2 250.102263192413 0.88095039530815
  2 10 2 238.3545445618 0.419344308350161
  1 11 2 383.44938055499 0.799987970388403
  2 11 2 416.323329575276 0.839124360078806
  1 12 2 1058.40948424521 0.774991903603438
  2 12 2 1045.74194532072 0.424721667998453
  1 13 2 999.617198566966 0.863215133786584
  2 13 2 831.033072438155 0.387073469025502
  1 14 2 590.519837162211 0.704083892007286
  2 14 2 535.727360986259 0.312793018147624
  1 15 2 808.866164843738 0.457459057188701
  2 15 2 783.446596230935 0.459652287866146
  1 16 2 801.869422893608 0.853197309912465
  2 16 2 678.05627427855 0.628928805514438
  1 17 2 70.631758124193 0.61116783920211
  2 17 2 54.7569869583255 0.3895964128798
  1 18 2 226.607019180597 0.416775375911518
  2 18 2 283.014030023901 0.495180348393774
  1 19 2 823.717890915059 0.69077510766454
  2 19 2 887.319638260492 0.347120352110889
  1 20 2 1732.09158697316 0.793751288508348
  2 20 2 1712.26764922288 0.526946514998015
  1 21 2 2155.39098660474 0.339376634127756
  2 21 2 2116.8562521056 0.609998621037514
  1 22 2 2069.92906520598 0.601950919776798
  2 22 2 1931.42149801977 0.389299707202565
  1 23 2 2553.3310759217 0.658556209578282
  2 23 2 2602.28191933965 0.288585466763824
  1 24 2 3179.07295249425 0.637453135075156
  2 24 2 2954.78731533 0.480513100150493
  1 25 2 2477.10055187637 0.510473149998029
  2 25 2 2103.12662273792 0.338488147626423
  1 26 2 1071.49237579424 0.548437091427541
  2 26 2 1071.28613933803 0.345955330423839
  1 27 2 1154.63000817806 0.492912195981742
  2 27 2 1193.83489177194 0.33164245084141
  1 28 2 1767.46528310482 0.747597319880804
  2 28 2 1725.71564814791 0.447853531697379
  1 29 2 1949.52561811319 0.451616070879294
  2 29 2 1825.83404553085 0.305275882623724
  1 30 2 2024.26544058026 0.797269558848634
  2 30 2 1860.51798427008 0.605264936420634
  1 31 2 2139.64213699157 0.666772556553203
  2 31 2 2118.97119105641 0.359836468902791
  1 32 2 2277.68721954294 0.96787270074405
  2 32 2 2189.01608277909 0.422601396160012
  1 33 2 2798.22897187008 0.404694020855087
  2 33 2 2708.81673910251 0.465820030674526
  1 34 2 3944.25336890902 0.814873375751391
  2 34 2 3969.19959594907 0.505954372112585
  1 35 2 5171.26264315468 0.533219898766676
  2 35 2 4616.19466687735 0.287403659199158
  1 36 2 3425.70619843687 0.371953858881132
  2 36 2 3216.43982621588 0.365560779244073
  1 37 2 4217.23197708034 0.791301167226987
  2 37 2 4182.18580738859 0.487536998609889
  1 38 2 5395.03088628306 0.633364993316759
  2 38 2 4876.5880406645 0.644823084547079
  1 39 2 4392.06087080123 0.827253682697507
  2 39 2 3676.10989517178 0.354235596542703
  1 40 2 1842.27371066973 0.900216415173481
  2 40 2 1527.40270582973 0.395846441583114
  1 41 2 580.792866272532 0.957770995377006
  2 41 2 507.001328009162 0.496084887173497
  1 42 2 334.305537744176 0.55870584954739
  2 42 2 285.829091729266 0.604660139936764
  1 1 1 100434.814551888 0.241799049430762
  2 1 1 225426.439254606 0.250018379470286
  1 2 1 48100.7318080899 0.142636213550947
  2 2 1 108267.88766924 0.163647146277456
  1 3 1 28786.4620719352 0.225478190042395
  2 3 1 59479.0154989528 0.192013183632222
  1 4 1 43565.2669615541 0.323579734794357
  2 4 1 77861.1136535292 0.162432383538487
  1 5 1 75177.119119889 0.320666395151501
  2 5 1 160378.858295273 0.822390366318268
  1 6 1 50857.1527605841 0.452044832991261
  2 6 1 113311.552610256 0.192408532269243
  1 7 1 24205.524225698 0.28209645893665
  2 7 1 55200.4212752207 0.262097825842625
  1 8 1 7583.99862345757 0.414010381101596
  2 8 1 17568.6470312839 0.189959250209439
  1 9 1 7500.54583359308 0.40638853202345
  2 9 1 10475.5497459539 0.178404315527443
  1 10 1 19716.7455475012 0.290993157294119
  2 10 1 41471.7152307687 0.156753980046499
  1 11 1 11318.611229242 0.324615016521962
  2 11 1 25046.4253541547 0.174348711952217
  1 12 1 6376.99565697821 0.294780938380682
  2 12 1 12024.7689623786 0.195232854572048
  1 13 1 6090.30373269595 0.440402569626277
  2 13 1 13023.9145166213 0.185762358850192
  1 14 1 3961.29839552233 0.372421878022742
  2 14 1 7232.83280232655 0.151581173531864
  1 15 1 4111.69027956537 0.341871348717721
  2 15 1 8764.38839880203 0.233364310094868
  1 16 1 1382.53462253651 0.416897355424411
  2 16 1 3069.82893309899 0.283802183917676
  1 17 1 1133.41724235757 0.500820840736393
  2 17 1 1628.63422287988 0.495024013362717
  1 18 1 2447.45379511961 0.389853340834037
  2 18 1 5014.46686037294 0.390988792530431
  1 19 1 1447.99700710351 0.293941849282161
  2 19 1 3159.13599648804 0.322403741112933
  1 20 1 1016.41003074276 0.525509720403112
  2 20 1 1661.1871832235 0.218361153170241
  1 21 1 2752.34047437353 0.266433769579894
  2 21 1 4791.48366631309 0.421115605185845
  1 22 1 4344.12449186312 0.374831371194202
  2 22 1 9200.19150655885 0.227391091044855
  1 23 1 2322.4498462786 0.352011231642473
  2 23 1 5146.22122222367 0.384269029090844
  1 24 1 1673.57431365448 0.34725908523047
  2 24 1 2722.94172240999 0.331291933735556
  1 25 1 2901.85467791231 0.578696888706846
  2 25 1 6126.33061297939 0.247394190789157
  1 26 1 1793.72274143829 0.459728456052307
  2 26 1 3587.6093787152 0.394189312610479
  1 27 1 1680.56326990201 0.539982548576019
  2 27 1 3624.02261002292 0.72948972943007
  1 28 1 1540.11611201877 0.364309332200766
  2 28 1 2733.06352052765 0.278656828353639
  1 29 1 2500.68016236634 0.562793580097325
  2 29 1 5307.14831972221 0.316141323613091
  1 30 1 3442.38337154119 0.420348818797864
  2 30 1 5317.41191474728 0.30511736182771
  1 31 1 8072.89189561843 0.403753427903273
  2 31 1 17023.26849848 0.278331587636247
  1 32 1 5729.28018424197 0.491331418922754
  2 32 1 12682.8249279546 0.329726795744574
  1 33 1 2876.02833854878 0.537081122476055
  2 33 1 6526.08225670685 0.33086845072982
  1 34 1 1041.94535374554 0.379030815152119
  2 34 1 2400.77433489372 0.278881417082292
  1 35 1 515.986602783419 0.519511456600017
  2 35 1 966.308969120811 0.27351876283918
  1 36 1 921.686365203361 0.556056214854877
  2 36 1 1820.22694576644 0.714061811185508
  1 37 1 1409.67934253085 0.588197671943964
  2 37 1 2580.79817167494 0.340315242626747
  1 38 1 2231.42186560967 0.324588369174256
  2 38 1 4758.5396397326 0.300199803594678
  1 39 1 1500.51528507164 0.501841796783066
  2 39 1 3335.87503476079 0.438397059851219
  1 40 1 718.784465613811 0.403101009292275
  2 40 1 1633.35657322621 0.410378233550251
  1 41 1 230.402453347096 0.478602624152216
  2 41 1 530.270340209313 0.362128776577143
  1 42 1 63.8226874630385 0.646634922078809
  2 42 1 133.590894013115 0.816170985475773
  1 1 3 1157.88642352974 0.499484636786782
  1 2 3 782.438582685052 0.358153914340203
  2 2 3 771.995976406839 0.577110518633802
  1 3 3 443.520509881613 0.678339172154909
  2 3 3 443.640568298463 0.738121970739642
  1 4 3 310.269624569341 1
  2 4 3 346.630525794686 0.52056341701904
  1 5 3 230.389821273175 0.693225535250834
  2 5 3 310.522333178402 1
  1 6 3 305.440115386674 1
  2 6 3 396.466216916765 0.48452157876779
  1 7 3 335.64263997512 0.912293822979085
  1 8 3 192.136806559762 0.655734850091527
  2 8 3 244.82485923632 0.750382084373246
  1 9 3 229.352509139835 0.670809892238012
  2 9 3 314.010746315504 0.47273108889926
  1 10 3 426.435826517278 0.631102684426709
  2 10 3 522.019623122883 0.919260399745188
  1 11 3 393.299751884325 0.496475444687371
  1 12 3 531.239205099418 0.740682868109632
  2 12 3 604.868897778285 1
  1 13 3 481.25068965353 0.360862225436052
  1 14 3 379.150307972177 0.547901331396328
  2 14 3 417.109359793993 0.478873954421528
  1 15 3 400.632972560994 0.429608216382601
  2 15 3 455.200513110626 0.654713783069401
  1 16 3 508.428144082697 0.69118921143411
  2 16 3 638.081204077778 0.8614889831113
  1 17 3 211.28719522409 0.426971754606328
  2 17 3 276.146177001309 0.572182042928152
  1 18 3 348.21955055349 0.505524319387353
  2 18 3 379.585926091941 0.488492827246527
  1 19 3 251.062069593198 0.644591984223249
  2 19 3 260.410140542779 0.51925665989311
  1 20 3 146.742447520909 0.899065435378594
  2 20 3 156.897037682242 0.59569628754064
  1 21 3 105.267765387756 0.543826822033971
  2 21 3 137.5883574009 0.466111862829518
  1 22 3 120.013999515543 0.88174616562504
  2 22 3 153.58621388825 0.568444982816852
  1 23 3 123.806751383006 0.408104676406013
  2 23 3 131.838019234386 0.357346049869971
  1 24 3 88.2725213228465 0.92608255019157
  2 24 3 106.165222385391 0.539541007788685
  1 25 3 99.1351325429754 0.648664057223823
  2 25 3 136.979124720095 0.576168087832409
  1 26 3 97.9324905735918 0.695927823776047
  2 26 3 131.774682557784 0.549529982814455
  1 27 3 90.6605869002514 0.708713243925404
  2 27 3 112.266528744492 0.496269825160911
  1 28 3 115.092974035618 0.489543853646182
  1 29 3 157.444872538616 0.703511357168505
  2 29 3 215.751453634566 0.875017095315649
  1 30 3 260.857665325664 0.631659802692532
  2 30 3 313.509757533861 0.908152223575802
  1 31 3 228.135325714669 0.626570332091694
  2 31 3 241.687279198712 0.712465807947941
  1 32 3 107.180056668475 0.661895735249442
  2 32 3 109.61274035398 0.86012943797605
  1 33 3 44.4070935675668 0.783155911787346
  2 33 3 45.48125242762 0.598390099709208
  1 34 3 23.6510072256124 0.542775440757204
  2 34 3 26.2094771631026 0.743173480285892
  1 35 3 50.6137489652895 0.870542376054271
  2 35 3 82.7578618163711 0.446478967244395
  1 36 3 118.732423952872 0.492193512682958
  2 36 3 177.313145465913 0.490110041691513
  1 37 3 234.892824054039 0.909630520329322
  2 37 3 287.102718490756 0.433872317628348
  1 38 3 293.03218607097 0.644773009949607
  2 38 3 328.660654121449 0.484949159815328
  1 39 3 311.175314668702 0.515045488987725
  2 39 3 358.558721997102 0.388710136036013
  1 40 3 257.358085880752 0.442573167063876
  2 40 3 278.93001790452 0.395139923022642
  1 41 3 119.31527999015 0.88587618368699
  2 41 3 126.544159102655 0.537531419606343
  1 42 3 237835.185022528 0.983269433580366
  2 42 3 217381.124242943 0.849696423298534
# end survey index observations 
#  
# Survey size comp data 
# Number of observations, init_int Nsurvey_size_obs 
  329
# init_matrix obs_survey_size(1,Nsurvey_size_obs,1,ncol) 
# Survey  Year  Species Type (0=whole, 1=retained, 2=discard) InpN, proportion by length bin 
  1 1 1 0 57 0 0.105263157894737 0.736842105263158 0.157894736842105 0
  1 2 1 0 65 0 0.2 0.646153846153846 0.153846153846154 0
  1 3 1 0 32 0 0.53125 0.40625 0.0625 0
  1 4 1 0 32 0 0.65625 0.34375 0 0
  1 5 1 0 21 0 0.142857142857143 0.857142857142857 0 0
  1 6 1 0 18 0 0.222222222222222 0.722222222222222 0.0555555555555556 0
  1 7 1 0 25 0 0.08 0.72 0.2 0
  1 8 1 0 20 0 0.05 0.6 0.35 0
  1 9 1 0 16 0 0.9375 0 0.0625 0
  1 10 1 0 19 0 0.157894736842105 0.842105263157895 0 0
  1 11 1 0 20 0 0.15 0.8 0.05 0
  1 12 1 0 22 0 0.590909090909091 0.272727272727273 0.136363636363636 0
  1 13 1 0 23 0 0.260869565217391 0.739130434782609 0 0
  1 14 1 0 14 0 0.642857142857143 0.357142857142857 0 0
  1 15 1 0 21 0 0.476190476190476 0.476190476190476 0.0476190476190476 0
  1 16 1 0 14 0 0.214285714285714 0.785714285714286 0 0
  1 17 1 0 17 0 0.764705882352941 0.176470588235294 0.0588235294117647 0
  1 18 1 0 19 0 0.157894736842105 0.842105263157895 0 0
  1 19 1 0 18 0 0 0.888888888888889 0.111111111111111 0
  1 20 1 0 15 0 0.733333333333333 0.2 0.0666666666666667 0
  1 21 1 0 21 0 0.666666666666667 0.333333333333333 0 0
  1 22 1 0 13 0 0.230769230769231 0.615384615384615 0.153846153846154 0
  1 23 1 0 14 0 0.0714285714285714 0.714285714285714 0.214285714285714 0
  1 24 1 0 14 0 0.642857142857143 0.357142857142857 0 0
  1 25 1 0 18 0 0.222222222222222 0.777777777777778 0 0
  1 26 1 0 14 0 0.642857142857143 0.357142857142857 0 0
  1 27 1 0 23 0 0.130434782608696 0.826086956521739 0.0434782608695652 0
  1 28 1 0 14 0 0.857142857142857 0.142857142857143 0 0
  1 29 1 0 17 0 0.176470588235294 0.705882352941177 0.117647058823529 0
  1 30 1 0 18 0 0.722222222222222 0.277777777777778 0 0
  1 31 1 0 20 0 0.35 0.55 0.1 0
  1 32 1 0 10 0 0.2 0.8 0 0
  1 33 1 0 15 0 0.2 0.8 0 0
  1 34 1 0 18 0 0.111111111111111 0.666666666666667 0.222222222222222 0
  1 35 1 0 8 0 0.375 0.625 0 0
  1 36 1 0 12 0 0.416666666666667 0.583333333333333 0 0
  1 37 1 0 8 0 0.75 0.25 0 0
  1 38 1 0 16 0 0.3125 0.625 0.0625 0
  1 39 1 0 10 0 0.1 0.8 0.1 0
  1 40 1 0 10 0 0.1 0.7 0.2 0
  1 41 1 0 13 0 0 0.846153846153846 0.153846153846154 0
  1 42 1 0 8 0 0.625 0.25 0.125 0
  1 1 2 0 11 0 0 0.636363636363636 0.363636363636364 0
  1 4 2 0 1 0 0 0 1 0
  1 5 2 0 5 0 0.8 0.2 0 0
  1 6 2 0 1 0 0 1 0 0
  1 7 2 0 3 0 0.666666666666667 0.333333333333333 0 0
  1 8 2 0 4 0 0.5 0.5 0 0
  1 9 2 0 5 0 0.8 0.2 0 0
  1 10 2 0 10 0 0.5 0.4 0.1 0
  1 11 2 0 13 0 0.846153846153846 0.153846153846154 0 0
  1 12 2 0 15 0 0.533333333333333 0.466666666666667 0 0
  1 13 2 0 9 0 0.222222222222222 0.333333333333333 0.444444444444444 0
  1 14 2 0 6 0 0.333333333333333 0.666666666666667 0 0
  1 15 2 0 13 0 0.692307692307692 0.153846153846154 0.153846153846154 0
  1 16 2 0 10 0 0 0.8 0.2 0
  1 17 2 0 10 0 0.1 0.1 0.8 0
  1 18 2 0 18 0 1 0 0 0
  1 19 2 0 27 0 0.666666666666667 0.333333333333333 0 0
  1 20 2 0 23 0 0.826086956521739 0.130434782608696 0.0434782608695652 0
  1 21 2 0 25 0 0.56 0.36 0.08 0
  1 22 2 0 9 0 1 0 0 0
  1 23 2 0 8 0 0.75 0.125 0.125 0
  1 24 2 0 9 0 0 0.888888888888889 0.111111111111111 0
  1 25 2 0 14 0 0.642857142857143 0.142857142857143 0.214285714285714 0
  1 26 2 0 18 0 0.722222222222222 0.222222222222222 0.0555555555555556 0
  1 27 2 0 16 0 0.875 0.125 0 0
  1 28 2 0 6 0 0.333333333333333 0.666666666666667 0 0
  1 29 2 0 8 0 0.625 0.25 0.125 0
  1 30 2 0 17 0 0.529411764705882 0.411764705882353 0.0588235294117647 0
  1 31 2 0 9 0 0.777777777777778 0.111111111111111 0.111111111111111 0
  1 32 2 0 30 0 0.366666666666667 0.566666666666667 0.0666666666666667 0
  1 33 2 0 24 0 0.75 0.125 0.125 0
  1 34 2 0 25 0 0.68 0.28 0.04 0
  1 35 2 0 16 0 0.3125 0.6875 0 0
  1 36 2 0 13 0 0.769230769230769 0.153846153846154 0.0769230769230769 0
  1 37 2 0 8 0 0.5 0.375 0.125 0
  1 38 2 0 10 0 0.4 0.3 0.3 0
  1 39 2 0 13 0 0.0769230769230769 0.461538461538462 0.461538461538462 0
  1 40 2 0 8 0 0.625 0.125 0.25 0
  1 41 2 0 5 0 0.4 0.2 0.4 0
  1 42 2 0 17 0 0.647058823529412 0.294117647058824 0.0588235294117647 0
  1 1 3 0 27 0 0.148148148148148 0.407407407407407 0.444444444444444 0
  1 2 3 0 13 0 0.153846153846154 0.384615384615385 0.461538461538462 0
  1 3 3 0 5 0 0 0.4 0.6 0
  1 4 3 0 2 0 0 0.5 0.5 0
  1 5 3 0 5 0.2 0.4 0 0.4 0
  1 6 3 0 1 0 0 1 0 0
  1 7 3 0 3 0 0.333333333333333 0.333333333333333 0.333333333333333 0
  1 8 3 0 3 0 1 0 0 0
  1 9 3 0 4 0 0.5 0.5 0 0
  1 10 3 0 4 0 0.25 0.75 0 0
  1 11 3 0 4 0 0.25 0.5 0.25 0
  1 12 3 0 2 0.5 0 0.5 0 0
  1 13 3 0 8 0 0 0.625 0.375 0
  1 14 3 0 19 0.0526315789473684 0.421052631578947 0.0526315789473684 0.473684210526316 0
  1 15 3 0 15 0 0.2 0.333333333333333 0.466666666666667 0
  1 16 3 0 12 0.0833333333333333 0.416666666666667 0.25 0.25 0
  1 17 3 0 14 0 0.285714285714286 0.571428571428571 0.142857142857143 0
  1 18 3 0 14 0.0714285714285714 0.214285714285714 0.428571428571429 0.285714285714286 0
  1 19 3 0 15 0.0666666666666667 0.2 0.466666666666667 0.266666666666667 0
  1 20 3 0 17 0 0.352941176470588 0.411764705882353 0.235294117647059 0
  1 21 3 0 12 0 0.833333333333333 0.166666666666667 0 0
  1 22 3 0 11 0 0.181818181818182 0.818181818181818 0 0
  1 23 3 0 16 0 0.1875 0.5 0.3125 0
  1 24 3 0 15 0.0666666666666667 0.8 0.0666666666666667 0.0666666666666667 0
  1 25 3 0 4 0 0.25 0.5 0.25 0
  1 26 3 0 14 0.0714285714285714 0.642857142857143 0.214285714285714 0.0714285714285714 0
  1 27 3 0 6 0 0.166666666666667 0.833333333333333 0 0
  1 28 3 0 4 0 1 0 0 0
  1 29 3 0 2 0 0.5 0.5 0 0
  1 30 3 0 10 0 0.5 0.4 0.1 0
  1 31 3 0 9 0 0 0.777777777777778 0.222222222222222 0
  1 32 3 0 12 0 0 0.5 0.5 0
  1 33 3 0 5 0 0.2 0.2 0.6 0
  1 34 3 0 9 0.111111111111111 0.222222222222222 0.111111111111111 0.555555555555556 0
  1 35 3 0 5 0 1 0 0 0
  1 36 3 0 5 0 0.6 0.4 0 0
  1 37 3 0 3 0 0.666666666666667 0.333333333333333 0 0
  1 38 3 0 15 0 0.533333333333333 0.4 0.0666666666666667 0
  1 39 3 0 12 0 0.0833333333333333 0.583333333333333 0.333333333333333 0
  1 40 3 0 9 0 0.111111111111111 0.555555555555556 0.333333333333333 0
  1 41 3 0 8 0 0.125 0.125 0.75 0
  1 42 3 0 12 0 0.333333333333333 0.25 0.416666666666667 0
  1 1 4 0 86 0 0.232558139534884 0.523255813953488 0.244186046511628 0
  1 2 4 0 100 0 0.26 0.6 0.14 0
  1 3 4 0 33 0 0.757575757575758 0.181818181818182 0.0606060606060606 0
  1 4 4 0 44 0 0.886363636363636 0.113636363636364 0 0
  1 5 4 0 34 0 0.617647058823529 0.382352941176471 0 0
  1 6 4 0 40 0.025 0.775 0.2 0 0
  1 7 4 0 39 0 0.666666666666667 0.333333333333333 0 0
  1 8 4 0 49 0 0.428571428571429 0.530612244897959 0.0408163265306122 0
  1 9 4 0 36 0 0.888888888888889 0.0833333333333333 0.0277777777777778 0
  1 10 4 0 43 0 0.697674418604651 0.302325581395349 0 0
  1 11 4 0 41 0 0.707317073170732 0.292682926829268 0 0
  1 12 4 0 35 0 0.914285714285714 0.0857142857142857 0 0
  1 13 4 0 32 0 0.90625 0.09375 0 0
  1 14 4 0 21 0 0.904761904761905 0.0952380952380952 0 0
  1 15 4 0 30 0 0.733333333333333 0.266666666666667 0 0
  1 16 4 0 19 0 0.842105263157895 0.157894736842105 0 0
  1 17 4 0 35 0.0285714285714286 0.971428571428571 0 0 0
  1 18 4 0 27 0 0.814814814814815 0.185185185185185 0 0
  1 19 4 0 34 0 0.852941176470588 0.147058823529412 0 0
  1 20 4 0 42 0 0.976190476190476 0.0238095238095238 0 0
  1 21 4 0 41 0.024390243902439 0.853658536585366 0.121951219512195 0 0
  1 22 4 0 44 0 0.75 0.25 0 0
  1 23 4 0 28 0 0.892857142857143 0.107142857142857 0 0
  1 24 4 0 34 0 0.911764705882353 0.0882352941176471 0 0
  1 25 4 0 36 0 0.805555555555556 0.194444444444444 0 0
  1 26 4 0 31 0 0.838709677419355 0.161290322580645 0 0
  1 27 4 0 39 0.0256410256410256 0.897435897435897 0.0769230769230769 0 0
  1 28 4 0 38 0.0263157894736842 0.684210526315789 0.289473684210526 0 0
  1 29 4 0 48 0 0.958333333333333 0.0416666666666667 0 0
  1 30 4 0 38 0 0.710526315789474 0.289473684210526 0 0
  1 31 4 0 61 0 0.704918032786885 0.278688524590164 0.0163934426229508 0
  1 32 4 0 48 0 0.854166666666667 0.145833333333333 0 0
  1 33 4 0 49 0 0.755102040816326 0.224489795918367 0.0204081632653061 0
  1 34 4 0 44 0 0.636363636363636 0.363636363636364 0 0
  1 35 4 0 61 0 0.868852459016393 0.131147540983607 0 0
  1 36 4 0 67 0 0.895522388059702 0.104477611940299 0 0
  1 37 4 0 57 0 0.859649122807018 0.140350877192982 0 0
  1 38 4 0 38 0 0.736842105263158 0.263157894736842 0 0
  1 39 4 0 52 0 0.769230769230769 0.230769230769231 0 0
  1 40 4 0 43 0 0.488372093023256 0.511627906976744 0 0
  1 41 4 0 42 0 0.333333333333333 0.666666666666667 0 0
  1 42 4 0 61 0 0.655737704918033 0.344262295081967 0 0
  2 1 1 0 58 0 0.0517241379310345 0.793103448275862 0.155172413793103 0
  2 2 1 0 83 0 0.144578313253012 0.542168674698795 0.313253012048193 0
  2 3 1 0 63 0.0158730158730159 0.333333333333333 0.507936507936508 0.142857142857143 0
  2 4 1 0 56 0 0.535714285714286 0.446428571428571 0.0178571428571429 0
  2 5 1 0 55 0 0.0545454545454545 0.872727272727273 0.0727272727272727 0
  2 6 1 0 45 0 0 0.8 0.2 0
  2 7 1 0 46 0 0.0652173913043478 0.673913043478261 0.260869565217391 0
  2 8 1 0 56 0.0178571428571429 0 0.607142857142857 0.375 0
  2 9 1 0 51 0 0.862745098039216 0.0980392156862745 0.0392156862745098 0
  2 10 1 0 44 0 0.159090909090909 0.772727272727273 0.0681818181818182 0
  2 11 1 0 49 0 0.0612244897959184 0.857142857142857 0.0816326530612245 0
  2 12 1 0 50 0 0.4 0.44 0.16 0
  2 13 1 0 48 0 0.145833333333333 0.833333333333333 0.0208333333333333 0
  2 14 1 0 52 0 0.557692307692308 0.423076923076923 0.0192307692307692 0
  2 15 1 0 31 0 0.032258064516129 0.903225806451613 0.0645161290322581 0
  2 16 1 0 38 0 0.0789473684210526 0.815789473684211 0.105263157894737 0
  2 17 1 0 26 0 0.730769230769231 0.269230769230769 0 0
  2 18 1 0 33 0 0.0909090909090909 0.909090909090909 0 0
  2 19 1 0 31 0 0.0967741935483871 0.870967741935484 0.032258064516129 0
  2 20 1 0 38 0.0263157894736842 0.684210526315789 0.210526315789474 0.0789473684210526 0
  2 21 1 0 30 0 0.433333333333333 0.533333333333333 0.0333333333333333 0
  2 22 1 0 35 0 0.0285714285714286 0.942857142857143 0.0285714285714286 0
  2 23 1 0 35 0 0.0285714285714286 0.942857142857143 0.0285714285714286 0
  2 24 1 0 26 0 0.730769230769231 0.192307692307692 0.0769230769230769 0
  2 25 1 0 32 0 0.125 0.84375 0.03125 0
  2 26 1 0 26 0 0.307692307692308 0.653846153846154 0.0384615384615385 0
  2 27 1 0 37 0 0.0810810810810811 0.864864864864865 0.0540540540540541 0
  2 28 1 0 35 0 0.428571428571429 0.542857142857143 0.0285714285714286 0
  2 29 1 0 33 0 0.121212121212121 0.848484848484849 0.0303030303030303 0
  2 30 1 0 45 0 0.488888888888889 0.444444444444444 0.0666666666666667 0
  2 31 1 0 34 0 0.0882352941176471 0.882352941176471 0.0294117647058824 0
  2 32 1 0 36 0 0.0277777777777778 0.805555555555556 0.166666666666667 0
  2 33 1 0 42 0 0.0714285714285714 0.666666666666667 0.261904761904762 0
  2 34 1 0 34 0 0.0882352941176471 0.705882352941177 0.205882352941176 0
  2 35 1 0 35 0 0.628571428571429 0.285714285714286 0.0857142857142857 0
  2 36 1 0 28 0 0.321428571428571 0.642857142857143 0.0357142857142857 0
  2 37 1 0 22 0 0.363636363636364 0.545454545454545 0.0909090909090909 0
  2 38 1 0 32 0 0.0625 0.9375 0 0
  2 39 1 0 27 0 0.037037037037037 0.740740740740741 0.222222222222222 0
  2 40 1 0 39 0 0.0256410256410256 0.794871794871795 0.179487179487179 0
  2 41 1 0 20 0 0.05 0.55 0.4 0
  2 42 1 0 30 0 0.266666666666667 0.433333333333333 0.3 0
  2 1 2 0 16 0 0.1875 0.625 0.1875 0
  2 2 2 0 20 0 0.65 0.1 0.25 0
  2 3 2 0 34 0 0.147058823529412 0.676470588235294 0.176470588235294 0
  2 4 2 0 15 0 0.2 0.266666666666667 0.533333333333333 0
  2 5 2 0 4 0 0.75 0 0.25 0
  2 6 2 0 7 0 0.571428571428571 0.428571428571429 0 0
  2 7 2 0 18 0 0.777777777777778 0.222222222222222 0 0
  2 8 2 0 22 0 0.818181818181818 0.181818181818182 0 0
  2 9 2 0 21 0 0.80952380952381 0.142857142857143 0.0476190476190476 0
  2 10 2 0 11 0 0.454545454545455 0.454545454545455 0.0909090909090909 0
  2 11 2 0 7 0 1 0 0 0
  2 12 2 0 19 0 0.315789473684211 0.631578947368421 0.0526315789473684 0
  2 13 2 0 32 0 0.40625 0.34375 0.25 0
  2 14 2 0 34 0 0.735294117647059 0.117647058823529 0.147058823529412 0
  2 15 2 0 27 0 0.777777777777778 0.148148148148148 0.0740740740740741 0
  2 16 2 0 42 0 0.0476190476190476 0.69047619047619 0.261904761904762 0
  2 17 2 0 34 0 0.117647058823529 0.323529411764706 0.558823529411765 0
  2 18 2 0 28 0 1 0 0 0
  2 19 2 0 26 0 0.653846153846154 0.346153846153846 0 0
  2 20 2 0 32 0 0.78125 0.125 0.09375 0
  2 21 2 0 37 0 0.675675675675676 0.27027027027027 0.0540540540540541 0
  2 22 2 0 38 0 0.631578947368421 0.342105263157895 0.0263157894736842 0
  2 23 2 0 41 0 0.780487804878049 0.0975609756097561 0.121951219512195 0
  2 24 2 0 33 0 0.181818181818182 0.787878787878788 0.0303030303030303 0
  2 25 2 0 45 0 0.733333333333333 0.133333333333333 0.133333333333333 0
  2 26 2 0 28 0 0.678571428571429 0.25 0.0714285714285714 0
  2 27 2 0 47 0 0.702127659574468 0.276595744680851 0.0212765957446809 0
  2 28 2 0 22 0 0.636363636363636 0.272727272727273 0.0909090909090909 0
  2 29 2 0 40 0 0.575 0.25 0.175 0
  2 30 2 0 28 0 0.571428571428571 0.357142857142857 0.0714285714285714 0
  2 31 2 0 32 0 0.90625 0 0.09375 0
  2 32 2 0 40 0 0.575 0.4 0.025 0
  2 33 2 0 43 0 0.813953488372093 0.116279069767442 0.0697674418604651 0
  2 34 2 0 46 0 0.608695652173913 0.282608695652174 0.108695652173913 0
  2 35 2 0 60 0 0.366666666666667 0.45 0.183333333333333 0
  2 36 2 0 49 0 0.775510204081633 0.142857142857143 0.0816326530612245 0
  2 37 2 0 32 0 0.5625 0.375 0.0625 0
  2 38 2 0 30 0 0.6 0.3 0.1 0
  2 39 2 0 29 0 0.137931034482759 0.517241379310345 0.344827586206897 0
  2 40 2 0 31 0 0.387096774193548 0.225806451612903 0.387096774193548 0
  2 41 2 0 14 0 0.357142857142857 0.428571428571429 0.214285714285714 0
  2 42 2 0 19 0 0.684210526315789 0.157894736842105 0.157894736842105 0
  2 2 3 0 3 0 0.666666666666667 0 0.333333333333333 0
  2 3 3 0 3 0.333333333333333 0 0.333333333333333 0.333333333333333 0
  2 4 3 0 7 0.142857142857143 0.857142857142857 0 0 0
  2 5 3 0 1 0 0 0 1 0
  2 6 3 0 14 0.0714285714285714 0.642857142857143 0.285714285714286 0 0
  2 8 3 0 10 0 0.7 0.2 0.1 0
  2 9 3 0 6 0 0.666666666666667 0.333333333333333 0 0
  2 10 3 0 2 0.5 0 0.5 0 0
  2 12 3 0 1 0 1 0 0 0
  2 14 3 0 9 0.111111111111111 0.666666666666667 0.222222222222222 0 0
  2 15 3 0 5 0 0.2 0.8 0 0
  2 16 3 0 9 0 1 0 0 0
  2 17 3 0 9 0 0.333333333333333 0.666666666666667 0 0
  2 18 3 0 13 0 0.230769230769231 0.538461538461538 0.230769230769231 0
  2 19 3 0 14 0.142857142857143 0.214285714285714 0.428571428571429 0.214285714285714 0
  2 20 3 0 19 0.0526315789473684 0.263157894736842 0.684210526315789 0 0
  2 21 3 0 20 0.2 0.75 0 0.05 0
  2 22 3 0 23 0 0.391304347826087 0.478260869565217 0.130434782608696 0
  2 23 3 0 26 0 0.230769230769231 0.423076923076923 0.346153846153846 0
  2 24 3 0 28 0.107142857142857 0.678571428571429 0.107142857142857 0.107142857142857 0
  2 25 3 0 20 0 0.7 0.25 0.05 0
  2 26 3 0 7 0 0.428571428571429 0.428571428571429 0.142857142857143 0
  2 27 3 0 5 0 0.4 0.6 0 0
  2 29 3 0 6 0 0.833333333333333 0 0.166666666666667 0
  2 30 3 0 14 0 0.357142857142857 0.5 0.142857142857143 0
  2 31 3 0 7 0.142857142857143 0.285714285714286 0.428571428571429 0.142857142857143 0
  2 32 3 0 20 0 0.2 0.4 0.4 0
  2 33 3 0 18 0.0555555555555556 0.388888888888889 0.166666666666667 0.388888888888889 0
  2 34 3 0 15 0 0.733333333333333 0.2 0.0666666666666667 0
  2 35 3 0 28 0.107142857142857 0.821428571428571 0.0357142857142857 0.0357142857142857 0
  2 36 3 0 25 0.08 0.64 0.28 0 0
  2 37 3 0 19 0 0.263157894736842 0.631578947368421 0.105263157894737 0
  2 38 3 0 33 0.151515151515152 0.484848484848485 0.181818181818182 0.181818181818182 0
  2 39 3 0 32 0 0.25 0.59375 0.15625 0
  2 40 3 0 34 0.0294117647058824 0.470588235294118 0.352941176470588 0.147058823529412 0
  2 41 3 0 20 0 0.3 0.6 0.1 0
  2 42 3 0 27 0.111111111111111 0.333333333333333 0.37037037037037 0.185185185185185 0
  2 1 4 0 44 0 0.0681818181818182 0.659090909090909 0.272727272727273 0
  2 2 4 0 75 0 0.16 0.693333333333333 0.146666666666667 0
  2 3 4 0 66 0.0303030303030303 0.606060606060606 0.242424242424242 0.121212121212121 0
  2 4 4 0 54 0.0185185185185185 0.648148148148148 0.296296296296296 0.037037037037037 0
  2 5 4 0 31 0 0.580645161290323 0.387096774193548 0.032258064516129 0
  2 6 4 0 24 0 0.416666666666667 0.541666666666667 0.0416666666666667 0
  2 7 4 0 20 0 0.3 0.7 0 0
  2 8 4 0 25 0 0.24 0.72 0.04 0
  2 9 4 0 44 0 0.863636363636364 0.136363636363636 0 0
  2 10 4 0 36 0 0.555555555555556 0.444444444444444 0 0
  2 11 4 0 22 0 0.409090909090909 0.545454545454545 0.0454545454545455 0
  2 12 4 0 21 0.0476190476190476 0.619047619047619 0.333333333333333 0 0
  2 13 4 0 26 0 0.653846153846154 0.346153846153846 0 0
  2 14 4 0 35 0 0.771428571428571 0.2 0.0285714285714286 0
  2 15 4 0 21 0 0.476190476190476 0.523809523809524 0 0
  2 16 4 0 30 0 0.566666666666667 0.433333333333333 0 0
  2 17 4 0 40 0.025 0.975 0 0 0
  2 18 4 0 42 0 0.523809523809524 0.476190476190476 0 0
  2 19 4 0 46 0 0.652173913043478 0.347826086956522 0 0
  2 20 4 0 37 0 0.837837837837838 0.162162162162162 0 0
  2 21 4 0 44 0 0.727272727272727 0.272727272727273 0 0
  2 22 4 0 42 0 0.571428571428571 0.428571428571429 0 0
  2 23 4 0 35 0.0285714285714286 0.685714285714286 0.285714285714286 0 0
  2 24 4 0 26 0 0.884615384615385 0.115384615384615 0 0
  2 25 4 0 19 0.105263157894737 0.631578947368421 0.263157894736842 0 0
  2 26 4 0 29 0 0.758620689655172 0.241379310344828 0 0
  2 27 4 0 10 0 0.7 0.3 0 0
  2 28 4 0 20 0 0.7 0.3 0 0
  2 29 4 0 25 0 0.76 0.24 0 0
  2 30 4 0 18 0 0.611111111111111 0.388888888888889 0 0
  2 31 4 0 24 0.0416666666666667 0.333333333333333 0.625 0 0
  2 32 4 0 21 0 0.714285714285714 0.285714285714286 0 0
  2 33 4 0 10 0 0.3 0.7 0 0
  2 34 4 0 12 0 0.333333333333333 0.583333333333333 0.0833333333333333 0
  2 35 4 0 29 0 0.620689655172414 0.379310344827586 0 0
  2 36 4 0 17 0 0.764705882352941 0.235294117647059 0 0
  2 37 4 0 39 0 0.743589743589744 0.230769230769231 0.0256410256410256 0
  2 38 4 0 9 0 0.444444444444444 0.444444444444444 0.111111111111111 0
  2 39 4 0 50 0 0.52 0.48 0 0
  2 40 4 0 15 0 0.266666666666667 0.733333333333333 0 0
  2 41 4 0 7 0 0.285714285714286 0.571428571428571 0.142857142857143 0
  2 42 4 0 9 0 0.555555555555556 0.444444444444444 0 0
# end survey length observations 
#  
# Fishery catch data 
# Number of observations, init_int Ncatch_obs
  168
# init_matrix obs_catch_biomass(1,Ncatch_obs,1,6) 
# Fleet	Area	Year	Species	Catch(biomass t)	CV 
  1 1 1 1 17791.4310567399 0.05
  1 1 2 1 18836.411938297 0.05
  1 1 3 1 22062.0637609619 0.05
  1 1 4 1 19562.9696392508 0.05
  1 1 5 1 29134.1259257631 0.05
  1 1 6 1 21516.0554287949 0.05
  1 1 7 1 15012.9922667958 0.05
  1 1 8 1 16960.2580552569 0.05
  1 1 9 1 15004.9478393295 0.05
  1 1 10 1 18171.5741726237 0.05
  1 1 11 1 19922.4801622162 0.05
  1 1 12 1 16949.8661611984 0.05
  1 1 13 1 19148.1103123931 0.05
  1 1 14 1 16185.0368617701 0.05
  1 1 15 1 12772.6746047268 0.05
  1 1 16 1 7632.13161180258 0.05
  1 1 17 1 6914.2294756935 0.05
  1 1 18 1 5138.90362202785 0.05
  1 1 19 1 4214.638436671 0.05
  1 1 20 1 5046.60173364019 0.05
  1 1 21 1 4646.58137895559 0.05
  1 1 22 1 4982.14719936846 0.05
  1 1 23 1 4803.05803026457 0.05
  1 1 24 1 6150.22122062406 0.05
  1 1 25 1 5183.68631901373 0.05
  1 1 26 1 5392.24930586024 0.05
  1 1 27 1 2445.81363602634 0.05
  1 1 28 1 1898.72650120486 0.05
  1 1 29 1 2382.84734620366 0.05
  1 1 30 1 3788.78565113988 0.05
  1 1 31 1 4704.25931304989 0.05
  1 1 32 1 3660.44944478403 0.05
  1 1 33 1 2128.71776490427 0.05
  1 1 34 1 1830.89979816486 0.05
  1 1 35 1 1247.13540997282 0.05
  1 1 36 1 692.262890758338 0.05
  1 1 37 1 1066.41120311096 0.05
  1 1 38 1 1011.5558676104 0.05
  1 1 39 1 910.034619578134 0.05
  1 1 40 1 640.87756901576 0.05
  1 1 41 1 591.040909247046 0.05
  1 1 42 1 370.923141726869 0.05
  1 1 1 4 5881.10041022138 0.05
  1 1 2 4 4587.80032852375 0.05
  1 1 3 4 6821.80194671779 0.05
  1 1 4 4 6655.86996211409 0.05
  1 1 5 4 8136.48324236709 0.05
  1 1 6 4 8121.30258972582 0.05
  1 1 7 4 6061.67897207093 0.05
  1 1 8 4 5758.83100806036 0.05
  1 1 9 4 6369.70272939349 0.05
  1 1 10 4 6848.77499755914 0.05
  1 1 11 4 7932.21482772948 0.05
  1 1 12 4 10224.4515823075 0.05
  1 1 13 4 12244.4368559371 0.05
  1 1 14 4 13697.0516951409 0.05
  1 1 15 4 7699.68811501585 0.05
  1 1 16 4 5666.06677977187 0.05
  1 1 17 4 14390.5980302132 0.05
  1 1 18 4 5141.23451153388 0.05
  1 1 19 4 5947.46306373118 0.05
  1 1 20 4 10489.8747723258 0.05
  1 1 21 4 4854.22139489552 0.05
  1 1 22 4 4802.10877726045 0.05
  1 1 23 4 7720.6650640444 0.05
  1 1 24 4 7524.64661745772 0.05
  1 1 25 4 6109.81379842454 0.05
  1 1 26 4 4996.85234855421 0.05
  1 1 27 4 3380.94612898157 0.05
  1 1 28 4 1891.68724684141 0.05
  1 1 29 4 5371.66773123044 0.05
  1 1 30 4 3400.24839822454 0.05
  1 1 31 4 2118.7715655351 0.05
  1 1 32 4 3902.09443986772 0.05
  1 1 33 4 2854.66070707348 0.05
  1 1 34 4 3449.96616616481 0.05
  1 1 35 4 3892.59083296905 0.05
  1 1 36 4 2997.10987558479 0.05
  1 1 37 4 5098.28141421003 0.05
  1 1 38 4 4632.15342525381 0.05
  1 1 39 4 5589.56269439725 0.05
  1 1 40 4 4111.74961995924 0.05
  1 1 41 4 3325.03647722632 0.05
  1 1 42 4 2254.82147444585 0.05
  2 1 1 2 1457.15383582899 0.05
  2 1 2 2 763.463768821704 0.05
  2 1 3 2 1364.68567223901 0.05
  2 1 4 2 866.24040309657 0.05
  2 1 5 2 1251.05777744664 0.05
  2 1 6 2 1138.68085228256 0.05
  2 1 7 2 737.961618715594 0.05
  2 1 8 2 929.417241947563 0.05
  2 1 9 2 891.545116852684 0.05
  2 1 10 2 838.849777985201 0.05
  2 1 11 2 1068.26085495165 0.05
  2 1 12 2 994.372577457797 0.05
  2 1 13 2 3250.69087812188 0.05
  2 1 14 2 1598.48557943061 0.05
  2 1 15 2 1106.98678972761 0.05
  2 1 16 2 2312.25198012967 0.05
  2 1 17 2 2050.99742203212 0.05
  2 1 18 2 32.3752437257132 0.05
  2 1 19 2 3175.98493044412 0.05
  2 1 20 2 5379.17747875068 0.05
  2 1 21 2 11775.8941909802 0.05
  2 1 22 2 13410.2769182837 0.05
  2 1 23 2 9276.43528762881 0.05
  2 1 24 2 17737.7683749266 0.05
  2 1 25 2 8389.30493951408 0.05
  2 1 26 2 11526.9345406514 0.05
  2 1 27 2 10244.699493223 0.05
  2 1 28 2 8668.66105331721 0.05
  2 1 29 2 9370.93371370915 0.05
  2 1 30 2 7562.7565082278 0.05
  2 1 31 2 7773.88254227033 0.05
  2 1 32 2 16598.9034411647 0.05
  2 1 33 2 9067.08464126508 0.05
  2 1 34 2 16901.9202988791 0.05
  2 1 35 2 17426.1193661668 0.05
  2 1 36 2 17986.7462825564 0.05
  2 1 37 2 17959.0311915359 0.05
  2 1 38 2 16928.2745036313 0.05
  2 1 39 2 9350.75684393886 0.05
  2 1 40 2 6439.62366723086 0.05
  2 1 41 2 5084.48500824598 0.05
  2 1 42 2 1328.2571875578 0.05
  2 1 1 3 449.32179499555 0.05
  2 1 2 3 272.692685016333 0.05
  2 1 3 3 350.390689680353 0.05
  2 1 4 3 399.337856913231 0.05
  2 1 5 3 2806.19018435906 0.05
  2 1 6 3 3527.3900650732 0.05
  2 1 7 3 2579.91310783536 0.05
  2 1 8 3 2322.97276666981 0.05
  2 1 9 3 3127.70356659717 0.05
  2 1 10 3 2370.20680446732 0.05
  2 1 11 3 3091.74740987573 0.05
  2 1 12 3 569.620372027086 0.05
  2 1 13 3 2437.53038947065 0.05
  2 1 14 3 1367.99910071032 0.05
  2 1 15 3 966.558834288429 0.05
  2 1 16 3 1025.76078381369 0.05
  2 1 17 3 13421.0957740868 0.05
  2 1 18 3 988.729300500258 0.05
  2 1 19 3 877.066922085365 0.05
  2 1 20 3 724.734761252628 0.05
  2 1 21 3 513.780432177837 0.05
  2 1 22 3 2041.59399241833 0.05
  2 1 23 3 910.790791633826 0.05
  2 1 24 3 292.762147560773 0.05
  2 1 25 3 996.20306240843 0.05
  2 1 26 3 2011.96756873817 0.05
  2 1 27 3 2216.97921304006 0.05
  2 1 28 3 657.998174876488 0.05
  2 1 29 3 1601.38508892084 0.05
  2 1 30 3 2052.9046120588 0.05
  2 1 31 3 1563.97971823905 0.05
  2 1 32 3 652.025882525971 0.05
  2 1 33 3 173.431947395741 0.05
  2 1 34 3 132.306591954323 0.05
  2 1 35 3 138.398167816722 0.05
  2 1 36 3 2117.31790531436 0.05
  2 1 37 3 2184.95158773243 0.05
  2 1 38 3 1061.58576357803 0.05
  2 1 39 3 1055.40424862156 0.05
  2 1 40 3 1475.81479359848 0.05
  2 1 41 3 17791.5220831895 0.05
  2 1 42 3 18836.3211485644 0.05
# end catch observations 
#  
# Fishery size comp data 
# Number of observations, init_int Ncatch_size_obs 
  168
# init_matrix obs_catch_size(1,Ncatch_size_obs,1,ncol) 
# Fleet Area  Year  Species Type (0=whole, 1=retained, 2=discard) InpN, proportion by size bin 
  1 1 1 1 0 81 0.037037037037037 0.703703703703704 0.259259259259259 0 0
  1 1 2 1 0 73 0.63013698630137 0.191780821917808 0.178082191780822 0 0
  1 1 3 1 0 65 0.907692307692308 0.0307692307692308 0.0153846153846154 0.0461538461538462 0
  1 1 4 1 0 56 0.946428571428571 0.0535714285714286 0 0 0
  1 1 5 1 0 120 0.475 0.516666666666667 0.00833333333333333 0 0
  1 1 6 1 0 130 0.215384615384615 0.561538461538462 0.207692307692308 0.0153846153846154 0
  1 1 7 1 0 94 0.148936170212766 0.521276595744681 0.297872340425532 0.0319148936170213 0
  1 1 8 1 0 94 0.074468085106383 0.382978723404255 0.478723404255319 0.0638297872340425 0
  1 1 9 1 0 82 1 0 0 0 0
  1 1 10 1 0 76 0.460526315789474 0.539473684210526 0 0 0
  1 1 11 1 0 74 0.283783783783784 0.581081081081081 0.135135135135135 0 0
  1 1 12 1 0 65 0.969230769230769 0.0153846153846154 0.0153846153846154 0 0
  1 1 13 1 0 77 0.493506493506494 0.480519480519481 0.025974025974026 0 0
  1 1 14 1 0 88 0.931818181818182 0.0568181818181818 0.0113636363636364 0 0
  1 1 15 1 0 66 0.545454545454545 0.439393939393939 0.0151515151515152 0 0
  1 1 16 1 0 69 0.376811594202899 0.449275362318841 0.173913043478261 0 0
  1 1 17 1 0 43 0.976744186046512 0 0.0232558139534884 0 0
  1 1 18 1 0 34 0.852941176470588 0.147058823529412 0 0 0
  1 1 19 1 0 55 0.454545454545455 0.418181818181818 0.127272727272727 0 0
  1 1 20 1 0 64 0.953125 0.046875 0 0 0
  1 1 21 1 0 77 0.935064935064935 0.0649350649350649 0 0 0
  1 1 22 1 0 67 0.462686567164179 0.507462686567164 0.0298507462686567 0 0
  1 1 23 1 0 133 0.255639097744361 0.586466165413534 0.157894736842105 0 0
  1 1 24 1 0 98 0.989795918367347 0.0102040816326531 0 0 0
  1 1 25 1 0 91 0.483516483516484 0.516483516483517 0 0 0
  1 1 26 1 0 77 0.87012987012987 0.103896103896104 0.025974025974026 0 0
  1 1 27 1 0 102 0.42156862745098 0.490196078431373 0.0784313725490196 0.00980392156862745 0
  1 1 28 1 0 76 0.947368421052632 0.0394736842105263 0 0.0131578947368421 0
  1 1 29 1 0 110 0.572727272727273 0.409090909090909 0.0181818181818182 0 0
  1 1 30 1 0 100 0.99 0.01 0 0 0
  1 1 31 1 0 108 0.546296296296296 0.444444444444444 0 0.00925925925925926 0
  1 1 32 1 0 118 0.23728813559322 0.559322033898305 0.194915254237288 0.00847457627118644 0
  1 1 33 1 0 129 0.170542635658915 0.527131782945736 0.263565891472868 0.0387596899224806 0
  1 1 34 1 0 90 0.233333333333333 0.388888888888889 0.322222222222222 0.0555555555555556 0
  1 1 35 1 0 69 0.971014492753623 0.0144927536231884 0.0144927536231884 0 0
  1 1 36 1 0 80 0.7625 0.225 0 0.0125 0
  1 1 37 1 0 62 0.919354838709677 0.0806451612903226 0 0 0
  1 1 38 1 0 94 0.48936170212766 0.446808510638298 0.0638297872340425 0 0
  1 1 39 1 0 75 0.373333333333333 0.466666666666667 0.16 0 0
  1 1 40 1 0 75 0.226666666666667 0.44 0.32 0.0133333333333333 0
  1 1 41 1 0 35 0.4 0.228571428571429 0.285714285714286 0.0857142857142857 0
  1 1 42 1 0 22 1 0 0 0 0
  1 1 1 4 0 5 0 0.4 0 0 0
  1 1 2 4 0 5 0 0 0.8 0.2 0
  1 1 3 4 0 5 0 0.2 0.2 0 0
  1 1 4 4 0 5 0 0.6 0.4 0 0
  1 1 5 4 0 5 0 1 0 0 0
  1 1 6 4 0 5 0 1 0 0 0
  1 1 7 4 0 5 0 0.8 0.2 0 0
  1 1 8 4 0 5 0 0.2 0 0 0
  1 1 9 4 0 5 0 1 0 0 0
  1 1 10 4 0 5 0 0.8 0.2 0 0
  1 1 11 4 0 1 0 1 1 0 0
  1 1 12 4 0 5 0 1 0 0 0
  1 1 13 4 0 1 0 4 1 0 0
  1 1 14 4 0 2 0 2.5 0 0 0
  1 1 15 4 0 8 0 0.625 0 0 0
  1 1 16 4 0 3 0 1.66666666666667 0 0 0
  1 1 17 4 0 3 0 0 1.33333333333333 0.333333333333333 0
  1 1 18 4 0 1 0 4 1 0 0
  1 1 19 4 0 3 0 1.66666666666667 0 0 0
  1 1 20 4 0 3 0 9 1 0 0
  1 1 21 4 0 3 0 14.3333333333333 1 0 0
  1 1 22 4 0 2 0 4.5 0 0.5 0
  1 1 23 4 0 6 0 2.66666666666667 0.5 0 0
  1 1 24 4 0 1 0 59 1 1 0
  1 1 25 4 0 1 0 15 14 0 0
  1 1 26 4 0 2 0 15.5 0.5 0 0
  1 1 27 4 0 2 0 7.5 0.5 0 0
  1 1 28 4 0 4 0 7.75 0 0 0
  1 1 29 4 0 7 0 5.85714285714286 0.428571428571429 0 0
  1 1 30 4 0 6 0 4.33333333333333 0.5 0 0
  1 1 31 4 0 10 0 1.7 0.8 0 0
  1 1 32 4 0 7 0 3.14285714285714 0 0 0
  1 1 33 4 0 15 0 1.66666666666667 0.666666666666667 0 0
  1 1 34 4 0 19 0 1.31578947368421 0.157894736842105 0 0
  1 1 35 4 0 13 0 3.38461538461538 0.0769230769230769 0 0
  1 1 36 4 0 23 0 1.52173913043478 0.695652173913043 0 0
  1 1 37 4 0 7 0 5.85714285714286 0 0 0
  1 1 38 4 0 7 0 4.14285714285714 1 0 0
  1 1 39 4 0 19 0 0.947368421052632 0.0526315789473684 0.0526315789473684 0
  1 1 40 4 0 25 0 0.36 0.16 0.04 0
  1 1 41 4 0 31 0 0.419354838709677 0.0967741935483871 0.032258064516129 0
  1 1 42 4 0 31 0 0.612903225806452 0.161290322580645 0 0
  2 1 1 2 0 2 0 0.5 0 0 0
  2 1 2 2 0 5 0 0.8 0.2 0 0
  2 1 3 2 0 2 0 2 0.5 0 0
  2 1 4 2 0 5 0 0.2 0 0 0
  2 1 5 2 0 5 0 1.2 0 0 0
  2 1 6 2 0 5 0 0.8 0 0 0
  2 1 7 2 0 5 0 1 0 0 0
  2 1 8 2 0 1 0 1 0 0 0
  2 1 9 2 0 5 0 0.2 0 0 0
  2 1 10 2 0 5 0 0.2 0 0 0
  2 1 11 2 0 2 0 1 0 0 0
  2 1 12 2 0 5 0 1 0 0 0
  2 1 13 2 0 5 0 0.4 0.4 0 0
  2 1 14 2 0 5 0 1.4 0.2 0 0
  2 1 15 2 0 5 0 1.8 0.4 0 0
  2 1 16 2 0 5 0 0.6 0.4 0 0
  2 1 17 2 0 5 0 1 0 0 0
  2 1 18 2 0 5 0 0.2 0 0 0
  2 1 19 2 0 5 0 0.2 0 0 0
  2 1 20 2 0 30 0 0.133333333333333 0 0 0
  2 1 21 2 0 46 0 0.0652173913043478 0 0 0
  2 1 22 2 0 10 0 0.4 0 0 0
  2 1 23 2 0 19 0 0.157894736842105 0 0 0
  2 1 24 2 0 61 0 0.0327868852459016 0.0163934426229508 0 0
  2 1 25 2 0 29 0 0.0689655172413793 0 0 0
  2 1 26 2 0 32 0 0.125 0 0 0
  2 1 27 2 0 16 0 0.3125 0 0 0
  2 1 28 2 0 31 0 0.0645161290322581 0.0645161290322581 0 0
  2 1 29 2 0 44 0 0.0909090909090909 0 0 0
  2 1 30 2 0 29 0 0.827586206896552 0 0 0
  2 1 31 2 0 25 0 0.4 0 0 0
  2 1 32 2 0 22 0 0.409090909090909 0.136363636363636 0 0
  2 1 33 2 0 35 0 0.0571428571428571 0.0571428571428571 0 0
  2 1 34 2 0 28 0 0.214285714285714 0 0 0
  2 1 35 2 0 45 0 0.0222222222222222 0.0222222222222222 0 0
  2 1 36 2 0 51 0 0.196078431372549 0 0 0
  2 1 37 2 0 41 0 0.219512195121951 0 0 0
  2 1 38 2 0 36 0 0.277777777777778 0.0833333333333333 0 0
  2 1 39 2 0 20 0 0.7 0.1 0 0
  2 1 40 2 0 14 0 1.85714285714286 0.0714285714285714 0 0
  2 1 41 2 0 17 0 0.823529411764706 0.0588235294117647 0 0
  2 1 42 2 0 24 0 0.625 0.0416666666666667 0 0
  2 1 1 3 0 1 0 4 0 1 0
  2 1 2 3 0 5 0.8 0.2 0 0 0
  2 1 3 3 0 5 1 0 0 0 0
  2 1 4 3 0 1 5 0 0 0 0
  2 1 5 3 0 6 0.833333333333333 0 0 0 0
  2 1 6 3 0 4 1.25 0 0 0 0
  2 1 7 3 0 5 0.6 0.4 0 0 0
  2 1 8 3 0 1 5 0 0 0 0
  2 1 9 3 0 1 5 0 0 0 0
  2 1 10 3 0 1 5 0 0 0 0
  2 1 11 3 0 2 0.5 0 0 0 0
  2 1 12 3 0 5 1 0 0 0 0
  2 1 13 3 0 4 0.25 0 0 0 0
  2 1 14 3 0 8 0.25 0 0 0 0
  2 1 15 3 0 11 0.636363636363636 0.0909090909090909 0 0 0
  2 1 16 3 0 5 0.6 0 0 0 0
  2 1 17 3 0 5 0.6 0 0 0 0
  2 1 18 3 0 1 1 0 0 0 0
  2 1 19 3 0 1 2 1 0 0 0
  2 1 20 3 0 4 0.75 0 0 0 0
  2 1 21 3 0 3 1 0 0 0 0
  2 1 22 3 0 4 0.5 0 0 0 0
  2 1 23 3 0 3 2 0 0 0 0
  2 1 24 3 0 3 0.333333333333333 0 0 0 0
  2 1 25 3 0 2 0.5 0 0 0 0
  2 1 26 3 0 4 0.5 0 0 0 0
  2 1 27 3 0 5 0.4 0 0 0 0
  2 1 28 3 0 4 1 0 0 0 0
  2 1 29 3 0 4 1.75 0 0 0 0
  2 1 30 3 0 24 0.25 0 0 0 0
  2 1 31 3 0 10 0.9 0.1 0 0 0
  2 1 32 3 0 12 0.583333333333333 0 0 0 0
  2 1 33 3 0 4 3 0.75 0 0 0
  2 1 34 3 0 6 2.66666666666667 0.333333333333333 0.166666666666667 0 0
  2 1 35 3 0 2 6.5 0 0 0 0
  2 1 36 3 0 10 2.2 0.1 0 0 0
  2 1 37 3 0 9 0.777777777777778 0 0 0 0
  2 1 38 3 0 13 0.538461538461538 0 0 0 0
  2 1 39 3 0 16 1.1875 0 0 0 0
  2 1 40 3 0 27 0.740740740740741 0.185185185185185 0 0 0
  2 1 41 3 0 15 1.46666666666667 0.533333333333333 0.0666666666666667 0 0
  2 1 42 3 0 16 1.75 0.1875 0 0 0
# end fishery length observations 
#  
# Survey diet proportion observations 
# Number of observations, init_int Ndietprop_obs 
  115
# init_matrix obs_dietprop(1,Ndietprop_obs,1,ncol) 
# Survey  Year  Predator  Predator_size InpN  wt_prey_1 wt_prey_2 wt_prey_3 wt_prey_4 wt_prey_5 wt_prey_6 wt_prey_7 wt_prey_8 wt_prey_9 wt_prey_10 wt_prey_11 other 
  1 12 1 2 100 0.03 0 0 0 0.97
  1 12 1 3 100 0.57 0 0 0 0.43
  1 13 1 3 100 0 0.07 0 0 0.93
  1 13 1 4 100 0 1 0 0 0
  1 15 1 2 100 0 0.07 0 0 0.93
  1 18 1 1 100 0.56 0 0 0 0.44
  1 18 1 2 100 0.03 0.01 0 0 0.96
  1 18 1 3 100 0 0.14 0 0 0.86
  1 19 1 2 100 0 0.28 0 0 0.72
  1 19 1 3 100 0 0.17 0 0 0.83
  1 20 1 3 100 0 0.06 0 0 0.94
  1 21 1 2 100 0 0.03 0 0 0.97
  1 21 1 3 100 0 0.33 0 0 0.67
  1 24 1 3 100 0 0.34 0 0 0.66
  1 25 1 3 100 0 0.28 0 0 0.72
  1 26 1 3 100 0 0.36 0.15 0 0.49
  1 27 1 3 100 0 0.31 0.2 0 0.49
  1 28 1 3 100 0 0.75 0 0 0.25
  1 33 1 3 100 0 0.23 0 0 0.77
  1 34 1 3 100 0 0.3 0 0 0.7
  1 35 1 3 100 0 0.37 0 0 0.63
  1 38 1 3 100 0 0.06 0 0 0.94
  1 39 1 3 100 0 0.38 0 0 0.62
  1 40 1 2 100 0 0.3 0 0 0.7
  1 41 1 2 100 0 0 0.58 0 0.42
  2 2 1 4 100 0.03 0 0 0 0.97
  2 11 1 3 100 0.02 0 0 0 0.98
  2 14 1 3 100 0 0 0 0 1
  2 14 1 4 100 0 0 0 0 1
  2 15 1 3 100 0 0.44 0 0 0.56
  2 16 1 3 100 0 0.28 0.1 0 0.62
  2 16 1 4 100 0 0.02 0 0 0.98
  2 19 1 3 100 0 0.59 0 0 0.41
  2 19 1 4 100 0 0.43 0 0 0.57
  2 21 1 3 100 0 0.7 0 0 0.3
  2 21 1 4 100 0 0.72 0 0 0.28
  2 22 1 3 100 0 0.01 0 0 0.99
  2 23 1 3 100 0 0.21 0 0 0.79
  2 24 1 3 100 0 0.02 0 0 0.98
  2 24 1 4 100 0 0.1 0 0 0.9
  2 25 1 2 100 0 0 0.02 0 0.98
  2 25 1 3 100 0 0.04 0 0 0.96
  2 26 1 3 100 0 0.39 0 0 0.61
  2 27 1 3 100 0 0 0.17 0 0.83
  2 27 1 4 100 0 0.25 0 0 0.75
  2 29 1 3 100 0 0 0 0.01 0.99
  2 33 1 3 100 0 0 0 0 1
  2 35 1 1 100 0 1 0 0 0
  2 35 1 2 100 0 0.06 0 0 0.94
  2 35 1 3 100 0 0.51 0 0 0.49
  2 36 1 3 100 0 0.42 0 0 0.58
  2 39 1 3 100 0 0 0.31 0 0.69
  2 40 1 2 100 0 0.13 0.08 0 0.79
  2 36 2 3 100 0 0.03 0 0 0.97
  2 30 3 2 100 0 0.36 0 0 0.64
  2 30 3 4 100 0 0.41 0 0 0.59
  1 8 4 2 100 0 0.06 0.02 0 0.92
  1 8 4 3 100 0 0 0.36 0 0.64
  1 11 4 3 100 0 0 0.72 0 0.28
  1 13 4 2 100 0 0.06 0 0 0.94
  1 13 4 3 100 1 0 0 0 0
  1 13 4 4 100 0 0.05 0 0 0.95
  1 14 4 3 100 0 0.02 0 0 0.98
  1 15 4 3 100 0 0 0 0 1
  1 15 4 4 100 0 0.12 0 0 0.88
  1 16 4 3 100 0 0.15 0 0 0.85
  1 16 4 4 100 0 0.33 0 0 0.67
  1 17 4 3 100 0 0.17 0.01 0 0.82
  1 18 4 3 100 0 0.38 0 0 0.62
  1 19 4 2 100 0 0.26 0.08 0 0.66
  1 19 4 3 100 0 0 0.17 0 0.83
  1 20 4 2 100 0 0.24 0 0 0.76
  1 20 4 3 100 0 0.16 0.05 0 0.79
  1 21 4 3 100 0 0.12 0.08 0 0.8
  1 22 4 2 100 0 0.91 0 0 0.09
  1 23 4 3 100 0 0.06 0 0 0.94
  1 24 4 3 100 0 0.1 0 0 0.9
  1 25 4 3 100 0 0.17 0 0 0.83
  1 25 4 4 100 0.01 0.03 0 0 0.96
  1 26 4 3 100 0 0.17 0 0 0.83
  1 27 4 2 100 0 0.14 0 0 0.86
  1 27 4 3 100 0 0.03 0 0 0.97
  1 28 4 2 100 0 0.78 0 0 0.22
  1 28 4 3 100 0 0.22 0 0 0.78
  1 29 4 3 100 0 0.12 0.09 0 0.79
  1 31 4 3 100 0 0.54 0 0 0.46
  1 31 4 4 100 0 0 0.18 0 0.82
  1 34 4 3 100 0 0 0.08 0 0.92
  1 40 4 3 100 0 0.06 0 0 0.94
  1 40 4 4 100 0 0.29 0 0 0.71
  1 42 4 3 100 0 1 0 0 0
  2 6 4 3 100 0 0 0.05 0 0.95
  2 8 4 3 100 0 0 0.1 0 0.9
  2 9 4 4 100 0 0 0 0 1
  2 14 4 4 100 0.05 0 0 0 0.95
  2 15 4 3 100 0 0.01 0 0 0.99
  2 16 4 3 100 0 0.06 0 0 0.94
  2 17 4 2 100 0 0.08 0 0 0.92
  2 18 4 3 100 0 0.03 0 0 0.97
  2 19 4 3 100 0 0.1 0 0 0.9
  2 21 4 3 100 0 0.08 0 0 0.92
  2 22 4 3 100 0 0.2 0 0 0.8
  2 23 4 3 100 0 0.19 0.07 0 0.74
  2 24 4 3 100 0 0.27 0.15 0 0.58
  2 25 4 3 100 0 0.3 0 0 0.7
  2 25 4 4 100 0 0 0.8 0 0.2
  2 27 4 3 100 0 0.18 0 0 0.82
  2 30 4 3 100 0 0.32 0 0 0.68
  2 33 4 3 100 0 0.07 0 0 0.93
  2 34 4 3 100 0 1 0 0 0
  2 35 4 3 100 0 0.72 0 0 0.28
  2 36 4 2 100 0 0.6 0 0 0.4
  2 36 4 3 100 0 0.81 0 0 0.19
  2 37 4 3 100 0 0.17 0 0 0.83
  2 42 4 3 100 0 0 0.74 0 0.26
# end survey diet proportion observations 
#  
