# This file was created using the write_tsDatFile function and used all the simulated data from sim_dta.rds found in repo:Hydra-self-testing
# Survey index data 
# Number of observations, init_int Nsurvey_obs
  166
# init_matrix obs_survey_biomass(1,Nsurvey_obs,1,5)
# survey year spp value cv
  1 1 4 106625.031593607 0.2
  1 2 4 87739.1682923998 0.2
  1 3 4 77098.7695585863 0.2
  1 4 4 91891.2975296082 0.2
  1 5 4 96779.6425560618 0.2
  1 6 4 72466.9660909511 0.2
  1 7 4 93172.9032620395 0.2
  1 8 4 75441.6481622824 0.2
  1 9 4 127534.594758805 0.2
  1 10 4 102343.109190472 0.2
  1 11 4 83864.0845319398 0.2
  1 12 4 119409.696687702 0.2
  1 13 4 116108.213472098 0.2
  1 14 4 103871.333509623 0.2
  1 15 4 127283.005850843 0.2
  1 16 4 95322.7563086093 0.2
  1 17 4 114521.841910602 0.2
  1 18 4 126755.098814535 0.2
  1 19 4 122839.514575389 0.2
  1 20 4 164700.427712084 0.2
  1 21 4 165432.850305014 0.2
  1 22 4 188306.667490812 0.2
  1 23 4 180062.067691038 0.2
  1 24 4 185971.484738883 0.2
  1 25 4 227320.476052755 0.2
  1 26 4 238940.978962678 0.2
  1 27 4 241842.354031114 0.2
  1 28 4 234318.471139947 0.2
  1 29 4 242654.705509408 0.2
  1 30 4 207742.416655476 0.2
  1 31 4 208943.983789675 0.2
  1 32 4 160349.68054746 0.2
  1 33 4 213809.408937163 0.2
  1 34 4 179737.703058498 0.2
  1 35 4 210950.269401509 0.2
  1 36 4 244075.970532571 0.2
  1 37 4 201375.640938538 0.2
  1 38 4 171960.452965555 0.2
  1 39 4 288149.393814716 0.2
  1 40 4 228428.491724875 0.2
  1 41 4 201795.145444636 0.2
  1 42 4 272489.279429811 0.2
  1 1 2 110.819291146023 0.2
  1 4 2 131.105364342204 0.2
  1 5 2 151.812457765737 0.2
  1 6 2 162.894287495526 0.2
  1 7 2 160.562473458975 0.2
  1 8 2 132.101389079101 0.2
  1 9 2 227.094944948941 0.2
  1 10 2 228.583225435754 0.2
  1 11 2 317.258541741002 0.2
  1 12 2 311.99232704887 0.2
  1 13 2 404.364619897484 0.2
  1 14 2 350.464045215517 0.2
  1 15 2 313.618446500187 0.2
  1 16 2 532.507487318005 0.2
  1 17 2 503.97318102747 0.2
  1 18 2 785.382901225372 0.2
  1 19 2 1549.2609109524 0.2
  1 20 2 2030.92922045595 0.2
  1 21 2 2478.79331101873 0.2
  1 22 2 2281.14739046414 0.2
  1 23 2 2586.72788351998 0.2
  1 24 2 2813.26420672769 0.2
  1 25 2 2106.79772243842 0.2
  1 26 2 2400.21713558829 0.2
  1 27 2 1294.27194582964 0.2
  1 28 2 1806.18022114959 0.2
  1 29 2 2079.08926792529 0.2
  1 30 2 1910.9903742059 0.2
  1 31 2 1757.34573377858 0.2
  1 32 2 2252.19430112633 0.2
  1 33 2 3937.70359033127 0.2
  1 34 2 3270.22016178052 0.2
  1 35 2 2387.913795125 0.2
  1 36 2 3276.16083114252 0.2
  1 37 2 2511.85421577845 0.2
  1 38 2 1946.05837373466 0.2
  1 39 2 2041.78632483338 0.2
  1 40 2 1477.89345901429 0.2
  1 41 2 1350.39844986818 0.2
  1 42 2 1341.34919849297 0.2
  1 1 1 27219.6414823664 0.2
  1 2 1 18917.6967294698 0.2
  1 3 1 15095.5605510206 0.2
  1 4 1 15502.3341553641 0.2
  1 5 1 22908.918008322 0.2
  1 6 1 10830.3702065903 0.2
  1 7 1 12479.3687262441 0.2
  1 8 1 11864.2977834618 0.2
  1 9 1 10135.0446602974 0.2
  1 10 1 13458.1840912432 0.2
  1 11 1 11992.2062361538 0.2
  1 12 1 9588.68588116299 0.2
  1 13 1 11112.5563568466 0.2
  1 14 1 9764.32203708149 0.2
  1 15 1 8348.57170526461 0.2
  1 16 1 5574.1186066239 0.2
  1 17 1 4022.95724625954 0.2
  1 18 1 6884.15190827551 0.2
  1 19 1 3583.71487398052 0.2
  1 20 1 3405.11768201753 0.2
  1 21 1 6428.4323202131 0.2
  1 22 1 7007.47035101395 0.2
  1 23 1 7285.64709765841 0.2
  1 24 1 6369.99745008865 0.2
  1 25 1 6191.41488839635 0.2
  1 26 1 6568.10088417183 0.2
  1 27 1 6268.99785231078 0.2
  1 28 1 4517.86799579806 0.2
  1 29 1 5617.70401950917 0.2
  1 30 1 3300.89607372912 0.2
  1 31 1 4260.24662071857 0.2
  1 32 1 4041.10677005129 0.2
  1 33 1 2561.45272516147 0.2
  1 34 1 3693.21921891694 0.2
  1 35 1 3406.47287734826 0.2
  1 36 1 1894.59094597008 0.2
  1 37 1 2340.08298974286 0.2
  1 38 1 3042.19880978139 0.2
  1 39 1 1695.64199838558 0.2
  1 40 1 2935.32869164512 0.2
  1 41 1 2350.81881000802 0.2
  1 42 1 3197.20860697097 0.2
  1 1 3 87.9257655018615 0.2
  1 2 3 93.277362760039 0.2
  1 3 3 138.952819997919 0.2
  1 4 3 255.242964001411 0.2
  1 5 3 480.005827461379 0.2
  1 6 3 898.37423249838 0.2
  1 7 3 501.796777341564 0.2
  1 8 3 681.617983202967 0.2
  1 9 3 522.583470249461 0.2
  1 10 3 511.019558963105 0.2
  1 11 3 404.369174072271 0.2
  1 12 3 349.160850473072 0.2
  1 13 3 333.246145397534 0.2
  1 14 3 407.330422744201 0.2
  1 15 3 373.820262665971 0.2
  1 16 3 447.592822247165 0.2
  1 17 3 306.415739643777 0.2
  1 18 3 391.772488583971 0.2
  1 19 3 272.433938761209 0.2
  1 20 3 349.352764058781 0.2
  1 21 3 319.634500614845 0.2
  1 22 3 311.959183027375 0.2
  1 23 3 257.432739963007 0.2
  1 24 3 328.981437300401 0.2
  1 25 3 405.706672529988 0.2
  1 26 3 380.057115538099 0.2
  1 27 3 303.484306762154 0.2
  1 28 3 311.67267677268 0.2
  1 29 3 206.163713746343 0.2
  1 30 3 231.619306950997 0.2
  1 31 3 152.182114878922 0.2
  1 32 3 143.462504274721 0.2
  1 33 3 95.9752334504047 0.2
  1 34 3 194.873344686679 0.2
  1 35 3 239.412051766732 0.2
  1 36 3 278.040087915747 0.2
  1 37 3 400.821761492476 0.2
  1 38 3 538.617580040794 0.2
  1 39 3 411.63794440248 0.2
  1 40 3 395.744569969643 0.2
  1 41 3 617.293171037855 0.2
  1 42 3 902.765285179767 0.2
# end survey index observations 
#  
# Survey size comp data 
# Number of observations, init_int Nsurvey_size_obs 
  166
# init_matrix obs_survey_size(1,Nsurvey_size_obs,1,ncol) 
# Survey  Year  Species Type (0=whole, 1=retained, 2=discard) InpN, proportion by length bin 
  1 1 1 0 100 0 0 1 0 0
  1 2 1 0 100 0 0 0.94 0.06 0
  1 3 1 0 100 0.16 0 0.84 0 0
  1 4 1 0 100 0 0 1 0 0
  1 5 1 0 100 0 0 1 0 0
  1 6 1 0 100 0 0 1 0 0
  1 7 1 0 100 0 0.35 0.65 0 0
  1 8 1 0 100 0 0 1 0 0
  1 9 1 0 100 0 0.07 0.93 0 0
  1 10 1 0 100 0 1 0 0 0
  1 11 1 0 100 0 0 1 0 0
  1 12 1 0 100 0 0.87 0.09 0.04 0
  1 13 1 0 100 0 0 0.23 0.77 0
  1 14 1 0 100 0 0 1 0 0
  1 15 1 0 100 0 1 0 0 0
  1 16 1 0 100 0 0 1 0 0
  1 17 1 0 100 0 1 0 0 0
  1 18 1 0 100 0 0.5 0.5 0 0
  1 19 1 0 100 0 0.39 0.61 0 0
  1 20 1 0 100 0 0.75 0.25 0 0
  1 21 1 0 100 0 0.64 0.36 0 0
  1 22 1 0 100 0 0 1 0 0
  1 23 1 0 100 0.07 0.93 0 0 0
  1 24 1 0 100 0 1 0 0 0
  1 25 1 0 100 0 0 1 0 0
  1 26 1 0 100 0 0.44 0.56 0 0
  1 27 1 0 100 0 0.36 0.64 0 0
  1 28 1 0 100 0 1 0 0 0
  1 29 1 0 100 0 1 0 0 0
  1 30 1 0 100 0 0.12 0.88 0 0
  1 31 1 0 100 0 0.56 0.44 0 0
  1 32 1 0 100 0 1 0 0 0
  1 33 1 0 100 0 0.52 0.48 0 0
  1 34 1 0 100 0 0.91 0.09 0 0
  1 35 1 0 100 0 0 1 0 0
  1 36 1 0 100 0 0.02 0.98 0 0
  1 37 1 0 100 0 1 0 0 0
  1 38 1 0 100 0 1 0 0 0
  1 39 1 0 100 0 1 0 0 0
  1 40 1 0 100 0 0 1 0 0
  1 41 1 0 100 0 0 1 0 0
  1 42 1 0 100 0 1 0 0 0
  1 1 2 0 100 0 0 0 1 0
  1 4 2 0 100 0 0 0 1 0
  1 5 2 0 100 0 0 0 1 0
  1 6 2 0 100 0 0 1 0 0
  1 7 2 0 100 0 0 0 1 0
  1 8 2 0 100 0 0 0 1 0
  1 9 2 0 100 0 0 0.54 0.46 0
  1 10 2 0 100 0 0 1 0 0
  1 11 2 0 100 0 0.08 0 0.92 0
  1 12 2 0 100 0 0.04 0.46 0.5 0
  1 13 2 0 100 0 0 0.69 0.31 0
  1 14 2 0 100 0 0 0 1 0
  1 15 2 0 100 0 0 0.78 0.22 0
  1 16 2 0 100 0 0 1 0 0
  1 17 2 0 100 0 0 1 0 0
  1 18 2 0 100 0 0 1 0 0
  1 19 2 0 100 0 0 1 0 0
  1 20 2 0 100 0 0 1 0 0
  1 21 2 0 100 0 0 0.09 0.91 0
  1 22 2 0 100 0 0 0.65 0.35 0
  1 23 2 0 100 0 0 1 0 0
  1 24 2 0 100 0 0 0.52 0.48 0
  1 25 2 0 100 0 0 0 1 0
  1 26 2 0 100 0 0 1 0 0
  1 27 2 0 100 0 0 1 0 0
  1 28 2 0 100 0 0 1 0 0
  1 29 2 0 100 0 0 1 0 0
  1 30 2 0 100 0 0 0.33 0.67 0
  1 31 2 0 100 0 0 0.55 0.45 0
  1 32 2 0 100 0 0 1 0 0
  1 33 2 0 100 0 0 1 0 0
  1 34 2 0 100 0 0 1 0 0
  1 35 2 0 100 0 0 1 0 0
  1 36 2 0 100 0 0 0 1 0
  1 37 2 0 100 0 0 1 0 0
  1 38 2 0 100 0 0 0.86 0.14 0
  1 39 2 0 100 0 0 1 0 0
  1 40 2 0 100 0 0 0.18 0.82 0
  1 41 2 0 100 0 0 0 1 0
  1 42 2 0 100 0 0.92 0.08 0 0
  1 1 3 0 100 0 0 0 1 0
  1 2 3 0 100 0 0 1 0 0
  1 3 3 0 100 0 0 0.13 0.87 0
  1 4 3 0 100 0 0 1 0 0
  1 5 3 0 100 0 0 1 0 0
  1 6 3 0 100 0 0 1 0 0
  1 7 3 0 100 0 0 1 0 0
  1 8 3 0 100 0 0 1 0 0
  1 9 3 0 100 0 1 0 0 0
  1 10 3 0 100 0 0 1 0 0
  1 11 3 0 100 0 0 1 0 0
  1 12 3 0 100 0 0.99 0.01 0 0
  1 13 3 0 100 0 0.29 0.71 0 0
  1 14 3 0 100 0 0 1 0 0
  1 15 3 0 100 0 0 1 0 0
  1 16 3 0 100 0 0.25 0.75 0 0
  1 17 3 0 100 0 0 1 0 0
  1 18 3 0 100 0 1 0 0 0
  1 19 3 0 100 0 0.11 0.89 0 0
  1 20 3 0 100 0 0 1 0 0
  1 21 3 0 100 0 1 0 0 0
  1 22 3 0 100 0 0 1 0 0
  1 23 3 0 100 0 0.68 0.32 0 0
  1 24 3 0 100 0 0.74 0.26 0 0
  1 25 3 0 100 0 1 0 0 0
  1 26 3 0 100 0 1 0 0 0
  1 27 3 0 100 0 0 1 0 0
  1 28 3 0 100 0 0.9 0.1 0 0
  1 29 3 0 100 0 1 0 0 0
  1 30 3 0 100 0 1 0 0 0
  1 31 3 0 100 0 0 1 0 0
  1 32 3 0 100 0 0 1 0 0
  1 33 3 0 100 0 1 0 0 0
  1 34 3 0 100 0 0.03 0.97 0 0
  1 35 3 0 100 0 0.45 0.55 0 0
  1 36 3 0 100 0 0.97 0.03 0 0
  1 37 3 0 100 0 0 1 0 0
  1 38 3 0 100 0 0 1 0 0
  1 39 3 0 100 0 0 1 0 0
  1 40 3 0 100 0 1 0 0 0
  1 41 3 0 100 0 0 1 0 0
  1 42 3 0 100 0 0 1 0 0
  1 1 4 0 100 0 1 0 0 0
  1 2 4 0 100 0 0 0.24 0.76 0
  1 3 4 0 100 0 0 1 0 0
  1 4 4 0 100 0 1 0 0 0
  1 5 4 0 100 0 1 0 0 0
  1 6 4 0 100 0 1 0 0 0
  1 7 4 0 100 0 0.59 0.41 0 0
  1 8 4 0 100 0 0.56 0 0.44 0
  1 9 4 0 100 0 0.51 0.49 0 0
  1 10 4 0 100 0 0 1 0 0
  1 11 4 0 100 0 0.63 0.37 0 0
  1 12 4 0 100 0 0 1 0 0
  1 13 4 0 100 0 0.69 0.31 0 0
  1 14 4 0 100 0 1 0 0 0
  1 15 4 0 100 0 0.27 0.73 0 0
  1 16 4 0 100 0 0.02 0.75 0.23 0
  1 17 4 0 100 0 0 1 0 0
  1 18 4 0 100 0 0.89 0.11 0 0
  1 19 4 0 100 0 1 0 0 0
  1 20 4 0 100 0 1 0 0 0
  1 21 4 0 100 0 0.8 0.2 0 0
  1 22 4 0 100 0 0.58 0.42 0 0
  1 23 4 0 100 0 1 0 0 0
  1 24 4 0 100 0 0.96 0.04 0 0
  1 25 4 0 100 0 0.31 0.69 0 0
  1 26 4 0 100 0 0 1 0 0
  1 27 4 0 100 0 0 1 0 0
  1 28 4 0 100 0 0 1 0 0
  1 29 4 0 100 0 0 1 0 0
  1 30 4 0 100 0 0 1 0 0
  1 31 4 0 100 0 0.52 0.48 0 0
  1 32 4 0 100 0 0 1 0 0
  1 33 4 0 100 0 1 0 0 0
  1 34 4 0 100 0.34 0.66 0 0 0
  1 35 4 0 100 0 1 0 0 0
  1 36 4 0 100 0 1 0 0 0
  1 37 4 0 100 0 1 0 0 0
  1 38 4 0 100 0 1 0 0 0
  1 39 4 0 100 0 1 0 0 0
  1 40 4 0 100 0 1 0 0 0
  1 41 4 0 100 0 0.78 0.22 0 0
  1 42 4 0 100 0 0.53 0.47 0 0
# end survey length observations 
#  
# Fishery catch data 
# Number of observations, init_int Ncatch_obs
  168
# init_matrix obs_catch_biomass(1,Ncatch_obs,1,6) 
# Fleet	Area	Year	Species	Catch(biomass t)	CV 
  1 1 1 1 40658.8520867513 0.15
  1 1 2 1 30212.3389740496 0.15
  1 1 3 1 25107.3908143261 0.15
  1 1 4 1 21027.4159903859 0.15
  1 1 5 1 16095.2061591215 0.15
  1 1 6 1 17835.0718225825 0.15
  1 1 7 1 19284.6395165203 0.15
  1 1 8 1 14503.9039358693 0.15
  1 1 9 1 13239.8279168644 0.15
  1 1 10 1 11640.8332307707 0.15
  1 1 11 1 13236.8557402273 0.15
  1 1 12 1 19090.7885744012 0.15
  1 1 13 1 16821.919821658 0.15
  1 1 14 1 12597.7699444846 0.15
  1 1 15 1 16323.0518942762 0.15
  1 1 16 1 15857.0894641636 0.15
  1 1 17 1 9128.68590297829 0.15
  1 1 18 1 6809.81304924367 0.15
  1 1 19 1 6937.99615469733 0.15
  1 1 20 1 6618.94537620096 0.15
  1 1 21 1 3075.78030935157 0.15
  1 1 22 1 3103.32408468925 0.15
  1 1 23 1 3408.43598307704 0.15
  1 1 24 1 3644.26879949157 0.15
  1 1 25 1 5001.42736491979 0.15
  1 1 26 1 5015.25177130114 0.15
  1 1 27 1 3732.7490657937 0.15
  1 1 28 1 3402.82108004744 0.15
  1 1 29 1 3340.47876157073 0.15
  1 1 30 1 2756.10918872176 0.15
  1 1 31 1 3543.28400144124 0.15
  1 1 32 1 3172.69255594621 0.15
  1 1 33 1 3659.27148817605 0.15
  1 1 34 1 2436.62424806796 0.15
  1 1 35 1 1920.72236223275 0.15
  1 1 36 1 1952.34740065639 0.15
  1 1 37 1 1560.40276450509 0.15
  1 1 38 1 1537.567525448 0.15
  1 1 39 1 1539.30250159105 0.15
  1 1 40 1 1784.82308725314 0.15
  1 1 41 1 1425.10422632922 0.15
  1 1 42 1 1371.7384366122 0.15
  1 1 1 4 6862.48560398397 0.15
  1 1 2 4 6427.1683039055 0.15
  1 1 3 4 6698.79129259357 0.15
  1 1 4 4 5256.67620636687 0.15
  1 1 5 4 6292.21089860981 0.15
  1 1 6 4 6754.89945911999 0.15
  1 1 7 4 7710.34723593427 0.15
  1 1 8 4 8464.25495954872 0.15
  1 1 9 4 8484.62070554428 0.15
  1 1 10 4 9008.9061945865 0.15
  1 1 11 4 7678.33391643025 0.15
  1 1 12 4 9224.72262555044 0.15
  1 1 13 4 8275.08554077853 0.15
  1 1 14 4 11156.6371105299 0.15
  1 1 15 4 11654.9735978388 0.15
  1 1 16 4 9464.30853624668 0.15
  1 1 17 4 8985.83655747201 0.15
  1 1 18 4 9530.2356372052 0.15
  1 1 19 4 8247.57811541236 0.15
  1 1 20 4 10833.841936448 0.15
  1 1 21 4 4139.9422247237 0.15
  1 1 22 4 4833.4024888727 0.15
  1 1 23 4 4382.3179543947 0.15
  1 1 24 4 6055.22313720208 0.15
  1 1 25 4 4393.66721543814 0.15
  1 1 26 4 7111.6209897869 0.15
  1 1 27 4 4819.96836965647 0.15
  1 1 28 4 6550.75748622244 0.15
  1 1 29 4 6035.68156944142 0.15
  1 1 30 4 6675.19816870132 0.15
  1 1 31 4 6758.94726794567 0.15
  1 1 32 4 6678.83761263073 0.15
  1 1 33 4 5852.98769320677 0.15
  1 1 34 4 6818.1510346973 0.15
  1 1 35 4 6832.21258922184 0.15
  1 1 36 4 6741.47127920924 0.15
  1 1 37 4 7118.18689909312 0.15
  1 1 38 4 5687.86940167017 0.15
  1 1 39 4 5942.10526540402 0.15
  1 1 40 4 5990.17417500917 0.15
  1 1 41 4 8235.87896146936 0.15
  1 1 42 4 7366.09874350237 0.15
  2 1 1 2 1567.81346829112 0.15
  2 1 2 2 1114.54126259618 0.15
  2 1 3 2 913.381831164373 0.15
  2 1 4 2 802.674395857528 0.15
  2 1 5 2 645.559232729924 0.15
  2 1 6 2 802.5783607308 0.15
  2 1 7 2 832.033765825459 0.15
  2 1 8 2 1217.0128395949 0.15
  2 1 9 2 1391.21123003787 0.15
  2 1 10 2 1024.96575213656 0.15
  2 1 11 2 1285.15495169824 0.15
  2 1 12 2 1749.58287825938 0.15
  2 1 13 2 2357.68325277386 0.15
  2 1 14 2 2786.06293288528 0.15
  2 1 15 2 2453.07355371131 0.15
  2 1 16 2 3022.85392747239 0.15
  2 1 17 2 2239.61931777014 0.15
  2 1 18 2 1569.74119806407 0.15
  2 1 19 2 3756.37865463524 0.15
  2 1 20 2 6462.67783164176 0.15
  2 1 21 2 11614.7283517284 0.15
  2 1 22 2 15612.0399891352 0.15
  2 1 23 2 12825.1385351109 0.15
  2 1 24 2 15546.6215637782 0.15
  2 1 25 2 15918.5894832263 0.15
  2 1 26 2 12561.1525151519 0.15
  2 1 27 2 12735.8676453185 0.15
  2 1 28 2 12691.8828575248 0.15
  2 1 29 2 13978.0057391061 0.15
  2 1 30 2 12451.1015766044 0.15
  2 1 31 2 11604.0044946019 0.15
  2 1 32 2 13247.7094703581 0.15
  2 1 33 2 11203.5014539684 0.15
  2 1 34 2 19939.6728188691 0.15
  2 1 35 2 21277.3735422015 0.15
  2 1 36 2 26955.4078282171 0.15
  2 1 37 2 23315.9522685011 0.15
  2 1 38 2 19619.7512661118 0.15
  2 1 39 2 12715.5167641887 0.15
  2 1 40 2 13828.7375326257 0.15
  2 1 41 2 8115.81373999566 0.15
  2 1 42 2 10641.1069758605 0.15
  2 1 1 3 457.437131450085 0.15
  2 1 2 3 350.407011482695 0.15
  2 1 3 3 462.861633022561 0.15
  2 1 4 3 459.050092043306 0.15
  2 1 5 3 1073.40537309933 0.15
  2 1 6 3 2255.39172285377 0.15
  2 1 7 3 1981.75603658323 0.15
  2 1 8 3 2636.73646828762 0.15
  2 1 9 3 2440.29890720758 0.15
  2 1 10 3 2066.00026138221 0.15
  2 1 11 3 1583.26068518076 0.15
  2 1 12 3 1335.73335414543 0.15
  2 1 13 3 1462.17896424281 0.15
  2 1 14 3 1441.48358413255 0.15
  2 1 15 3 1185.75005961757 0.15
  2 1 16 3 1327.40662736414 0.15
  2 1 17 3 1655.49758396071 0.15
  2 1 18 3 1707.2296026654 0.15
  2 1 19 3 1612.53985681141 0.15
  2 1 20 3 1217.15544316931 0.15
  2 1 21 3 1472.23847528494 0.15
  2 1 22 3 1078.3259337887 0.15
  2 1 23 3 1389.65325883227 0.15
  2 1 24 3 1173.29647899645 0.15
  2 1 25 3 1170.66473276342 0.15
  2 1 26 3 1312.20586609545 0.15
  2 1 27 3 1313.3987526431 0.15
  2 1 28 3 1079.29251840276 0.15
  2 1 29 3 1110.60769912734 0.15
  2 1 30 3 1157.87546754956 0.15
  2 1 31 3 896.1372785189 0.15
  2 1 32 3 720.846197529447 0.15
  2 1 33 3 451.497871031659 0.15
  2 1 34 3 495.030700725162 0.15
  2 1 35 3 578.765533062865 0.15
  2 1 36 3 1050.06738866971 0.15
  2 1 37 3 1082.42439887345 0.15
  2 1 38 3 1372.59706806891 0.15
  2 1 39 3 1395.72687073256 0.15
  2 1 40 3 1586.6779531254 0.15
  2 1 41 3 2023.96544959153 0.15
  2 1 42 3 1987.27215056238 0.15
# end catch observations 
#  
# Fishery size comp data 
# Number of observations, init_int Ncatch_size_obs 
  168
# init_matrix obs_catch_size(1,Ncatch_size_obs,1,ncol) 
# Fleet Area  Year  Species Type (0=whole, 1=retained, 2=discard) InpN, proportion by size bin 
  1 1 1 1 0 100 0 0 1 0 0
  1 1 2 1 0 100 0 0.83 0.17 0 0
  1 1 3 1 0 100 0 0 1 0 0
  1 1 4 1 0 100 0 0 0.51 0.49 0
  1 1 5 1 0 100 0 1 0 0 0
  1 1 6 1 0 100 0 0.19 0.81 0 0
  1 1 7 1 0 100 0 0.22 0.78 0 0
  1 1 8 1 0 100 0 0.06 0.94 0 0
  1 1 9 1 0 100 0 0.76 0.24 0 0
  1 1 10 1 0 100 0 0.84 0.16 0 0
  1 1 11 1 0 100 0 0.03 0.97 0 0
  1 1 12 1 0 100 0 0.9 0.1 0 0
  1 1 13 1 0 100 0 0.91 0.09 0 0
  1 1 14 1 0 100 0 0.67 0.33 0 0
  1 1 15 1 0 100 0 0.97 0.03 0 0
  1 1 16 1 0 100 0 0.74 0.26 0 0
  1 1 17 1 0 100 0 0 1 0 0
  1 1 18 1 0 100 0 0.74 0.26 0 0
  1 1 19 1 0 100 0 0 1 0 0
  1 1 20 1 0 100 0 0.02 0.26 0.72 0
  1 1 21 1 0 100 0 0.32 0.68 0 0
  1 1 22 1 0 100 0 1 0 0 0
  1 1 23 1 0 100 0 0.47 0.53 0 0
  1 1 24 1 0 100 0 0.47 0.53 0 0
  1 1 25 1 0 100 0 0.04 0.96 0 0
  1 1 26 1 0 100 0 0 1 0 0
  1 1 27 1 0 100 0 0 1 0 0
  1 1 28 1 0 100 0 0 1 0 0
  1 1 29 1 0 100 0 0.56 0.44 0 0
  1 1 30 1 0 100 0 0 1 0 0
  1 1 31 1 0 100 0 0 1 0 0
  1 1 32 1 0 100 0 0 1 0 0
  1 1 33 1 0 100 0 0.06 0.27 0.67 0
  1 1 34 1 0 100 0 0 1 0 0
  1 1 35 1 0 100 0 0 1 0 0
  1 1 36 1 0 100 0 0.61 0.39 0 0
  1 1 37 1 0 100 0 0.66 0.34 0 0
  1 1 38 1 0 100 0 0.48 0.52 0 0
  1 1 39 1 0 100 0 0.3 0.7 0 0
  1 1 40 1 0 100 0 0 1 0 0
  1 1 41 1 0 100 0 0 0.82 0.18 0
  1 1 42 1 0 100 0 0.41 0.26 0.33 0
  1 1 1 4 0 100 0 0 0.67 0.33 0
  1 1 2 4 0 100 0 0 0 1 0
  1 1 3 4 0 100 0 0 0.26 0.74 0
  1 1 4 4 0 100 0 0 0.86 0.14 0
  1 1 5 4 0 100 0 0 1 0 0
  1 1 6 4 0 100 0 0 0 1 0
  1 1 7 4 0 100 0 0 0 1 0
  1 1 8 4 0 100 0 0.15 0 0.85 0
  1 1 9 4 0 100 0 0 0 0 1
  1 1 10 4 0 100 0 0.54 0.46 0 0
  1 1 11 4 0 100 0 0 1 0 0
  1 1 12 4 0 100 0 0 0 0.77 0.23
  1 1 13 4 0 100 0 0 0.83 0.17 0
  1 1 14 4 0 100 0 0 0 1 0
  1 1 15 4 0 100 0 0 0.01 0.89 0.1
  1 1 16 4 0 100 0 0 0.77 0.23 0
  1 1 17 4 0 100 0 0 0 1 0
  1 1 18 4 0 100 0 0 0 1 0
  1 1 19 4 0 100 0 0 0.47 0.53 0
  1 1 20 4 0 100 0 0 0 1 0
  1 1 21 4 0 100 0 0 0.18 0.82 0
  1 1 22 4 0 100 0 0 0 1 0
  1 1 23 4 0 100 0 0 0.23 0.77 0
  1 1 24 4 0 100 0 0 0 1 0
  1 1 25 4 0 100 0 0.28 0.54 0.18 0
  1 1 26 4 0 100 0 0 0.12 0.88 0
  1 1 27 4 0 100 0 0 0 1 0
  1 1 28 4 0 100 0 0 0.29 0.71 0
  1 1 29 4 0 100 0 0 0.69 0.31 0
  1 1 30 4 0 100 0 0 0 1 0
  1 1 31 4 0 100 0 0 0.21 0.79 0
  1 1 32 4 0 100 0 0 0.26 0.74 0
  1 1 33 4 0 100 0 0 0 1 0
  1 1 34 4 0 100 0 0 1 0 0
  1 1 35 4 0 100 0 0 0 1 0
  1 1 36 4 0 100 0 0 0 1 0
  1 1 37 4 0 100 0 0 0 1 0
  1 1 38 4 0 100 0 0 0 1 0
  1 1 39 4 0 100 0 0 0 1 0
  1 1 40 4 0 100 0 0 0.26 0.74 0
  1 1 41 4 0 100 0 0 0 1 0
  1 1 42 4 0 100 0 0 0 1 0
  2 1 1 2 0 100 0 0 0.13 0.87 0
  2 1 2 2 0 100 0 0 0 1 0
  2 1 3 2 0 100 0 0 1 0 0
  2 1 4 2 0 100 0 0 0 1 0
  2 1 5 2 0 100 0 0 0.88 0.12 0
  2 1 6 2 0 100 0 0 0.9 0.1 0
  2 1 7 2 0 100 0 0 1 0 0
  2 1 8 2 0 100 0 0 0.64 0.36 0
  2 1 9 2 0 100 0 0 1 0 0
  2 1 10 2 0 100 0 0 1 0 0
  2 1 11 2 0 100 0 0 0.44 0.56 0
  2 1 12 2 0 100 0 0 0 1 0
  2 1 13 2 0 100 0 0 0.26 0.74 0
  2 1 14 2 0 100 0 0 0 0.35 0.65
  2 1 15 2 0 100 0 0 1 0 0
  2 1 16 2 0 100 0 0 1 0 0
  2 1 17 2 0 100 0 0 1 0 0
  2 1 18 2 0 100 0 0.78 0.22 0 0
  2 1 19 2 0 100 0 0 0.82 0.18 0
  2 1 20 2 0 100 0 0 1 0 0
  2 1 21 2 0 100 0 0 0.13 0.87 0
  2 1 22 2 0 100 0 0 0.63 0.37 0
  2 1 23 2 0 100 0 0 1 0 0
  2 1 24 2 0 100 0 0 1 0 0
  2 1 25 2 0 100 0 0 1 0 0
  2 1 26 2 0 100 0 0.25 0.75 0 0
  2 1 27 2 0 100 0 0 1 0 0
  2 1 28 2 0 100 0 0 1 0 0
  2 1 29 2 0 100 0 0 0 1 0
  2 1 30 2 0 100 0 0 1 0 0
  2 1 31 2 0 100 0 0 1 0 0
  2 1 32 2 0 100 0 0 1 0 0
  2 1 33 2 0 100 0 0 1 0 0
  2 1 34 2 0 100 0 0.48 0.52 0 0
  2 1 35 2 0 100 0 0.33 0.67 0 0
  2 1 36 2 0 100 0 0 1 0 0
  2 1 37 2 0 100 0 0 1 0 0
  2 1 38 2 0 100 0 0 1 0 0
  2 1 39 2 0 100 0 0 1 0 0
  2 1 40 2 0 100 0 0 1 0 0
  2 1 41 2 0 100 0 0 1 0 0
  2 1 42 2 0 100 0 0.54 0.46 0 0
  2 1 1 3 0 100 0 0 0.34 0.66 0
  2 1 2 3 0 100 0 0 0 1 0
  2 1 3 3 0 100 0 0 0 1 0
  2 1 4 3 0 100 0 0 1 0 0
  2 1 5 3 0 100 0 0 0.57 0.43 0
  2 1 6 3 0 100 0 0 0 1 0
  2 1 7 3 0 100 0 0 0 1 0
  2 1 8 3 0 100 0 0 0.8 0.2 0
  2 1 9 3 0 100 0 0 0.4 0.6 0
  2 1 10 3 0 100 0 0 0 1 0
  2 1 11 3 0 100 0 0 0 1 0
  2 1 12 3 0 100 0 0 0 1 0
  2 1 13 3 0 100 0 0 0 1 0
  2 1 14 3 0 100 0 0 0.97 0.03 0
  2 1 15 3 0 100 0 0 0.75 0.25 0
  2 1 16 3 0 100 0 0 0.39 0.61 0
  2 1 17 3 0 100 0 0 0 1 0
  2 1 18 3 0 100 0 0 0.55 0.45 0
  2 1 19 3 0 100 0 0 1 0 0
  2 1 20 3 0 100 0 0 1 0 0
  2 1 21 3 0 100 0 0 1 0 0
  2 1 22 3 0 100 0 0 1 0 0
  2 1 23 3 0 100 0 0 1 0 0
  2 1 24 3 0 100 0 0 0.91 0.09 0
  2 1 25 3 0 100 0 0 1 0 0
  2 1 26 3 0 100 0 0 1 0 0
  2 1 27 3 0 100 0 0 1 0 0
  2 1 28 3 0 100 0 0 1 0 0
  2 1 29 3 0 100 0 0 0.79 0.21 0
  2 1 30 3 0 100 0 0 1 0 0
  2 1 31 3 0 100 0 0 0.94 0.06 0
  2 1 32 3 0 100 0 0 0.7 0.3 0
  2 1 33 3 0 100 0 0 1 0 0
  2 1 34 3 0 100 0 0 1 0 0
  2 1 35 3 0 100 0 0 0.33 0.67 0
  2 1 36 3 0 100 0 0 1 0 0
  2 1 37 3 0 100 0 0 0.89 0.11 0
  2 1 38 3 0 100 0 0 0.98 0.02 0
  2 1 39 3 0 100 0 0 1 0 0
  2 1 40 3 0 100 0 0 1 0 0
  2 1 41 3 0 100 0 0 1 0 0
  2 1 42 3 0 100 0 0 1 0 0
# end fishery length observations 
#  
# Survey diet proportion observations 
# Number of observations, init_int Ndietprop_obs 
  89
# init_matrix obs_dietprop(1,Ndietprop_obs,1,ncol) 
# Survey  Year  Predator  Predator_size InpN  wt_prey_1 wt_prey_2 wt_prey_3 wt_prey_4 wt_prey_5 wt_prey_6 wt_prey_7 wt_prey_8 wt_prey_9 wt_prey_10 wt_prey_11 other 
  1 2 1 4 100 1 0 0 0 0
  1 6 4 3 100 0 0 0 0 1
  1 8 4 2 100 0 0.44 0 0 0.56
  1 8 4 3 100 0 0 1 0 0
  1 9 4 4 100 0 0 0 0 1
  1 11 1 3 100 0 0.16 0 0 0.84
  1 11 4 3 100 0 0.76 0 0 0.24
  1 12 1 2 100 0 0.87 0 0 0.13
  1 12 1 3 100 0 0 0.81 0 0.19
  1 13 1 3 100 0 0 0 0 1
  1 13 1 4 100 0 0 0 0 1
  1 13 4 2 100 0 0 0 0 1
  1 13 4 3 100 0 0 0 0 1
  1 13 4 4 100 0 0 0 0 1
  1 14 1 3 100 0 0 0 0 1
  1 14 1 4 100 0 0.48 0 0 0.52
  1 14 4 3 100 0 0 0 0 1
  1 14 4 4 100 0 0 0 0 1
  1 15 1 2 100 0 0 0 0 1
  1 15 1 3 100 0 0 0 0 1
  1 15 4 3 100 0 0 0 0 1
  1 15 4 4 100 0.11 0 0 0 0.89
  1 16 1 3 100 0 0 0 0 1
  1 16 1 4 100 0 0.93 0 0 0.07
  1 16 4 3 100 0 0 0 0 1
  1 16 4 4 100 0 0.23 0.77 0 0
  1 17 4 2 100 0 0.7 0 0 0.3
  1 17 4 3 100 0 1 0 0 0
  1 18 1 1 100 0 1 0 0 0
  1 18 1 2 100 0 0.62 0.33 0 0.05
  1 18 1 3 100 0 0.09 0 0 0.91
  1 18 4 3 100 0 0 0 0 1
  1 19 1 2 100 0 0.53 0 0 0.47
  1 19 1 3 100 0 0.69 0 0 0.31
  1 19 1 4 100 0 0 0 0 1
  1 19 4 2 100 0 0 0 0 1
  1 19 4 3 100 0 0.33 0 0 0.67
  1 20 1 3 100 0 0.66 0 0 0.34
  1 20 4 2 100 0 0 0 0 1
  1 20 4 3 100 0 1 0 0 0
  1 21 1 2 100 0 0 0 0 1
  1 21 1 3 100 0 0 0 0 1
  1 21 1 4 100 0 0 0 0 1
  1 21 4 3 100 0 0.23 0 0 0.77
  1 22 1 3 100 0 0 0 0 1
  1 22 4 2 100 0 0 0.79 0 0.21
  1 22 4 3 100 0 0 0 0 1
  1 23 1 3 100 0 0 0 0 1
  1 23 4 3 100 0 0 0 0 1
  1 24 1 3 100 0 0 0 0 1
  1 24 1 4 100 0 0 0 0 1
  1 24 4 3 100 0 0 0 0 1
  1 25 1 2 100 0 1 0 0 0
  1 25 1 3 100 0 0 0.04 0 0.96
  1 25 4 3 100 0 0 0 0 1
  1 25 4 4 100 0 0 0.53 0 0.47
  1 26 1 3 100 0 0.49 0 0 0.51
  1 26 4 3 100 0 0.98 0 0 0.02
  1 27 1 3 100 0 0.37 0 0 0.63
  1 27 1 4 100 0 0 0 0 1
  1 27 4 2 100 0 0 0 0 1
  1 27 4 3 100 0 0 0 0 1
  1 28 1 3 100 0 0 0 0 1
  1 28 4 2 100 0 0 0 0 1
  1 28 4 3 100 0 0 0 0 1
  1 29 1 3 100 0 0 0.31 0 0.69
  1 29 4 3 100 0 0.96 0 0 0.04
  1 30 4 3 100 0 0 1 0 0
  1 31 4 3 100 0 0.59 0 0 0.41
  1 31 4 4 100 0 1 0 0 0
  1 33 1 3 100 0 0.23 0 0 0.77
  1 33 4 3 100 0 0.59 0 0 0.41
  1 34 1 3 100 0 0 0 0 1
  1 34 4 3 100 1 0 0 0 0
  1 35 1 1 100 0 0.16 0 0 0.84
  1 35 1 2 100 0 0 0 0 1
  1 35 1 3 100 0 0 0 0 1
  1 35 4 3 100 0 0.7 0 0 0.3
  1 36 1 3 100 0 0 0 0 1
  1 36 4 2 100 0 1 0 0 0
  1 36 4 3 100 0 0 0 0 1
  1 37 4 3 100 0 0 0 0 1
  1 38 1 3 100 0 0 0 0 1
  1 39 1 3 100 0 1 0 0 0
  1 40 1 2 100 0 0 0 0 1
  1 40 4 3 100 0 0 0.85 0 0.15
  1 40 4 4 100 0 0 0 0 1
  1 41 1 2 100 0 0.13 0 0 0.87
  1 42 4 3 100 0 0 0 0 1
# end survey diet proportion observations 
#  
