# This file was created using the write_tsDatFile function and used all the simulated data from sim_dta.rds found in repo:Hydra-self-testing
# Survey index data 
# Number of observations, init_int Nsurvey_obs
  166
# init_matrix obs_survey_biomass(1,Nsurvey_obs,1,5)
# survey year spp value cv
  1 1 4 118837.273739327 0.2
  1 2 4 92957.8294539568 0.2
  1 3 4 134617.739533188 0.2
  1 4 4 95943.0632199011 0.2
  1 5 4 85255.6115639939 0.2
  1 6 4 139211.437595097 0.2
  1 7 4 122119.078811813 0.2
  1 8 4 97740.6278287499 0.2
  1 9 4 75362.4907524752 0.2
  1 10 4 105633.153469244 0.2
  1 11 4 88391.1083462734 0.2
  1 12 4 100046.962995434 0.2
  1 13 4 173613.689809048 0.2
  1 14 4 108065.340789396 0.2
  1 15 4 94723.8326222667 0.2
  1 16 4 115524.079177585 0.2
  1 17 4 138123.240559541 0.2
  1 18 4 151838.503307836 0.2
  1 19 4 93123.817304662 0.2
  1 20 4 112054.018295762 0.2
  1 21 4 181134.978054642 0.2
  1 22 4 120613.069714259 0.2
  1 23 4 117920.205586297 0.2
  1 24 4 233211.241162841 0.2
  1 25 4 107214.99281184 0.2
  1 26 4 163674.82010757 0.2
  1 27 4 226094.682152213 0.2
  1 28 4 218285.997433643 0.2
  1 29 4 137710.470063427 0.2
  1 30 4 168888.383394031 0.2
  1 31 4 167038.734664004 0.2
  1 32 4 225025.253890207 0.2
  1 33 4 152726.852258851 0.2
  1 34 4 235374.86916767 0.2
  1 35 4 188307.669591692 0.2
  1 36 4 148628.821710262 0.2
  1 37 4 178991.444289145 0.2
  1 38 4 295378.64312499 0.2
  1 39 4 226440.63411138 0.2
  1 40 4 198824.567261898 0.2
  1 41 4 190473.611885241 0.2
  1 42 4 238715.946946971 0.2
  1 1 2 134.417946449118 0.2
  1 4 2 142.526421527966 0.2
  1 5 2 145.212515609766 0.2
  1 6 2 199.30630264747 0.2
  1 7 2 149.29891940309 0.2
  1 8 2 224.425402788183 0.2
  1 9 2 149.359045353448 0.2
  1 10 2 248.324441644136 0.2
  1 11 2 262.772167433798 0.2
  1 12 2 383.144337890876 0.2
  1 13 2 318.67809856569 0.2
  1 14 2 448.249330387987 0.2
  1 15 2 405.397244373379 0.2
  1 16 2 536.884569634434 0.2
  1 17 2 928.574839652636 0.2
  1 18 2 709.324934477023 0.2
  1 19 2 2184.42089642915 0.2
  1 20 2 2523.17634205943 0.2
  1 21 2 2771.85363038192 0.2
  1 22 2 2450.36186465504 0.2
  1 23 2 1894.03621569285 0.2
  1 24 2 1441.61955541917 0.2
  1 25 2 2002.77808908635 0.2
  1 26 2 1946.65939607196 0.2
  1 27 2 1514.99877456641 0.2
  1 28 2 2003.70521423325 0.2
  1 29 2 2508.23656873821 0.2
  1 30 2 1781.23568828107 0.2
  1 31 2 1419.68058375488 0.2
  1 32 2 2982.39619200664 0.2
  1 33 2 2745.04135486299 0.2
  1 34 2 3032.84762527844 0.2
  1 35 2 3081.1741615517 0.2
  1 36 2 3795.77407722513 0.2
  1 37 2 2082.54559284015 0.2
  1 38 2 2964.10520191224 0.2
  1 39 2 1881.93119840915 0.2
  1 40 2 1595.05299265059 0.2
  1 41 2 1315.78737819637 0.2
  1 42 2 1138.25677563902 0.2
  1 1 1 21845.089289919 0.2
  1 2 1 14500.0479396973 0.2
  1 3 1 14959.1038405737 0.2
  1 4 1 12008.5969228289 0.2
  1 5 1 13056.1960965274 0.2
  1 6 1 8702.40571356091 0.2
  1 7 1 9640.68097802805 0.2
  1 8 1 16014.0826901103 0.2
  1 9 1 12772.5737926745 0.2
  1 10 1 9884.85603137201 0.2
  1 11 1 6366.55870658321 0.2
  1 12 1 8696.96295034189 0.2
  1 13 1 11201.6551097053 0.2
  1 14 1 8400.15330226749 0.2
  1 15 1 7304.85994348159 0.2
  1 16 1 4975.71532658986 0.2
  1 17 1 5511.20206600031 0.2
  1 18 1 4185.16812880785 0.2
  1 19 1 4441.40806679683 0.2
  1 20 1 4017.57384237375 0.2
  1 21 1 5483.57122568382 0.2
  1 22 1 4818.02099739388 0.2
  1 23 1 7978.16242915117 0.2
  1 24 1 7598.20714919752 0.2
  1 25 1 4465.64567984059 0.2
  1 26 1 4167.40784340307 0.2
  1 27 1 6634.13972732547 0.2
  1 28 1 4253.76965452913 0.2
  1 29 1 3854.45374984163 0.2
  1 30 1 3771.22821140074 0.2
  1 31 1 3468.11546443875 0.2
  1 32 1 5207.88907213109 0.2
  1 33 1 4488.38907092851 0.2
  1 34 1 3119.19838936182 0.2
  1 35 1 2331.20659634401 0.2
  1 36 1 2011.34635051648 0.2
  1 37 1 2560.39755484994 0.2
  1 38 1 2295.73766013396 0.2
  1 39 1 1699.21176220344 0.2
  1 40 1 2366.92172769508 0.2
  1 41 1 2255.9389943121 0.2
  1 42 1 1855.19229015927 0.2
  1 1 3 90.5797712952417 0.2
  1 2 3 133.335007319848 0.2
  1 3 3 182.630561863999 0.2
  1 4 3 262.76540618587 0.2
  1 5 3 440.181818362737 0.2
  1 6 3 456.003486957562 0.2
  1 7 3 520.70325866038 0.2
  1 8 3 587.931822276649 0.2
  1 9 3 476.924329734776 0.2
  1 10 3 454.039586942537 0.2
  1 11 3 379.617672937762 0.2
  1 12 3 249.199401992176 0.2
  1 13 3 516.368214167771 0.2
  1 14 3 449.050146122529 0.2
  1 15 3 317.384223225567 0.2
  1 16 3 385.602162618383 0.2
  1 17 3 486.922166665577 0.2
  1 18 3 257.297339698065 0.2
  1 19 3 231.489139270626 0.2
  1 20 3 355.015891694843 0.2
  1 21 3 307.908815360476 0.2
  1 22 3 414.986982280072 0.2
  1 23 3 194.122438753833 0.2
  1 24 3 352.084579081737 0.2
  1 25 3 385.735691804947 0.2
  1 26 3 280.130661802126 0.2
  1 27 3 273.144386766117 0.2
  1 28 3 340.377731947866 0.2
  1 29 3 269.192230066615 0.2
  1 30 3 230.161584781623 0.2
  1 31 3 132.390254219596 0.2
  1 32 3 104.040731943213 0.2
  1 33 3 112.296555756858 0.2
  1 34 3 156.06663383118 0.2
  1 35 3 217.448943771632 0.2
  1 36 3 333.003662958675 0.2
  1 37 3 366.412636126835 0.2
  1 38 3 367.32414502328 0.2
  1 39 3 369.362884987773 0.2
  1 40 3 400.099740131579 0.2
  1 41 3 419.581015514219 0.2
  1 42 3 703.602653536834 0.2
# end survey index observations 
#  
# Survey size comp data 
# Number of observations, init_int Nsurvey_size_obs 
  166
# init_matrix obs_survey_size(1,Nsurvey_size_obs,1,ncol) 
# Survey  Year  Species Type (0=whole, 1=retained, 2=discard) InpN, proportion by length bin 
  1 1 1 0 100 0 0.05 0.73 0.22 0
  1 2 1 0 100 0 0 0.9 0.1 0
  1 3 1 0 100 0.21 0 0.79 0 0
  1 4 1 0 100 0 0.21 0.73 0.06 0
  1 5 1 0 100 0 0.05 0.72 0.23 0
  1 6 1 0 100 0 0.1 0.9 0 0
  1 7 1 0 100 0.08 0.21 0.71 0 0
  1 8 1 0 100 0 0 1 0 0
  1 9 1 0 100 0 0.59 0.41 0 0
  1 10 1 0 100 0 1 0 0 0
  1 11 1 0 100 0 0.21 0.79 0 0
  1 12 1 0 100 0.05 0.82 0.02 0.11 0
  1 13 1 0 100 0 0.02 0.67 0.31 0
  1 14 1 0 100 0 0 1 0 0
  1 15 1 0 100 0 0.77 0.23 0 0
  1 16 1 0 100 0 0 1 0 0
  1 17 1 0 100 0 0.79 0.21 0 0
  1 18 1 0 100 0 0.39 0.61 0 0
  1 19 1 0 100 0 0.31 0.69 0 0
  1 20 1 0 100 0 0.43 0.57 0 0
  1 21 1 0 100 0 0.89 0.11 0 0
  1 22 1 0 100 0 0.05 0.95 0 0
  1 23 1 0 100 0.28 0.39 0.33 0 0
  1 24 1 0 100 0 0.47 0.53 0 0
  1 25 1 0 100 0 0 1 0 0
  1 26 1 0 100 0 0.8 0.2 0 0
  1 27 1 0 100 0.04 0.4 0.56 0 0
  1 28 1 0 100 0 0.86 0.14 0 0
  1 29 1 0 100 0.33 0.67 0 0 0
  1 30 1 0 100 0 0.57 0.43 0 0
  1 31 1 0 100 0 0.7 0.3 0 0
  1 32 1 0 100 0 1 0 0 0
  1 33 1 0 100 0.01 0.74 0.25 0 0
  1 34 1 0 100 0 0.18 0.67 0.15 0
  1 35 1 0 100 0 0.06 0.71 0.23 0
  1 36 1 0 100 0 0.4 0.6 0 0
  1 37 1 0 100 0.15 0.85 0 0 0
  1 38 1 0 100 0 1 0 0 0
  1 39 1 0 100 0 1 0 0 0
  1 40 1 0 100 0 0.33 0.67 0 0
  1 41 1 0 100 0 0.43 0.57 0 0
  1 42 1 0 100 0.33 0.67 0 0 0
  1 1 2 0 100 0 0 0 1 0
  1 4 2 0 100 0 0 0 1 0
  1 5 2 0 100 0 0 0 1 0
  1 6 2 0 100 0 0 1 0 0
  1 7 2 0 100 0 0 0 1 0
  1 8 2 0 100 0 0 0 1 0
  1 9 2 0 100 0 0 0.5 0.5 0
  1 10 2 0 100 0 0 1 0 0
  1 11 2 0 100 0 0.15 0.3 0.55 0
  1 12 2 0 100 0 0.25 0.51 0.24 0
  1 13 2 0 100 0 0 0.88 0.12 0
  1 14 2 0 100 0 0 0.19 0.81 0
  1 15 2 0 100 0 0 0.79 0.21 0
  1 16 2 0 100 0 0 1 0 0
  1 17 2 0 100 0 0 0.79 0.21 0
  1 18 2 0 100 0 0.16 0.84 0 0
  1 19 2 0 100 0 0 0.68 0.32 0
  1 20 2 0 100 0 0 1 0 0
  1 21 2 0 100 0 0 0.96 0.04 0
  1 22 2 0 100 0 0 0.84 0.16 0
  1 23 2 0 100 0 0 1 0 0
  1 24 2 0 100 0 0 0.69 0.31 0
  1 25 2 0 100 0 0.16 0 0.84 0
  1 26 2 0 100 0 0.4 0.6 0 0
  1 27 2 0 100 0 0 1 0 0
  1 28 2 0 100 0 0 0.91 0.09 0
  1 29 2 0 100 0 0 0.54 0.46 0
  1 30 2 0 100 0 0 0.6 0.4 0
  1 31 2 0 100 0 0 0.8 0.2 0
  1 32 2 0 100 0 0 1 0 0
  1 33 2 0 100 0 0 1 0 0
  1 34 2 0 100 0 0 1 0 0
  1 35 2 0 100 0 0 1 0 0
  1 36 2 0 100 0 0 0.04 0.96 0
  1 37 2 0 100 0 0 1 0 0
  1 38 2 0 100 0 0 0.88 0.12 0
  1 39 2 0 100 0 0 1 0 0
  1 40 2 0 100 0 0 0.2 0.8 0
  1 41 2 0 100 0 0 0.27 0.73 0
  1 42 2 0 100 0 0.65 0.35 0 0
  1 1 3 0 100 0 0 0.24 0.76 0
  1 2 3 0 100 0 0 0.92 0.08 0
  1 3 3 0 100 0 0 0.19 0.81 0
  1 4 3 0 100 0 0 1 0 0
  1 5 3 0 100 0 0 0.94 0.06 0
  1 6 3 0 100 0 0 1 0 0
  1 7 3 0 100 0 0.18 0.82 0 0
  1 8 3 0 100 0 0.04 0.96 0 0
  1 9 3 0 100 0 1 0 0 0
  1 10 3 0 100 0 0.47 0.53 0 0
  1 11 3 0 100 0 0 1 0 0
  1 12 3 0 100 0 0.64 0.36 0 0
  1 13 3 0 100 0 0.63 0.37 0 0
  1 14 3 0 100 0 0.29 0.71 0 0
  1 15 3 0 100 0 0.03 0.97 0 0
  1 16 3 0 100 0 0.36 0.64 0 0
  1 17 3 0 100 0 0 1 0 0
  1 18 3 0 100 0 0.71 0.29 0 0
  1 19 3 0 100 0 0.5 0.5 0 0
  1 20 3 0 100 0 0 1 0 0
  1 21 3 0 100 0 0.86 0.14 0 0
  1 22 3 0 100 0 0 1 0 0
  1 23 3 0 100 0 0.53 0.47 0 0
  1 24 3 0 100 0 0.52 0.48 0 0
  1 25 3 0 100 0 0.99 0.01 0 0
  1 26 3 0 100 0 1 0 0 0
  1 27 3 0 100 0 0.13 0.87 0 0
  1 28 3 0 100 0 0.46 0.54 0 0
  1 29 3 0 100 0 1 0 0 0
  1 30 3 0 100 0 1 0 0 0
  1 31 3 0 100 0 0 1 0 0
  1 32 3 0 100 0 0.04 0.96 0 0
  1 33 3 0 100 0 0.3 0.7 0 0
  1 34 3 0 100 0 0.34 0.66 0 0
  1 35 3 0 100 0 0.14 0.86 0 0
  1 36 3 0 100 0 0.8 0.2 0 0
  1 37 3 0 100 0 0 1 0 0
  1 38 3 0 100 0 0 1 0 0
  1 39 3 0 100 0 0 1 0 0
  1 40 3 0 100 0 0.93 0.07 0 0
  1 41 3 0 100 0 0.02 0.98 0 0
  1 42 3 0 100 0 0 1 0 0
  1 1 4 0 100 0 0.81 0.19 0 0
  1 2 4 0 100 0 0.14 0.42 0.44 0
  1 3 4 0 100 0 0 1 0 0
  1 4 4 0 100 0 0.55 0.45 0 0
  1 5 4 0 100 0 0.59 0.19 0.22 0
  1 6 4 0 100 0 0.75 0.13 0.12 0
  1 7 4 0 100 0 0.29 0.68 0.03 0
  1 8 4 0 100 0 0.47 0.06 0.47 0
  1 9 4 0 100 0 0.74 0.24 0.02 0
  1 10 4 0 100 0 0.35 0.65 0 0
  1 11 4 0 100 0 0.44 0.56 0 0
  1 12 4 0 100 0 0.28 0.72 0 0
  1 13 4 0 100 0 0.34 0.66 0 0
  1 14 4 0 100 0 0.76 0.24 0 0
  1 15 4 0 100 0 0.2 0.8 0 0
  1 16 4 0 100 0 0.42 0.14 0.44 0
  1 17 4 0 100 0 0.03 0.83 0.14 0
  1 18 4 0 100 0 0.23 0.77 0 0
  1 19 4 0 100 0 0.61 0.39 0 0
  1 20 4 0 100 0 0.96 0.04 0 0
  1 21 4 0 100 0 0.63 0.37 0 0
  1 22 4 0 100 0 0.23 0.77 0 0
  1 23 4 0 100 0 0.7 0.3 0 0
  1 24 4 0 100 0 0.69 0.31 0 0
  1 25 4 0 100 0 0.07 0.93 0 0
  1 26 4 0 100 0 0 1 0 0
  1 27 4 0 100 0 0.13 0.87 0 0
  1 28 4 0 100 0 0 1 0 0
  1 29 4 0 100 0 0 1 0 0
  1 30 4 0 100 0 0 1 0 0
  1 31 4 0 100 0 0.17 0.83 0 0
  1 32 4 0 100 0 0 1 0 0
  1 33 4 0 100 0 0.44 0.56 0 0
  1 34 4 0 100 0.31 0.43 0.26 0 0
  1 35 4 0 100 0 0.95 0.05 0 0
  1 36 4 0 100 0 1 0 0 0
  1 37 4 0 100 0 1 0 0 0
  1 38 4 0 100 0 1 0 0 0
  1 39 4 0 100 0 0.93 0.07 0 0
  1 40 4 0 100 0 1 0 0 0
  1 41 4 0 100 0 0.58 0.42 0 0
  1 42 4 0 100 0 0.58 0.42 0 0
# end survey length observations 
#  
# Fishery catch data 
# Number of observations, init_int Ncatch_obs
  168
# init_matrix obs_catch_biomass(1,Ncatch_obs,1,6) 
# Fleet	Area	Year	Species	Catch(biomass t)	CV 
  1 1 1 1 34136.7216733006 0.15
  1 1 2 1 22888.2736781349 0.15
  1 1 3 1 27783.8166099537 0.15
  1 1 4 1 20591.13935712 0.15
  1 1 5 1 16346.6522895593 0.15
  1 1 6 1 22959.8871061463 0.15
  1 1 7 1 14399.0057027497 0.15
  1 1 8 1 17940.6039379229 0.15
  1 1 9 1 16345.7296480207 0.15
  1 1 10 1 21334.1134343571 0.15
  1 1 11 1 16706.8047216345 0.15
  1 1 12 1 18467.5073581116 0.15
  1 1 13 1 17520.2243232171 0.15
  1 1 14 1 14946.4823627567 0.15
  1 1 15 1 10518.3799508153 0.15
  1 1 16 1 10884.0566437995 0.15
  1 1 17 1 11084.5222263557 0.15
  1 1 18 1 8180.57708909767 0.15
  1 1 19 1 8814.08067769644 0.15
  1 1 20 1 7492.69977941934 0.15
  1 1 21 1 3048.15597260005 0.15
  1 1 22 1 3668.36961854973 0.15
  1 1 23 1 3369.16953002134 0.15
  1 1 24 1 4951.17822238897 0.15
  1 1 25 1 4529.22455208722 0.15
  1 1 26 1 4232.32621813408 0.15
  1 1 27 1 3342.53205234213 0.15
  1 1 28 1 2678.08204885606 0.15
  1 1 29 1 3208.88699561067 0.15
  1 1 30 1 3723.19108870853 0.15
  1 1 31 1 3141.51282668862 0.15
  1 1 32 1 2437.83240728213 0.15
  1 1 33 1 2571.3618506931 0.15
  1 1 34 1 2123.23830139709 0.15
  1 1 35 1 1690.65608965065 0.15
  1 1 36 1 1755.64088314668 0.15
  1 1 37 1 1625.59062574994 0.15
  1 1 38 1 1467.16886236631 0.15
  1 1 39 1 1757.60494208158 0.15
  1 1 40 1 1520.37313757857 0.15
  1 1 41 1 1450.11556843014 0.15
  1 1 42 1 1190.77476270147 0.15
  1 1 1 4 6707.30082737991 0.15
  1 1 2 4 5604.75524636282 0.15
  1 1 3 4 8229.33998944566 0.15
  1 1 4 4 7371.99148369193 0.15
  1 1 5 4 5493.19513839729 0.15
  1 1 6 4 7621.86422268539 0.15
  1 1 7 4 7552.17689182766 0.15
  1 1 8 4 7001.80597686382 0.15
  1 1 9 4 7130.64555669464 0.15
  1 1 10 4 9309.61206753668 0.15
  1 1 11 4 9045.08931102283 0.15
  1 1 12 4 9274.9789577103 0.15
  1 1 13 4 6934.95733027583 0.15
  1 1 14 4 9326.76447889153 0.15
  1 1 15 4 9146.35899093724 0.15
  1 1 16 4 11901.0913395515 0.15
  1 1 17 4 7224.47872458686 0.15
  1 1 18 4 9120.65717743118 0.15
  1 1 19 4 11056.7226827953 0.15
  1 1 20 4 9626.00357936952 0.15
  1 1 21 4 3264.00054578817 0.15
  1 1 22 4 3916.33046798742 0.15
  1 1 23 4 4799.07486931885 0.15
  1 1 24 4 4835.83326739699 0.15
  1 1 25 4 4499.18686940246 0.15
  1 1 26 4 5740.39807956396 0.15
  1 1 27 4 5988.13473471854 0.15
  1 1 28 4 5359.09841897602 0.15
  1 1 29 4 5830.93405138289 0.15
  1 1 30 4 5039.39279315194 0.15
  1 1 31 4 5006.49524925788 0.15
  1 1 32 4 5423.77942069397 0.15
  1 1 33 4 7505.03440955879 0.15
  1 1 34 4 7284.72605028412 0.15
  1 1 35 4 6915.31389565519 0.15
  1 1 36 4 5511.54464977235 0.15
  1 1 37 4 6889.55575393551 0.15
  1 1 38 4 6313.33975308249 0.15
  1 1 39 4 6558.43313319233 0.15
  1 1 40 4 8067.50555821966 0.15
  1 1 41 4 7093.44692891371 0.15
  1 1 42 4 7535.55860021288 0.15
  2 1 1 2 1479.88846809765 0.15
  2 1 2 2 935.760924727274 0.15
  2 1 3 2 1087.10030871781 0.15
  2 1 4 2 755.935101276729 0.15
  2 1 5 2 1033.12873289131 0.15
  2 1 6 2 858.107729153968 0.15
  2 1 7 2 914.217512621567 0.15
  2 1 8 2 1063.04186686194 0.15
  2 1 9 2 928.854588639854 0.15
  2 1 10 2 1513.72998967358 0.15
  2 1 11 2 1701.94444693038 0.15
  2 1 12 2 2052.22890109983 0.15
  2 1 13 2 1945.59379354943 0.15
  2 1 14 2 2491.61724951237 0.15
  2 1 15 2 2249.59927808944 0.15
  2 1 16 2 3054.69410872421 0.15
  2 1 17 2 2105.74039427871 0.15
  2 1 18 2 2368.46459507329 0.15
  2 1 19 2 2496.79745969231 0.15
  2 1 20 2 7117.21470021131 0.15
  2 1 21 2 10769.6330036408 0.15
  2 1 22 2 14257.9543800112 0.15
  2 1 23 2 16266.5141176986 0.15
  2 1 24 2 20074.0361805248 0.15
  2 1 25 2 14654.4362311759 0.15
  2 1 26 2 14650.0469514589 0.15
  2 1 27 2 13261.5951840355 0.15
  2 1 28 2 8113.93302520381 0.15
  2 1 29 2 9474.09256132674 0.15
  2 1 30 2 12450.0746664104 0.15
  2 1 31 2 13501.4736032957 0.15
  2 1 32 2 12912.2689900768 0.15
  2 1 33 2 10222.518059384 0.15
  2 1 34 2 18200.7946499084 0.15
  2 1 35 2 21840.6809859384 0.15
  2 1 36 2 25126.2022419425 0.15
  2 1 37 2 15428.0971220146 0.15
  2 1 38 2 21179.5772630901 0.15
  2 1 39 2 12041.6992832659 0.15
  2 1 40 2 12904.9074343734 0.15
  2 1 41 2 9111.66738378983 0.15
  2 1 42 2 6561.10509574328 0.15
  2 1 1 3 701.8656217011 0.15
  2 1 2 3 504.989345247108 0.15
  2 1 3 3 558.303734457834 0.15
  2 1 4 3 509.033587788844 0.15
  2 1 5 3 1271.38245102776 0.15
  2 1 6 3 1979.16775991459 0.15
  2 1 7 3 2433.09573428394 0.15
  2 1 8 3 2055.96942116681 0.15
  2 1 9 3 2006.94960266537 0.15
  2 1 10 3 1863.58664137241 0.15
  2 1 11 3 1527.9203868939 0.15
  2 1 12 3 1789.81329302731 0.15
  2 1 13 3 1168.74325210505 0.15
  2 1 14 3 1582.45519519056 0.15
  2 1 15 3 1468.02013639817 0.15
  2 1 16 3 1603.40206083962 0.15
  2 1 17 3 2035.05631005523 0.15
  2 1 18 3 1736.93945511536 0.15
  2 1 19 3 1287.49326053204 0.15
  2 1 20 3 1330.70159949398 0.15
  2 1 21 3 1090.53151759556 0.15
  2 1 22 3 989.062582184377 0.15
  2 1 23 3 811.728191800261 0.15
  2 1 24 3 1054.01608188181 0.15
  2 1 25 3 1312.19749719233 0.15
  2 1 26 3 1083.74059506578 0.15
  2 1 27 3 1313.19847155989 0.15
  2 1 28 3 1212.60291475587 0.15
  2 1 29 3 956.76499018447 0.15
  2 1 30 3 1206.32555722459 0.15
  2 1 31 3 972.078570632182 0.15
  2 1 32 3 548.825247627538 0.15
  2 1 33 3 576.764433488986 0.15
  2 1 34 3 435.852571594884 0.15
  2 1 35 3 847.753332980796 0.15
  2 1 36 3 775.814585234456 0.15
  2 1 37 3 1030.42402359005 0.15
  2 1 38 3 1208.37114272273 0.15
  2 1 39 3 1799.21391260564 0.15
  2 1 40 3 1241.28016469048 0.15
  2 1 41 3 1926.66677460564 0.15
  2 1 42 3 1583.69904828115 0.15
# end catch observations 
#  
# Fishery size comp data 
# Number of observations, init_int Ncatch_size_obs 
  168
# init_matrix obs_catch_size(1,Ncatch_size_obs,1,ncol) 
# Fleet Area  Year  Species Type (0=whole, 1=retained, 2=discard) InpN, proportion by size bin 
  1 1 1 1 0 100 0 0.27 0.73 0 0
  1 1 2 1 0 100 0 0.05 0.95 0 0
  1 1 3 1 0 100 0 0.4 0.58 0.02 0
  1 1 4 1 0 100 0 0.07 0.31 0.62 0
  1 1 5 1 0 100 0 0.82 0.15 0 0.03
  1 1 6 1 0 100 0 0.15 0.85 0 0
  1 1 7 1 0 100 0 0.37 0.63 0 0
  1 1 8 1 0 100 0 0.19 0.81 0 0
  1 1 9 1 0 100 0 0.23 0.77 0 0
  1 1 10 1 0 100 0 0.5 0.5 0 0
  1 1 11 1 0 100 0 0.61 0.19 0.2 0
  1 1 12 1 0 100 0 0.41 0.59 0 0
  1 1 13 1 0 100 0 0.72 0.28 0 0
  1 1 14 1 0 100 0 0.32 0.68 0 0
  1 1 15 1 0 100 0 0.42 0.58 0 0
  1 1 16 1 0 100 0 0.29 0.71 0 0
  1 1 17 1 0 100 0 0.1 0.89 0.01 0
  1 1 18 1 0 100 0 0.38 0.57 0.05 0
  1 1 19 1 0 100 0 0.03 0.97 0 0
  1 1 20 1 0 100 0 0.45 0.46 0.09 0
  1 1 21 1 0 100 0 0.41 0.51 0.08 0
  1 1 22 1 0 100 0 0.55 0.45 0 0
  1 1 23 1 0 100 0 0.55 0.45 0 0
  1 1 24 1 0 100 0 0.34 0.66 0 0
  1 1 25 1 0 100 0 0.28 0.72 0 0
  1 1 26 1 0 100 0 0 1 0 0
  1 1 27 1 0 100 0 0 1 0 0
  1 1 28 1 0 100 0 0.1 0.69 0.21 0
  1 1 29 1 0 100 0 0.34 0.46 0.2 0
  1 1 30 1 0 100 0 0 1 0 0
  1 1 31 1 0 100 0 0.09 0.91 0 0
  1 1 32 1 0 100 0 0.06 0.94 0 0
  1 1 33 1 0 100 0 0.27 0.51 0.22 0
  1 1 34 1 0 100 0 0 1 0 0
  1 1 35 1 0 100 0 0.21 0.79 0 0
  1 1 36 1 0 100 0 0.2 0.8 0 0
  1 1 37 1 0 100 0 0.43 0.57 0 0
  1 1 38 1 0 100 0 0.47 0.53 0 0
  1 1 39 1 0 100 0 0.47 0.53 0 0
  1 1 40 1 0 100 0 0 1 0 0
  1 1 41 1 0 100 0 0 0.75 0.25 0
  1 1 42 1 0 100 0 0.05 0.79 0.16 0
  1 1 1 4 0 100 0 0 0.36 0.64 0
  1 1 2 4 0 100 0 0 0.22 0.78 0
  1 1 3 4 0 100 0 0 0.08 0.92 0
  1 1 4 4 0 100 0 0 1 0 0
  1 1 5 4 0 100 0 0 0.29 0.71 0
  1 1 6 4 0 100 0 0 0.43 0.57 0
  1 1 7 4 0 100 0 0 0.18 0.82 0
  1 1 8 4 0 100 0 0 0.31 0.69 0
  1 1 9 4 0 100 0 0 0.34 0.66 0
  1 1 10 4 0 100 0 0 0.2 0.8 0
  1 1 11 4 0 100 0 0 0.35 0.65 0
  1 1 12 4 0 100 0 0 0.05 0.95 0
  1 1 13 4 0 100 0 0 0.08 0.92 0
  1 1 14 4 0 100 0 0 0.73 0.27 0
  1 1 15 4 0 100 0 0 0.55 0.45 0
  1 1 16 4 0 100 0 0 0.53 0.47 0
  1 1 17 4 0 100 0 0 0.54 0.46 0
  1 1 18 4 0 100 0 0 0.77 0.23 0
  1 1 19 4 0 100 0 0 1 0 0
  1 1 20 4 0 100 0.11 0 0.85 0.04 0
  1 1 21 4 0 100 0 0 1 0 0
  1 1 22 4 0 100 0 0 0.96 0.04 0
  1 1 23 4 0 100 0 0 0.97 0.03 0
  1 1 24 4 0 100 0 0 0.9 0.1 0
  1 1 25 4 0 100 0 0 1 0 0
  1 1 26 4 0 100 0 0 0.88 0.12 0
  1 1 27 4 0 100 0 0 0.96 0.04 0
  1 1 28 4 0 100 0 0 0.94 0.06 0
  1 1 29 4 0 100 0 0 0.82 0.18 0
  1 1 30 4 0 100 0 0 1 0 0
  1 1 31 4 0 100 0 0 0.83 0.17 0
  1 1 32 4 0 100 0 0 0.39 0.61 0
  1 1 33 4 0 100 0 0 0.88 0.12 0
  1 1 34 4 0 100 0 0 0.91 0.09 0
  1 1 35 4 0 100 0 0 0.88 0.12 0
  1 1 36 4 0 100 0 0 0.89 0.11 0
  1 1 37 4 0 100 0 0 0.79 0.21 0
  1 1 38 4 0 100 0 0 0.66 0.34 0
  1 1 39 4 0 100 0 0 1 0 0
  1 1 40 4 0 100 0 0 1 0 0
  1 1 41 4 0 100 0 0 1 0 0
  1 1 42 4 0 100 0 0 0.94 0.06 0
  2 1 1 2 0 100 0 0.1 0.21 0.27 0.42
  2 1 2 2 0 100 0 0.27 0.31 0.39 0.03
  2 1 3 2 0 100 0 0 0.16 0.84 0
  2 1 4 2 0 100 0 0 0.37 0.63 0
  2 1 5 2 0 100 0 0.04 0.31 0.34 0.31
  2 1 6 2 0 100 0 0 0.14 0.86 0
  2 1 7 2 0 100 0 0 0.01 0.99 0
  2 1 8 2 0 100 0 0.34 0 0.66 0
  2 1 9 2 0 100 0 0 0.39 0.14 0.47
  2 1 10 2 0 100 0 0.42 0.24 0.34 0
  2 1 11 2 0 100 0 0 0.86 0.09 0.05
  2 1 12 2 0 100 0 0.11 0.09 0.21 0.59
  2 1 13 2 0 100 0 0 0.56 0.44 0
  2 1 14 2 0 100 0 0 0.19 0.6 0.21
  2 1 15 2 0 100 0 0 0.15 0.57 0.28
  2 1 16 2 0 100 0 0 0.62 0.38 0
  2 1 17 2 0 100 0 0 0 1 0
  2 1 18 2 0 100 0 0 0.39 0.61 0
  2 1 19 2 0 100 0 0 0.5 0.5 0
  2 1 20 2 0 100 0 0 0.07 0.93 0
  2 1 21 2 0 100 0 0 0.24 0.76 0
  2 1 22 2 0 100 0 0 0 1 0
  2 1 23 2 0 100 0 0 0.33 0.67 0
  2 1 24 2 0 100 0 0 0.02 0.79 0.19
  2 1 25 2 0 100 0 0.22 0.57 0.21 0
  2 1 26 2 0 100 0 0 0.36 0.64 0
  2 1 27 2 0 100 0 0 0.11 0.89 0
  2 1 28 2 0 100 0 0 0.12 0.88 0
  2 1 29 2 0 100 0 0 0.16 0.84 0
  2 1 30 2 0 100 0 0 0.43 0.57 0
  2 1 31 2 0 100 0 0 0.46 0.54 0
  2 1 32 2 0 100 0 0 0.21 0.79 0
  2 1 33 2 0 100 0 0 0.48 0.52 0
  2 1 34 2 0 100 0 0 1 0 0
  2 1 35 2 0 100 0 0 0 1 0
  2 1 36 2 0 100 0 0 0 1 0
  2 1 37 2 0 100 0 0 0.1 0.9 0
  2 1 38 2 0 100 0 0 0 1 0
  2 1 39 2 0 100 0 0 0 1 0
  2 1 40 2 0 100 0 0 0.42 0.58 0
  2 1 41 2 0 100 0 0 0.07 0.93 0
  2 1 42 2 0 100 0 0 0.19 0.81 0
  2 1 1 3 0 100 0 0 0.91 0.09 0
  2 1 2 3 0 100 0 0 0 1 0
  2 1 3 3 0 100 0 0.14 0.86 0 0
  2 1 4 3 0 100 0 0 0.04 0.96 0
  2 1 5 3 0 100 0 0 0.1 0.9 0
  2 1 6 3 0 100 0 0 0.62 0.38 0
  2 1 7 3 0 100 0 0.35 0.65 0 0
  2 1 8 3 0 100 0 0 0.37 0.63 0
  2 1 9 3 0 100 0 0 1 0 0
  2 1 10 3 0 100 0 0 1 0 0
  2 1 11 3 0 100 0 0 0.58 0.42 0
  2 1 12 3 0 100 0 0 0.06 0.94 0
  2 1 13 3 0 100 0 0 0.31 0.69 0
  2 1 14 3 0 100 0 0 0.37 0.19 0.44
  2 1 15 3 0 100 0 0 0.74 0.26 0
  2 1 16 3 0 100 0 0 0.42 0.58 0
  2 1 17 3 0 100 0 0 1 0 0
  2 1 18 3 0 100 0 0.2 0.8 0 0
  2 1 19 3 0 100 0 0.09 0.76 0.15 0
  2 1 20 3 0 100 0 0 0.76 0.24 0
  2 1 21 3 0 100 0 0 0.65 0.35 0
  2 1 22 3 0 100 0 0 0.86 0.14 0
  2 1 23 3 0 100 0 0 0.61 0.39 0
  2 1 24 3 0 100 0 0 0.92 0.08 0
  2 1 25 3 0 100 0 0 1 0 0
  2 1 26 3 0 100 0 0.32 0.68 0 0
  2 1 27 3 0 100 0 0.47 0.5 0.03 0
  2 1 28 3 0 100 0 0 1 0 0
  2 1 29 3 0 100 0 0 0.9 0.1 0
  2 1 30 3 0 100 0 0 1 0 0
  2 1 31 3 0 100 0 0 0.91 0.09 0
  2 1 32 3 0 100 0 0 1 0 0
  2 1 33 3 0 100 0 0 1 0 0
  2 1 34 3 0 100 0 0.76 0.24 0 0
  2 1 35 3 0 100 0 0.1 0.9 0 0
  2 1 36 3 0 100 0 0 1 0 0
  2 1 37 3 0 100 0 0 1 0 0
  2 1 38 3 0 100 0 0.38 0.62 0 0
  2 1 39 3 0 100 0 0.01 0.99 0 0
  2 1 40 3 0 100 0 0.52 0.48 0 0
  2 1 41 3 0 100 0 0 1 0 0
  2 1 42 3 0 100 0 0.14 0.86 0 0
# end fishery length observations 
#  
# Survey diet proportion observations 
# Number of observations, init_int Ndietprop_obs 
  89
# init_matrix obs_dietprop(1,Ndietprop_obs,1,ncol) 
# Survey  Year  Predator  Predator_size InpN  wt_prey_1 wt_prey_2 wt_prey_3 wt_prey_4 wt_prey_5 wt_prey_6 wt_prey_7 wt_prey_8 wt_prey_9 wt_prey_10 wt_prey_11 other 
  1 2 1 4 100 1 0 0 0 0
  1 6 4 3 100 0 0 0.42 0 0.58
  1 8 4 2 100 0 0.34 0 0 0.66
  1 8 4 3 100 0 0 0.1 0 0.9
  1 9 4 4 100 0 0 0 0 1
  1 11 1 3 100 0 0 0.39 0 0.61
  1 11 4 3 100 0 0.5 0.09 0 0.41
  1 12 1 2 100 0 0.06 0 0 0.94
  1 12 1 3 100 0 0.03 0 0 0.97
  1 13 1 3 100 0 0.91 0 0 0.09
  1 13 1 4 100 0 0 0.97 0 0.03
  1 13 4 2 100 0 0 0 0 1
  1 13 4 3 100 0 0.51 0 0 0.49
  1 13 4 4 100 0 0.07 0 0 0.93
  1 14 1 3 100 0 0.33 0.26 0 0.41
  1 14 1 4 100 0 0.16 0 0 0.84
  1 14 4 3 100 0 0.4 0 0 0.6
  1 14 4 4 100 0 0.42 0 0 0.58
  1 15 1 2 100 0 1 0 0 0
  1 15 1 3 100 0 0 0 0 1
  1 15 4 3 100 0 0.28 0 0 0.72
  1 15 4 4 100 0 0.27 0 0 0.73
  1 16 1 3 100 0 0 0.4 0 0.6
  1 16 1 4 100 0 0.05 0 0 0.95
  1 16 4 3 100 0 0 0 0 1
  1 16 4 4 100 0 0 0 0 1
  1 17 4 2 100 0 0 0 0 1
  1 17 4 3 100 0 0.09 0 0 0.91
  1 18 1 1 100 0 0 0 0 1
  1 18 1 2 100 0 0 0 0 1
  1 18 1 3 100 0 0.89 0 0 0.11
  1 18 4 3 100 0 0 0 0 1
  1 19 1 2 100 0 0.01 0 0 0.99
  1 19 1 3 100 0 0 0 0 1
  1 19 1 4 100 0 0.8 0.18 0 0.02
  1 19 4 2 100 0 0.1 0 0 0.9
  1 19 4 3 100 0 0.41 0 0 0.59
  1 20 1 3 100 0 0.75 0 0 0.25
  1 20 4 2 100 0 0 0 0 1
  1 20 4 3 100 0 0.81 0 0 0.19
  1 21 1 2 100 0 0 0.43 0 0.57
  1 21 1 3 100 0 0.34 0 0 0.66
  1 21 1 4 100 0 0.04 0 0 0.96
  1 21 4 3 100 0 0.71 0 0 0.29
  1 22 1 3 100 0 0 0 0 1
  1 22 4 2 100 0 0 0 0 1
  1 22 4 3 100 0.32 0 0 0 0.68
  1 23 1 3 100 0 0.57 0 0 0.43
  1 23 4 3 100 0 0.29 0 0 0.71
  1 24 1 3 100 0 0.03 0 0 0.97
  1 24 1 4 100 0 0.18 0 0 0.82
  1 24 4 3 100 0 0.03 0 0 0.97
  1 25 1 2 100 0 0 0 0 1
  1 25 1 3 100 0 0.01 0 0 0.99
  1 25 4 3 100 0 0.04 0 0 0.96
  1 25 4 4 100 0 0 0.74 0 0.26
  1 26 1 3 100 0 0.48 0 0 0.52
  1 26 4 3 100 0 0 0.05 0 0.95
  1 27 1 3 100 0 0 0 0 1
  1 27 1 4 100 0 0 0 0 1
  1 27 4 2 100 0 0.54 0.18 0 0.28
  1 27 4 3 100 0 0 0.17 0 0.83
  1 28 1 3 100 0 0 0 0 1
  1 28 4 2 100 0 0.17 0.67 0 0.16
  1 28 4 3 100 0 0.37 0 0 0.63
  1 29 1 3 100 0 0.11 0.4 0 0.49
  1 29 4 3 100 0 0 0 0 1
  1 30 4 3 100 0 0 0 0 1
  1 31 4 3 100 0 0.52 0 0 0.48
  1 31 4 4 100 0 0 0 0 1
  1 33 1 3 100 0 0.59 0 0 0.41
  1 33 4 3 100 0 0.18 0 0 0.82
  1 34 1 3 100 0 0.29 0 0 0.71
  1 34 4 3 100 0 0 0 0 1
  1 35 1 1 100 0.16 0 0 0 0.84
  1 35 1 2 100 0 0.6 0 0 0.4
  1 35 1 3 100 0 0.58 0 0 0.42
  1 35 4 3 100 0 0.33 0.22 0 0.45
  1 36 1 3 100 0 0 0 0 1
  1 36 4 2 100 0.63 0 0 0 0.37
  1 36 4 3 100 0 0.78 0 0 0.22
  1 37 4 3 100 0 0.21 0 0 0.79
  1 38 1 3 100 0 0.96 0 0 0.04
  1 39 1 3 100 0 0 0 0 1
  1 40 1 2 100 0 0 0 0 1
  1 40 4 3 100 0 0.24 0 0 0.76
  1 40 4 4 100 0 0 0 0 1
  1 41 1 2 100 0 0.26 0 0 0.74
  1 42 4 3 100 0 0 0.27 0 0.73
# end survey diet proportion observations 
#  
