# Number of parameters = 286 Objective function value = 7836.37892087758  Maximum gradient component = 9.81918724218203e-05
# ln_yr1N:
 1.85713874326637 3.46894521668681 2.68473327389507 0.295724813190751 -0.00236673892306693
 6.11208958644859 5.77217772235681 6.80648605887012 4.81747788287594 4.61086478687789
 6.25650137481593 3.94347815323910 3.73885500539535 4.21388447342895 -3.85701769851440
 5.44352037234543 5.79426768684466 6.65387159767759 4.77497057627501 -0.858125141090730
# recruitment_alpha:
 0.00000000000000 0.00000000000000 0.00000000000000 0.00000000000000
# recruitment_shape:
 0.00000000000000 0.00000000000000 0.00000000000000 0.00000000000000
# recruitment_beta:
 0.00000000000000 0.00000000000000 0.00000000000000 0.00000000000000
# ln_avg_recruitment:
 1.61250059102729 8.47246949800038 6.65291042578921 5.58522110450815
# recruitment_devs:
 0.253723734145524 0.625166113314392 2.32828617218533 0.303991350423888 0.137474883446409 1.47558850254467 0.106662119694249 2.42425498659856 0.217114373803416 0.366634298112989 1.49670508609460 0.129323612396634 0.546542305109193 0.329908766054616 -0.167669164304301 0.656530986611535 -0.148561269511720 0.0452021364310585 0.733427750666069 0.702233665019465 0.0710484529212602 0.654485580591408 -0.242263401865696 -0.782094541147496 -0.712960555617138 -0.235506692830732 0.00691016259904146 -0.133115086427917 -0.865372698150035 -1.26094765945061 -1.45527454727719 -1.64547815346494 -1.41842587940189 -0.731424421262133 -0.590125269393405 -0.546469976679394 -0.541130468749496 -1.23704808631847 -1.02441649620039 -0.218753625132892 0.345822714015183
 -1.72755512929135 -1.88004257651163 -1.97451106084880 -1.64005215780743 -1.86156455207169 -1.84130660229257 -1.47038054530636 -0.459156738886124 -1.01009091153186 -0.106227493793479 -0.593088756723490 -0.144896170949682 -0.744329288537337 -1.32907486127009 -0.346944338174993 0.772975739431556 0.961894469710599 0.382780225847828 0.654625667296752 1.55508346740220 0.401859531657761 -0.196902813411259 -0.220747544094321 0.602505697974278 0.847090305899290 -0.705385588292506 0.327997274232136 0.697922238090064 0.556573564440715 1.28817593255849 1.71407168292212 0.884268140504516 1.23252909871860 1.00095743002924 1.22437642170085 0.877672019917624 1.37218520635538 -0.0263127291007847 -0.568369492502867 -0.242610646512538 1.73400124770498
 -0.550232973990857 0.562068308330909 0.447364018598029 0.299988718028492 0.517940508812333 0.215497405283393 0.170902185625642 0.193415676080146 -0.426776182187282 -0.134922889182998 0.168583349412176 0.615673474531471 1.83103480608404 0.580389044476630 -0.167916892533268 -0.782155550980129 -0.256038727623612 -0.0467857516223240 -0.455985982491784 0.0393375853012505 -0.775670106288951 0.281965698140205 -0.330961051049371 -0.187304301297732 -0.0612473015068058 -0.322679580223480 -0.610668360175051 -0.867307715839319 -1.25125513414478 -1.77816203669035 -1.69845914315781 -0.327588192687250 0.514528070071098 -0.302350733330934 -0.0732714073666305 1.51994779271881 0.482978179567315 2.61580852328948 0.331085567833477 0.155955506485494 -0.136729837284995
 0.00292396660345676 0.00926241580187664 0.0116608792064689 0.00298131695827630 -0.00142249826157908 -0.00517565694202341 -0.00265079299193711 -0.00506561826744033 -0.00750369748681159 -0.0130362208923812 -0.0161927013428589 -0.0168738586762495 -0.00885468709394457 -0.00514642452199560 -0.00427589320002969 0.000231128480520876 0.00136223467092490 -0.00206890083169615 -0.0142945814731700 -0.0287675964749096 -0.0462920859255557 -0.0601403493572345 -0.0718224599506668 -0.0818054334243358 -0.0816012802653166 -0.0764950449261083 -0.0653522187223536 -0.0463896981877491 -0.0196895924289623 0.00841936938239322 0.0420270569725626 0.0730549921046580 0.0994924405783335 0.101667356419678 0.0865038651220447 0.0696576951088670 0.0541669815925399 0.0482464494787232 0.0363253966862562 0.0222855742453336 0.0106482296959159
# ln_recsigma:
 -0.693147181000000 -0.693147181000000 -0.693147181000000 -2.30258509300000
# avg_F:
 -0.714722846650831 -1.44551389497991
# F_devs:
 -0.436579943853539 -0.472293029738530 -0.0275789166012402 -0.0456896561114544 0.423844580556890 0.272635171609990 0.0202633173312931 0.334805603032575 0.219642201335937 0.293280080979680 0.396333347702814 0.409526779636302 0.758797765505267 0.909570223400740 0.769868237534161 0.551602791092004 0.895973586365889 0.265365587783445 0.353090607524477 0.625213735686432 0.129325800913898 0.0735938995445696 0.297393551978180 0.358863623024267 0.124972943245887 0.144946690780069 -0.406705323163031 -0.908835153620813 -0.198111095023524 -0.282666894253651 -0.398271618674872 -0.0772293746144593 -0.449503753345724 -0.151821284527775 -0.0420735119614530 -0.674062429996956 -0.119745784991558 -0.319732940938773 -0.353451866565661 -0.807890571386198 -0.953961637966740 -1.50270536085823
 -2.06248198980251 -2.02046263576072 -0.905823869526787 -0.473822182203577 0.809080743293954 0.932762188416987 0.600374105109037 0.639086785085588 0.825887380580586 0.607829018559855 0.596464131362186 -0.621288710991784 0.712224056636408 -0.0739319677766936 -0.646512355121705 -0.759697468574180 0.794681565259058 -2.36500513702708 -0.111099743682965 -0.299819262757608 -0.211740882278432 0.722533301700759 0.0254898511688731 -0.510221305817545 -0.0522667705485775 1.04047217069347 1.38122140264923 0.282396601245611 0.754772534525722 1.18208099141889 1.14113220202036 1.05215746616572 0.0840612678316481 -0.0730761073952986 -0.491222349598187 0.783930906941081 0.730280178194853 0.301094238956590 -0.415905776228256 -0.437393784798439 -1.24706427196143 -2.22117654993787
# logit_vuln:
 5.00000000000000 5.00000000000000 5.00000000000000 5.00000000000000
# fishsel_pars:
 3.94722606234468 3.22475723897593
 2.58782667089273 1.53900783458229
# ln_fishery_q:
 -5.14089529811894 -1.00777221448149
# ln_survey_q:
 -1.45886843413754 -4.02985434605959 -4.46931217305023 -2.83088436069979
# survey_selpars:
 3.11278817310238
 1.85821457113379
# ln_M1ann:
 -1.23787435600000 -1.60943800000000 -1.60943800000000 -2.28278246600000
# ln_otherFood_base:
13.5278300000
# otherFood_dev:
 0.00000000000
