# This file was created using the write_tsDatFile function and used all the simulated data from sim_dta.rds found in repo:Hydra-self-testing
# Survey index data 
# Number of observations, init_int Nsurvey_obs
  166
# init_matrix obs_survey_biomass(1,Nsurvey_obs,1,5)
# survey year spp value cv
  1 1 4 68680.9385570632 0.2
  1 2 4 75870.151014445 0.2
  1 3 4 93776.2070469481 0.2
  1 4 4 115694.272120094 0.2
  1 5 4 82933.9167464598 0.2
  1 6 4 96429.4696869682 0.2
  1 7 4 98397.059598473 0.2
  1 8 4 129139.31686058 0.2
  1 9 4 88570.83770539 0.2
  1 10 4 164947.615428874 0.2
  1 11 4 104533.992822881 0.2
  1 12 4 153727.683965868 0.2
  1 13 4 178328.614013385 0.2
  1 14 4 147024.576874113 0.2
  1 15 4 157362.135435629 0.2
  1 16 4 153185.370911842 0.2
  1 17 4 123079.863324206 0.2
  1 18 4 130714.537726259 0.2
  1 19 4 118355.251423965 0.2
  1 20 4 96387.6298907561 0.2
  1 21 4 159841.294935732 0.2
  1 22 4 129869.560367629 0.2
  1 23 4 161451.409178302 0.2
  1 24 4 162800.00946332 0.2
  1 25 4 160392.307501996 0.2
  1 26 4 199424.069058521 0.2
  1 27 4 174886.431870769 0.2
  1 28 4 208689.021462854 0.2
  1 29 4 138205.383293338 0.2
  1 30 4 258928.808419592 0.2
  1 31 4 166971.968209136 0.2
  1 32 4 116983.433477689 0.2
  1 33 4 223411.687217645 0.2
  1 34 4 286492.061485719 0.2
  1 35 4 166695.169781269 0.2
  1 36 4 239840.917193036 0.2
  1 37 4 183120.805414157 0.2
  1 38 4 231904.16855623 0.2
  1 39 4 210110.311529362 0.2
  1 40 4 157655.24791419 0.2
  1 41 4 298743.703800448 0.2
  1 42 4 268354.096774322 0.2
  1 1 2 150.75763340666 0.2
  1 4 2 94.008471716352 0.2
  1 5 2 126.196595300152 0.2
  1 6 2 162.053292662434 0.2
  1 7 2 155.681392493026 0.2
  1 8 2 153.576494118016 0.2
  1 9 2 271.489012303128 0.2
  1 10 2 209.701976578294 0.2
  1 11 2 309.864996695075 0.2
  1 12 2 352.633230108876 0.2
  1 13 2 384.444602443851 0.2
  1 14 2 566.175405761261 0.2
  1 15 2 409.743158924607 0.2
  1 16 2 252.264270956487 0.2
  1 17 2 586.692673441544 0.2
  1 18 2 622.081086458706 0.2
  1 19 2 1227.61662371927 0.2
  1 20 2 3360.39906226446 0.2
  1 21 2 3166.22672814925 0.2
  1 22 2 2833.70230312209 0.2
  1 23 2 3018.65172571732 0.2
  1 24 2 1946.07138688848 0.2
  1 25 2 2415.14270266458 0.2
  1 26 2 1418.28030022683 0.2
  1 27 2 1523.98044548754 0.2
  1 28 2 1545.91009752281 0.2
  1 29 2 2190.027263901 0.2
  1 30 2 1818.98091284659 0.2
  1 31 2 2081.21349878824 0.2
  1 32 2 2324.48258695421 0.2
  1 33 2 3273.8993446031 0.2
  1 34 2 3399.9147905371 0.2
  1 35 2 2966.15819865593 0.2
  1 36 2 1793.13842722135 0.2
  1 37 2 2020.88232103654 0.2
  1 38 2 2596.28225773812 0.2
  1 39 2 1865.98164871765 0.2
  1 40 2 1458.25181127865 0.2
  1 41 2 790.907533794658 0.2
  1 42 2 1219.72851563548 0.2
  1 1 1 16757.9406692536 0.2
  1 2 1 16477.8115576091 0.2
  1 3 1 19116.4553453717 0.2
  1 4 1 15665.2516016644 0.2
  1 5 1 7678.48538047695 0.2
  1 6 1 14781.5779030878 0.2
  1 7 1 13845.6765998119 0.2
  1 8 1 13040.5641930844 0.2
  1 9 1 10849.4601448106 0.2
  1 10 1 12039.1626635231 0.2
  1 11 1 12403.894689858 0.2
  1 12 1 9183.9917788117 0.2
  1 13 1 7401.91343730902 0.2
  1 14 1 8197.85152428617 0.2
  1 15 1 7332.14707327022 0.2
  1 16 1 5307.8772692214 0.2
  1 17 1 5190.44584781751 0.2
  1 18 1 7093.78269345822 0.2
  1 19 1 3068.35023376854 0.2
  1 20 1 3048.31514963315 0.2
  1 21 1 5914.0425285234 0.2
  1 22 1 5734.11434836674 0.2
  1 23 1 8164.30101209199 0.2
  1 24 1 6862.3243849441 0.2
  1 25 1 6091.74021972399 0.2
  1 26 1 8650.89499483937 0.2
  1 27 1 6526.83537061796 0.2
  1 28 1 3948.5632709366 0.2
  1 29 1 3026.67905198583 0.2
  1 30 1 5694.76153368121 0.2
  1 31 1 5316.69268117305 0.2
  1 32 1 5267.77147268991 0.2
  1 33 1 5051.29033950074 0.2
  1 34 1 2815.02887569193 0.2
  1 35 1 1981.35520145615 0.2
  1 36 1 2050.24194862334 0.2
  1 37 1 2422.87310104232 0.2
  1 38 1 2702.84051276935 0.2
  1 39 1 2354.52148295323 0.2
  1 40 1 2365.64661913804 0.2
  1 41 1 1664.23810051472 0.2
  1 42 1 2678.45356036367 0.2
  1 1 3 125.512902993301 0.2
  1 2 3 117.393251365012 0.2
  1 3 3 168.34243961205 0.2
  1 4 3 330.194282614191 0.2
  1 5 3 414.603820582301 0.2
  1 6 3 439.390281553441 0.2
  1 7 3 533.969715786655 0.2
  1 8 3 516.882757168788 0.2
  1 9 3 553.99373367709 0.2
  1 10 3 530.356746740378 0.2
  1 11 3 376.895147533721 0.2
  1 12 3 279.845688759897 0.2
  1 13 3 319.197318063071 0.2
  1 14 3 437.043492475011 0.2
  1 15 3 388.637079395349 0.2
  1 16 3 421.844082813433 0.2
  1 17 3 408.816906062555 0.2
  1 18 3 403.288904480581 0.2
  1 19 3 321.979176276293 0.2
  1 20 3 390.055332720264 0.2
  1 21 3 214.635750330854 0.2
  1 22 3 226.206647872155 0.2
  1 23 3 202.753597476608 0.2
  1 24 3 273.586549848768 0.2
  1 25 3 420.264835472429 0.2
  1 26 3 486.03675832585 0.2
  1 27 3 206.241289885239 0.2
  1 28 3 257.271609144462 0.2
  1 29 3 261.533931808693 0.2
  1 30 3 151.540080623823 0.2
  1 31 3 132.760110744994 0.2
  1 32 3 137.84259439478 0.2
  1 33 3 155.389812884383 0.2
  1 34 3 175.267554267339 0.2
  1 35 3 194.112844573822 0.2
  1 36 3 189.166911665163 0.2
  1 37 3 330.200225961246 0.2
  1 38 3 374.705341198599 0.2
  1 39 3 549.357347138432 0.2
  1 40 3 355.971450535429 0.2
  1 41 3 503.508467019932 0.2
  1 42 3 1157.09766374148 0.2
# end survey index observations 
#  
# Survey size comp data 
# Number of observations, init_int Nsurvey_size_obs 
  166
# init_matrix obs_survey_size(1,Nsurvey_size_obs,1,ncol) 
# Survey  Year  Species Type (0=whole, 1=retained, 2=discard) InpN, proportion by length bin 
  1 1 1 0 100 0 0.1 0.72 0.18 0
  1 2 1 0 100 0 0.08 0.51 0.41 0
  1 3 1 0 100 0.06 0.07 0.87 0 0
  1 4 1 0 100 0 0.19 0.64 0.17 0
  1 5 1 0 100 0 0.25 0.66 0.09 0
  1 6 1 0 100 0 0.32 0.68 0 0
  1 7 1 0 100 0.07 0.12 0.81 0 0
  1 8 1 0 100 0 0 1 0 0
  1 9 1 0 100 0 0.35 0.65 0 0
  1 10 1 0 100 0 0.5 0.01 0 0.49
  1 11 1 0 100 0 0.14 0.86 0 0
  1 12 1 0 100 0.09 0.44 0.19 0.28 0
  1 13 1 0 100 0 0.29 0.46 0.25 0
  1 14 1 0 100 0 0.17 0.83 0 0
  1 15 1 0 100 0 0.65 0.35 0 0
  1 16 1 0 100 0 0 1 0 0
  1 17 1 0 100 0 0.61 0.39 0 0
  1 18 1 0 100 0 0.18 0.82 0 0
  1 19 1 0 100 0 0.37 0.63 0 0
  1 20 1 0 100 0 0.66 0.34 0 0
  1 21 1 0 100 0 0.97 0.03 0 0
  1 22 1 0 100 0 0.15 0.85 0 0
  1 23 1 0 100 0.13 0.24 0.63 0 0
  1 24 1 0 100 0.11 0.61 0.28 0 0
  1 25 1 0 100 0 0 1 0 0
  1 26 1 0 100 0 0.37 0.63 0 0
  1 27 1 0 100 0.16 0.17 0.67 0 0
  1 28 1 0 100 0 0.67 0.33 0 0
  1 29 1 0 100 0.1 0.9 0 0 0
  1 30 1 0 100 0.02 0.55 0.43 0 0
  1 31 1 0 100 0 0.4 0.6 0 0
  1 32 1 0 100 0 1 0 0 0
  1 33 1 0 100 0.04 0.42 0.54 0 0
  1 34 1 0 100 0.03 0.11 0.5 0.36 0
  1 35 1 0 100 0 0.28 0.41 0.31 0
  1 36 1 0 100 0 0.72 0.28 0 0
  1 37 1 0 100 0.05 0.95 0 0 0
  1 38 1 0 100 0 1 0 0 0
  1 39 1 0 100 0 1 0 0 0
  1 40 1 0 100 0 0.24 0.76 0 0
  1 41 1 0 100 0 0.66 0.34 0 0
  1 42 1 0 100 0.3 0.7 0 0 0
  1 1 2 0 100 0 0 0 1 0
  1 4 2 0 100 0 0 0 1 0
  1 5 2 0 100 0 0 0 1 0
  1 6 2 0 100 0 0 1 0 0
  1 7 2 0 100 0 0 0 1 0
  1 8 2 0 100 0 0 0 1 0
  1 9 2 0 100 0 0 0.67 0.33 0
  1 10 2 0 100 0 0 0.89 0.11 0
  1 11 2 0 100 0 0.08 0.26 0.66 0
  1 12 2 0 100 0 0.22 0.38 0.4 0
  1 13 2 0 100 0 0 0.64 0.36 0
  1 14 2 0 100 0 0.1 0.26 0.64 0
  1 15 2 0 100 0 0 0.65 0.35 0
  1 16 2 0 100 0 0 1 0 0
  1 17 2 0 100 0 0 0.66 0.34 0
  1 18 2 0 100 0 0.23 0.77 0 0
  1 19 2 0 100 0 0.08 0.57 0.35 0
  1 20 2 0 100 0 0 0.99 0.01 0
  1 21 2 0 100 0 0 0.91 0.09 0
  1 22 2 0 100 0 0 0.84 0.16 0
  1 23 2 0 100 0 0 0.98 0.02 0
  1 24 2 0 100 0 0 0.88 0.12 0
  1 25 2 0 100 0 0.16 0.01 0.83 0
  1 26 2 0 100 0 0.57 0.43 0 0
  1 27 2 0 100 0 0 0.87 0.13 0
  1 28 2 0 100 0 0 0.91 0.09 0
  1 29 2 0 100 0 0 0.51 0.49 0
  1 30 2 0 100 0 0 0.59 0.41 0
  1 31 2 0 100 0 0 0.6 0.4 0
  1 32 2 0 100 0 0 1 0 0
  1 33 2 0 100 0 0.02 0.98 0 0
  1 34 2 0 100 0 0 1 0 0
  1 35 2 0 100 0 0 1 0 0
  1 36 2 0 100 0 0.04 0.21 0.75 0
  1 37 2 0 100 0 0 1 0 0
  1 38 2 0 100 0 0 0.87 0.13 0
  1 39 2 0 100 0 0 1 0 0
  1 40 2 0 100 0 0 0.4 0.6 0
  1 41 2 0 100 0 0 0.19 0.81 0
  1 42 2 0 100 0 0.62 0.38 0 0
  1 1 3 0 100 0 0.17 0.21 0.62 0
  1 2 3 0 100 0 0 0.67 0.33 0
  1 3 3 0 100 0 0 0.34 0.66 0
  1 4 3 0 100 0 0 1 0 0
  1 5 3 0 100 0 0.11 0.64 0.25 0
  1 6 3 0 100 0 0 1 0 0
  1 7 3 0 100 0 0.04 0.96 0 0
  1 8 3 0 100 0 0.2 0.8 0 0
  1 9 3 0 100 0 1 0 0 0
  1 10 3 0 100 0 0.53 0.47 0 0
  1 11 3 0 100 0 0 1 0 0
  1 12 3 0 100 0 0.66 0.34 0 0
  1 13 3 0 100 0 0.6 0.4 0 0
  1 14 3 0 100 0 0.63 0.37 0 0
  1 15 3 0 100 0 0.05 0.95 0 0
  1 16 3 0 100 0 0.45 0.55 0 0
  1 17 3 0 100 0 0 1 0 0
  1 18 3 0 100 0 0.69 0.31 0 0
  1 19 3 0 100 0 0.85 0.15 0 0
  1 20 3 0 100 0 0 1 0 0
  1 21 3 0 100 0 0.8 0.2 0 0
  1 22 3 0 100 0 0.06 0.94 0 0
  1 23 3 0 100 0 0.39 0.61 0 0
  1 24 3 0 100 0 0.27 0.73 0 0
  1 25 3 0 100 0 0.6 0.4 0 0
  1 26 3 0 100 0 0.98 0.02 0 0
  1 27 3 0 100 0 0.19 0.81 0 0
  1 28 3 0 100 0 0.57 0.43 0 0
  1 29 3 0 100 0 1 0 0 0
  1 30 3 0 100 0 1 0 0 0
  1 31 3 0 100 0 0 1 0 0
  1 32 3 0 100 0 0.12 0.88 0 0
  1 33 3 0 100 0 0.59 0.41 0 0
  1 34 3 0 100 0 0.46 0.54 0 0
  1 35 3 0 100 0 0.26 0.74 0 0
  1 36 3 0 100 0 0.4 0.6 0 0
  1 37 3 0 100 0 0 1 0 0
  1 38 3 0 100 0 0 1 0 0
  1 39 3 0 100 0 0 1 0 0
  1 40 3 0 100 0 0.94 0.06 0 0
  1 41 3 0 100 0 0.16 0.84 0 0
  1 42 3 0 100 0 0 1 0 0
  1 1 4 0 100 0.08 0.41 0.49 0.02 0
  1 2 4 0 100 0 0.16 0.65 0.19 0
  1 3 4 0 100 0 0 1 0 0
  1 4 4 0 100 0 0.75 0.25 0 0
  1 5 4 0 100 0.01 0.54 0.28 0.17 0
  1 6 4 0 100 0 0.84 0.1 0.06 0
  1 7 4 0 100 0 0.57 0.28 0.15 0
  1 8 4 0 100 0 0.74 0.18 0.08 0
  1 9 4 0 100 0.02 0.52 0.35 0.11 0
  1 10 4 0 100 0 0.35 0.65 0 0
  1 11 4 0 100 0 0.44 0.56 0 0
  1 12 4 0 100 0.05 0.47 0.48 0 0
  1 13 4 0 100 0 0.1 0.85 0.05 0
  1 14 4 0 100 0 0.55 0.45 0 0
  1 15 4 0 100 0 0.28 0.72 0 0
  1 16 4 0 100 0 0.41 0.38 0.21 0
  1 17 4 0 100 0 0.18 0.73 0.09 0
  1 18 4 0 100 0 0.54 0.46 0 0
  1 19 4 0 100 0 0.58 0.42 0 0
  1 20 4 0 100 0 0.8 0.2 0 0
  1 21 4 0 100 0 0.97 0.03 0 0
  1 22 4 0 100 0 0.46 0.54 0 0
  1 23 4 0 100 0 0.61 0.39 0 0
  1 24 4 0 100 0 0.58 0.42 0 0
  1 25 4 0 100 0 0.19 0.81 0 0
  1 26 4 0 100 0 0 1 0 0
  1 27 4 0 100 0 0.27 0.73 0 0
  1 28 4 0 100 0 0.02 0.98 0 0
  1 29 4 0 100 0 0 1 0 0
  1 30 4 0 100 0 0 1 0 0
  1 31 4 0 100 0 0.16 0.84 0 0
  1 32 4 0 100 0 0.14 0.86 0 0
  1 33 4 0 100 0 0.28 0.72 0 0
  1 34 4 0 100 0.25 0.35 0.4 0 0
  1 35 4 0 100 0.11 0.84 0.05 0 0
  1 36 4 0 100 0 0.85 0.15 0 0
  1 37 4 0 100 0 0.98 0.02 0 0
  1 38 4 0 100 0 0.96 0.04 0 0
  1 39 4 0 100 0 0.86 0.14 0 0
  1 40 4 0 100 0 0.98 0.02 0 0
  1 41 4 0 100 0 0.78 0.22 0 0
  1 42 4 0 100 0 0.68 0.32 0 0
# end survey length observations 
#  
# Fishery catch data 
# Number of observations, init_int Ncatch_obs
  168
# init_matrix obs_catch_biomass(1,Ncatch_obs,1,6) 
# Fleet	Area	Year	Species	Catch(biomass t)	CV 
  1 1 1 1 33298.5773124108 0.15
  1 1 2 1 31836.403448957 0.15
  1 1 3 1 23301.6944238879 0.15
  1 1 4 1 26628.8740251527 0.15
  1 1 5 1 20057.8283874515 0.15
  1 1 6 1 15406.3164150197 0.15
  1 1 7 1 16917.971650721 0.15
  1 1 8 1 19945.0578986976 0.15
  1 1 9 1 12121.9560336444 0.15
  1 1 10 1 18312.2757606762 0.15
  1 1 11 1 19678.4171346127 0.15
  1 1 12 1 20764.7457930571 0.15
  1 1 13 1 15973.5491932739 0.15
  1 1 14 1 14278.4796106774 0.15
  1 1 15 1 11321.2133885536 0.15
  1 1 16 1 11792.3120721229 0.15
  1 1 17 1 6792.38957718249 0.15
  1 1 18 1 8371.54928369118 0.15
  1 1 19 1 6367.95551291374 0.15
  1 1 20 1 6210.62232153744 0.15
  1 1 21 1 3214.79057454835 0.15
  1 1 22 1 3066.01086626228 0.15
  1 1 23 1 3399.43658590702 0.15
  1 1 24 1 4717.76368301089 0.15
  1 1 25 1 4153.44465334523 0.15
  1 1 26 1 2900.68886005873 0.15
  1 1 27 1 3778.73412759021 0.15
  1 1 28 1 4135.53375632862 0.15
  1 1 29 1 3191.8404016606 0.15
  1 1 30 1 3014.75327830487 0.15
  1 1 31 1 3041.85873824556 0.15
  1 1 32 1 2886.48192193783 0.15
  1 1 33 1 2894.78985028259 0.15
  1 1 34 1 2682.49160069112 0.15
  1 1 35 1 2272.95224231544 0.15
  1 1 36 1 1630.58051234148 0.15
  1 1 37 1 1379.88537114567 0.15
  1 1 38 1 1691.82517188956 0.15
  1 1 39 1 1761.56023656488 0.15
  1 1 40 1 1801.67638647658 0.15
  1 1 41 1 1667.27361655539 0.15
  1 1 42 1 1495.17402312369 0.15
  1 1 1 4 6727.65820532663 0.15
  1 1 2 4 5550.00153429633 0.15
  1 1 3 4 6478.06103107158 0.15
  1 1 4 4 5457.26101665127 0.15
  1 1 5 4 8532.29265298168 0.15
  1 1 6 4 7190.42344275092 0.15
  1 1 7 4 6236.83158698732 0.15
  1 1 8 4 7950.70057693948 0.15
  1 1 9 4 5674.90507048408 0.15
  1 1 10 4 7998.20782602234 0.15
  1 1 11 4 8437.87823518145 0.15
  1 1 12 4 9039.21204795127 0.15
  1 1 13 4 7091.60609189449 0.15
  1 1 14 4 7874.5566471974 0.15
  1 1 15 4 8219.65396751841 0.15
  1 1 16 4 8920.46919662824 0.15
  1 1 17 4 9699.29536703548 0.15
  1 1 18 4 9850.73081530521 0.15
  1 1 19 4 10680.5577548534 0.15
  1 1 20 4 10477.327803073 0.15
  1 1 21 4 3791.76301738612 0.15
  1 1 22 4 4797.93722129285 0.15
  1 1 23 4 4318.18866524448 0.15
  1 1 24 4 4546.31556746273 0.15
  1 1 25 4 6259.49353270966 0.15
  1 1 26 4 5077.52604999388 0.15
  1 1 27 4 5382.00819383726 0.15
  1 1 28 4 4004.80110719248 0.15
  1 1 29 4 5876.34331831676 0.15
  1 1 30 4 6823.47684033526 0.15
  1 1 31 4 5839.61637543357 0.15
  1 1 32 4 7301.68047714859 0.15
  1 1 33 4 7211.37140512671 0.15
  1 1 34 4 7029.27988475809 0.15
  1 1 35 4 7244.9702379676 0.15
  1 1 36 4 5431.40269843021 0.15
  1 1 37 4 7815.75436534201 0.15
  1 1 38 4 8073.47019214603 0.15
  1 1 39 4 8130.77606877671 0.15
  1 1 40 4 7528.18230673476 0.15
  1 1 41 4 4824.80476883023 0.15
  1 1 42 4 5961.83798459784 0.15
  2 1 1 2 1628.91808962699 0.15
  2 1 2 2 1069.52272544067 0.15
  2 1 3 2 1034.19244912906 0.15
  2 1 4 2 866.567427295981 0.15
  2 1 5 2 643.275146219335 0.15
  2 1 6 2 737.528725720517 0.15
  2 1 7 2 967.847383535371 0.15
  2 1 8 2 839.277233660097 0.15
  2 1 9 2 964.38831086472 0.15
  2 1 10 2 1521.14430856481 0.15
  2 1 11 2 1441.50937114827 0.15
  2 1 12 2 1920.29395256568 0.15
  2 1 13 2 2454.46131108868 0.15
  2 1 14 2 3190.7846067828 0.15
  2 1 15 2 3015.11476117937 0.15
  2 1 16 2 2489.12030137046 0.15
  2 1 17 2 2695.64251685095 0.15
  2 1 18 2 2620.77418825928 0.15
  2 1 19 2 2431.753326468 0.15
  2 1 20 2 9691.19154447066 0.15
  2 1 21 2 12132.0964843595 0.15
  2 1 22 2 13178.1458804373 0.15
  2 1 23 2 13902.4055489532 0.15
  2 1 24 2 15435.6833404069 0.15
  2 1 25 2 13537.0966218232 0.15
  2 1 26 2 13824.1580996382 0.15
  2 1 27 2 12662.0387778657 0.15
  2 1 28 2 15089.1302085192 0.15
  2 1 29 2 14328.5782975978 0.15
  2 1 30 2 13916.2849844151 0.15
  2 1 31 2 13661.3103602422 0.15
  2 1 32 2 12526.5581380454 0.15
  2 1 33 2 11039.5314462716 0.15
  2 1 34 2 18131.5880772249 0.15
  2 1 35 2 21436.6743890657 0.15
  2 1 36 2 20261.7397365582 0.15
  2 1 37 2 29052.5645106151 0.15
  2 1 38 2 19068.1648186141 0.15
  2 1 39 2 13915.9321992447 0.15
  2 1 40 2 8701.38387337247 0.15
  2 1 41 2 9340.3934210996 0.15
  2 1 42 2 7050.40503357922 0.15
  2 1 1 3 591.200979889291 0.15
  2 1 2 3 593.203211346395 0.15
  2 1 3 3 439.212221908305 0.15
  2 1 4 3 547.753003936112 0.15
  2 1 5 3 1094.07754431775 0.15
  2 1 6 3 1505.4728197785 0.15
  2 1 7 3 2157.90903855223 0.15
  2 1 8 3 2277.23640750018 0.15
  2 1 9 3 2124.55355711533 0.15
  2 1 10 3 2262.26905930415 0.15
  2 1 11 3 1714.06117517691 0.15
  2 1 12 3 1389.15164709601 0.15
  2 1 13 3 1352.18732875606 0.15
  2 1 14 3 1356.51065787892 0.15
  2 1 15 3 1833.39404331102 0.15
  2 1 16 3 1548.43306635521 0.15
  2 1 17 3 2048.00693116669 0.15
  2 1 18 3 1534.33370720752 0.15
  2 1 19 3 1447.77574870221 0.15
  2 1 20 3 1534.4280988431 0.15
  2 1 21 3 1163.13104668097 0.15
  2 1 22 3 1252.43372964734 0.15
  2 1 23 3 1144.85244603435 0.15
  2 1 24 3 1062.58781403783 0.15
  2 1 25 3 1159.9724750321 0.15
  2 1 26 3 1397.99456306644 0.15
  2 1 27 3 1415.63555952409 0.15
  2 1 28 3 1421.55601293309 0.15
  2 1 29 3 1216.73838007876 0.15
  2 1 30 3 957.16163373997 0.15
  2 1 31 3 801.011981853681 0.15
  2 1 32 3 630.372225829275 0.15
  2 1 33 3 646.32753555827 0.15
  2 1 34 3 571.648413016434 0.15
  2 1 35 3 831.061030467727 0.15
  2 1 36 3 970.504473916866 0.15
  2 1 37 3 1092.12592156001 0.15
  2 1 38 3 1657.94545548913 0.15
  2 1 39 3 1280.99572390266 0.15
  2 1 40 3 1413.09350851322 0.15
  2 1 41 3 1590.0405308815 0.15
  2 1 42 3 2143.01613526311 0.15
# end catch observations 
#  
# Fishery size comp data 
# Number of observations, init_int Ncatch_size_obs 
  168
# init_matrix obs_catch_size(1,Ncatch_size_obs,1,ncol) 
# Fleet Area  Year  Species Type (0=whole, 1=retained, 2=discard) InpN, proportion by size bin 
  1 1 1 1 0 100 0 0.35 0.63 0.02 0
  1 1 2 1 0 100 0 0.3 0.65 0.05 0
  1 1 3 1 0 100 0 0.55 0.35 0.1 0
  1 1 4 1 0 100 0 0.22 0.63 0.15 0
  1 1 5 1 0 100 0 0.61 0.18 0.15 0.06
  1 1 6 1 0 100 0 0.48 0.52 0 0
  1 1 7 1 0 100 0 0.25 0.75 0 0
  1 1 8 1 0 100 0 0.28 0.72 0 0
  1 1 9 1 0 100 0 0.37 0.62 0.01 0
  1 1 10 1 0 100 0 0.77 0.23 0 0
  1 1 11 1 0 100 0 0.58 0.27 0.15 0
  1 1 12 1 0 100 0 0.31 0.69 0 0
  1 1 13 1 0 100 0 0.6 0.34 0.06 0
  1 1 14 1 0 100 0 0.35 0.62 0.03 0
  1 1 15 1 0 100 0 0.42 0.56 0.02 0
  1 1 16 1 0 100 0 0.3 0.61 0.09 0
  1 1 17 1 0 100 0 0.23 0.7 0.07 0
  1 1 18 1 0 100 0 0.21 0.51 0.28 0
  1 1 19 1 0 100 0 0.51 0.49 0 0
  1 1 20 1 0 100 0 0.44 0.53 0.03 0
  1 1 21 1 0 100 0 0.32 0.65 0.03 0
  1 1 22 1 0 100 0 0.51 0.48 0.01 0
  1 1 23 1 0 100 0 0.22 0.59 0.19 0
  1 1 24 1 0 100 0 0.44 0.55 0.01 0
  1 1 25 1 0 100 0 0.25 0.75 0 0
  1 1 26 1 0 100 0 0.03 0.97 0 0
  1 1 27 1 0 100 0 0.06 0.85 0.08 0.01
  1 1 28 1 0 100 0 0.25 0.66 0.09 0
  1 1 29 1 0 100 0 0.14 0.7 0.16 0
  1 1 30 1 0 100 0 0.07 0.93 0 0
  1 1 31 1 0 100 0 0.1 0.9 0 0
  1 1 32 1 0 100 0 0.06 0.94 0 0
  1 1 33 1 0 100 0 0.24 0.55 0.21 0
  1 1 34 1 0 100 0 0.03 0.97 0 0
  1 1 35 1 0 100 0 0.19 0.81 0 0
  1 1 36 1 0 100 0 0.35 0.65 0 0
  1 1 37 1 0 100 0 0.36 0.64 0 0
  1 1 38 1 0 100 0 0.39 0.61 0 0
  1 1 39 1 0 100 0 0.32 0.68 0 0
  1 1 40 1 0 100 0 0 0.96 0.04 0
  1 1 41 1 0 100 0 0 0.84 0.16 0
  1 1 42 1 0 100 0 0.09 0.81 0.1 0
  1 1 1 4 0 100 0 0 0.36 0.64 0
  1 1 2 4 0 100 0 0 0.26 0.74 0
  1 1 3 4 0 100 0 0 0.46 0.54 0
  1 1 4 4 0 100 0 0 0.97 0.03 0
  1 1 5 4 0 100 0 0 0.45 0.55 0
  1 1 6 4 0 100 0 0 0.4 0.6 0
  1 1 7 4 0 100 0 0 0.28 0.72 0
  1 1 8 4 0 100 0 0 0.28 0.72 0
  1 1 9 4 0 100 0 0 0.37 0.63 0
  1 1 10 4 0 100 0 0 0.17 0.83 0
  1 1 11 4 0 100 0 0 0.32 0.68 0
  1 1 12 4 0 100 0 0 0.23 0.77 0
  1 1 13 4 0 100 0 0 0.1 0.9 0
  1 1 14 4 0 100 0 0 0.46 0.54 0
  1 1 15 4 0 100 0 0 0.43 0.57 0
  1 1 16 4 0 100 0 0 0.52 0.48 0
  1 1 17 4 0 100 0 0 0.62 0.38 0
  1 1 18 4 0 100 0 0 0.77 0.23 0
  1 1 19 4 0 100 0 0 0.95 0.05 0
  1 1 20 4 0 100 0.13 0 0.85 0.02 0
  1 1 21 4 0 100 0 0 1 0 0
  1 1 22 4 0 100 0 0 0.92 0.08 0
  1 1 23 4 0 100 0 0 0.96 0.04 0
  1 1 24 4 0 100 0 0 0.93 0.07 0
  1 1 25 4 0 100 0 0 0.94 0.06 0
  1 1 26 4 0 100 0 0 0.85 0.15 0
  1 1 27 4 0 100 0 0 0.98 0.02 0
  1 1 28 4 0 100 0 0 0.94 0.06 0
  1 1 29 4 0 100 0 0 0.86 0.14 0
  1 1 30 4 0 100 0 0 0.91 0.09 0
  1 1 31 4 0 100 0 0 0.83 0.17 0
  1 1 32 4 0 100 0 0 0.71 0.29 0
  1 1 33 4 0 100 0 0 0.94 0.06 0
  1 1 34 4 0 100 0 0 0.73 0.27 0
  1 1 35 4 0 100 0 0 0.72 0.28 0
  1 1 36 4 0 100 0 0 0.8 0.2 0
  1 1 37 4 0 100 0 0 0.77 0.23 0
  1 1 38 4 0 100 0 0 0.8 0.2 0
  1 1 39 4 0 100 0 0 0.9 0.1 0
  1 1 40 4 0 100 0 0 0.91 0.09 0
  1 1 41 4 0 100 0 0 0.92 0.08 0
  1 1 42 4 0 100 0 0 0.88 0.12 0
  2 1 1 2 0 100 0 0.06 0.08 0.46 0.4
  2 1 2 2 0 100 0 0.1 0.46 0.41 0.03
  2 1 3 2 0 100 0 0.02 0.33 0.65 0
  2 1 4 2 0 100 0 0.04 0.34 0.62 0
  2 1 5 2 0 100 0 0.18 0.2 0.34 0.28
  2 1 6 2 0 100 0 0.12 0.52 0.36 0
  2 1 7 2 0 100 0 0.04 0.17 0.79 0
  2 1 8 2 0 100 0 0.15 0.06 0.79 0
  2 1 9 2 0 100 0 0 0.39 0.44 0.17
  2 1 10 2 0 100 0 0.36 0.21 0.43 0
  2 1 11 2 0 100 0 0.08 0.51 0.28 0.13
  2 1 12 2 0 100 0 0.27 0.29 0.29 0.15
  2 1 13 2 0 100 0 0 0.39 0.61 0
  2 1 14 2 0 100 0 0 0.16 0.76 0.08
  2 1 15 2 0 100 0 0 0.23 0.64 0.13
  2 1 16 2 0 100 0 0 0.55 0.45 0
  2 1 17 2 0 100 0 0 0.05 0.95 0
  2 1 18 2 0 100 0 0 0.21 0.79 0
  2 1 19 2 0 100 0 0 0.32 0.68 0
  2 1 20 2 0 100 0 0 0.38 0.62 0
  2 1 21 2 0 100 0 0 0.39 0.61 0
  2 1 22 2 0 100 0 0 0.04 0.96 0
  2 1 23 2 0 100 0 0 0.46 0.54 0
  2 1 24 2 0 100 0 0 0.07 0.89 0.04
  2 1 25 2 0 100 0 0.19 0.43 0.38 0
  2 1 26 2 0 100 0 0 0.33 0.67 0
  2 1 27 2 0 100 0 0 0.43 0.57 0
  2 1 28 2 0 100 0 0 0.33 0.67 0
  2 1 29 2 0 100 0 0 0.13 0.87 0
  2 1 30 2 0 100 0 0 0.2 0.8 0
  2 1 31 2 0 100 0 0 0.18 0.82 0
  2 1 32 2 0 100 0 0 0.12 0.88 0
  2 1 33 2 0 100 0 0 0.22 0.66 0.12
  2 1 34 2 0 100 0 0 0.88 0.12 0
  2 1 35 2 0 100 0 0 0.04 0.96 0
  2 1 36 2 0 100 0 0 0.03 0.97 0
  2 1 37 2 0 100 0 0 0.14 0.86 0
  2 1 38 2 0 100 0 0 0.07 0.93 0
  2 1 39 2 0 100 0 0 0.02 0.98 0
  2 1 40 2 0 100 0 0 0.28 0.72 0
  2 1 41 2 0 100 0 0 0.14 0.86 0
  2 1 42 2 0 100 0 0 0.25 0.75 0
  2 1 1 3 0 100 0 0 0.72 0.28 0
  2 1 2 3 0 100 0 0 0.13 0.87 0
  2 1 3 3 0 100 0 0.06 0.63 0.31 0
  2 1 4 3 0 100 0 0.11 0.13 0.76 0
  2 1 5 3 0 100 0 0 0.23 0.77 0
  2 1 6 3 0 100 0 0.05 0.6 0.35 0
  2 1 7 3 0 100 0 0.28 0.66 0.06 0
  2 1 8 3 0 100 0 0 0.86 0.14 0
  2 1 9 3 0 100 0 0.08 0.77 0.15 0
  2 1 10 3 0 100 0 0.11 0.88 0.01 0
  2 1 11 3 0 100 0 0 0.75 0.25 0
  2 1 12 3 0 100 0 0 0.17 0.83 0
  2 1 13 3 0 100 0 0 0.51 0.49 0
  2 1 14 3 0 100 0 0 0.54 0.29 0.17
  2 1 15 3 0 100 0 0 0.54 0.46 0
  2 1 16 3 0 100 0 0.07 0.58 0.35 0
  2 1 17 3 0 100 0 0 0.92 0.08 0
  2 1 18 3 0 100 0 0.13 0.79 0.03 0.05
  2 1 19 3 0 100 0 0.02 0.81 0.17 0
  2 1 20 3 0 100 0 0.04 0.48 0.48 0
  2 1 21 3 0 100 0 0 0.78 0.22 0
  2 1 22 3 0 100 0 0 0.65 0.35 0
  2 1 23 3 0 100 0 0.08 0.52 0.4 0
  2 1 24 3 0 100 0 0 0.96 0.04 0
  2 1 25 3 0 100 0 0.01 0.99 0 0
  2 1 26 3 0 100 0 0.19 0.8 0.01 0
  2 1 27 3 0 100 0 0.51 0.41 0.08 0
  2 1 28 3 0 100 0 0.06 0.84 0.1 0
  2 1 29 3 0 100 0 0 0.83 0.17 0
  2 1 30 3 0 100 0 0 1 0 0
  2 1 31 3 0 100 0 0.06 0.93 0.01 0
  2 1 32 3 0 100 0 0 0.97 0.03 0
  2 1 33 3 0 100 0 0.02 0.98 0 0
  2 1 34 3 0 100 0 0.93 0.07 0 0
  2 1 35 3 0 100 0 0.05 0.95 0 0
  2 1 36 3 0 100 0 0 1 0 0
  2 1 37 3 0 100 0 0.02 0.98 0 0
  2 1 38 3 0 100 0 0.24 0.76 0 0
  2 1 39 3 0 100 0 0.15 0.85 0 0
  2 1 40 3 0 100 0 0.41 0.59 0 0
  2 1 41 3 0 100 0 0 1 0 0
  2 1 42 3 0 100 0 0.02 0.98 0 0
# end fishery length observations 
#  
# Survey diet proportion observations 
# Number of observations, init_int Ndietprop_obs 
  89
# init_matrix obs_dietprop(1,Ndietprop_obs,1,ncol) 
# Survey  Year  Predator  Predator_size InpN  wt_prey_1 wt_prey_2 wt_prey_3 wt_prey_4 wt_prey_5 wt_prey_6 wt_prey_7 wt_prey_8 wt_prey_9 wt_prey_10 wt_prey_11 other 
  1 2 1 4 100 1 0 0 0 0
  1 6 4 3 100 0 0.05 0 0 0.95
  1 8 4 2 100 0 0.07 0 0 0.93
  1 8 4 3 100 0 0.11 0 0 0.89
  1 9 4 4 100 0 0 0.08 0 0.92
  1 11 1 3 100 0 0 0.18 0 0.82
  1 11 4 3 100 0 0.05 0.09 0 0.86
  1 12 1 2 100 0 0.27 0 0 0.73
  1 12 1 3 100 0 0 0 0 1
  1 13 1 3 100 0 0 0.42 0 0.58
  1 13 1 4 100 0 0 0 0 1
  1 13 4 2 100 0 0 0 0 1
  1 13 4 3 100 0 0.23 0 0 0.77
  1 13 4 4 100 0 0.1 0 0 0.9
  1 14 1 3 100 0 0.01 0 0 0.99
  1 14 1 4 100 0 0.03 0 0 0.97
  1 14 4 3 100 0 0.74 0 0 0.26
  1 14 4 4 100 0 0.61 0 0 0.39
  1 15 1 2 100 0 0 0.26 0 0.74
  1 15 1 3 100 0 0 0.87 0 0.13
  1 15 4 3 100 0 0.51 0 0 0.49
  1 15 4 4 100 0 0.21 0 0 0.79
  1 16 1 3 100 0.34 0 0 0 0.66
  1 16 1 4 100 0 0.69 0 0 0.31
  1 16 4 3 100 0 0.42 0 0 0.58
  1 16 4 4 100 0 0.19 0.03 0 0.78
  1 17 4 2 100 0 0 0 0 1
  1 17 4 3 100 0 0 0 0 1
  1 18 1 1 100 0 0.32 0 0 0.68
  1 18 1 2 100 0 0 0 0 1
  1 18 1 3 100 0 0.1 0 0 0.9
  1 18 4 3 100 0 0.53 0.3 0 0.17
  1 19 1 2 100 0 0.2 0 0 0.8
  1 19 1 3 100 0 0.97 0 0 0.03
  1 19 1 4 100 0 0.08 0 0 0.92
  1 19 4 2 100 0 0.21 0 0 0.79
  1 19 4 3 100 0 0 0 0 1
  1 20 1 3 100 0 0.53 0 0 0.47
  1 20 4 2 100 0 0.35 0.03 0 0.62
  1 20 4 3 100 0 0 0 0 1
  1 21 1 2 100 0 0 0.42 0 0.58
  1 21 1 3 100 0 0.21 0 0 0.79
  1 21 1 4 100 0 0.2 0.12 0 0.68
  1 21 4 3 100 0 0.7 0 0 0.3
  1 22 1 3 100 0 0 0 0 1
  1 22 4 2 100 0 0.23 0 0 0.77
  1 22 4 3 100 0 0.45 0 0 0.55
  1 23 1 3 100 0 0.28 0 0 0.72
  1 23 4 3 100 0 0.5 0 0 0.5
  1 24 1 3 100 0 0 0 0 1
  1 24 1 4 100 0 0.73 0 0 0.27
  1 24 4 3 100 0 0.17 0.29 0 0.54
  1 25 1 2 100 0 0.05 0 0 0.95
  1 25 1 3 100 0.02 0 0 0 0.98
  1 25 4 3 100 0 0.11 0 0 0.89
  1 25 4 4 100 0 0 0 0 1
  1 26 1 3 100 0 0.27 0.02 0 0.71
  1 26 4 3 100 0 0 0.8 0 0.2
  1 27 1 3 100 0 0.02 0 0 0.98
  1 27 1 4 100 0 0.15 0 0 0.85
  1 27 4 2 100 0 0 0 0 1
  1 27 4 3 100 0 0.48 0 0 0.52
  1 28 1 3 100 0 0.29 0 0 0.71
  1 28 4 2 100 0 0 0 0 1
  1 28 4 3 100 0 0 0 0 1
  1 29 1 3 100 0 0 0 0 1
  1 29 4 3 100 0 0.09 0 0 0.91
  1 30 4 3 100 0 0.12 0 0 0.88
  1 31 4 3 100 0.46 0 0 0 0.54
  1 31 4 4 100 0 0.31 0 0 0.69
  1 33 1 3 100 0 0.34 0.23 0 0.43
  1 33 4 3 100 0 0.78 0 0 0.22
  1 34 1 3 100 0 0.19 0.01 0 0.8
  1 34 4 3 100 0 0.41 0 0 0.59
  1 35 1 1 100 0 0.05 0.08 0 0.87
  1 35 1 2 100 0.06 0 0 0 0.94
  1 35 1 3 100 0 0.41 0 0 0.59
  1 35 4 3 100 0 0.11 0 0 0.89
  1 36 1 3 100 0 0.37 0 0 0.63
  1 36 4 2 100 0 0.4 0 0 0.6
  1 36 4 3 100 0 0 0 0 1
  1 37 4 3 100 0 1 0 0 0
  1 38 1 3 100 0 0.08 0 0 0.92
  1 39 1 3 100 0 0.09 0 0 0.91
  1 40 1 2 100 0 0.58 0 0 0.42
  1 40 4 3 100 0 0.03 0 0 0.97
  1 40 4 4 100 0 0 0.03 0 0.97
  1 41 1 2 100 0 0.05 0 0 0.95
  1 42 4 3 100 0 0.06 0.48 0 0.46
# end survey diet proportion observations 
#  
