# This file was created using the write_tsDatFile function and used all the simulated data from sim_dta.rds found in repo:Hydra-self-testing
# Survey index data 
# Number of observations, init_int Nsurvey_obs
  166
# init_matrix obs_survey_biomass(1,Nsurvey_obs,1,5)
# survey year spp value cv
  1 1 4 107765.770445167 0.2
  1 2 4 112564.106490843 0.2
  1 3 4 91049.0230798151 0.2
  1 4 4 76528.944368534 0.2
  1 5 4 69248.8720557715 0.2
  1 6 4 125784.603772566 0.2
  1 7 4 125095.459044818 0.2
  1 8 4 118334.217108307 0.2
  1 9 4 67959.9118680086 0.2
  1 10 4 122505.574746221 0.2
  1 11 4 87442.9575954165 0.2
  1 12 4 118204.890175927 0.2
  1 13 4 137011.693490832 0.2
  1 14 4 103915.476403362 0.2
  1 15 4 147139.760021832 0.2
  1 16 4 155924.776769617 0.2
  1 17 4 106233.688948054 0.2
  1 18 4 119395.458371529 0.2
  1 19 4 116279.986391618 0.2
  1 20 4 163812.571767395 0.2
  1 21 4 167390.731146466 0.2
  1 22 4 200331.530769578 0.2
  1 23 4 183084.36064606 0.2
  1 24 4 134072.64420854 0.2
  1 25 4 230688.712194882 0.2
  1 26 4 198575.054192539 0.2
  1 27 4 182045.291416905 0.2
  1 28 4 237381.396820326 0.2
  1 29 4 145262.707008161 0.2
  1 30 4 198803.127377607 0.2
  1 31 4 316640.271945415 0.2
  1 32 4 276787.972959766 0.2
  1 33 4 262990.908140629 0.2
  1 34 4 157666.787334477 0.2
  1 35 4 323737.246382682 0.2
  1 36 4 246221.322627247 0.2
  1 37 4 301904.415804348 0.2
  1 38 4 189086.585458254 0.2
  1 39 4 248918.076932148 0.2
  1 40 4 214753.24476882 0.2
  1 41 4 211567.489198394 0.2
  1 42 4 185661.686027698 0.2
  1 1 2 146.991433623514 0.2
  1 4 2 115.356783984841 0.2
  1 5 2 155.298665097485 0.2
  1 6 2 156.90057785917 0.2
  1 7 2 194.524122932617 0.2
  1 8 2 185.808257323058 0.2
  1 9 2 179.508824480463 0.2
  1 10 2 329.960361242793 0.2
  1 11 2 361.649051968177 0.2
  1 12 2 265.839224483194 0.2
  1 13 2 332.401415348412 0.2
  1 14 2 265.325679878567 0.2
  1 15 2 427.090759869263 0.2
  1 16 2 435.032314015296 0.2
  1 17 2 462.643665962939 0.2
  1 18 2 890.103973506413 0.2
  1 19 2 1947.26056474017 0.2
  1 20 2 1948.38335129252 0.2
  1 21 2 2033.4803763604 0.2
  1 22 2 2417.63647800262 0.2
  1 23 2 2532.75907584869 0.2
  1 24 2 3342.99789699592 0.2
  1 25 2 2595.63612019981 0.2
  1 26 2 2145.63972611638 0.2
  1 27 2 2136.49763335787 0.2
  1 28 2 2282.06801939407 0.2
  1 29 2 2676.17744949797 0.2
  1 30 2 1635.47342653176 0.2
  1 31 2 2370.04359446096 0.2
  1 32 2 2533.11502809017 0.2
  1 33 2 3239.17663519432 0.2
  1 34 2 3338.61075190999 0.2
  1 35 2 3788.85779522491 0.2
  1 36 2 2728.90124589352 0.2
  1 37 2 1886.41068314742 0.2
  1 38 2 1550.91447963301 0.2
  1 39 2 2599.86072640109 0.2
  1 40 2 1584.46732282807 0.2
  1 41 2 692.239801869223 0.2
  1 42 2 1367.37283987573 0.2
  1 1 1 18386.6077691361 0.2
  1 2 1 15317.0481287718 0.2
  1 3 1 20408.4332712096 0.2
  1 4 1 18453.3111642474 0.2
  1 5 1 11409.4881755388 0.2
  1 6 1 10194.612342187 0.2
  1 7 1 12731.0581717478 0.2
  1 8 1 13078.3669043676 0.2
  1 9 1 7176.49858350855 0.2
  1 10 1 13190.8717037868 0.2
  1 11 1 11910.5595634196 0.2
  1 12 1 10485.3540738954 0.2
  1 13 1 12138.1730838742 0.2
  1 14 1 5293.13443380218 0.2
  1 15 1 8293.15489687889 0.2
  1 16 1 6675.53765413032 0.2
  1 17 1 5150.1467907311 0.2
  1 18 1 4983.68997499775 0.2
  1 19 1 3898.29824516788 0.2
  1 20 1 6440.60513849894 0.2
  1 21 1 5612.2861953986 0.2
  1 22 1 5300.95338102425 0.2
  1 23 1 7152.81394206195 0.2
  1 24 1 10068.6045929166 0.2
  1 25 1 5645.0226967819 0.2
  1 26 1 5442.7192735611 0.2
  1 27 1 6450.03097425262 0.2
  1 28 1 5220.73423666435 0.2
  1 29 1 3692.2737443558 0.2
  1 30 1 5584.55026843105 0.2
  1 31 1 2990.43233347031 0.2
  1 32 1 4656.53452308723 0.2
  1 33 1 1996.10213097732 0.2
  1 34 1 3061.10631388281 0.2
  1 35 1 1905.85479064345 0.2
  1 36 1 3124.45637916663 0.2
  1 37 1 1589.19622306065 0.2
  1 38 1 2754.59645208527 0.2
  1 39 1 2038.27418697222 0.2
  1 40 1 2668.84302451091 0.2
  1 41 1 2108.26289866415 0.2
  1 42 1 2930.86795890294 0.2
  1 1 3 189.472684004714 0.2
  1 2 3 103.858809942853 0.2
  1 3 3 163.029532808087 0.2
  1 4 3 293.573076043206 0.2
  1 5 3 536.560002463416 0.2
  1 6 3 736.733174613586 0.2
  1 7 3 629.104634715783 0.2
  1 8 3 483.228822058916 0.2
  1 9 3 348.675329543477 0.2
  1 10 3 247.775294144961 0.2
  1 11 3 332.378900926065 0.2
  1 12 3 408.001119009216 0.2
  1 13 3 282.823987301696 0.2
  1 14 3 376.35174438169 0.2
  1 15 3 385.619783610007 0.2
  1 16 3 547.291841311192 0.2
  1 17 3 497.078301260978 0.2
  1 18 3 411.783763337399 0.2
  1 19 3 223.648227850301 0.2
  1 20 3 258.354128687437 0.2
  1 21 3 343.208674708825 0.2
  1 22 3 299.297825160674 0.2
  1 23 3 248.095071699046 0.2
  1 24 3 294.320190716513 0.2
  1 25 3 301.141409282639 0.2
  1 26 3 347.838789574576 0.2
  1 27 3 164.885658606207 0.2
  1 28 3 251.573402926063 0.2
  1 29 3 273.915968678516 0.2
  1 30 3 210.373794910502 0.2
  1 31 3 154.01277837167 0.2
  1 32 3 164.253188826122 0.2
  1 33 3 145.579121954128 0.2
  1 34 3 170.365813453823 0.2
  1 35 3 206.017875540378 0.2
  1 36 3 274.91892228844 0.2
  1 37 3 310.116918559543 0.2
  1 38 3 292.99123952862 0.2
  1 39 3 347.455549031939 0.2
  1 40 3 467.4792412819 0.2
  1 41 3 441.449340305206 0.2
  1 42 3 510.514576284715 0.2
# end survey index observations 
#  
# Survey size comp data 
# Number of observations, init_int Nsurvey_size_obs 
  166
# init_matrix obs_survey_size(1,Nsurvey_size_obs,1,ncol) 
# Survey  Year  Species Type (0=whole, 1=retained, 2=discard) InpN, proportion by length bin 
  1 1 1 0 100 0 0 0.94 0.06 0
  1 2 1 0 100 0 0 0.8 0.2 0
  1 3 1 0 100 0.25 0 0.75 0 0
  1 4 1 0 100 0 0 1 0 0
  1 5 1 0 100 0 0 1 0 0
  1 6 1 0 100 0 0.02 0.98 0 0
  1 7 1 0 100 0 0.09 0.91 0 0
  1 8 1 0 100 0 0 1 0 0
  1 9 1 0 100 0 0.28 0.72 0 0
  1 10 1 0 100 0 1 0 0 0
  1 11 1 0 100 0 0 1 0 0
  1 12 1 0 100 0 0.39 0.28 0.33 0
  1 13 1 0 100 0 0 0.25 0.75 0
  1 14 1 0 100 0 0 1 0 0
  1 15 1 0 100 0 0.89 0.11 0 0
  1 16 1 0 100 0 0 1 0 0
  1 17 1 0 100 0 1 0 0 0
  1 18 1 0 100 0 0.26 0.74 0 0
  1 19 1 0 100 0 0.04 0.96 0 0
  1 20 1 0 100 0 0.65 0.35 0 0
  1 21 1 0 100 0 0.89 0.11 0 0
  1 22 1 0 100 0 0 1 0 0
  1 23 1 0 100 0.06 0.85 0.09 0 0
  1 24 1 0 100 0 0.97 0.03 0 0
  1 25 1 0 100 0 0 1 0 0
  1 26 1 0 100 0 0.38 0.62 0 0
  1 27 1 0 100 0 0.66 0.34 0 0
  1 28 1 0 100 0 1 0 0 0
  1 29 1 0 100 0 1 0 0 0
  1 30 1 0 100 0 0.1 0.9 0 0
  1 31 1 0 100 0 0.56 0.44 0 0
  1 32 1 0 100 0 1 0 0 0
  1 33 1 0 100 0 0.68 0.32 0 0
  1 34 1 0 100 0 0.44 0.47 0.09 0
  1 35 1 0 100 0 0 0.83 0.17 0
  1 36 1 0 100 0 0.04 0.96 0 0
  1 37 1 0 100 0 1 0 0 0
  1 38 1 0 100 0 1 0 0 0
  1 39 1 0 100 0 1 0 0 0
  1 40 1 0 100 0 0.15 0.85 0 0
  1 41 1 0 100 0 0 1 0 0
  1 42 1 0 100 0.13 0.87 0 0 0
  1 1 2 0 100 0 0 0 1 0
  1 4 2 0 100 0 0 0 1 0
  1 5 2 0 100 0 0 0 1 0
  1 6 2 0 100 0 0 1 0 0
  1 7 2 0 100 0 0 0 1 0
  1 8 2 0 100 0 0 0 1 0
  1 9 2 0 100 0 0 0.32 0.68 0
  1 10 2 0 100 0 0 1 0 0
  1 11 2 0 100 0 0.11 0.32 0.57 0
  1 12 2 0 100 0 0.11 0.35 0.54 0
  1 13 2 0 100 0 0 0.85 0.15 0
  1 14 2 0 100 0 0 0 1 0
  1 15 2 0 100 0 0 0.69 0.31 0
  1 16 2 0 100 0 0 1 0 0
  1 17 2 0 100 0 0 1 0 0
  1 18 2 0 100 0 0.13 0.87 0 0
  1 19 2 0 100 0 0 1 0 0
  1 20 2 0 100 0 0 1 0 0
  1 21 2 0 100 0 0 0.28 0.72 0
  1 22 2 0 100 0 0 0.9 0.1 0
  1 23 2 0 100 0 0 1 0 0
  1 24 2 0 100 0 0 0.72 0.28 0
  1 25 2 0 100 0 0 0 1 0
  1 26 2 0 100 0 0 1 0 0
  1 27 2 0 100 0 0 1 0 0
  1 28 2 0 100 0 0 1 0 0
  1 29 2 0 100 0 0 0.97 0.03 0
  1 30 2 0 100 0 0 0.61 0.39 0
  1 31 2 0 100 0 0 0.8 0.2 0
  1 32 2 0 100 0 0 1 0 0
  1 33 2 0 100 0 0 1 0 0
  1 34 2 0 100 0 0 1 0 0
  1 35 2 0 100 0 0 1 0 0
  1 36 2 0 100 0 0 0 1 0
  1 37 2 0 100 0 0 1 0 0
  1 38 2 0 100 0 0 0.94 0.06 0
  1 39 2 0 100 0 0 1 0 0
  1 40 2 0 100 0 0 0.05 0.95 0
  1 41 2 0 100 0 0 0 1 0
  1 42 2 0 100 0 0.66 0.34 0 0
  1 1 3 0 100 0 0 0 1 0
  1 2 3 0 100 0 0 1 0 0
  1 3 3 0 100 0 0 0.03 0.97 0
  1 4 3 0 100 0 0 1 0 0
  1 5 3 0 100 0 0 0.62 0.38 0
  1 6 3 0 100 0 0 1 0 0
  1 7 3 0 100 0 0 1 0 0
  1 8 3 0 100 0 0 1 0 0
  1 9 3 0 100 0 1 0 0 0
  1 10 3 0 100 0 0.02 0.98 0 0
  1 11 3 0 100 0 0 1 0 0
  1 12 3 0 100 0 0.91 0.09 0 0
  1 13 3 0 100 0 0.3 0.7 0 0
  1 14 3 0 100 0 0.1 0.9 0 0
  1 15 3 0 100 0 0 1 0 0
  1 16 3 0 100 0 0.55 0.45 0 0
  1 17 3 0 100 0 0 1 0 0
  1 18 3 0 100 0 1 0 0 0
  1 19 3 0 100 0 0.27 0.73 0 0
  1 20 3 0 100 0 0 1 0 0
  1 21 3 0 100 0 1 0 0 0
  1 22 3 0 100 0 0 1 0 0
  1 23 3 0 100 0 0.63 0.37 0 0
  1 24 3 0 100 0 0.84 0.16 0 0
  1 25 3 0 100 0 1 0 0 0
  1 26 3 0 100 0 1 0 0 0
  1 27 3 0 100 0 0.19 0.81 0 0
  1 28 3 0 100 0 0.6 0.4 0 0
  1 29 3 0 100 0 1 0 0 0
  1 30 3 0 100 0 1 0 0 0
  1 31 3 0 100 0 0 1 0 0
  1 32 3 0 100 0 0 1 0 0
  1 33 3 0 100 0 0.92 0.08 0 0
  1 34 3 0 100 0 0.09 0.91 0 0
  1 35 3 0 100 0 0.36 0.64 0 0
  1 36 3 0 100 0 0.68 0.32 0 0
  1 37 3 0 100 0 0 1 0 0
  1 38 3 0 100 0 0 1 0 0
  1 39 3 0 100 0 0 1 0 0
  1 40 3 0 100 0 1 0 0 0
  1 41 3 0 100 0 0 1 0 0
  1 42 3 0 100 0 0 1 0 0
  1 1 4 0 100 0 1 0 0 0
  1 2 4 0 100 0 0 0.29 0.71 0
  1 3 4 0 100 0 0 1 0 0
  1 4 4 0 100 0 1 0 0 0
  1 5 4 0 100 0 1 0 0 0
  1 6 4 0 100 0 0.91 0.09 0 0
  1 7 4 0 100 0 0.25 0.64 0.11 0
  1 8 4 0 100 0 0.5 0 0.5 0
  1 9 4 0 100 0 0.79 0.21 0 0
  1 10 4 0 100 0 0.15 0.85 0 0
  1 11 4 0 100 0 0.61 0.39 0 0
  1 12 4 0 100 0 0.25 0.75 0 0
  1 13 4 0 100 0 0.68 0.32 0 0
  1 14 4 0 100 0 0.88 0.12 0 0
  1 15 4 0 100 0 0.35 0.65 0 0
  1 16 4 0 100 0 0.31 0.43 0.26 0
  1 17 4 0 100 0 0 0.98 0.02 0
  1 18 4 0 100 0 0.82 0.18 0 0
  1 19 4 0 100 0 0.96 0.04 0 0
  1 20 4 0 100 0 1 0 0 0
  1 21 4 0 100 0 0.47 0.53 0 0
  1 22 4 0 100 0 0.24 0.76 0 0
  1 23 4 0 100 0 1 0 0 0
  1 24 4 0 100 0 0.77 0.23 0 0
  1 25 4 0 100 0 0.17 0.83 0 0
  1 26 4 0 100 0 0 1 0 0
  1 27 4 0 100 0 0 1 0 0
  1 28 4 0 100 0 0 1 0 0
  1 29 4 0 100 0 0 1 0 0
  1 30 4 0 100 0 0 1 0 0
  1 31 4 0 100 0 0.11 0.89 0 0
  1 32 4 0 100 0 0 1 0 0
  1 33 4 0 100 0 0.77 0.23 0 0
  1 34 4 0 100 0.22 0.78 0 0 0
  1 35 4 0 100 0 1 0 0 0
  1 36 4 0 100 0 1 0 0 0
  1 37 4 0 100 0 1 0 0 0
  1 38 4 0 100 0 1 0 0 0
  1 39 4 0 100 0 1 0 0 0
  1 40 4 0 100 0 1 0 0 0
  1 41 4 0 100 0 0.48 0.52 0 0
  1 42 4 0 100 0 0.86 0.14 0 0
# end survey length observations 
#  
# Fishery catch data 
# Number of observations, init_int Ncatch_obs
  168
# init_matrix obs_catch_biomass(1,Ncatch_obs,1,6) 
# Fleet	Area	Year	Species	Catch(biomass t)	CV 
  1 1 1 1 25730.2712760856 0.15
  1 1 2 1 28032.078228042 0.15
  1 1 3 1 23725.9142417571 0.15
  1 1 4 1 18224.5321386828 0.15
  1 1 5 1 17621.1712761576 0.15
  1 1 6 1 20962.0805783921 0.15
  1 1 7 1 18527.64143138 0.15
  1 1 8 1 15766.1480367868 0.15
  1 1 9 1 15036.2984893958 0.15
  1 1 10 1 12635.3275933211 0.15
  1 1 11 1 15971.9961053257 0.15
  1 1 12 1 17329.573921121 0.15
  1 1 13 1 19054.5642918333 0.15
  1 1 14 1 15561.8895585087 0.15
  1 1 15 1 10573.7164097526 0.15
  1 1 16 1 10386.4183185279 0.15
  1 1 17 1 6631.72319045358 0.15
  1 1 18 1 7698.31465786087 0.15
  1 1 19 1 7180.94501295614 0.15
  1 1 20 1 6222.4831122016 0.15
  1 1 21 1 2879.58445691506 0.15
  1 1 22 1 3511.73564267967 0.15
  1 1 23 1 3400.79925168947 0.15
  1 1 24 1 5202.59283921292 0.15
  1 1 25 1 5337.86594356406 0.15
  1 1 26 1 4227.5734507767 0.15
  1 1 27 1 3349.72313691859 0.15
  1 1 28 1 3472.07694154669 0.15
  1 1 29 1 2163.07705504017 0.15
  1 1 30 1 3013.43912232449 0.15
  1 1 31 1 3156.86712027854 0.15
  1 1 32 1 2741.16370968704 0.15
  1 1 33 1 2632.51280200036 0.15
  1 1 34 1 2462.05647372627 0.15
  1 1 35 1 1716.95483269317 0.15
  1 1 36 1 1675.07236882305 0.15
  1 1 37 1 1461.64531243682 0.15
  1 1 38 1 1837.5769267027 0.15
  1 1 39 1 1633.53958241165 0.15
  1 1 40 1 1286.00942584849 0.15
  1 1 41 1 1909.38523893348 0.15
  1 1 42 1 1521.06084098755 0.15
  1 1 1 4 6348.10723188112 0.15
  1 1 2 4 7787.85251907514 0.15
  1 1 3 4 6312.07116131837 0.15
  1 1 4 4 4345.6701971097 0.15
  1 1 5 4 7119.96149031308 0.15
  1 1 6 4 7525.6800686105 0.15
  1 1 7 4 7023.6536899877 0.15
  1 1 8 4 6641.32861951265 0.15
  1 1 9 4 8270.12085568668 0.15
  1 1 10 4 9042.34379324195 0.15
  1 1 11 4 6284.79276251802 0.15
  1 1 12 4 7990.94324945214 0.15
  1 1 13 4 8087.49115032914 0.15
  1 1 14 4 7546.63418077255 0.15
  1 1 15 4 10859.2413920624 0.15
  1 1 16 4 9052.20359782065 0.15
  1 1 17 4 7485.60003627329 0.15
  1 1 18 4 7970.27483649133 0.15
  1 1 19 4 7292.20096866599 0.15
  1 1 20 4 11302.8339535873 0.15
  1 1 21 4 3413.93803997845 0.15
  1 1 22 4 4149.91325811505 0.15
  1 1 23 4 4158.73657601137 0.15
  1 1 24 4 5728.72083768146 0.15
  1 1 25 4 4336.07437857837 0.15
  1 1 26 4 5016.35954985664 0.15
  1 1 27 4 5049.04901072574 0.15
  1 1 28 4 5519.6108522003 0.15
  1 1 29 4 5043.55436153511 0.15
  1 1 30 4 5194.5517994047 0.15
  1 1 31 4 5621.62417756029 0.15
  1 1 32 4 6112.18621156674 0.15
  1 1 33 4 5867.91896746807 0.15
  1 1 34 4 5646.21694004961 0.15
  1 1 35 4 5278.82740931699 0.15
  1 1 36 4 6292.89434229697 0.15
  1 1 37 4 6576.19461048749 0.15
  1 1 38 4 6161.7583771118 0.15
  1 1 39 4 6005.99797374824 0.15
  1 1 40 4 7274.70830173611 0.15
  1 1 41 4 7536.00026055814 0.15
  1 1 42 4 9189.26677619123 0.15
  2 1 1 2 1407.56917337929 0.15
  2 1 2 2 947.887258119486 0.15
  2 1 3 2 875.405204045253 0.15
  2 1 4 2 813.347385262962 0.15
  2 1 5 2 772.735891656897 0.15
  2 1 6 2 1200.30634080136 0.15
  2 1 7 2 1072.19495765479 0.15
  2 1 8 2 1259.56837913725 0.15
  2 1 9 2 943.325178270204 0.15
  2 1 10 2 1461.45398260694 0.15
  2 1 11 2 1486.53812737179 0.15
  2 1 12 2 2058.94970888382 0.15
  2 1 13 2 2442.02332077005 0.15
  2 1 14 2 2789.29257284049 0.15
  2 1 15 2 2640.63521468146 0.15
  2 1 16 2 2113.93268995988 0.15
  2 1 17 2 2444.57574723386 0.15
  2 1 18 2 2088.50883316859 0.15
  2 1 19 2 2447.91315878295 0.15
  2 1 20 2 8174.19714835968 0.15
  2 1 21 2 13246.6890432649 0.15
  2 1 22 2 17469.9950620896 0.15
  2 1 23 2 20413.1050778673 0.15
  2 1 24 2 11347.0071647972 0.15
  2 1 25 2 14212.952571357 0.15
  2 1 26 2 11544.4800394659 0.15
  2 1 27 2 11934.7397891399 0.15
  2 1 28 2 7483.17353257431 0.15
  2 1 29 2 13149.9740133747 0.15
  2 1 30 2 11193.023012029 0.15
  2 1 31 2 11793.369090552 0.15
  2 1 32 2 13972.9505958078 0.15
  2 1 33 2 12348.8192953388 0.15
  2 1 34 2 24000.7785780333 0.15
  2 1 35 2 26028.8457271965 0.15
  2 1 36 2 26253.1144682668 0.15
  2 1 37 2 19690.2320942633 0.15
  2 1 38 2 20726.1325081718 0.15
  2 1 39 2 11558.0326142588 0.15
  2 1 40 2 9669.86333327858 0.15
  2 1 41 2 8683.1571073559 0.15
  2 1 42 2 7448.06515902923 0.15
  2 1 1 3 504.879430154608 0.15
  2 1 2 3 638.450367860824 0.15
  2 1 3 3 426.17769455686 0.15
  2 1 4 3 482.409245129839 0.15
  2 1 5 3 956.438494881346 0.15
  2 1 6 3 1630.60368376236 0.15
  2 1 7 3 2173.62660250986 0.15
  2 1 8 3 2073.51188044222 0.15
  2 1 9 3 1987.8396399212 0.15
  2 1 10 3 1887.01373583752 0.15
  2 1 11 3 1943.29910307166 0.15
  2 1 12 3 1173.83834684235 0.15
  2 1 13 3 1507.73750804393 0.15
  2 1 14 3 1210.01101883666 0.15
  2 1 15 3 1660.25349288348 0.15
  2 1 16 3 1434.97377089682 0.15
  2 1 17 3 1663.77721363397 0.15
  2 1 18 3 1703.6264190894 0.15
  2 1 19 3 1555.0677922368 0.15
  2 1 20 3 1553.60199490042 0.15
  2 1 21 3 1380.71994534888 0.15
  2 1 22 3 1102.22090608831 0.15
  2 1 23 3 1030.517614008 0.15
  2 1 24 3 919.36695590115 0.15
  2 1 25 3 1245.49182896831 0.15
  2 1 26 3 1288.27588534632 0.15
  2 1 27 3 1328.09923056471 0.15
  2 1 28 3 1316.54664757778 0.15
  2 1 29 3 890.771687058299 0.15
  2 1 30 3 688.645029046306 0.15
  2 1 31 3 831.616481314539 0.15
  2 1 32 3 666.068875006179 0.15
  2 1 33 3 569.528714746917 0.15
  2 1 34 3 463.640771501252 0.15
  2 1 35 3 685.308653261342 0.15
  2 1 36 3 838.438935444524 0.15
  2 1 37 3 1283.21199713891 0.15
  2 1 38 3 1061.67007913667 0.15
  2 1 39 3 1574.76495928923 0.15
  2 1 40 3 1563.24473464905 0.15
  2 1 41 3 1757.02660696566 0.15
  2 1 42 3 1746.79876504966 0.15
# end catch observations 
#  
# Fishery size comp data 
# Number of observations, init_int Ncatch_size_obs 
  168
# init_matrix obs_catch_size(1,Ncatch_size_obs,1,ncol) 
# Fleet Area  Year  Species Type (0=whole, 1=retained, 2=discard) InpN, proportion by size bin 
  1 1 1 1 0 100 0 0 1 0 0
  1 1 2 1 0 100 0 0.31 0.69 0 0
  1 1 3 1 0 100 0 0.1 0.9 0 0
  1 1 4 1 0 100 0 0 0.73 0.27 0
  1 1 5 1 0 100 0 0.94 0 0 0.06
  1 1 6 1 0 100 0 0.27 0.73 0 0
  1 1 7 1 0 100 0 0.32 0.68 0 0
  1 1 8 1 0 100 0 0.22 0.78 0 0
  1 1 9 1 0 100 0 0.74 0.26 0 0
  1 1 10 1 0 100 0 0.43 0.57 0 0
  1 1 11 1 0 100 0 0.35 0.63 0.02 0
  1 1 12 1 0 100 0 0.38 0.62 0 0
  1 1 13 1 0 100 0 0.45 0.55 0 0
  1 1 14 1 0 100 0 0.8 0.2 0 0
  1 1 15 1 0 100 0 0.93 0.07 0 0
  1 1 16 1 0 100 0 0.43 0.57 0 0
  1 1 17 1 0 100 0 0.05 0.95 0 0
  1 1 18 1 0 100 0 0.55 0.45 0 0
  1 1 19 1 0 100 0 0 1 0 0
  1 1 20 1 0 100 0 0.09 0.34 0.57 0
  1 1 21 1 0 100 0 0.24 0.76 0 0
  1 1 22 1 0 100 0 0.95 0.05 0 0
  1 1 23 1 0 100 0 0.24 0.76 0 0
  1 1 24 1 0 100 0 0.48 0.52 0 0
  1 1 25 1 0 100 0 0.25 0.75 0 0
  1 1 26 1 0 100 0 0 1 0 0
  1 1 27 1 0 100 0 0 1 0 0
  1 1 28 1 0 100 0 0 0.91 0.09 0
  1 1 29 1 0 100 0 0.87 0.13 0 0
  1 1 30 1 0 100 0 0 1 0 0
  1 1 31 1 0 100 0 0 1 0 0
  1 1 32 1 0 100 0 0 1 0 0
  1 1 33 1 0 100 0 0.34 0.32 0.34 0
  1 1 34 1 0 100 0 0 1 0 0
  1 1 35 1 0 100 0 0 1 0 0
  1 1 36 1 0 100 0 0.81 0.19 0 0
  1 1 37 1 0 100 0 0.75 0.25 0 0
  1 1 38 1 0 100 0 0.32 0.68 0 0
  1 1 39 1 0 100 0 0.28 0.72 0 0
  1 1 40 1 0 100 0 0 1 0 0
  1 1 41 1 0 100 0 0 0.9 0.1 0
  1 1 42 1 0 100 0 0.48 0.46 0.06 0
  1 1 1 4 0 100 0 0 0.44 0.43 0.13
  1 1 2 4 0 100 0 0 0.01 0.99 0
  1 1 3 4 0 100 0 0 0.5 0.5 0
  1 1 4 4 0 100 0 0 0.58 0.42 0
  1 1 5 4 0 100 0 0 0.8 0.2 0
  1 1 6 4 0 100 0 0 0 1 0
  1 1 7 4 0 100 0 0 0 1 0
  1 1 8 4 0 100 0 0.21 0 0.79 0
  1 1 9 4 0 100 0 0 0.06 0 0.94
  1 1 10 4 0 100 0 0.64 0.36 0 0
  1 1 11 4 0 100 0 0 1 0 0
  1 1 12 4 0 100 0 0 0 0.54 0.46
  1 1 13 4 0 100 0 0 0.58 0.42 0
  1 1 14 4 0 100 0 0 0 0.99 0.01
  1 1 15 4 0 100 0 0 0.21 0.65 0.14
  1 1 16 4 0 100 0 0 0.77 0.23 0
  1 1 17 4 0 100 0 0 0 1 0
  1 1 18 4 0 100 0 0 0.02 0.98 0
  1 1 19 4 0 100 0 0 0.72 0.28 0
  1 1 20 4 0 100 0 0 0 1 0
  1 1 21 4 0 100 0 0 0.21 0.79 0
  1 1 22 4 0 100 0 0 0 1 0
  1 1 23 4 0 100 0 0 0.27 0.73 0
  1 1 24 4 0 100 0 0 0 1 0
  1 1 25 4 0 100 0 0.16 0.53 0.31 0
  1 1 26 4 0 100 0 0 0.23 0.77 0
  1 1 27 4 0 100 0 0 0 1 0
  1 1 28 4 0 100 0 0 0.11 0.89 0
  1 1 29 4 0 100 0 0 0.78 0.22 0
  1 1 30 4 0 100 0 0 0.02 0.98 0
  1 1 31 4 0 100 0 0 0.23 0.77 0
  1 1 32 4 0 100 0 0 0.55 0.45 0
  1 1 33 4 0 100 0 0 0 1 0
  1 1 34 4 0 100 0 0 1 0 0
  1 1 35 4 0 100 0 0 0 1 0
  1 1 36 4 0 100 0 0 0 1 0
  1 1 37 4 0 100 0 0 0 1 0
  1 1 38 4 0 100 0 0 0 1 0
  1 1 39 4 0 100 0 0 0 1 0
  1 1 40 4 0 100 0 0 0.6 0.4 0
  1 1 41 4 0 100 0 0 0 1 0
  1 1 42 4 0 100 0 0 0 1 0
  2 1 1 2 0 100 0 0 0.62 0.38 0
  2 1 2 2 0 100 0 0 0 1 0
  2 1 3 2 0 100 0 0 1 0 0
  2 1 4 2 0 100 0 0 0 1 0
  2 1 5 2 0 100 0 0 0.59 0.41 0
  2 1 6 2 0 100 0 0 0.9 0.1 0
  2 1 7 2 0 100 0 0 1 0 0
  2 1 8 2 0 100 0 0 0.25 0.75 0
  2 1 9 2 0 100 0 0 1 0 0
  2 1 10 2 0 100 0 0 1 0 0
  2 1 11 2 0 100 0 0 0.14 0.86 0
  2 1 12 2 0 100 0 0 0 1 0
  2 1 13 2 0 100 0 0 0.41 0.59 0
  2 1 14 2 0 100 0 0 0.05 0.16 0.79
  2 1 15 2 0 100 0 0 1 0 0
  2 1 16 2 0 100 0 0 0.96 0.04 0
  2 1 17 2 0 100 0 0 1 0 0
  2 1 18 2 0 100 0 0.65 0.35 0 0
  2 1 19 2 0 100 0 0 0.85 0.15 0
  2 1 20 2 0 100 0 0 0.87 0.13 0
  2 1 21 2 0 100 0 0 0.41 0.59 0
  2 1 22 2 0 100 0 0 0.46 0.54 0
  2 1 23 2 0 100 0 0 1 0 0
  2 1 24 2 0 100 0 0 1 0 0
  2 1 25 2 0 100 0 0 1 0 0
  2 1 26 2 0 100 0 0.09 0.91 0 0
  2 1 27 2 0 100 0 0 1 0 0
  2 1 28 2 0 100 0 0 1 0 0
  2 1 29 2 0 100 0 0 0.29 0.71 0
  2 1 30 2 0 100 0 0 1 0 0
  2 1 31 2 0 100 0 0 1 0 0
  2 1 32 2 0 100 0 0 1 0 0
  2 1 33 2 0 100 0 0 1 0 0
  2 1 34 2 0 100 0 0.66 0.34 0 0
  2 1 35 2 0 100 0 0.57 0.43 0 0
  2 1 36 2 0 100 0 0 1 0 0
  2 1 37 2 0 100 0 0 1 0 0
  2 1 38 2 0 100 0 0 1 0 0
  2 1 39 2 0 100 0 0 1 0 0
  2 1 40 2 0 100 0 0.01 0.99 0 0
  2 1 41 2 0 100 0 0 1 0 0
  2 1 42 2 0 100 0 0.36 0.64 0 0
  2 1 1 3 0 100 0 0 0.52 0.48 0
  2 1 2 3 0 100 0 0 0 1 0
  2 1 3 3 0 100 0 0 0 1 0
  2 1 4 3 0 100 0 0 1 0 0
  2 1 5 3 0 100 0 0 0.45 0.55 0
  2 1 6 3 0 100 0 0 0 1 0
  2 1 7 3 0 100 0 0 0 1 0
  2 1 8 3 0 100 0 0 0.19 0.81 0
  2 1 9 3 0 100 0 0 0.42 0.58 0
  2 1 10 3 0 100 0 0 0.03 0.97 0
  2 1 11 3 0 100 0 0 0 1 0
  2 1 12 3 0 100 0 0 0 1 0
  2 1 13 3 0 100 0 0 0.3 0.7 0
  2 1 14 3 0 100 0 0 0.71 0.29 0
  2 1 15 3 0 100 0 0 0.68 0.32 0
  2 1 16 3 0 100 0 0 0.67 0.33 0
  2 1 17 3 0 100 0 0 0.02 0.98 0
  2 1 18 3 0 100 0 0 0.6 0.4 0
  2 1 19 3 0 100 0 0 1 0 0
  2 1 20 3 0 100 0 0 1 0 0
  2 1 21 3 0 100 0 0 1 0 0
  2 1 22 3 0 100 0 0 1 0 0
  2 1 23 3 0 100 0 0 1 0 0
  2 1 24 3 0 100 0 0 0.58 0.42 0
  2 1 25 3 0 100 0 0 1 0 0
  2 1 26 3 0 100 0 0 1 0 0
  2 1 27 3 0 100 0 0 1 0 0
  2 1 28 3 0 100 0 0 1 0 0
  2 1 29 3 0 100 0 0 0.76 0.24 0
  2 1 30 3 0 100 0 0 1 0 0
  2 1 31 3 0 100 0 0 0.86 0.14 0
  2 1 32 3 0 100 0 0 0.83 0.17 0
  2 1 33 3 0 100 0 0 1 0 0
  2 1 34 3 0 100 0 0 1 0 0
  2 1 35 3 0 100 0 0 0.33 0.67 0
  2 1 36 3 0 100 0 0 1 0 0
  2 1 37 3 0 100 0 0 0.91 0.09 0
  2 1 38 3 0 100 0 0 0.81 0.19 0
  2 1 39 3 0 100 0 0 1 0 0
  2 1 40 3 0 100 0 0 1 0 0
  2 1 41 3 0 100 0 0 1 0 0
  2 1 42 3 0 100 0 0 1 0 0
# end fishery length observations 
#  
# Survey diet proportion observations 
# Number of observations, init_int Ndietprop_obs 
  89
# init_matrix obs_dietprop(1,Ndietprop_obs,1,ncol) 
# Survey  Year  Predator  Predator_size InpN  wt_prey_1 wt_prey_2 wt_prey_3 wt_prey_4 wt_prey_5 wt_prey_6 wt_prey_7 wt_prey_8 wt_prey_9 wt_prey_10 wt_prey_11 other 
  1 2 1 4 100 1 0 0 0 0
  1 6 4 3 100 0 0.77 0 0 0.23
  1 8 4 2 100 0 0 0 0 1
  1 8 4 3 100 0 0 0 0 1
  1 9 4 4 100 0.96 0 0 0 0.04
  1 11 1 3 100 0 0 0 0 1
  1 11 4 3 100 0 0.04 0.22 0 0.74
  1 12 1 2 100 0 0 0 0 1
  1 12 1 3 100 0.14 0 0 0 0.86
  1 13 1 3 100 0 0 0 0 1
  1 13 1 4 100 0 0.62 0 0 0.38
  1 13 4 2 100 0 0.51 0.33 0 0.16
  1 13 4 3 100 0 0.97 0 0 0.03
  1 13 4 4 100 0 0 0 0 1
  1 14 1 3 100 0 0 0 0 1
  1 14 1 4 100 0 0 0 0 1
  1 14 4 3 100 0 0 0 0 1
  1 14 4 4 100 0 0 0 0 1
  1 15 1 2 100 0 0 0 0 1
  1 15 1 3 100 0 0.19 0 0 0.81
  1 15 4 3 100 0 0.21 0 0 0.79
  1 15 4 4 100 0 0 0 0 1
  1 16 1 3 100 0 0 0 0 1
  1 16 1 4 100 0 0.35 0 0 0.65
  1 16 4 3 100 0 0.58 0 0 0.42
  1 16 4 4 100 0 0 1 0 0
  1 17 4 2 100 0 0.57 0 0 0.43
  1 17 4 3 100 0 0.52 0 0 0.48
  1 18 1 1 100 0 0 0 0 1
  1 18 1 2 100 0 0.76 0 0 0.24
  1 18 1 3 100 0 0 0 0 1
  1 18 4 3 100 0 0 0 0 1
  1 19 1 2 100 0 1 0 0 0
  1 19 1 3 100 0 0 0 0 1
  1 19 1 4 100 0 0.78 0 0 0.22
  1 19 4 2 100 0 0 0 0 1
  1 19 4 3 100 0 0 0.6 0 0.4
  1 20 1 3 100 0 0.61 0 0 0.39
  1 20 4 2 100 0 0.88 0 0 0.12
  1 20 4 3 100 0 1 0 0 0
  1 21 1 2 100 0 0.19 0 0 0.81
  1 21 1 3 100 0 0 0 0 1
  1 21 1 4 100 0 0 0 0 1
  1 21 4 3 100 0 0 0 0 1
  1 22 1 3 100 0 0 0.03 0 0.97
  1 22 4 2 100 0 1 0 0 0
  1 22 4 3 100 0 0 0 0 1
  1 23 1 3 100 0 1 0 0 0
  1 23 4 3 100 0 0 0 0 1
  1 24 1 3 100 0 0 0 0 1
  1 24 1 4 100 0 0 0 0 1
  1 24 4 3 100 0 0 0 0 1
  1 25 1 2 100 0 0.05 0 0 0.95
  1 25 1 3 100 0 0 0 0 1
  1 25 4 3 100 0 0.02 0 0 0.98
  1 25 4 4 100 0 0 0 0 1
  1 26 1 3 100 0 0.65 0 0 0.35
  1 26 4 3 100 0 0 0 0 1
  1 27 1 3 100 0 0 0 0 1
  1 27 1 4 100 0 0 0 0 1
  1 27 4 2 100 0 0 0.31 0 0.69
  1 27 4 3 100 0 0 0.38 0 0.62
  1 28 1 3 100 0 0.4 0 0 0.6
  1 28 4 2 100 0 0 0 0 1
  1 28 4 3 100 0 0 0.76 0 0.24
  1 29 1 3 100 0 1 0 0 0
  1 29 4 3 100 0 0 0.55 0 0.45
  1 30 4 3 100 0 0 0 0 1
  1 31 4 3 100 0 1 0 0 0
  1 31 4 4 100 0 0 0 0 1
  1 33 1 3 100 0 0 0 0 1
  1 33 4 3 100 0 0 0 0 1
  1 34 1 3 100 0 0.1 0 0 0.9
  1 34 4 3 100 0 0.58 0 0 0.42
  1 35 1 1 100 0 0 0 0 1
  1 35 1 2 100 0 0 1 0 0
  1 35 1 3 100 0 0 0 0 1
  1 35 4 3 100 0 0.25 0.75 0 0
  1 36 1 3 100 0 0.6 0 0 0.4
  1 36 4 2 100 0 0.46 0 0 0.54
  1 36 4 3 100 0 0 0 0 1
  1 37 4 3 100 0 0.44 0 0 0.56
  1 38 1 3 100 0 0.26 0 0 0.74
  1 39 1 3 100 0 0 0 0 1
  1 40 1 2 100 0 0 0 0 1
  1 40 4 3 100 0 0.66 0 0 0.34
  1 40 4 4 100 0 0.4 0 0 0.6
  1 41 1 2 100 0 0 0 0 1
  1 42 4 3 100 0 0 0.09 0 0.91
# end survey diet proportion observations 
#  
