# This file was created using the write_tsDatFile function and used all the simulated data from sim_dta.rds found in repo:Hydra-self-testing
# Survey index data 
# Number of observations, init_int Nsurvey_obs
  166
# init_matrix obs_survey_biomass(1,Nsurvey_obs,1,5)
# survey year spp value cv
  1 1 4 82484.2410641218 0.2
  1 2 4 97931.6938503876 0.2
  1 3 4 87326.490101557 0.2
  1 4 4 97044.0112380547 0.2
  1 5 4 95462.4418482701 0.2
  1 6 4 126141.98630887 0.2
  1 7 4 118127.508061594 0.2
  1 8 4 114364.173666509 0.2
  1 9 4 72633.8007800292 0.2
  1 10 4 121412.74058585 0.2
  1 11 4 99463.6225413061 0.2
  1 12 4 140974.643920533 0.2
  1 13 4 88818.6343491503 0.2
  1 14 4 88878.3203361254 0.2
  1 15 4 140308.957608918 0.2
  1 16 4 150456.97136036 0.2
  1 17 4 89905.8963946697 0.2
  1 18 4 135001.94658507 0.2
  1 19 4 92257.0146332812 0.2
  1 20 4 145078.717678067 0.2
  1 21 4 152175.596091885 0.2
  1 22 4 187802.058605158 0.2
  1 23 4 193673.2881297 0.2
  1 24 4 149910.504236403 0.2
  1 25 4 142659.091539491 0.2
  1 26 4 184039.534268807 0.2
  1 27 4 166746.573501713 0.2
  1 28 4 199663.1534124 0.2
  1 29 4 230705.683328682 0.2
  1 30 4 177611.291236951 0.2
  1 31 4 203209.447895533 0.2
  1 32 4 186630.014410093 0.2
  1 33 4 216435.332789721 0.2
  1 34 4 257763.912249167 0.2
  1 35 4 195307.66402705 0.2
  1 36 4 294623.376985276 0.2
  1 37 4 213831.06230473 0.2
  1 38 4 291406.787236914 0.2
  1 39 4 228901.373990345 0.2
  1 40 4 199820.806261926 0.2
  1 41 4 236140.007808632 0.2
  1 42 4 213588.085589962 0.2
  1 1 2 110.03796953769 0.2
  1 4 2 150.755648706076 0.2
  1 5 2 120.942040798219 0.2
  1 6 2 170.058151943406 0.2
  1 7 2 175.576372122516 0.2
  1 8 2 278.488642943317 0.2
  1 9 2 183.800039562246 0.2
  1 10 2 255.081969045799 0.2
  1 11 2 489.340007253687 0.2
  1 12 2 419.333303048018 0.2
  1 13 2 525.361352946775 0.2
  1 14 2 501.565630945681 0.2
  1 15 2 393.642331970728 0.2
  1 16 2 299.813319032761 0.2
  1 17 2 414.766828529008 0.2
  1 18 2 690.222008030359 0.2
  1 19 2 1185.09041449021 0.2
  1 20 2 3071.11952172349 0.2
  1 21 2 2495.28723442448 0.2
  1 22 2 2637.13429324064 0.2
  1 23 2 2506.97350597595 0.2
  1 24 2 2362.99397246891 0.2
  1 25 2 1733.86729744495 0.2
  1 26 2 2088.55477984214 0.2
  1 27 2 1463.37633641582 0.2
  1 28 2 2211.22791276941 0.2
  1 29 2 1672.84128921301 0.2
  1 30 2 2070.52189881451 0.2
  1 31 2 1202.49084444662 0.2
  1 32 2 1366.41627303614 0.2
  1 33 2 2850.01817709158 0.2
  1 34 2 3573.52216223542 0.2
  1 35 2 2943.1500285384 0.2
  1 36 2 3458.70771347891 0.2
  1 37 2 2684.15616941185 0.2
  1 38 2 1579.41347662024 0.2
  1 39 2 2385.27853154385 0.2
  1 40 2 1058.04721346328 0.2
  1 41 2 1390.32220440279 0.2
  1 42 2 1488.55934790661 0.2
  1 1 1 24877.6610900956 0.2
  1 2 1 12654.3147272178 0.2
  1 3 1 15500.5275088712 0.2
  1 4 1 10365.2058698575 0.2
  1 5 1 15129.1919425935 0.2
  1 6 1 15485.1879428576 0.2
  1 7 1 11389.7971207406 0.2
  1 8 1 9901.71633720118 0.2
  1 9 1 7891.29291384448 0.2
  1 10 1 11025.0445056286 0.2
  1 11 1 10317.6382347307 0.2
  1 12 1 7511.65809932939 0.2
  1 13 1 7160.12506056616 0.2
  1 14 1 7762.91197519148 0.2
  1 15 1 6970.54571629668 0.2
  1 16 1 5850.6886043401 0.2
  1 17 1 6044.2646714118 0.2
  1 18 1 4215.55100213026 0.2
  1 19 1 6198.28394405066 0.2
  1 20 1 3996.32234700033 0.2
  1 21 1 6342.34201853871 0.2
  1 22 1 5609.41164312709 0.2
  1 23 1 9980.52710456153 0.2
  1 24 1 8663.62741477389 0.2
  1 25 1 5032.03583930463 0.2
  1 26 1 6746.80140572939 0.2
  1 27 1 6121.78968430189 0.2
  1 28 1 4945.97875665366 0.2
  1 29 1 5706.52109440886 0.2
  1 30 1 4827.7181475929 0.2
  1 31 1 3804.38010843585 0.2
  1 32 1 3394.95611005986 0.2
  1 33 1 2372.63418280295 0.2
  1 34 1 2668.7850749652 0.2
  1 35 1 2626.89414864627 0.2
  1 36 1 1793.38639953009 0.2
  1 37 1 2174.46832973073 0.2
  1 38 1 2843.63396683652 0.2
  1 39 1 1441.65804214384 0.2
  1 40 1 2688.74895413652 0.2
  1 41 1 2248.4167389449 0.2
  1 42 1 2521.25579113113 0.2
  1 1 3 112.129986124932 0.2
  1 2 3 112.261643353846 0.2
  1 3 3 188.001348411712 0.2
  1 4 3 246.303306607455 0.2
  1 5 3 515.302209221577 0.2
  1 6 3 445.019998280998 0.2
  1 7 3 536.691602533388 0.2
  1 8 3 563.470098807156 0.2
  1 9 3 526.574641338094 0.2
  1 10 3 430.40453227529 0.2
  1 11 3 356.454365728077 0.2
  1 12 3 306.410248427252 0.2
  1 13 3 379.577609472846 0.2
  1 14 3 401.160224031764 0.2
  1 15 3 460.2921032881 0.2
  1 16 3 455.557520996798 0.2
  1 17 3 460.785278261824 0.2
  1 18 3 260.244052549108 0.2
  1 19 3 284.475436023186 0.2
  1 20 3 182.019753379161 0.2
  1 21 3 226.998609953547 0.2
  1 22 3 319.950681481328 0.2
  1 23 3 360.606125977102 0.2
  1 24 3 411.54755325483 0.2
  1 25 3 339.581051334597 0.2
  1 26 3 322.523316278031 0.2
  1 27 3 302.02756064999 0.2
  1 28 3 231.869428794292 0.2
  1 29 3 263.841976232011 0.2
  1 30 3 200.133292813096 0.2
  1 31 3 166.927337042259 0.2
  1 32 3 157.665348513906 0.2
  1 33 3 137.211730991116 0.2
  1 34 3 186.44992761669 0.2
  1 35 3 380.776760601934 0.2
  1 36 3 235.319231643345 0.2
  1 37 3 278.919057660138 0.2
  1 38 3 544.902628963224 0.2
  1 39 3 388.723994972628 0.2
  1 40 3 583.972188464603 0.2
  1 41 3 526.029213337801 0.2
  1 42 3 599.548954154971 0.2
# end survey index observations 
#  
# Survey size comp data 
# Number of observations, init_int Nsurvey_size_obs 
  166
# init_matrix obs_survey_size(1,Nsurvey_size_obs,1,ncol) 
# Survey  Year  Species Type (0=whole, 1=retained, 2=discard) InpN, proportion by length bin 
  1 1 1 0 100 0 0.03 0.8 0.17 0
  1 2 1 0 100 0 0 0.93 0.07 0
  1 3 1 0 100 0.25 0 0.75 0 0
  1 4 1 0 100 0 0.14 0.8 0.06 0
  1 5 1 0 100 0 0.05 0.74 0.21 0
  1 6 1 0 100 0 0.11 0.89 0 0
  1 7 1 0 100 0.1 0.28 0.62 0 0
  1 8 1 0 100 0 0 1 0 0
  1 9 1 0 100 0 0.53 0.47 0 0
  1 10 1 0 100 0 1 0 0 0
  1 11 1 0 100 0 0.19 0.81 0 0
  1 12 1 0 100 0.04 0.82 0.01 0.13 0
  1 13 1 0 100 0 0.03 0.64 0.33 0
  1 14 1 0 100 0 0 1 0 0
  1 15 1 0 100 0 0.72 0.28 0 0
  1 16 1 0 100 0 0 1 0 0
  1 17 1 0 100 0 0.81 0.19 0 0
  1 18 1 0 100 0 0.31 0.69 0 0
  1 19 1 0 100 0 0.29 0.71 0 0
  1 20 1 0 100 0 0.33 0.67 0 0
  1 21 1 0 100 0 0.91 0.09 0 0
  1 22 1 0 100 0 0.01 0.99 0 0
  1 23 1 0 100 0.27 0.45 0.28 0 0
  1 24 1 0 100 0 0.46 0.54 0 0
  1 25 1 0 100 0 0 1 0 0
  1 26 1 0 100 0 0.84 0.16 0 0
  1 27 1 0 100 0.07 0.5 0.43 0 0
  1 28 1 0 100 0 0.81 0.19 0 0
  1 29 1 0 100 0.4 0.6 0 0 0
  1 30 1 0 100 0 0.58 0.42 0 0
  1 31 1 0 100 0 0.66 0.34 0 0
  1 32 1 0 100 0 1 0 0 0
  1 33 1 0 100 0.02 0.72 0.26 0 0
  1 34 1 0 100 0 0.18 0.66 0.16 0
  1 35 1 0 100 0 0.07 0.69 0.24 0
  1 36 1 0 100 0 0.39 0.61 0 0
  1 37 1 0 100 0.11 0.89 0 0 0
  1 38 1 0 100 0 1 0 0 0
  1 39 1 0 100 0 1 0 0 0
  1 40 1 0 100 0 0.35 0.65 0 0
  1 41 1 0 100 0 0.43 0.57 0 0
  1 42 1 0 100 0.22 0.78 0 0 0
  1 1 2 0 100 0 0 0 1 0
  1 4 2 0 100 0 0 0 1 0
  1 5 2 0 100 0 0 0 1 0
  1 6 2 0 100 0 0 1 0 0
  1 7 2 0 100 0 0 0 1 0
  1 8 2 0 100 0 0 0 1 0
  1 9 2 0 100 0 0 0.42 0.58 0
  1 10 2 0 100 0 0 1 0 0
  1 11 2 0 100 0 0.17 0.33 0.5 0
  1 12 2 0 100 0 0.24 0.53 0.23 0
  1 13 2 0 100 0 0 0.89 0.11 0
  1 14 2 0 100 0 0 0.16 0.84 0
  1 15 2 0 100 0 0 0.78 0.22 0
  1 16 2 0 100 0 0 1 0 0
  1 17 2 0 100 0 0 0.72 0.28 0
  1 18 2 0 100 0 0.18 0.82 0 0
  1 19 2 0 100 0 0 0.6 0.4 0
  1 20 2 0 100 0 0 1 0 0
  1 21 2 0 100 0 0 0.95 0.05 0
  1 22 2 0 100 0 0 0.8 0.2 0
  1 23 2 0 100 0 0 1 0 0
  1 24 2 0 100 0 0 0.68 0.32 0
  1 25 2 0 100 0 0.15 0 0.85 0
  1 26 2 0 100 0 0.37 0.63 0 0
  1 27 2 0 100 0 0 1 0 0
  1 28 2 0 100 0 0 0.9 0.1 0
  1 29 2 0 100 0 0 0.53 0.47 0
  1 30 2 0 100 0 0 0.58 0.42 0
  1 31 2 0 100 0 0 0.83 0.17 0
  1 32 2 0 100 0 0 1 0 0
  1 33 2 0 100 0 0 1 0 0
  1 34 2 0 100 0 0 1 0 0
  1 35 2 0 100 0 0 1 0 0
  1 36 2 0 100 0 0 0.06 0.94 0
  1 37 2 0 100 0 0 1 0 0
  1 38 2 0 100 0 0 0.93 0.07 0
  1 39 2 0 100 0 0 1 0 0
  1 40 2 0 100 0 0 0.15 0.85 0
  1 41 2 0 100 0 0 0.24 0.76 0
  1 42 2 0 100 0 0.57 0.43 0 0
  1 1 3 0 100 0 0 0.21 0.79 0
  1 2 3 0 100 0 0 0.89 0.11 0
  1 3 3 0 100 0 0 0.25 0.75 0
  1 4 3 0 100 0 0 1 0 0
  1 5 3 0 100 0 0 0.93 0.07 0
  1 6 3 0 100 0 0 1 0 0
  1 7 3 0 100 0 0.2 0.8 0 0
  1 8 3 0 100 0 0.1 0.9 0 0
  1 9 3 0 100 0 1 0 0 0
  1 10 3 0 100 0 0.52 0.48 0 0
  1 11 3 0 100 0 0 1 0 0
  1 12 3 0 100 0 0.69 0.31 0 0
  1 13 3 0 100 0 0.61 0.39 0 0
  1 14 3 0 100 0 0.26 0.74 0 0
  1 15 3 0 100 0 0.05 0.95 0 0
  1 16 3 0 100 0 0.32 0.68 0 0
  1 17 3 0 100 0 0 1 0 0
  1 18 3 0 100 0 0.76 0.24 0 0
  1 19 3 0 100 0 0.58 0.42 0 0
  1 20 3 0 100 0 0 1 0 0
  1 21 3 0 100 0 0.86 0.14 0 0
  1 22 3 0 100 0 0 1 0 0
  1 23 3 0 100 0 0.57 0.43 0 0
  1 24 3 0 100 0 0.54 0.46 0 0
  1 25 3 0 100 0 0.99 0.01 0 0
  1 26 3 0 100 0 1 0 0 0
  1 27 3 0 100 0 0.13 0.87 0 0
  1 28 3 0 100 0 0.5 0.5 0 0
  1 29 3 0 100 0 1 0 0 0
  1 30 3 0 100 0 1 0 0 0
  1 31 3 0 100 0 0 1 0 0
  1 32 3 0 100 0 0.03 0.97 0 0
  1 33 3 0 100 0 0.3 0.7 0 0
  1 34 3 0 100 0 0.35 0.65 0 0
  1 35 3 0 100 0 0.2 0.8 0 0
  1 36 3 0 100 0 0.78 0.22 0 0
  1 37 3 0 100 0 0 1 0 0
  1 38 3 0 100 0 0 1 0 0
  1 39 3 0 100 0 0 1 0 0
  1 40 3 0 100 0 0.93 0.07 0 0
  1 41 3 0 100 0 0.03 0.97 0 0
  1 42 3 0 100 0 0 1 0 0
  1 1 4 0 100 0 0.78 0.22 0 0
  1 2 4 0 100 0 0.12 0.5 0.38 0
  1 3 4 0 100 0 0 1 0 0
  1 4 4 0 100 0 0.51 0.49 0 0
  1 5 4 0 100 0 0.54 0.25 0.21 0
  1 6 4 0 100 0 0.72 0.14 0.14 0
  1 7 4 0 100 0 0.32 0.64 0.04 0
  1 8 4 0 100 0 0.49 0.04 0.47 0
  1 9 4 0 100 0 0.7 0.3 0 0
  1 10 4 0 100 0 0.42 0.58 0 0
  1 11 4 0 100 0 0.46 0.54 0 0
  1 12 4 0 100 0 0.31 0.69 0 0
  1 13 4 0 100 0 0.26 0.74 0 0
  1 14 4 0 100 0 0.76 0.24 0 0
  1 15 4 0 100 0 0.3 0.7 0 0
  1 16 4 0 100 0 0.4 0.18 0.42 0
  1 17 4 0 100 0 0.02 0.76 0.22 0
  1 18 4 0 100 0 0.2 0.8 0 0
  1 19 4 0 100 0 0.65 0.35 0 0
  1 20 4 0 100 0 0.99 0.01 0 0
  1 21 4 0 100 0 0.55 0.45 0 0
  1 22 4 0 100 0 0.27 0.73 0 0
  1 23 4 0 100 0 0.66 0.34 0 0
  1 24 4 0 100 0 0.75 0.25 0 0
  1 25 4 0 100 0 0.13 0.87 0 0
  1 26 4 0 100 0 0 1 0 0
  1 27 4 0 100 0 0.12 0.88 0 0
  1 28 4 0 100 0 0 1 0 0
  1 29 4 0 100 0 0 1 0 0
  1 30 4 0 100 0 0 1 0 0
  1 31 4 0 100 0 0.17 0.83 0 0
  1 32 4 0 100 0 0 1 0 0
  1 33 4 0 100 0 0.42 0.58 0 0
  1 34 4 0 100 0.25 0.55 0.2 0 0
  1 35 4 0 100 0 0.93 0.07 0 0
  1 36 4 0 100 0 1 0 0 0
  1 37 4 0 100 0 1 0 0 0
  1 38 4 0 100 0 1 0 0 0
  1 39 4 0 100 0 0.95 0.05 0 0
  1 40 4 0 100 0 1 0 0 0
  1 41 4 0 100 0 0.57 0.43 0 0
  1 42 4 0 100 0 0.51 0.49 0 0
# end survey length observations 
#  
# Fishery catch data 
# Number of observations, init_int Ncatch_obs
  168
# init_matrix obs_catch_biomass(1,Ncatch_obs,1,6) 
# Fleet	Area	Year	Species	Catch(biomass t)	CV 
  1 1 1 1 34717.3712691203 0.15
  1 1 2 1 22558.3594591241 0.15
  1 1 3 1 21979.0260420459 0.15
  1 1 4 1 19841.2386165015 0.15
  1 1 5 1 14569.8918822652 0.15
  1 1 6 1 18754.9284090409 0.15
  1 1 7 1 21269.4733488901 0.15
  1 1 8 1 14001.0428420893 0.15
  1 1 9 1 14205.2373820541 0.15
  1 1 10 1 13295.0243237829 0.15
  1 1 11 1 18064.7347763254 0.15
  1 1 12 1 15763.648318418 0.15
  1 1 13 1 20309.1040998768 0.15
  1 1 14 1 16681.1101132057 0.15
  1 1 15 1 12146.8339294989 0.15
  1 1 16 1 11274.2090591796 0.15
  1 1 17 1 11904.4651248481 0.15
  1 1 18 1 8097.22865561807 0.15
  1 1 19 1 7465.92435546991 0.15
  1 1 20 1 6521.25993577785 0.15
  1 1 21 1 3498.22228323171 0.15
  1 1 22 1 3928.91926464506 0.15
  1 1 23 1 4130.81511706476 0.15
  1 1 24 1 3749.53973941281 0.15
  1 1 25 1 4841.62298846005 0.15
  1 1 26 1 4276.19828449339 0.15
  1 1 27 1 4354.16298804447 0.15
  1 1 28 1 5339.6054036203 0.15
  1 1 29 1 3968.12836545621 0.15
  1 1 30 1 2975.72910716572 0.15
  1 1 31 1 3182.32806991342 0.15
  1 1 32 1 3264.00006634334 0.15
  1 1 33 1 1926.83379330494 0.15
  1 1 34 1 2337.98433443035 0.15
  1 1 35 1 2094.80613610562 0.15
  1 1 36 1 1640.47725632717 0.15
  1 1 37 1 1798.49366735328 0.15
  1 1 38 1 1559.45296767525 0.15
  1 1 39 1 1394.65797744033 0.15
  1 1 40 1 1539.10001105707 0.15
  1 1 41 1 1719.7013544456 0.15
  1 1 42 1 1563.41246068091 0.15
  1 1 1 4 6613.36797936405 0.15
  1 1 2 4 5750.63311081171 0.15
  1 1 3 4 7196.4259729391 0.15
  1 1 4 4 6755.3944568285 0.15
  1 1 5 4 5757.81951134793 0.15
  1 1 6 4 5571.32362987942 0.15
  1 1 7 4 6131.55765168404 0.15
  1 1 8 4 8556.36091009646 0.15
  1 1 9 4 7283.89375933904 0.15
  1 1 10 4 8993.54368713203 0.15
  1 1 11 4 7741.84381113377 0.15
  1 1 12 4 9575.0913092162 0.15
  1 1 13 4 8904.0915944671 0.15
  1 1 14 4 9064.54406217767 0.15
  1 1 15 4 9027.52905804666 0.15
  1 1 16 4 11255.0685144231 0.15
  1 1 17 4 9119.44247867393 0.15
  1 1 18 4 9542.93699521081 0.15
  1 1 19 4 11034.6861611526 0.15
  1 1 20 4 9052.62509572208 0.15
  1 1 21 4 5558.45738551854 0.15
  1 1 22 4 4721.75471041985 0.15
  1 1 23 4 5276.2761811869 0.15
  1 1 24 4 5730.19702690719 0.15
  1 1 25 4 5358.67530540994 0.15
  1 1 26 4 6902.60567528232 0.15
  1 1 27 4 5615.89676913366 0.15
  1 1 28 4 6239.60413994678 0.15
  1 1 29 4 5834.77869211556 0.15
  1 1 30 4 6312.42996610362 0.15
  1 1 31 4 5650.13716458826 0.15
  1 1 32 4 5525.23831964562 0.15
  1 1 33 4 6843.73300727757 0.15
  1 1 34 4 6742.20875522409 0.15
  1 1 35 4 6494.53974798508 0.15
  1 1 36 4 8910.02946474109 0.15
  1 1 37 4 7228.07428393087 0.15
  1 1 38 4 5962.83081119276 0.15
  1 1 39 4 5442.41113963183 0.15
  1 1 40 4 7818.53970388805 0.15
  1 1 41 4 6045.48296989579 0.15
  1 1 42 4 6824.13549810071 0.15
  2 1 1 2 1757.41221462011 0.15
  2 1 2 2 1265.77102230702 0.15
  2 1 3 2 990.521202498663 0.15
  2 1 4 2 849.784676983771 0.15
  2 1 5 2 755.200158472263 0.15
  2 1 6 2 776.981209645669 0.15
  2 1 7 2 1147.95613034169 0.15
  2 1 8 2 1156.41257756088 0.15
  2 1 9 2 1408.87190072562 0.15
  2 1 10 2 951.558807789191 0.15
  2 1 11 2 1493.51833554049 0.15
  2 1 12 2 2787.05599856047 0.15
  2 1 13 2 2268.8385543766 0.15
  2 1 14 2 3485.69695858215 0.15
  2 1 15 2 2578.40570989585 0.15
  2 1 16 2 2767.57622118094 0.15
  2 1 17 2 2901.06987471962 0.15
  2 1 18 2 2596.85817326045 0.15
  2 1 19 2 3618.45464184641 0.15
  2 1 20 2 7508.58932312775 0.15
  2 1 21 2 13331.5997082473 0.15
  2 1 22 2 14216.5362256064 0.15
  2 1 23 2 17928.8218406026 0.15
  2 1 24 2 12670.3926384421 0.15
  2 1 25 2 14521.2031315431 0.15
  2 1 26 2 14369.0930486001 0.15
  2 1 27 2 12860.8142588764 0.15
  2 1 28 2 14353.8084030097 0.15
  2 1 29 2 14513.8235836564 0.15
  2 1 30 2 14763.8356835119 0.15
  2 1 31 2 12702.9780626211 0.15
  2 1 32 2 11623.5780860065 0.15
  2 1 33 2 10563.4872722759 0.15
  2 1 34 2 15768.5837035812 0.15
  2 1 35 2 20999.0185689227 0.15
  2 1 36 2 24155.9087676117 0.15
  2 1 37 2 24494.022734492 0.15
  2 1 38 2 16804.3872243211 0.15
  2 1 39 2 10556.7953816906 0.15
  2 1 40 2 12016.2045251568 0.15
  2 1 41 2 9992.43955387389 0.15
  2 1 42 2 6236.08958900733 0.15
  2 1 1 3 553.079303145397 0.15
  2 1 2 3 402.116918874623 0.15
  2 1 3 3 502.116516054605 0.15
  2 1 4 3 535.637024122672 0.15
  2 1 5 3 1035.69849789369 0.15
  2 1 6 3 2106.52223781118 0.15
  2 1 7 3 2130.91589093099 0.15
  2 1 8 3 2183.81438458314 0.15
  2 1 9 3 2629.67493660175 0.15
  2 1 10 3 2007.17316418201 0.15
  2 1 11 3 1978.38542739964 0.15
  2 1 12 3 1312.18549861753 0.15
  2 1 13 3 1143.83397093962 0.15
  2 1 14 3 1207.85502144674 0.15
  2 1 15 3 1869.82039292339 0.15
  2 1 16 3 1759.23607054406 0.15
  2 1 17 3 1525.16605047189 0.15
  2 1 18 3 1695.25319726922 0.15
  2 1 19 3 1218.28409870596 0.15
  2 1 20 3 1198.15322714745 0.15
  2 1 21 3 1322.23518172785 0.15
  2 1 22 3 1210.02833455311 0.15
  2 1 23 3 885.898546452 0.15
  2 1 24 3 1045.46431569467 0.15
  2 1 25 3 1544.78783302666 0.15
  2 1 26 3 1451.14907054697 0.15
  2 1 27 3 1549.99431142551 0.15
  2 1 28 3 1390.08639700994 0.15
  2 1 29 3 899.039078091774 0.15
  2 1 30 3 1021.48620700201 0.15
  2 1 31 3 811.233113392809 0.15
  2 1 32 3 717.228446009633 0.15
  2 1 33 3 642.405980092652 0.15
  2 1 34 3 420.05438517765 0.15
  2 1 35 3 645.681855615369 0.15
  2 1 36 3 731.413741921374 0.15
  2 1 37 3 1258.00471755748 0.15
  2 1 38 3 1107.97230795467 0.15
  2 1 39 3 1122.85738703949 0.15
  2 1 40 3 1691.57343823644 0.15
  2 1 41 3 1691.33238831198 0.15
  2 1 42 3 2318.44281608671 0.15
# end catch observations 
#  
# Fishery size comp data 
# Number of observations, init_int Ncatch_size_obs 
  168
# init_matrix obs_catch_size(1,Ncatch_size_obs,1,ncol) 
# Fleet Area  Year  Species Type (0=whole, 1=retained, 2=discard) InpN, proportion by size bin 
  1 1 1 1 0 100 0 0.3 0.7 0 0
  1 1 2 1 0 100 0 0.03 0.97 0 0
  1 1 3 1 0 100 0 0.38 0.62 0 0
  1 1 4 1 0 100 0 0.07 0.34 0.59 0
  1 1 5 1 0 100 0 0.82 0.13 0 0.05
  1 1 6 1 0 100 0 0.11 0.89 0 0
  1 1 7 1 0 100 0 0.45 0.55 0 0
  1 1 8 1 0 100 0 0.26 0.74 0 0
  1 1 9 1 0 100 0 0.18 0.82 0 0
  1 1 10 1 0 100 0 0.5 0.5 0 0
  1 1 11 1 0 100 0 0.53 0.23 0.24 0
  1 1 12 1 0 100 0 0.47 0.53 0 0
  1 1 13 1 0 100 0 0.7 0.3 0 0
  1 1 14 1 0 100 0 0.38 0.62 0 0
  1 1 15 1 0 100 0 0.41 0.59 0 0
  1 1 16 1 0 100 0 0.21 0.79 0 0
  1 1 17 1 0 100 0 0.11 0.88 0.01 0
  1 1 18 1 0 100 0 0.43 0.5 0.07 0
  1 1 19 1 0 100 0 0.03 0.97 0 0
  1 1 20 1 0 100 0 0.4 0.51 0.09 0
  1 1 21 1 0 100 0 0.45 0.47 0.08 0
  1 1 22 1 0 100 0 0.54 0.46 0 0
  1 1 23 1 0 100 0 0.62 0.38 0 0
  1 1 24 1 0 100 0 0.26 0.74 0 0
  1 1 25 1 0 100 0 0.24 0.76 0 0
  1 1 26 1 0 100 0 0 1 0 0
  1 1 27 1 0 100 0 0 1 0 0
  1 1 28 1 0 100 0 0.06 0.65 0.29 0
  1 1 29 1 0 100 0 0.38 0.47 0.15 0
  1 1 30 1 0 100 0 0 1 0 0
  1 1 31 1 0 100 0 0.05 0.95 0 0
  1 1 32 1 0 100 0 0.05 0.95 0 0
  1 1 33 1 0 100 0 0.24 0.53 0.23 0
  1 1 34 1 0 100 0 0 1 0 0
  1 1 35 1 0 100 0 0.21 0.79 0 0
  1 1 36 1 0 100 0 0.29 0.71 0 0
  1 1 37 1 0 100 0 0.43 0.57 0 0
  1 1 38 1 0 100 0 0.5 0.5 0 0
  1 1 39 1 0 100 0 0.46 0.54 0 0
  1 1 40 1 0 100 0 0 1 0 0
  1 1 41 1 0 100 0 0 0.87 0.13 0
  1 1 42 1 0 100 0 0.03 0.81 0.16 0
  1 1 1 4 0 100 0 0.02 0.25 0.23 0.5
  1 1 2 4 0 100 0 0.14 0.42 0.42 0.02
  1 1 3 4 0 100 0 0 0.15 0.85 0
  1 1 4 4 0 100 0 0 0.35 0.65 0
  1 1 5 4 0 100 0 0.03 0.29 0.32 0.36
  1 1 6 4 0 100 0 0 0.15 0.85 0
  1 1 7 4 0 100 0 0 0 1 0
  1 1 8 4 0 100 0 0.32 0 0.68 0
  1 1 9 4 0 100 0 0 0.42 0.16 0.42
  1 1 10 4 0 100 0 0.54 0.19 0.27 0
  1 1 11 4 0 100 0 0 0.9 0.05 0.05
  1 1 12 4 0 100 0 0.1 0.05 0.22 0.63
  1 1 13 4 0 100 0 0 0.57 0.43 0
  1 1 14 4 0 100 0 0 0.2 0.61 0.19
  1 1 15 4 0 100 0 0 0.16 0.49 0.35
  1 1 16 4 0 100 0 0 0.7 0.3 0
  1 1 17 4 0 100 0 0 0 1 0
  1 1 18 4 0 100 0 0 0.42 0.58 0
  1 1 19 4 0 100 0 0 0.47 0.53 0
  1 1 20 4 0 100 0 0 0.07 0.93 0
  1 1 21 4 0 100 0 0 0.27 0.73 0
  1 1 22 4 0 100 0 0 0 1 0
  1 1 23 4 0 100 0 0 0.38 0.62 0
  1 1 24 4 0 100 0 0 0.02 0.73 0.25
  1 1 25 4 0 100 0 0.23 0.59 0.18 0
  1 1 26 4 0 100 0 0 0.3 0.7 0
  1 1 27 4 0 100 0 0 0.13 0.87 0
  1 1 28 4 0 100 0 0 0.11 0.89 0
  1 1 29 4 0 100 0 0 0.22 0.78 0
  1 1 30 4 0 100 0 0 0.41 0.59 0
  1 1 31 4 0 100 0 0 0.45 0.55 0
  1 1 32 4 0 100 0 0 0.32 0.68 0
  1 1 33 4 0 100 0 0 0.41 0.59 0
  1 1 34 4 0 100 0 0 1 0 0
  1 1 35 4 0 100 0 0 0 1 0
  1 1 36 4 0 100 0 0 0 1 0
  1 1 37 4 0 100 0 0 0.08 0.92 0
  1 1 38 4 0 100 0 0 0 1 0
  1 1 39 4 0 100 0 0 0 1 0
  1 1 40 4 0 100 0 0 0.35 0.65 0
  1 1 41 4 0 100 0 0 0.08 0.92 0
  1 1 42 4 0 100 0 0 0.22 0.78 0
  2 1 1 2 0 100 0 0 0.93 0.07 0
  2 1 2 2 0 100 0 0 0 1 0
  2 1 3 2 0 100 0 0.11 0.89 0 0
  2 1 4 2 0 100 0 0 0.03 0.97 0
  2 1 5 2 0 100 0 0 0.15 0.85 0
  2 1 6 2 0 100 0 0 0.66 0.34 0
  2 1 7 2 0 100 0 0.32 0.68 0 0
  2 1 8 2 0 100 0 0 0.36 0.64 0
  2 1 9 2 0 100 0 0 1 0 0
  2 1 10 2 0 100 0 0 1 0 0
  2 1 11 2 0 100 0 0 0.56 0.44 0
  2 1 12 2 0 100 0 0 0.04 0.96 0
  2 1 13 2 0 100 0 0 0.3 0.7 0
  2 1 14 2 0 100 0 0 0.36 0.23 0.41
  2 1 15 2 0 100 0 0 0.75 0.25 0
  2 1 16 2 0 100 0 0 0.38 0.62 0
  2 1 17 2 0 100 0 0 1 0 0
  2 1 18 2 0 100 0 0.28 0.72 0 0
  2 1 19 2 0 100 0 0.08 0.8 0.12 0
  2 1 20 2 0 100 0 0 0.78 0.22 0
  2 1 21 2 0 100 0 0 0.67 0.33 0
  2 1 22 2 0 100 0 0 0.93 0.07 0
  2 1 23 2 0 100 0 0 0.69 0.31 0
  2 1 24 2 0 100 0 0 0.9 0.1 0
  2 1 25 2 0 100 0 0 1 0 0
  2 1 26 2 0 100 0 0.34 0.66 0 0
  2 1 27 2 0 100 0 0.56 0.42 0.02 0
  2 1 28 2 0 100 0 0 1 0 0
  2 1 29 2 0 100 0 0 0.85 0.15 0
  2 1 30 2 0 100 0 0 1 0 0
  2 1 31 2 0 100 0 0 0.83 0.17 0
  2 1 32 2 0 100 0 0 1 0 0
  2 1 33 2 0 100 0 0 1 0 0
  2 1 34 2 0 100 0 0.83 0.17 0 0
  2 1 35 2 0 100 0 0.1 0.9 0 0
  2 1 36 2 0 100 0 0 1 0 0
  2 1 37 2 0 100 0 0 1 0 0
  2 1 38 2 0 100 0 0.44 0.56 0 0
  2 1 39 2 0 100 0 0.02 0.98 0 0
  2 1 40 2 0 100 0 0.56 0.44 0 0
  2 1 41 2 0 100 0 0 1 0 0
  2 1 42 2 0 100 0 0.12 0.88 0 0
  2 1 1 3 0 100 0 0 0.32 0.68 0
  2 1 2 3 0 100 0 0 0.2 0.8 0
  2 1 3 3 0 100 0 0 0.09 0.91 0
  2 1 4 3 0 100 0 0 1 0 0
  2 1 5 3 0 100 0 0 0.24 0.76 0
  2 1 6 3 0 100 0 0 0.37 0.63 0
  2 1 7 3 0 100 0 0 0.11 0.89 0
  2 1 8 3 0 100 0 0 0.37 0.63 0
  2 1 9 3 0 100 0 0 0.33 0.67 0
  2 1 10 3 0 100 0 0 0.25 0.75 0
  2 1 11 3 0 100 0 0 0.31 0.69 0
  2 1 12 3 0 100 0 0 0.04 0.96 0
  2 1 13 3 0 100 0 0 0.1 0.9 0
  2 1 14 3 0 100 0 0 0.77 0.23 0
  2 1 15 3 0 100 0 0 0.54 0.46 0
  2 1 16 3 0 100 0 0 0.54 0.46 0
  2 1 17 3 0 100 0 0 0.49 0.51 0
  2 1 18 3 0 100 0 0 0.8 0.2 0
  2 1 19 3 0 100 0 0 1 0 0
  2 1 20 3 0 100 0.12 0 0.83 0.05 0
  2 1 21 3 0 100 0 0 1 0 0
  2 1 22 3 0 100 0 0 0.96 0.04 0
  2 1 23 3 0 100 0 0 0.97 0.03 0
  2 1 24 3 0 100 0 0 0.84 0.16 0
  2 1 25 3 0 100 0 0 1 0 0
  2 1 26 3 0 100 0 0 0.9 0.1 0
  2 1 27 3 0 100 0 0 0.99 0.01 0
  2 1 28 3 0 100 0 0 0.95 0.05 0
  2 1 29 3 0 100 0 0 0.79 0.21 0
  2 1 30 3 0 100 0 0 1 0 0
  2 1 31 3 0 100 0 0 0.86 0.14 0
  2 1 32 3 0 100 0 0 0.33 0.67 0
  2 1 33 3 0 100 0 0 0.9 0.1 0
  2 1 34 3 0 100 0 0 0.89 0.11 0
  2 1 35 3 0 100 0 0 0.82 0.18 0
  2 1 36 3 0 100 0 0 0.93 0.07 0
  2 1 37 3 0 100 0 0 0.81 0.19 0
  2 1 38 3 0 100 0 0 0.64 0.36 0
  2 1 39 3 0 100 0 0 1 0 0
  2 1 40 3 0 100 0 0 1 0 0
  2 1 41 3 0 100 0 0 1 0 0
  2 1 42 3 0 100 0 0 0.95 0.05 0
# end fishery length observations 
#  
# Survey diet proportion observations 
# Number of observations, init_int Ndietprop_obs 
  89
# init_matrix obs_dietprop(1,Ndietprop_obs,1,ncol) 
# Survey  Year  Predator  Predator_size InpN  wt_prey_1 wt_prey_2 wt_prey_3 wt_prey_4 wt_prey_5 wt_prey_6 wt_prey_7 wt_prey_8 wt_prey_9 wt_prey_10 wt_prey_11 other 
  1 2 1 4 100 1 0 0 0 0
  1 6 4 3 100 0 0 0.38 0 0.62
  1 8 4 2 100 0 0.05 0 0 0.95
  1 8 4 3 100 0 0.08 0 0 0.92
  1 9 4 4 100 0 0.91 0 0 0.09
  1 11 1 3 100 0 0 0.97 0 0.03
  1 11 4 3 100 0 0.31 0.29 0 0.4
  1 12 1 2 100 0 0.19 0 0 0.81
  1 12 1 3 100 0 1 0 0 0
  1 13 1 3 100 0 0 0 0 1
  1 13 1 4 100 0 0 0.4 0 0.6
  1 13 4 2 100 0 0.03 0 0 0.97
  1 13 4 3 100 0 0 0 0 1
  1 13 4 4 100 0 0 0 0 1
  1 14 1 3 100 0 0.89 0 0 0.11
  1 14 1 4 100 0 0.01 0 0 0.99
  1 14 4 3 100 0 0 0 0 1
  1 14 4 4 100 0 0.76 0.21 0 0.03
  1 15 1 2 100 0 0.73 0 0 0.27
  1 15 1 3 100 0 0 0.41 0 0.59
  1 15 4 3 100 0 0.32 0 0 0.68
  1 15 4 4 100 0 0.04 0 0 0.96
  1 16 1 3 100 0 0 0 0 1
  1 16 1 4 100 0 0.56 0 0 0.44
  1 16 4 3 100 0 0.01 0 0 0.99
  1 16 4 4 100 0 0.18 0 0 0.82
  1 17 4 2 100 0 0 0 0 1
  1 17 4 3 100 0 0.01 0 0 0.99
  1 18 1 1 100 0 0.44 0 0 0.56
  1 18 1 2 100 0 0 0 0 1
  1 18 1 3 100 0 0 0 0 1
  1 18 4 3 100 0 0 0 0 1
  1 19 1 2 100 0 0.14 0.37 0 0.49
  1 19 1 3 100 0 0.6 0 0 0.4
  1 19 1 4 100 0 0.39 0 0 0.61
  1 19 4 2 100 0.15 0 0 0 0.85
  1 19 4 3 100 0 0.64 0 0 0.36
  1 20 1 3 100 0 0.54 0 0 0.46
  1 20 4 2 100 0 0 0 0 1
  1 20 4 3 100 0 0.97 0 0 0.03
  1 21 1 2 100 0 0 0 0 1
  1 21 1 3 100 0 0 0 0 1
  1 21 1 4 100 0 0.29 0 0 0.71
  1 21 4 3 100 0 0 0.43 0 0.57
  1 22 1 3 100 0 0.29 0 0 0.71
  1 22 4 2 100 0 0 0.08 0 0.92
  1 22 4 3 100 0 0 0 0 1
  1 23 1 3 100 0 0.47 0.1 0 0.43
  1 23 4 3 100 0 0 0 0 1
  1 24 1 3 100 0 0.63 0 0 0.37
  1 24 1 4 100 0 0.09 0 0 0.91
  1 24 4 3 100 0 0.43 0 0 0.57
  1 25 1 2 100 0 0.39 0 0 0.61
  1 25 1 3 100 0 0.27 0 0 0.73
  1 25 4 3 100 0 0.25 0 0 0.75
  1 25 4 4 100 0 0 0 0 1
  1 26 1 3 100 0 0 0 0 1
  1 26 4 3 100 0 0 0 0 1
  1 27 1 3 100 0 0.09 0 0 0.91
  1 27 1 4 100 0 0 0 0 1
  1 27 4 2 100 0 0.1 0 0 0.9
  1 27 4 3 100 0 0.36 0 0 0.64
  1 28 1 3 100 0 0 0 0 1
  1 28 4 2 100 0 0.77 0 0 0.23
  1 28 4 3 100 0 0.7 0 0 0.3
  1 29 1 3 100 0 0 0 0 1
  1 29 4 3 100 0.32 0 0 0 0.68
  1 30 4 3 100 0 0.31 0 0 0.69
  1 31 4 3 100 0 0.03 0 0 0.97
  1 31 4 4 100 0 0.06 0 0 0.94
  1 33 1 3 100 0 0 0.75 0 0.25
  1 33 4 3 100 0 0 0.07 0 0.93
  1 34 1 3 100 0 0.52 0.24 0 0.24
  1 34 4 3 100 0 0 0.16 0 0.84
  1 35 1 1 100 0 0.14 0.75 0 0.11
  1 35 1 2 100 0 0.37 0 0 0.63
  1 35 1 3 100 0 0 0 0 1
  1 35 4 3 100 0 0 0 0 1
  1 36 1 3 100 0 0.55 0 0 0.45
  1 36 4 2 100 0 0 0 0 1
  1 36 4 3 100 0 0.12 0 0 0.88
  1 37 4 3 100 0 0 0 0 1
  1 38 1 3 100 0 0.32 0.16 0 0.52
  1 39 1 3 100 0.7 0 0 0 0.3
  1 40 1 2 100 0 0.78 0 0 0.22
  1 40 4 3 100 0 0.16 0 0 0.84
  1 40 4 4 100 0 0.29 0 0 0.71
  1 41 1 2 100 0 0 0 0 1
  1 42 4 3 100 0 0 0.26 0 0.74
# end survey diet proportion observations 
#  
