# This file was created using the write_tsDatFile function and used all the simulated data from sim_dta.rds found in repo:Hydra-self-testing
# Survey index data 
# Number of observations, init_int Nsurvey_obs
  166
# init_matrix obs_survey_biomass(1,Nsurvey_obs,1,5)
# survey year spp value cv
  1 1 4 111691.127189079 0.2
  1 2 4 103120.159912806 0.2
  1 3 4 108668.103831348 0.2
  1 4 4 103707.804425647 0.2
  1 5 4 97943.5131887844 0.2
  1 6 4 93748.0274482579 0.2
  1 7 4 91839.6016384525 0.2
  1 8 4 120140.394749768 0.2
  1 9 4 142671.252102951 0.2
  1 10 4 143031.403537349 0.2
  1 11 4 112613.769283886 0.2
  1 12 4 111212.982788723 0.2
  1 13 4 99272.4556932828 0.2
  1 14 4 109290.717316733 0.2
  1 15 4 175628.264114235 0.2
  1 16 4 140280.921369979 0.2
  1 17 4 114932.330730026 0.2
  1 18 4 204587.202234125 0.2
  1 19 4 144160.692586432 0.2
  1 20 4 159395.759727464 0.2
  1 21 4 148829.961636821 0.2
  1 22 4 153471.753269794 0.2
  1 23 4 255274.393006114 0.2
  1 24 4 216843.77597034 0.2
  1 25 4 146023.099483928 0.2
  1 26 4 162354.256832826 0.2
  1 27 4 108730.546800034 0.2
  1 28 4 168839.231509089 0.2
  1 29 4 275006.465872449 0.2
  1 30 4 181145.741482064 0.2
  1 31 4 182879.199354175 0.2
  1 32 4 282377.1889937 0.2
  1 33 4 201280.915432097 0.2
  1 34 4 182247.04668836 0.2
  1 35 4 189080.347433059 0.2
  1 36 4 215488.280706013 0.2
  1 37 4 268857.199229734 0.2
  1 38 4 212360.552589101 0.2
  1 39 4 240304.060937691 0.2
  1 40 4 242088.306863835 0.2
  1 41 4 222394.955393069 0.2
  1 42 4 227653.921093717 0.2
  1 1 2 90.6812370275965 0.2
  1 4 2 91.8991503638472 0.2
  1 5 2 106.141536591241 0.2
  1 6 2 160.350509899951 0.2
  1 7 2 132.352542103358 0.2
  1 8 2 226.542991628042 0.2
  1 9 2 254.038745335363 0.2
  1 10 2 227.501421692286 0.2
  1 11 2 340.924897520567 0.2
  1 12 2 384.966815837267 0.2
  1 13 2 348.077000933594 0.2
  1 14 2 520.624543534536 0.2
  1 15 2 442.138648057839 0.2
  1 16 2 389.581226713314 0.2
  1 17 2 418.49111673089 0.2
  1 18 2 753.613885075003 0.2
  1 19 2 1241.41182623377 0.2
  1 20 2 1843.4996578723 0.2
  1 21 2 1549.10731592052 0.2
  1 22 2 2426.14458394976 0.2
  1 23 2 2568.30040673289 0.2
  1 24 2 2421.03167741612 0.2
  1 25 2 2223.74898191782 0.2
  1 26 2 1651.90966823552 0.2
  1 27 2 1687.81263956245 0.2
  1 28 2 1768.2310114636 0.2
  1 29 2 1784.98773940605 0.2
  1 30 2 2878.85646034382 0.2
  1 31 2 2842.71999092943 0.2
  1 32 2 2323.67082838287 0.2
  1 33 2 2661.41186681897 0.2
  1 34 2 2791.03966312172 0.2
  1 35 2 3399.94685742351 0.2
  1 36 2 2851.34329677304 0.2
  1 37 2 2428.29455178841 0.2
  1 38 2 1694.23396345141 0.2
  1 39 2 1760.93980748282 0.2
  1 40 2 1220.95964122069 0.2
  1 41 2 1346.1847461044 0.2
  1 42 2 970.928134496885 0.2
  1 1 1 30245.5578907207 0.2
  1 2 1 27375.1823126756 0.2
  1 3 1 14503.02646992 0.2
  1 4 1 12538.7749824367 0.2
  1 5 1 8926.33666272213 0.2
  1 6 1 11272.5303031948 0.2
  1 7 1 8451.3147835515 0.2
  1 8 1 10636.4370793951 0.2
  1 9 1 9579.80485748281 0.2
  1 10 1 10011.5526232957 0.2
  1 11 1 12569.9132943815 0.2
  1 12 1 13262.6012935036 0.2
  1 13 1 10918.1762118247 0.2
  1 14 1 9201.09253312682 0.2
  1 15 1 5679.21409527349 0.2
  1 16 1 5631.94758327426 0.2
  1 17 1 5220.66065395193 0.2
  1 18 1 5816.58411725164 0.2
  1 19 1 3469.25847195938 0.2
  1 20 1 5654.5311964341 0.2
  1 21 1 4474.36090041128 0.2
  1 22 1 5714.75478352481 0.2
  1 23 1 4536.54208578503 0.2
  1 24 1 6995.02072020322 0.2
  1 25 1 5000.63457206228 0.2
  1 26 1 6448.6467890661 0.2
  1 27 1 5574.27193261727 0.2
  1 28 1 4247.50392877271 0.2
  1 29 1 6590.92518256627 0.2
  1 30 1 5231.3134268564 0.2
  1 31 1 4784.86456600735 0.2
  1 32 1 2903.41649115943 0.2
  1 33 1 5276.46886169619 0.2
  1 34 1 2112.55225799674 0.2
  1 35 1 2896.17830850411 0.2
  1 36 1 2978.55636840306 0.2
  1 37 1 1995.13183541992 0.2
  1 38 1 2387.64770894514 0.2
  1 39 1 2662.71832407101 0.2
  1 40 1 2392.38608198921 0.2
  1 41 1 2565.46625495757 0.2
  1 42 1 2529.63910444086 0.2
  1 1 3 106.090085804537 0.2
  1 2 3 86.1682603767205 0.2
  1 3 3 166.501834871906 0.2
  1 4 3 260.956674004913 0.2
  1 5 3 342.340942076078 0.2
  1 6 3 438.096258400617 0.2
  1 7 3 752.759235842662 0.2
  1 8 3 333.973006178555 0.2
  1 9 3 514.859137515786 0.2
  1 10 3 341.696614747869 0.2
  1 11 3 358.259298147557 0.2
  1 12 3 431.111169955386 0.2
  1 13 3 304.409483391359 0.2
  1 14 3 402.556082888779 0.2
  1 15 3 460.099816937995 0.2
  1 16 3 402.160932541115 0.2
  1 17 3 381.888159668973 0.2
  1 18 3 347.763162805319 0.2
  1 19 3 288.519833975142 0.2
  1 20 3 376.016919146559 0.2
  1 21 3 531.73242455019 0.2
  1 22 3 403.380449429431 0.2
  1 23 3 319.216468197008 0.2
  1 24 3 435.894775068603 0.2
  1 25 3 444.139732291853 0.2
  1 26 3 217.956044023717 0.2
  1 27 3 402.034839975113 0.2
  1 28 3 295.54283479657 0.2
  1 29 3 232.193333245878 0.2
  1 30 3 187.724857229589 0.2
  1 31 3 174.054683977714 0.2
  1 32 3 170.455770825054 0.2
  1 33 3 136.338344296606 0.2
  1 34 3 194.723580649057 0.2
  1 35 3 322.87390513088 0.2
  1 36 3 285.369089750776 0.2
  1 37 3 339.456925136758 0.2
  1 38 3 361.699586177765 0.2
  1 39 3 523.481815170765 0.2
  1 40 3 576.737096472149 0.2
  1 41 3 540.482735885835 0.2
  1 42 3 637.323152020111 0.2
# end survey index observations 
#  
# Survey size comp data 
# Number of observations, init_int Nsurvey_size_obs 
  166
# init_matrix obs_survey_size(1,Nsurvey_size_obs,1,ncol) 
# Survey  Year  Species Type (0=whole, 1=retained, 2=discard) InpN, proportion by length bin 
  1 1 1 0 100 0 0.09 0.68 0.23 0
  1 2 1 0 100 0 0.19 0.49 0.32 0
  1 3 1 0 100 0.05 0.23 0.72 0 0
  1 4 1 0 100 0 0.15 0.42 0.43 0
  1 5 1 0 100 0.04 0.29 0.54 0.13 0
  1 6 1 0 100 0 0.27 0.73 0 0
  1 7 1 0 100 0.04 0.13 0.83 0 0
  1 8 1 0 100 0 0 1 0 0
  1 9 1 0 100 0 0.37 0.63 0 0
  1 10 1 0 100 0 0.32 0.03 0 0.65
  1 11 1 0 100 0 0.11 0.89 0 0
  1 12 1 0 100 0.03 0.47 0.24 0.26 0
  1 13 1 0 100 0 0.28 0.43 0.29 0
  1 14 1 0 100 0 0.21 0.79 0 0
  1 15 1 0 100 0.03 0.6 0.37 0 0
  1 16 1 0 100 0 0.07 0.93 0 0
  1 17 1 0 100 0 0.59 0.41 0 0
  1 18 1 0 100 0 0.28 0.72 0 0
  1 19 1 0 100 0 0.47 0.53 0 0
  1 20 1 0 100 0 0.65 0.35 0 0
  1 21 1 0 100 0 0.9 0.1 0 0
  1 22 1 0 100 0 0.22 0.78 0 0
  1 23 1 0 100 0.13 0.25 0.62 0 0
  1 24 1 0 100 0.12 0.64 0.24 0 0
  1 25 1 0 100 0 0.01 0.99 0 0
  1 26 1 0 100 0 0.27 0.73 0 0
  1 27 1 0 100 0.11 0.19 0.7 0 0
  1 28 1 0 100 0 0.63 0.37 0 0
  1 29 1 0 100 0.13 0.87 0 0 0
  1 30 1 0 100 0.01 0.64 0.35 0 0
  1 31 1 0 100 0 0.38 0.62 0 0
  1 32 1 0 100 0 1 0 0 0
  1 33 1 0 100 0.04 0.17 0.79 0 0
  1 34 1 0 100 0.09 0.13 0.33 0.45 0
  1 35 1 0 100 0 0.18 0.35 0.47 0
  1 36 1 0 100 0 0.74 0.26 0 0
  1 37 1 0 100 0.02 0.98 0 0 0
  1 38 1 0 100 0 1 0 0 0
  1 39 1 0 100 0 1 0 0 0
  1 40 1 0 100 0 0.31 0.69 0 0
  1 41 1 0 100 0 0.75 0.25 0 0
  1 42 1 0 100 0.26 0.74 0 0 0
  1 1 2 0 100 0 0 0 1 0
  1 4 2 0 100 0 0 0 1 0
  1 5 2 0 100 0 0 0 1 0
  1 6 2 0 100 0 0 1 0 0
  1 7 2 0 100 0 0 0 1 0
  1 8 2 0 100 0 0 0 1 0
  1 9 2 0 100 0 0 0.52 0.48 0
  1 10 2 0 100 0 0.03 0.84 0.13 0
  1 11 2 0 100 0 0.1 0.3 0.6 0
  1 12 2 0 100 0 0.26 0.46 0.28 0
  1 13 2 0 100 0 0 0.56 0.44 0
  1 14 2 0 100 0 0.09 0.11 0.8 0
  1 15 2 0 100 0 0 0.75 0.25 0
  1 16 2 0 100 0 0 1 0 0
  1 17 2 0 100 0 0.03 0.6 0.37 0
  1 18 2 0 100 0 0.35 0.65 0 0
  1 19 2 0 100 0 0.1 0.64 0.26 0
  1 20 2 0 100 0 0 0.94 0.06 0
  1 21 2 0 100 0 0 0.8 0.2 0
  1 22 2 0 100 0 0.03 0.88 0.09 0
  1 23 2 0 100 0 0 0.88 0.12 0
  1 24 2 0 100 0 0 0.85 0.15 0
  1 25 2 0 100 0 0.27 0.04 0.69 0
  1 26 2 0 100 0 0.45 0.55 0 0
  1 27 2 0 100 0 0 0.81 0.19 0
  1 28 2 0 100 0 0.01 0.84 0.15 0
  1 29 2 0 100 0 0 0.47 0.53 0
  1 30 2 0 100 0 0 0.68 0.32 0
  1 31 2 0 100 0 0 0.69 0.31 0
  1 32 2 0 100 0 0.01 0.99 0 0
  1 33 2 0 100 0 0.05 0.95 0 0
  1 34 2 0 100 0 0 1 0 0
  1 35 2 0 100 0 0 1 0 0
  1 36 2 0 100 0 0.05 0.24 0.71 0
  1 37 2 0 100 0 0 1 0 0
  1 38 2 0 100 0 0 0.8 0.2 0
  1 39 2 0 100 0 0 1 0 0
  1 40 2 0 100 0 0 0.5 0.5 0
  1 41 2 0 100 0 0 0.17 0.83 0
  1 42 2 0 100 0 0.66 0.34 0 0
  1 1 3 0 100 0 0.26 0.18 0.56 0
  1 2 3 0 100 0 0 0.66 0.34 0
  1 3 3 0 100 0 0 0.42 0.58 0
  1 4 3 0 100 0 0 1 0 0
  1 5 3 0 100 0 0.07 0.67 0.26 0
  1 6 3 0 100 0 0 1 0 0
  1 7 3 0 100 0 0.09 0.91 0 0
  1 8 3 0 100 0 0.2 0.8 0 0
  1 9 3 0 100 0 1 0 0 0
  1 10 3 0 100 0 0.43 0.57 0 0
  1 11 3 0 100 0 0.09 0.91 0 0
  1 12 3 0 100 0 0.63 0.37 0 0
  1 13 3 0 100 0 0.53 0.47 0 0
  1 14 3 0 100 0 0.76 0.24 0 0
  1 15 3 0 100 0 0.07 0.93 0 0
  1 16 3 0 100 0 0.34 0.66 0 0
  1 17 3 0 100 0 0 1 0 0
  1 18 3 0 100 0 0.73 0.27 0 0
  1 19 3 0 100 0 0.73 0.27 0 0
  1 20 3 0 100 0 0 1 0 0
  1 21 3 0 100 0 0.89 0.11 0 0
  1 22 3 0 100 0 0.06 0.94 0 0
  1 23 3 0 100 0 0.49 0.51 0 0
  1 24 3 0 100 0 0.18 0.82 0 0
  1 25 3 0 100 0 0.48 0.52 0 0
  1 26 3 0 100 0 0.98 0.02 0 0
  1 27 3 0 100 0 0.22 0.78 0 0
  1 28 3 0 100 0 0.52 0.48 0 0
  1 29 3 0 100 0 1 0 0 0
  1 30 3 0 100 0 1 0 0 0
  1 31 3 0 100 0 0 1 0 0
  1 32 3 0 100 0 0.11 0.89 0 0
  1 33 3 0 100 0 0.68 0.32 0 0
  1 34 3 0 100 0 0.49 0.51 0 0
  1 35 3 0 100 0 0.09 0.91 0 0
  1 36 3 0 100 0 0.29 0.71 0 0
  1 37 3 0 100 0 0 1 0 0
  1 38 3 0 100 0 0.01 0.99 0 0
  1 39 3 0 100 0 0.03 0.97 0 0
  1 40 3 0 100 0 0.92 0.08 0 0
  1 41 3 0 100 0 0.21 0.79 0 0
  1 42 3 0 100 0 0.05 0.95 0 0
  1 1 4 0 100 0.03 0.41 0.5 0.06 0
  1 2 4 0 100 0 0.17 0.72 0.11 0
  1 3 4 0 100 0 0.09 0.89 0.02 0
  1 4 4 0 100 0 0.6 0.33 0.07 0
  1 5 4 0 100 0.02 0.59 0.31 0.08 0
  1 6 4 0 100 0 0.73 0.13 0.14 0
  1 7 4 0 100 0 0.49 0.3 0.21 0
  1 8 4 0 100 0 0.75 0.17 0.08 0
  1 9 4 0 100 0.02 0.43 0.41 0.14 0
  1 10 4 0 100 0 0.44 0.54 0.02 0
  1 11 4 0 100 0.02 0.51 0.47 0 0
  1 12 4 0 100 0.05 0.53 0.35 0.07 0
  1 13 4 0 100 0 0.13 0.79 0.08 0
  1 14 4 0 100 0 0.51 0.49 0 0
  1 15 4 0 100 0.04 0.41 0.54 0.01 0
  1 16 4 0 100 0 0.33 0.46 0.21 0
  1 17 4 0 100 0 0.31 0.56 0.13 0
  1 18 4 0 100 0 0.62 0.38 0 0
  1 19 4 0 100 0 0.69 0.31 0 0
  1 20 4 0 100 0 0.6 0.4 0 0
  1 21 4 0 100 0 0.96 0.04 0 0
  1 22 4 0 100 0 0.46 0.54 0 0
  1 23 4 0 100 0 0.56 0.44 0 0
  1 24 4 0 100 0 0.58 0.42 0 0
  1 25 4 0 100 0 0.13 0.87 0 0
  1 26 4 0 100 0 0 1 0 0
  1 27 4 0 100 0 0.17 0.79 0.04 0
  1 28 4 0 100 0 0.04 0.96 0 0
  1 29 4 0 100 0 0 1 0 0
  1 30 4 0 100 0 0.01 0.99 0 0
  1 31 4 0 100 0 0.29 0.71 0 0
  1 32 4 0 100 0 0.29 0.71 0 0
  1 33 4 0 100 0.02 0.44 0.54 0 0
  1 34 4 0 100 0.17 0.4 0.43 0 0
  1 35 4 0 100 0.11 0.78 0.11 0 0
  1 36 4 0 100 0 0.85 0.15 0 0
  1 37 4 0 100 0 0.94 0.06 0 0
  1 38 4 0 100 0 0.77 0.23 0 0
  1 39 4 0 100 0 0.87 0.13 0 0
  1 40 4 0 100 0 0.96 0.04 0 0
  1 41 4 0 100 0 0.85 0.15 0 0
  1 42 4 0 100 0 0.74 0.26 0 0
# end survey length observations 
#  
# Fishery catch data 
# Number of observations, init_int Ncatch_obs
  168
# init_matrix obs_catch_biomass(1,Ncatch_obs,1,6) 
# Fleet	Area	Year	Species	Catch(biomass t)	CV 
  1 1 1 1 34370.0967582408 0.15
  1 1 2 1 28635.3739643274 0.15
  1 1 3 1 22801.1180549312 0.15
  1 1 4 1 24053.2899664367 0.15
  1 1 5 1 19580.7005628505 0.15
  1 1 6 1 14204.5476900684 0.15
  1 1 7 1 16597.4425659634 0.15
  1 1 8 1 13025.0251490192 0.15
  1 1 9 1 15660.7768939724 0.15
  1 1 10 1 17051.6785311461 0.15
  1 1 11 1 21114.9545413819 0.15
  1 1 12 1 19684.5950005614 0.15
  1 1 13 1 11332.2693107706 0.15
  1 1 14 1 12710.1345463416 0.15
  1 1 15 1 12585.6753087258 0.15
  1 1 16 1 7772.41126785115 0.15
  1 1 17 1 10687.5502371282 0.15
  1 1 18 1 10700.4001547755 0.15
  1 1 19 1 7343.55434553482 0.15
  1 1 20 1 9746.46538806026 0.15
  1 1 21 1 2082.51686549523 0.15
  1 1 22 1 3014.20388047537 0.15
  1 1 23 1 4005.13419439718 0.15
  1 1 24 1 4739.30366466005 0.15
  1 1 25 1 5542.37983479214 0.15
  1 1 26 1 4782.7940436285 0.15
  1 1 27 1 4643.30705376199 0.15
  1 1 28 1 3274.83440168872 0.15
  1 1 29 1 3420.40475997748 0.15
  1 1 30 1 3400.58221824176 0.15
  1 1 31 1 3132.00783609427 0.15
  1 1 32 1 2459.57323179765 0.15
  1 1 33 1 2675.23199235577 0.15
  1 1 34 1 1808.01540459271 0.15
  1 1 35 1 2084.45609643959 0.15
  1 1 36 1 1782.52679811257 0.15
  1 1 37 1 1379.19711364625 0.15
  1 1 38 1 1954.54182933072 0.15
  1 1 39 1 1549.71648043794 0.15
  1 1 40 1 1407.95759691977 0.15
  1 1 41 1 1781.23776236198 0.15
  1 1 42 1 1386.99895675347 0.15
  1 1 1 4 9203.81463955104 0.15
  1 1 2 4 9869.30050678087 0.15
  1 1 3 4 6204.80742161355 0.15
  1 1 4 4 6695.52162934737 0.15
  1 1 5 4 5128.89659735679 0.15
  1 1 6 4 6395.78241920713 0.15
  1 1 7 4 5659.53454174408 0.15
  1 1 8 4 8147.88342294081 0.15
  1 1 9 4 8752.88194826107 0.15
  1 1 10 4 8384.85968520694 0.15
  1 1 11 4 8073.22410521769 0.15
  1 1 12 4 8791.69813019196 0.15
  1 1 13 4 7321.50349481337 0.15
  1 1 14 4 9859.85026728233 0.15
  1 1 15 4 8487.98584383011 0.15
  1 1 16 4 12307.7426992003 0.15
  1 1 17 4 10149.1829972968 0.15
  1 1 18 4 9266.91853999694 0.15
  1 1 19 4 7914.36509071456 0.15
  1 1 20 4 10647.5038545617 0.15
  1 1 21 4 4383.09917973828 0.15
  1 1 22 4 5238.74725010107 0.15
  1 1 23 4 3969.9468490077 0.15
  1 1 24 4 3969.8245813786 0.15
  1 1 25 4 5272.0697528912 0.15
  1 1 26 4 4496.89233055134 0.15
  1 1 27 4 5653.92841708737 0.15
  1 1 28 4 5761.18573321774 0.15
  1 1 29 4 5536.85889363579 0.15
  1 1 30 4 5687.24510557787 0.15
  1 1 31 4 6095.54277917204 0.15
  1 1 32 4 6185.15513357977 0.15
  1 1 33 4 5879.14925989054 0.15
  1 1 34 4 5656.41469387748 0.15
  1 1 35 4 7110.48199584571 0.15
  1 1 36 4 6521.02285471948 0.15
  1 1 37 4 7356.41820736784 0.15
  1 1 38 4 5845.78740514076 0.15
  1 1 39 4 8065.07726666403 0.15
  1 1 40 4 6734.05375034167 0.15
  1 1 41 4 7109.64929650769 0.15
  1 1 42 4 6218.54507360665 0.15
  2 1 1 2 1282.0764589734 0.15
  2 1 2 2 1248.61699367591 0.15
  2 1 3 2 1006.94211843664 0.15
  2 1 4 2 739.924493496866 0.15
  2 1 5 2 848.922618012046 0.15
  2 1 6 2 777.58293363242 0.15
  2 1 7 2 1064.54705067808 0.15
  2 1 8 2 1082.66581592109 0.15
  2 1 9 2 879.97393074873 0.15
  2 1 10 2 1127.42930863181 0.15
  2 1 11 2 1480.67419450288 0.15
  2 1 12 2 2396.46786597778 0.15
  2 1 13 2 2297.62331899605 0.15
  2 1 14 2 2347.92253619248 0.15
  2 1 15 2 2680.42709068271 0.15
  2 1 16 2 3222.78735438716 0.15
  2 1 17 2 2066.61937604952 0.15
  2 1 18 2 2400.1038222925 0.15
  2 1 19 2 2312.23724747858 0.15
  2 1 20 2 5316.37484427649 0.15
  2 1 21 2 12526.7297935922 0.15
  2 1 22 2 17426.3494138614 0.15
  2 1 23 2 14647.8100465209 0.15
  2 1 24 2 14145.0387806312 0.15
  2 1 25 2 14156.758988979 0.15
  2 1 26 2 14531.7710772515 0.15
  2 1 27 2 8025.89826059724 0.15
  2 1 28 2 10976.5423505005 0.15
  2 1 29 2 15195.0730545365 0.15
  2 1 30 2 10846.8935818853 0.15
  2 1 31 2 16677.2700257256 0.15
  2 1 32 2 10014.8944967273 0.15
  2 1 33 2 12115.4600363703 0.15
  2 1 34 2 21597.1576032981 0.15
  2 1 35 2 17621.9428749692 0.15
  2 1 36 2 20561.9345475873 0.15
  2 1 37 2 19876.179994485 0.15
  2 1 38 2 17990.4424937981 0.15
  2 1 39 2 18667.671111051 0.15
  2 1 40 2 12915.6065398493 0.15
  2 1 41 2 9567.34059163547 0.15
  2 1 42 2 6608.77425165499 0.15
  2 1 1 3 559.29297816145 0.15
  2 1 2 3 331.893725443059 0.15
  2 1 3 3 417.163057249056 0.15
  2 1 4 3 616.864984831667 0.15
  2 1 5 3 1044.76075608061 0.15
  2 1 6 3 1979.02933535205 0.15
  2 1 7 3 2231.71574132255 0.15
  2 1 8 3 2432.82172357943 0.15
  2 1 9 3 2533.23191750842 0.15
  2 1 10 3 2601.04432987268 0.15
  2 1 11 3 1595.18383135855 0.15
  2 1 12 3 1606.18758148017 0.15
  2 1 13 3 1679.39492832794 0.15
  2 1 14 3 1296.51490064721 0.15
  2 1 15 3 1786.83362906192 0.15
  2 1 16 3 1994.6336312172 0.15
  2 1 17 3 1738.0304667271 0.15
  2 1 18 3 1313.57706946783 0.15
  2 1 19 3 1558.32012369911 0.15
  2 1 20 3 1482.17499509597 0.15
  2 1 21 3 1019.74116944505 0.15
  2 1 22 3 1148.6464939288 0.15
  2 1 23 3 1434.32560630979 0.15
  2 1 24 3 1660.24977954246 0.15
  2 1 25 3 1346.18349751438 0.15
  2 1 26 3 1355.97988335401 0.15
  2 1 27 3 1567.83344968525 0.15
  2 1 28 3 1314.28033339426 0.15
  2 1 29 3 1098.16498277687 0.15
  2 1 30 3 1030.59860685618 0.15
  2 1 31 3 831.266520177215 0.15
  2 1 32 3 752.916961658281 0.15
  2 1 33 3 528.824617390016 0.15
  2 1 34 3 543.221123222404 0.15
  2 1 35 3 536.745990448683 0.15
  2 1 36 3 940.850489173513 0.15
  2 1 37 3 1187.62527406347 0.15
  2 1 38 3 1005.41162165864 0.15
  2 1 39 3 1411.99257920268 0.15
  2 1 40 3 1439.28289514998 0.15
  2 1 41 3 2580.66471955813 0.15
  2 1 42 3 2641.66862334381 0.15
# end catch observations 
#  
# Fishery size comp data 
# Number of observations, init_int Ncatch_size_obs 
  168
# init_matrix obs_catch_size(1,Ncatch_size_obs,1,ncol) 
# Fleet Area  Year  Species Type (0=whole, 1=retained, 2=discard) InpN, proportion by size bin 
  1 1 1 1 0 100 0 0.35 0.64 0.01 0
  1 1 2 1 0 100 0 0.34 0.6 0.05 0.01
  1 1 3 1 0 100 0 0.43 0.52 0.05 0
  1 1 4 1 0 100 0 0.32 0.6 0.08 0
  1 1 5 1 0 100 0 0.48 0.38 0.12 0.02
  1 1 6 1 0 100 0 0.4 0.6 0 0
  1 1 7 1 0 100 0 0.26 0.72 0.02 0
  1 1 8 1 0 100 0 0.34 0.66 0 0
  1 1 9 1 0 100 0 0.37 0.57 0.06 0
  1 1 10 1 0 100 0 0.77 0.23 0 0
  1 1 11 1 0 100 0 0.44 0.49 0.07 0
  1 1 12 1 0 100 0 0.28 0.7 0.02 0
  1 1 13 1 0 100 0 0.54 0.43 0.03 0
  1 1 14 1 0 100 0 0.23 0.71 0.06 0
  1 1 15 1 0 100 0 0.45 0.5 0.05 0
  1 1 16 1 0 100 0 0.42 0.53 0.05 0
  1 1 17 1 0 100 0 0.28 0.66 0.06 0
  1 1 18 1 0 100 0 0.45 0.45 0.1 0
  1 1 19 1 0 100 0 0.52 0.48 0 0
  1 1 20 1 0 100 0 0.48 0.5 0.02 0
  1 1 21 1 0 100 0 0.28 0.66 0.06 0
  1 1 22 1 0 100 0 0.44 0.54 0.02 0
  1 1 23 1 0 100 0 0.2 0.71 0.09 0
  1 1 24 1 0 100 0 0.41 0.56 0.03 0
  1 1 25 1 0 100 0 0.21 0.79 0 0
  1 1 26 1 0 100 0 0.01 0.97 0.02 0
  1 1 27 1 0 100 0 0.06 0.85 0.07 0.02
  1 1 28 1 0 100 0 0.15 0.81 0.04 0
  1 1 29 1 0 100 0 0.17 0.65 0.18 0
  1 1 30 1 0 100 0 0.09 0.91 0 0
  1 1 31 1 0 100 0 0.14 0.86 0 0
  1 1 32 1 0 100 0 0.07 0.93 0 0
  1 1 33 1 0 100 0 0.19 0.67 0.14 0
  1 1 34 1 0 100 0 0.04 0.96 0 0
  1 1 35 1 0 100 0 0.2 0.8 0 0
  1 1 36 1 0 100 0 0.37 0.63 0 0
  1 1 37 1 0 100 0 0.46 0.54 0 0
  1 1 38 1 0 100 0 0.24 0.76 0 0
  1 1 39 1 0 100 0 0.38 0.62 0 0
  1 1 40 1 0 100 0 0 0.93 0.07 0
  1 1 41 1 0 100 0 0 0.87 0.13 0
  1 1 42 1 0 100 0 0.11 0.73 0.16 0
  1 1 1 4 0 100 0 0 0.75 0.25 0
  1 1 2 4 0 100 0 0 0.16 0.84 0
  1 1 3 4 0 100 0 0.03 0.52 0.45 0
  1 1 4 4 0 100 0 0.14 0.18 0.68 0
  1 1 5 4 0 100 0 0 0.19 0.81 0
  1 1 6 4 0 100 0 0.05 0.57 0.38 0
  1 1 7 4 0 100 0 0.41 0.51 0.08 0
  1 1 8 4 0 100 0 0 0.82 0.18 0
  1 1 9 4 0 100 0 0.03 0.82 0.15 0
  1 1 10 4 0 100 0 0.12 0.83 0.05 0
  1 1 11 4 0 100 0 0 0.83 0.17 0
  1 1 12 4 0 100 0 0 0.48 0.52 0
  1 1 13 4 0 100 0 0 0.67 0.33 0
  1 1 14 4 0 100 0 0 0.47 0.47 0.06
  1 1 15 4 0 100 0 0 0.66 0.34 0
  1 1 16 4 0 100 0 0.07 0.71 0.22 0
  1 1 17 4 0 100 0 0 0.95 0.05 0
  1 1 18 4 0 100 0 0.06 0.76 0.13 0.05
  1 1 19 4 0 100 0 0.07 0.82 0.11 0
  1 1 20 4 0 100 0 0.02 0.54 0.44 0
  1 1 21 4 0 100 0 0.02 0.74 0.24 0
  1 1 22 4 0 100 0 0 0.72 0.28 0
  1 1 23 4 0 100 0 0.06 0.67 0.27 0
  1 1 24 4 0 100 0 0 0.85 0.15 0
  1 1 25 4 0 100 0 0.04 0.96 0 0
  1 1 26 4 0 100 0 0.16 0.82 0.02 0
  1 1 27 4 0 100 0 0.4 0.52 0.08 0
  1 1 28 4 0 100 0 0.01 0.93 0.06 0
  1 1 29 4 0 100 0 0 0.84 0.16 0
  1 1 30 4 0 100 0 0 1 0 0
  1 1 31 4 0 100 0 0.04 0.9 0.06 0
  1 1 32 4 0 100 0 0 0.96 0.04 0
  1 1 33 4 0 100 0 0.01 0.99 0 0
  1 1 34 4 0 100 0 0.83 0.17 0 0
  1 1 35 4 0 100 0 0.06 0.94 0 0
  1 1 36 4 0 100 0 0 1 0 0
  1 1 37 4 0 100 0 0.12 0.88 0 0
  1 1 38 4 0 100 0 0.26 0.74 0 0
  1 1 39 4 0 100 0 0.11 0.87 0.02 0
  1 1 40 4 0 100 0 0.38 0.62 0 0
  1 1 41 4 0 100 0 0 1 0 0
  1 1 42 4 0 100 0 0.04 0.96 0 0
  2 1 1 2 0 100 0 0 0.36 0.64 0
  2 1 2 2 0 100 0 0 0.33 0.67 0
  2 1 3 2 0 100 0 0 0.61 0.39 0
  2 1 4 2 0 100 0 0 0.93 0.07 0
  2 1 5 2 0 100 0 0 0.46 0.54 0
  2 1 6 2 0 100 0 0 0.4 0.6 0
  2 1 7 2 0 100 0 0 0.1 0.9 0
  2 1 8 2 0 100 0 0 0.29 0.71 0
  2 1 9 2 0 100 0 0 0.36 0.64 0
  2 1 10 2 0 100 0 0 0.31 0.69 0
  2 1 11 2 0 100 0 0 0.28 0.72 0
  2 1 12 2 0 100 0 0 0.21 0.79 0
  2 1 13 2 0 100 0 0 0.11 0.89 0
  2 1 14 2 0 100 0 0 0.5 0.5 0
  2 1 15 2 0 100 0 0 0.45 0.55 0
  2 1 16 2 0 100 0 0 0.42 0.58 0
  2 1 17 2 0 100 0 0 0.61 0.39 0
  2 1 18 2 0 100 0 0 0.64 0.36 0
  2 1 19 2 0 100 0 0 0.97 0.03 0
  2 1 20 2 0 100 0.05 0 0.91 0.04 0
  2 1 21 2 0 100 0 0 1 0 0
  2 1 22 2 0 100 0 0 0.94 0.06 0
  2 1 23 2 0 100 0 0 0.95 0.05 0
  2 1 24 2 0 100 0 0 0.98 0.02 0
  2 1 25 2 0 100 0 0 0.95 0.05 0
  2 1 26 2 0 100 0 0 0.89 0.11 0
  2 1 27 2 0 100 0 0 0.85 0.15 0
  2 1 28 2 0 100 0 0 0.85 0.15 0
  2 1 29 2 0 100 0 0 0.9 0.1 0
  2 1 30 2 0 100 0 0 0.89 0.11 0
  2 1 31 2 0 100 0 0 0.81 0.19 0
  2 1 32 2 0 100 0 0 0.86 0.14 0
  2 1 33 2 0 100 0 0 0.92 0.08 0
  2 1 34 2 0 100 0 0 0.8 0.2 0
  2 1 35 2 0 100 0 0 0.83 0.17 0
  2 1 36 2 0 100 0 0 0.77 0.23 0
  2 1 37 2 0 100 0 0 0.67 0.33 0
  2 1 38 2 0 100 0 0 0.86 0.14 0
  2 1 39 2 0 100 0 0 0.86 0.14 0
  2 1 40 2 0 100 0 0 0.91 0.09 0
  2 1 41 2 0 100 0 0 0.92 0.08 0
  2 1 42 2 0 100 0 0 0.94 0.06 0
  2 1 1 3 0 100 0 0.11 0.17 0.48 0.24
  2 1 2 3 0 100 0 0.17 0.37 0.37 0.09
  2 1 3 3 0 100 0 0.03 0.23 0.74 0
  2 1 4 3 0 100 0 0.06 0.24 0.67 0.03
  2 1 5 3 0 100 0 0.15 0.19 0.49 0.17
  2 1 6 3 0 100 0 0.14 0.48 0.36 0.02
  2 1 7 3 0 100 0 0.07 0.3 0.62 0.01
  2 1 8 3 0 100 0 0.19 0.04 0.77 0
  2 1 9 3 0 100 0 0 0.37 0.47 0.16
  2 1 10 3 0 100 0 0.21 0.24 0.55 0
  2 1 11 3 0 100 0 0.1 0.39 0.4 0.11
  2 1 12 3 0 100 0 0.1 0.29 0.4 0.21
  2 1 13 3 0 100 0 0 0.3 0.7 0
  2 1 14 3 0 100 0 0 0.14 0.73 0.13
  2 1 15 3 0 100 0 0.01 0.23 0.71 0.05
  2 1 16 3 0 100 0 0.02 0.45 0.53 0
  2 1 17 3 0 100 0 0 0.13 0.86 0.01
  2 1 18 3 0 100 0 0 0.18 0.82 0
  2 1 19 3 0 100 0 0 0.4 0.6 0
  2 1 20 3 0 100 0 0 0.29 0.71 0
  2 1 21 3 0 100 0 0 0.34 0.66 0
  2 1 22 3 0 100 0 0 0.06 0.94 0
  2 1 23 3 0 100 0 0 0.38 0.62 0
  2 1 24 3 0 100 0 0 0.11 0.83 0.06
  2 1 25 3 0 100 0 0.17 0.29 0.54 0
  2 1 26 3 0 100 0 0 0.33 0.67 0
  2 1 27 3 0 100 0 0 0.43 0.57 0
  2 1 28 3 0 100 0 0 0.35 0.65 0
  2 1 29 3 0 100 0 0 0.16 0.84 0
  2 1 30 3 0 100 0 0 0.28 0.72 0
  2 1 31 3 0 100 0 0 0.11 0.86 0.03
  2 1 32 3 0 100 0 0 0.15 0.85 0
  2 1 33 3 0 100 0 0 0.23 0.7 0.07
  2 1 34 3 0 100 0 0 0.87 0.13 0
  2 1 35 3 0 100 0 0 0.07 0.93 0
  2 1 36 3 0 100 0 0 0.1 0.9 0
  2 1 37 3 0 100 0 0 0.24 0.76 0
  2 1 38 3 0 100 0 0 0.06 0.94 0
  2 1 39 3 0 100 0 0 0.11 0.89 0
  2 1 40 3 0 100 0 0 0.22 0.78 0
  2 1 41 3 0 100 0 0 0.14 0.86 0
  2 1 42 3 0 100 0 0 0.15 0.85 0
# end fishery length observations 
#  
# Survey diet proportion observations 
# Number of observations, init_int Ndietprop_obs 
  89
# init_matrix obs_dietprop(1,Ndietprop_obs,1,ncol) 
# Survey  Year  Predator  Predator_size InpN  wt_prey_1 wt_prey_2 wt_prey_3 wt_prey_4 wt_prey_5 wt_prey_6 wt_prey_7 wt_prey_8 wt_prey_9 wt_prey_10 wt_prey_11 other 
  1 2 1 4 100 1 0 0 0 0
  1 6 4 3 100 0 0 0 0 1
  1 8 4 2 100 0 0 0.12 0 0.88
  1 8 4 3 100 0 0.02 0 0 0.98
  1 9 4 4 100 0 0.59 0 0 0.41
  1 11 1 3 100 0.12 0 0 0 0.88
  1 11 4 3 100 0 0.53 0 0 0.47
  1 12 1 2 100 0 0 0.04 0 0.96
  1 12 1 3 100 0 0.11 0 0 0.89
  1 13 1 3 100 0 0.38 0 0 0.62
  1 13 1 4 100 0 0 0 0.01 0.99
  1 13 4 2 100 0 0.14 0 0 0.86
  1 13 4 3 100 0 0.46 0.13 0 0.41
  1 13 4 4 100 0 0.35 0 0 0.65
  1 14 1 3 100 0 0 0 0 1
  1 14 1 4 100 0.46 0 0 0 0.54
  1 14 4 3 100 0 0.32 0.01 0 0.67
  1 14 4 4 100 0 0.78 0 0 0.22
  1 15 1 2 100 0 0 0 0 1
  1 15 1 3 100 0 0.14 0 0 0.86
  1 15 4 3 100 0 0.03 0 0 0.97
  1 15 4 4 100 0 0.1 0 0 0.9
  1 16 1 3 100 0 0.5 0 0 0.5
  1 16 1 4 100 0 0.17 0 0 0.83
  1 16 4 3 100 0 0.68 0 0 0.32
  1 16 4 4 100 0 0 0 0 1
  1 17 4 2 100 0 0.58 0 0 0.42
  1 17 4 3 100 0 0.78 0 0 0.22
  1 18 1 1 100 0 0 0 0 1
  1 18 1 2 100 0 0.28 0.03 0 0.69
  1 18 1 3 100 0 0.7 0 0 0.3
  1 18 4 3 100 0 0.14 0.06 0 0.8
  1 19 1 2 100 0 0.02 0 0 0.98
  1 19 1 3 100 0 0.46 0 0 0.54
  1 19 1 4 100 0 0 0.6 0 0.4
  1 19 4 2 100 0 0.53 0 0 0.47
  1 19 4 3 100 0 0.06 0 0 0.94
  1 20 1 3 100 0 0.22 0 0 0.78
  1 20 4 2 100 0 0.16 0 0 0.84
  1 20 4 3 100 0 0 0 0 1
  1 21 1 2 100 0 0.47 0 0 0.53
  1 21 1 3 100 0 0.04 0 0 0.96
  1 21 1 4 100 0 0.55 0 0 0.45
  1 21 4 3 100 0 0.38 0 0 0.62
  1 22 1 3 100 0 0.1 0 0 0.9
  1 22 4 2 100 0 0.26 0 0 0.74
  1 22 4 3 100 0 0.05 0.18 0 0.77
  1 23 1 3 100 0 0.14 0 0 0.86
  1 23 4 3 100 0 0 0 0 1
  1 24 1 3 100 0 0.98 0 0 0.02
  1 24 1 4 100 0 0.21 0 0 0.79
  1 24 4 3 100 0 0.26 0 0 0.74
  1 25 1 2 100 0 0.02 0 0 0.98
  1 25 1 3 100 0 0.02 0 0 0.98
  1 25 4 3 100 0 0 0.39 0 0.61
  1 25 4 4 100 0 0.18 0.2 0 0.62
  1 26 1 3 100 0 0.34 0.04 0 0.62
  1 26 4 3 100 0 0.21 0 0 0.79
  1 27 1 3 100 0 0.19 0.06 0 0.75
  1 27 1 4 100 0 0.23 0 0 0.77
  1 27 4 2 100 0 0.01 0 0 0.99
  1 27 4 3 100 0 0 0.05 0 0.95
  1 28 1 3 100 0 0.08 0 0 0.92
  1 28 4 2 100 0 0.16 0.08 0 0.76
  1 28 4 3 100 0 0.33 0 0 0.67
  1 29 1 3 100 0 0.17 0 0 0.83
  1 29 4 3 100 0 0.04 0 0 0.96
  1 30 4 3 100 0 0 0 0 1
  1 31 4 3 100 0 0.61 0.24 0 0.15
  1 31 4 4 100 0 0 0.82 0 0.18
  1 33 1 3 100 0.36 0 0 0 0.64
  1 33 4 3 100 0 0.46 0 0 0.54
  1 34 1 3 100 0 0 0 0 1
  1 34 4 3 100 0 0.21 0 0 0.79
  1 35 1 1 100 0 0.07 0 0 0.93
  1 35 1 2 100 0 1 0 0 0
  1 35 1 3 100 0 0.07 0 0 0.93
  1 35 4 3 100 0 0.08 0.05 0 0.87
  1 36 1 3 100 0 0.23 0 0 0.77
  1 36 4 2 100 0 0 0.32 0 0.68
  1 36 4 3 100 0.08 0 0 0 0.92
  1 37 4 3 100 0 0.32 0.03 0 0.65
  1 38 1 3 100 0 0.24 0 0 0.76
  1 39 1 3 100 0 0 0.09 0 0.91
  1 40 1 2 100 0 0.01 0 0 0.99
  1 40 4 3 100 0 0.14 0 0 0.86
  1 40 4 4 100 0 0.09 0 0 0.91
  1 41 1 2 100 0 0.32 0 0 0.68
  1 42 4 3 100 0 0.12 0.41 0 0.47
# end survey diet proportion observations 
#  
