# This file was created using the write_tsDatFile function and used all the simulated data from sim_dta.rds found in repo:Hydra-self-testing
# Survey index data 
# Number of observations, init_int Nsurvey_obs
  166
# init_matrix obs_survey_biomass(1,Nsurvey_obs,1,5)
# survey year spp value cv
  1 1 4 93813.6632822451 0.2
  1 2 4 94946.5057689378 0.2
  1 3 4 93266.7388712055 0.2
  1 4 4 152371.551094634 0.2
  1 5 4 82750.3677842068 0.2
  1 6 4 145780.515606746 0.2
  1 7 4 106222.879882577 0.2
  1 8 4 69894.2339134925 0.2
  1 9 4 87936.406277912 0.2
  1 10 4 127531.656109981 0.2
  1 11 4 120925.304831868 0.2
  1 12 4 100052.307019872 0.2
  1 13 4 98203.330534084 0.2
  1 14 4 94828.8476840985 0.2
  1 15 4 169246.455245853 0.2
  1 16 4 129779.729781023 0.2
  1 17 4 214798.703291576 0.2
  1 18 4 137126.350967424 0.2
  1 19 4 110681.314518446 0.2
  1 20 4 119109.724138352 0.2
  1 21 4 171882.40083661 0.2
  1 22 4 187422.999012648 0.2
  1 23 4 142927.724015367 0.2
  1 24 4 248386.475877826 0.2
  1 25 4 186627.546451553 0.2
  1 26 4 214555.317909425 0.2
  1 27 4 204289.66040902 0.2
  1 28 4 126292.791785853 0.2
  1 29 4 153217.318164256 0.2
  1 30 4 225670.359429393 0.2
  1 31 4 164553.011731783 0.2
  1 32 4 171625.220667535 0.2
  1 33 4 198155.553976889 0.2
  1 34 4 235853.998522074 0.2
  1 35 4 217882.230494704 0.2
  1 36 4 240574.016564158 0.2
  1 37 4 261900.934204151 0.2
  1 38 4 270124.263826069 0.2
  1 39 4 210600.571298011 0.2
  1 40 4 243952.484300305 0.2
  1 41 4 209256.79859898 0.2
  1 42 4 173772.863088618 0.2
  1 1 2 133.734621698925 0.2
  1 4 2 103.308311997624 0.2
  1 5 2 165.101531161718 0.2
  1 6 2 167.91486146452 0.2
  1 7 2 149.455326215821 0.2
  1 8 2 193.371819899106 0.2
  1 9 2 217.505701418611 0.2
  1 10 2 423.877845818417 0.2
  1 11 2 274.027086720909 0.2
  1 12 2 429.248403295038 0.2
  1 13 2 376.712994761387 0.2
  1 14 2 467.778103584488 0.2
  1 15 2 398.301393627365 0.2
  1 16 2 566.939810755221 0.2
  1 17 2 538.475830941206 0.2
  1 18 2 985.617332783347 0.2
  1 19 2 1546.57072792645 0.2
  1 20 2 2677.03072642505 0.2
  1 21 2 3577.29850772683 0.2
  1 22 2 2761.92344640897 0.2
  1 23 2 3258.96395943773 0.2
  1 24 2 2781.62108447589 0.2
  1 25 2 1803.7219220108 0.2
  1 26 2 2165.95258942537 0.2
  1 27 2 2231.27486446056 0.2
  1 28 2 2080.34929563868 0.2
  1 29 2 1627.87717613157 0.2
  1 30 2 2273.49434175188 0.2
  1 31 2 1280.89762438494 0.2
  1 32 2 2720.78119023797 0.2
  1 33 2 1885.47871111386 0.2
  1 34 2 3517.70465440292 0.2
  1 35 2 3478.08738193459 0.2
  1 36 2 2324.80287953351 0.2
  1 37 2 2386.41771447589 0.2
  1 38 2 2436.86528451233 0.2
  1 39 2 1441.82853426756 0.2
  1 40 2 1458.31821899196 0.2
  1 41 2 1738.96662194016 0.2
  1 42 2 950.096912734084 0.2
  1 1 1 24986.4890916327 0.2
  1 2 1 20208.1151825387 0.2
  1 3 1 13058.192461098 0.2
  1 4 1 11256.8749049245 0.2
  1 5 1 14544.8708995646 0.2
  1 6 1 9214.6553354488 0.2
  1 7 1 10651.0591803962 0.2
  1 8 1 10729.9927787655 0.2
  1 9 1 11505.5208877182 0.2
  1 10 1 10674.2259738338 0.2
  1 11 1 18848.5864017901 0.2
  1 12 1 8451.35228051404 0.2
  1 13 1 10737.656201476 0.2
  1 14 1 8278.72375288169 0.2
  1 15 1 11143.5757917956 0.2
  1 16 1 6098.76072014985 0.2
  1 17 1 4619.36999700191 0.2
  1 18 1 6032.15614563009 0.2
  1 19 1 3712.100178541 0.2
  1 20 1 5524.66946168079 0.2
  1 21 1 4499.85743723918 0.2
  1 22 1 5259.80201037181 0.2
  1 23 1 6601.56562366378 0.2
  1 24 1 8545.18014850532 0.2
  1 25 1 6540.21433623171 0.2
  1 26 1 6770.89117237572 0.2
  1 27 1 5023.73453606774 0.2
  1 28 1 6281.83433935975 0.2
  1 29 1 4572.50997032598 0.2
  1 30 1 3409.27473532331 0.2
  1 31 1 3742.59865641923 0.2
  1 32 1 4252.09783045732 0.2
  1 33 1 4151.61354970279 0.2
  1 34 1 2917.6064813533 0.2
  1 35 1 1933.56136020599 0.2
  1 36 1 3448.57715713188 0.2
  1 37 1 2611.36051329457 0.2
  1 38 1 2763.80056971086 0.2
  1 39 1 1965.9642651632 0.2
  1 40 1 2230.6556913723 0.2
  1 41 1 2685.58666957416 0.2
  1 42 1 3326.89350724376 0.2
  1 1 3 112.8294783696 0.2
  1 2 3 129.673313637306 0.2
  1 3 3 155.793205191967 0.2
  1 4 3 209.093151717459 0.2
  1 5 3 414.653464653617 0.2
  1 6 3 453.973123694532 0.2
  1 7 3 604.310147713267 0.2
  1 8 3 816.931647965382 0.2
  1 9 3 397.153756965638 0.2
  1 10 3 543.370617924269 0.2
  1 11 3 455.491921478594 0.2
  1 12 3 361.43715581128 0.2
  1 13 3 444.986729198851 0.2
  1 14 3 349.255758779126 0.2
  1 15 3 367.670189559488 0.2
  1 16 3 315.869592202165 0.2
  1 17 3 425.242462664121 0.2
  1 18 3 306.349077189718 0.2
  1 19 3 288.74738680142 0.2
  1 20 3 326.940495989699 0.2
  1 21 3 230.820165731138 0.2
  1 22 3 348.670722884014 0.2
  1 23 3 322.557884406415 0.2
  1 24 3 219.378593332453 0.2
  1 25 3 328.553685574749 0.2
  1 26 3 401.896095054716 0.2
  1 27 3 377.158181728894 0.2
  1 28 3 210.270956436562 0.2
  1 29 3 280.974203962529 0.2
  1 30 3 151.032266201401 0.2
  1 31 3 221.925083066797 0.2
  1 32 3 128.711255273012 0.2
  1 33 3 126.856109043384 0.2
  1 34 3 208.233438211486 0.2
  1 35 3 240.19233875778 0.2
  1 36 3 297.471566123064 0.2
  1 37 3 371.12437992003 0.2
  1 38 3 342.723170552988 0.2
  1 39 3 353.016284989898 0.2
  1 40 3 391.360044463566 0.2
  1 41 3 713.814950425099 0.2
  1 42 3 560.358320683677 0.2
# end survey index observations 
#  
# Survey size comp data 
# Number of observations, init_int Nsurvey_size_obs 
  166
# init_matrix obs_survey_size(1,Nsurvey_size_obs,1,ncol) 
# Survey  Year  Species Type (0=whole, 1=retained, 2=discard) InpN, proportion by length bin 
  1 1 1 0 100 0 0 0.57 0.43 0
  1 2 1 0 100 0 0 0.88 0.12 0
  1 3 1 0 100 0.52 0 0.48 0 0
  1 4 1 0 100 0 0 0.87 0.13 0
  1 5 1 0 100 0 0 0.84 0.16 0
  1 6 1 0 100 0 0.12 0.88 0 0
  1 7 1 0 100 0.02 0.44 0.54 0 0
  1 8 1 0 100 0 0 1 0 0
  1 9 1 0 100 0 0.66 0.34 0 0
  1 10 1 0 100 0 1 0 0 0
  1 11 1 0 100 0 0.21 0.79 0 0
  1 12 1 0 100 0.07 0.54 0.17 0.22 0
  1 13 1 0 100 0 0 0.27 0.73 0
  1 14 1 0 100 0 0 1 0 0
  1 15 1 0 100 0 0.72 0.28 0 0
  1 16 1 0 100 0 0 1 0 0
  1 17 1 0 100 0 0.94 0.06 0 0
  1 18 1 0 100 0 0.57 0.43 0 0
  1 19 1 0 100 0 0.15 0.85 0 0
  1 20 1 0 100 0 0.65 0.35 0 0
  1 21 1 0 100 0 0.96 0.04 0 0
  1 22 1 0 100 0 0 1 0 0
  1 23 1 0 100 0.18 0.79 0.03 0 0
  1 24 1 0 100 0 0.51 0.49 0 0
  1 25 1 0 100 0 0 1 0 0
  1 26 1 0 100 0 0.63 0.37 0 0
  1 27 1 0 100 0 0.57 0.43 0 0
  1 28 1 0 100 0 0.76 0.24 0 0
  1 29 1 0 100 0.12 0.88 0 0 0
  1 30 1 0 100 0 0.31 0.69 0 0
  1 31 1 0 100 0 0.57 0.43 0 0
  1 32 1 0 100 0 1 0 0 0
  1 33 1 0 100 0 0.75 0.25 0 0
  1 34 1 0 100 0 0.35 0.43 0.22 0
  1 35 1 0 100 0 0.15 0.49 0.36 0
  1 36 1 0 100 0 0.21 0.79 0 0
  1 37 1 0 100 0.05 0.95 0 0 0
  1 38 1 0 100 0 1 0 0 0
  1 39 1 0 100 0 1 0 0 0
  1 40 1 0 100 0 0.2 0.8 0 0
  1 41 1 0 100 0 0.08 0.92 0 0
  1 42 1 0 100 0.13 0.87 0 0 0
  1 1 2 0 100 0 0 0 1 0
  1 4 2 0 100 0 0 0 1 0
  1 5 2 0 100 0 0 0 1 0
  1 6 2 0 100 0 0 1 0 0
  1 7 2 0 100 0 0 0 1 0
  1 8 2 0 100 0 0 0 1 0
  1 9 2 0 100 0 0 0.4 0.6 0
  1 10 2 0 100 0 0 1 0 0
  1 11 2 0 100 0 0.29 0.32 0.39 0
  1 12 2 0 100 0 0.21 0.65 0.14 0
  1 13 2 0 100 0 0 0.88 0.12 0
  1 14 2 0 100 0 0 0.19 0.81 0
  1 15 2 0 100 0 0 0.55 0.45 0
  1 16 2 0 100 0 0 1 0 0
  1 17 2 0 100 0 0 0.97 0.03 0
  1 18 2 0 100 0 0.26 0.74 0 0
  1 19 2 0 100 0 0 0.97 0.03 0
  1 20 2 0 100 0 0 1 0 0
  1 21 2 0 100 0 0 0.58 0.42 0
  1 22 2 0 100 0 0 0.98 0.02 0
  1 23 2 0 100 0 0 1 0 0
  1 24 2 0 100 0 0 0.95 0.05 0
  1 25 2 0 100 0 0 0 1 0
  1 26 2 0 100 0 0.11 0.89 0 0
  1 27 2 0 100 0 0 1 0 0
  1 28 2 0 100 0 0 0.88 0.12 0
  1 29 2 0 100 0 0 0.48 0.52 0
  1 30 2 0 100 0 0 0.59 0.41 0
  1 31 2 0 100 0 0 0.92 0.08 0
  1 32 2 0 100 0 0 1 0 0
  1 33 2 0 100 0 0 1 0 0
  1 34 2 0 100 0 0 1 0 0
  1 35 2 0 100 0 0 1 0 0
  1 36 2 0 100 0 0 0 1 0
  1 37 2 0 100 0 0 1 0 0
  1 38 2 0 100 0 0 0.85 0.15 0
  1 39 2 0 100 0 0 1 0 0
  1 40 2 0 100 0 0 0.08 0.92 0
  1 41 2 0 100 0 0 0.07 0.93 0
  1 42 2 0 100 0 0.88 0.12 0 0
  1 1 3 0 100 0 0 0.11 0.89 0
  1 2 3 0 100 0 0 1 0 0
  1 3 3 0 100 0 0 0.09 0.91 0
  1 4 3 0 100 0 0 1 0 0
  1 5 3 0 100 0 0 0.59 0.41 0
  1 6 3 0 100 0 0 1 0 0
  1 7 3 0 100 0 0 1 0 0
  1 8 3 0 100 0 0.01 0.99 0 0
  1 9 3 0 100 0 1 0 0 0
  1 10 3 0 100 0 0.23 0.77 0 0
  1 11 3 0 100 0 0 1 0 0
  1 12 3 0 100 0 0.54 0.46 0 0
  1 13 3 0 100 0 0.43 0.57 0 0
  1 14 3 0 100 0 0.06 0.94 0 0
  1 15 3 0 100 0 0 1 0 0
  1 16 3 0 100 0 0.6 0.4 0 0
  1 17 3 0 100 0 0 1 0 0
  1 18 3 0 100 0 0.84 0.16 0 0
  1 19 3 0 100 0 0.41 0.59 0 0
  1 20 3 0 100 0 0 1 0 0
  1 21 3 0 100 0 1 0 0 0
  1 22 3 0 100 0 0 1 0 0
  1 23 3 0 100 0 0.68 0.32 0 0
  1 24 3 0 100 0 0.43 0.57 0 0
  1 25 3 0 100 0 1 0 0 0
  1 26 3 0 100 0 1 0 0 0
  1 27 3 0 100 0 0.43 0.57 0 0
  1 28 3 0 100 0 0.58 0.42 0 0
  1 29 3 0 100 0 1 0 0 0
  1 30 3 0 100 0 1 0 0 0
  1 31 3 0 100 0 0 1 0 0
  1 32 3 0 100 0 0 1 0 0
  1 33 3 0 100 0 0.66 0.34 0 0
  1 34 3 0 100 0 0.14 0.86 0 0
  1 35 3 0 100 0 0.26 0.74 0 0
  1 36 3 0 100 0 0.52 0.48 0 0
  1 37 3 0 100 0 0 1 0 0
  1 38 3 0 100 0 0 1 0 0
  1 39 3 0 100 0 0 1 0 0
  1 40 3 0 100 0 1 0 0 0
  1 41 3 0 100 0 0 1 0 0
  1 42 3 0 100 0 0 1 0 0
  1 1 4 0 100 0 0.87 0.13 0 0
  1 2 4 0 100 0 0.05 0.57 0.38 0
  1 3 4 0 100 0 0 1 0 0
  1 4 4 0 100 0 0.58 0.42 0 0
  1 5 4 0 100 0 0.89 0.11 0 0
  1 6 4 0 100 0 0.69 0.09 0.22 0
  1 7 4 0 100 0 0.37 0.49 0.14 0
  1 8 4 0 100 0 0.38 0 0.62 0
  1 9 4 0 100 0 0.93 0.07 0 0
  1 10 4 0 100 0 0.5 0.5 0 0
  1 11 4 0 100 0 0.31 0.69 0 0
  1 12 4 0 100 0 0.34 0.66 0 0
  1 13 4 0 100 0 0.59 0.41 0 0
  1 14 4 0 100 0 0.71 0.29 0 0
  1 15 4 0 100 0 0.47 0.53 0 0
  1 16 4 0 100 0 0.41 0.15 0.44 0
  1 17 4 0 100 0 0 0.67 0.33 0
  1 18 4 0 100 0 0.6 0.4 0 0
  1 19 4 0 100 0 0.62 0.38 0 0
  1 20 4 0 100 0 1 0 0 0
  1 21 4 0 100 0 0.52 0.48 0 0
  1 22 4 0 100 0 0.22 0.78 0 0
  1 23 4 0 100 0 0.86 0.14 0 0
  1 24 4 0 100 0 0.68 0.32 0 0
  1 25 4 0 100 0 0.28 0.72 0 0
  1 26 4 0 100 0 0 1 0 0
  1 27 4 0 100 0 0 1 0 0
  1 28 4 0 100 0 0 1 0 0
  1 29 4 0 100 0 0 1 0 0
  1 30 4 0 100 0 0 1 0 0
  1 31 4 0 100 0 0.25 0.75 0 0
  1 32 4 0 100 0 0 1 0 0
  1 33 4 0 100 0 0.62 0.38 0 0
  1 34 4 0 100 0.15 0.85 0 0 0
  1 35 4 0 100 0 1 0 0 0
  1 36 4 0 100 0 1 0 0 0
  1 37 4 0 100 0 1 0 0 0
  1 38 4 0 100 0 1 0 0 0
  1 39 4 0 100 0 1 0 0 0
  1 40 4 0 100 0 1 0 0 0
  1 41 4 0 100 0 0.33 0.67 0 0
  1 42 4 0 100 0 0.61 0.39 0 0
# end survey length observations 
#  
# Fishery catch data 
# Number of observations, init_int Ncatch_obs
  168
# init_matrix obs_catch_biomass(1,Ncatch_obs,1,6) 
# Fleet	Area	Year	Species	Catch(biomass t)	CV 
  1 1 1 1 36601.8117576815 0.15
  1 1 2 1 31990.5429166484 0.15
  1 1 3 1 19971.437785492 0.15
  1 1 4 1 23095.5446115595 0.15
  1 1 5 1 19585.2657238322 0.15
  1 1 6 1 20995.4585479008 0.15
  1 1 7 1 16263.058087238 0.15
  1 1 8 1 14697.9096820857 0.15
  1 1 9 1 13235.274782572 0.15
  1 1 10 1 10268.5575190441 0.15
  1 1 11 1 17736.0344868838 0.15
  1 1 12 1 16378.9065881615 0.15
  1 1 13 1 15883.9611825186 0.15
  1 1 14 1 15403.8865186728 0.15
  1 1 15 1 13616.1088681343 0.15
  1 1 16 1 10670.2279245782 0.15
  1 1 17 1 9796.89826318217 0.15
  1 1 18 1 6450.45314365269 0.15
  1 1 19 1 6389.23867936226 0.15
  1 1 20 1 6861.53335772205 0.15
  1 1 21 1 2911.92499807012 0.15
  1 1 22 1 3255.94249395125 0.15
  1 1 23 1 4890.36386813213 0.15
  1 1 24 1 5092.79389695056 0.15
  1 1 25 1 4276.21012453703 0.15
  1 1 26 1 3773.95802383239 0.15
  1 1 27 1 3272.75541699763 0.15
  1 1 28 1 2869.82163793248 0.15
  1 1 29 1 3707.15525201289 0.15
  1 1 30 1 3006.54339563038 0.15
  1 1 31 1 2892.74650680732 0.15
  1 1 32 1 3240.3636235857 0.15
  1 1 33 1 1997.97588382854 0.15
  1 1 34 1 1873.8320636862 0.15
  1 1 35 1 2737.32581250771 0.15
  1 1 36 1 1568.36669434332 0.15
  1 1 37 1 1204.63132408179 0.15
  1 1 38 1 1394.8828698456 0.15
  1 1 39 1 1341.92506374615 0.15
  1 1 40 1 1482.16992010205 0.15
  1 1 41 1 1481.09759132879 0.15
  1 1 42 1 1591.32248155034 0.15
  1 1 1 4 7200.66912297075 0.15
  1 1 2 4 8349.40128481661 0.15
  1 1 3 4 6998.85327831352 0.15
  1 1 4 4 7839.59052035496 0.15
  1 1 5 4 7495.27812112349 0.15
  1 1 6 4 6992.78791172129 0.15
  1 1 7 4 6622.39930837295 0.15
  1 1 8 4 7043.86740355859 0.15
  1 1 9 4 9084.38354847314 0.15
  1 1 10 4 8469.99787690945 0.15
  1 1 11 4 9792.81211555607 0.15
  1 1 12 4 8116.53437393768 0.15
  1 1 13 4 6651.82082922649 0.15
  1 1 14 4 8072.35928263346 0.15
  1 1 15 4 8291.74062138446 0.15
  1 1 16 4 7721.74415985064 0.15
  1 1 17 4 10303.9609433713 0.15
  1 1 18 4 7961.32336512672 0.15
  1 1 19 4 14636.269767931 0.15
  1 1 20 4 9638.32941456596 0.15
  1 1 21 4 3954.24725063907 0.15
  1 1 22 4 4574.17047506431 0.15
  1 1 23 4 4332.70677036593 0.15
  1 1 24 4 5858.81771751452 0.15
  1 1 25 4 5831.04236895096 0.15
  1 1 26 4 4209.08909207454 0.15
  1 1 27 4 7010.99596103503 0.15
  1 1 28 4 6200.82442713224 0.15
  1 1 29 4 4632.38132528065 0.15
  1 1 30 4 6028.86879870407 0.15
  1 1 31 4 7838.00794676142 0.15
  1 1 32 4 6430.51381531144 0.15
  1 1 33 4 5544.22512470218 0.15
  1 1 34 4 6010.08652043551 0.15
  1 1 35 4 5728.03517763244 0.15
  1 1 36 4 9336.3665110312 0.15
  1 1 37 4 6047.46798191179 0.15
  1 1 38 4 6455.13412917247 0.15
  1 1 39 4 6968.47990623055 0.15
  1 1 40 4 5244.95744811178 0.15
  1 1 41 4 6412.71838248829 0.15
  1 1 42 4 6403.33962670341 0.15
  2 1 1 2 1608.28178157327 0.15
  2 1 2 2 988.562586462067 0.15
  2 1 3 2 1031.17653614247 0.15
  2 1 4 2 727.41849198969 0.15
  2 1 5 2 849.822953158363 0.15
  2 1 6 2 810.767447657353 0.15
  2 1 7 2 870.339251189447 0.15
  2 1 8 2 1015.75547470213 0.15
  2 1 9 2 984.160997565813 0.15
  2 1 10 2 1362.88810004898 0.15
  2 1 11 2 1577.42700555269 0.15
  2 1 12 2 1828.52645588275 0.15
  2 1 13 2 2197.62399655469 0.15
  2 1 14 2 2351.54823175244 0.15
  2 1 15 2 2704.18682529402 0.15
  2 1 16 2 2576.19069747556 0.15
  2 1 17 2 2947.94697777544 0.15
  2 1 18 2 2793.30695749483 0.15
  2 1 19 2 3356.32267890647 0.15
  2 1 20 2 5639.82480722097 0.15
  2 1 21 2 14443.8381783046 0.15
  2 1 22 2 17337.1875021869 0.15
  2 1 23 2 14014.0005437032 0.15
  2 1 24 2 13909.8074337783 0.15
  2 1 25 2 13550.1909493502 0.15
  2 1 26 2 12039.1918978781 0.15
  2 1 27 2 10827.3276170873 0.15
  2 1 28 2 13096.198879415 0.15
  2 1 29 2 14626.5960107419 0.15
  2 1 30 2 13258.5427925843 0.15
  2 1 31 2 10115.2146477767 0.15
  2 1 32 2 9172.41723955244 0.15
  2 1 33 2 8364.58445191252 0.15
  2 1 34 2 14483.3384841394 0.15
  2 1 35 2 20298.6624732261 0.15
  2 1 36 2 18646.0336995169 0.15
  2 1 37 2 20759.5636548619 0.15
  2 1 38 2 21318.2442936299 0.15
  2 1 39 2 11139.7711880589 0.15
  2 1 40 2 10914.2804972192 0.15
  2 1 41 2 8161.12540143527 0.15
  2 1 42 2 7837.80791619945 0.15
  2 1 1 3 554.515176992304 0.15
  2 1 2 3 418.106125173888 0.15
  2 1 3 3 431.773146700192 0.15
  2 1 4 3 547.599156786315 0.15
  2 1 5 3 1106.46505659382 0.15
  2 1 6 3 1504.33374601858 0.15
  2 1 7 3 1801.26584309531 0.15
  2 1 8 3 2421.67295897935 0.15
  2 1 9 3 2652.18064546193 0.15
  2 1 10 3 1945.03379100555 0.15
  2 1 11 3 2090.7244742151 0.15
  2 1 12 3 1594.24320841028 0.15
  2 1 13 3 1704.50837598031 0.15
  2 1 14 3 1563.49658271919 0.15
  2 1 15 3 1758.57408319745 0.15
  2 1 16 3 1814.9586264443 0.15
  2 1 17 3 1677.12231299603 0.15
  2 1 18 3 1420.89677613221 0.15
  2 1 19 3 1519.57727300986 0.15
  2 1 20 3 1279.9280867235 0.15
  2 1 21 3 1137.50616943044 0.15
  2 1 22 3 1040.84684000718 0.15
  2 1 23 3 1264.7748735793 0.15
  2 1 24 3 1031.23136602042 0.15
  2 1 25 3 1455.4443158922 0.15
  2 1 26 3 1463.66546509612 0.15
  2 1 27 3 1689.03714599829 0.15
  2 1 28 3 1183.95224231748 0.15
  2 1 29 3 1244.42298906592 0.15
  2 1 30 3 940.507768223934 0.15
  2 1 31 3 657.769079102467 0.15
  2 1 32 3 626.792075307705 0.15
  2 1 33 3 592.562554668188 0.15
  2 1 34 3 471.439035056984 0.15
  2 1 35 3 514.366801497848 0.15
  2 1 36 3 977.746183160619 0.15
  2 1 37 3 1330.70553546671 0.15
  2 1 38 3 1400.75489341828 0.15
  2 1 39 3 1664.47027143298 0.15
  2 1 40 3 1808.9166360288 0.15
  2 1 41 3 1516.66211724009 0.15
  2 1 42 3 2276.38534440751 0.15
# end catch observations 
#  
# Fishery size comp data 
# Number of observations, init_int Ncatch_size_obs 
  168
# init_matrix obs_catch_size(1,Ncatch_size_obs,1,ncol) 
# Fleet Area  Year  Species Type (0=whole, 1=retained, 2=discard) InpN, proportion by size bin 
  1 1 1 1 0 100 0 0 1 0 0
  1 1 2 1 0 100 0 0.2 0.8 0 0
  1 1 3 1 0 100 0 0.29 0.71 0 0
  1 1 4 1 0 100 0 0.06 0.65 0.29 0
  1 1 5 1 0 100 0 0.81 0.05 0 0.14
  1 1 6 1 0 100 0 0.12 0.88 0 0
  1 1 7 1 0 100 0 0.51 0.49 0 0
  1 1 8 1 0 100 0 0.15 0.85 0 0
  1 1 9 1 0 100 0 0.49 0.51 0 0
  1 1 10 1 0 100 0 0.88 0.12 0 0
  1 1 11 1 0 100 0 0.37 0.42 0.21 0
  1 1 12 1 0 100 0 0.47 0.53 0 0
  1 1 13 1 0 100 0 0.86 0.14 0 0
  1 1 14 1 0 100 0 0.49 0.51 0 0
  1 1 15 1 0 100 0 0.8 0.2 0 0
  1 1 16 1 0 100 0 0.48 0.52 0 0
  1 1 17 1 0 100 0 0.13 0.77 0.1 0
  1 1 18 1 0 100 0 0.66 0.34 0 0
  1 1 19 1 0 100 0 0 1 0 0
  1 1 20 1 0 100 0 0.31 0.38 0.31 0
  1 1 21 1 0 100 0 0.28 0.72 0 0
  1 1 22 1 0 100 0 0.71 0.29 0 0
  1 1 23 1 0 100 0 0.3 0.7 0 0
  1 1 24 1 0 100 0 0.17 0.83 0 0
  1 1 25 1 0 100 0 0.42 0.58 0 0
  1 1 26 1 0 100 0 0 1 0 0
  1 1 27 1 0 100 0 0 1 0 0
  1 1 28 1 0 100 0 0 0.88 0.12 0
  1 1 29 1 0 100 0 0.28 0.72 0 0
  1 1 30 1 0 100 0 0 1 0 0
  1 1 31 1 0 100 0 0 1 0 0
  1 1 32 1 0 100 0 0.12 0.88 0 0
  1 1 33 1 0 100 0 0.4 0.32 0.28 0
  1 1 34 1 0 100 0 0 1 0 0
  1 1 35 1 0 100 0 0.02 0.98 0 0
  1 1 36 1 0 100 0 0.58 0.42 0 0
  1 1 37 1 0 100 0 0.44 0.56 0 0
  1 1 38 1 0 100 0 0.71 0.29 0 0
  1 1 39 1 0 100 0 0.25 0.75 0 0
  1 1 40 1 0 100 0 0 1 0 0
  1 1 41 1 0 100 0 0 0.98 0.02 0
  1 1 42 1 0 100 0 0.38 0.37 0.25 0
  1 1 1 4 0 100 0 0 0.39 0.39 0.22
  1 1 2 4 0 100 0 0 0.33 0.67 0
  1 1 3 4 0 100 0 0 0.1 0.9 0
  1 1 4 4 0 100 0 0 0.51 0.49 0
  1 1 5 4 0 100 0 0 0.42 0.33 0.25
  1 1 6 4 0 100 0 0 0 1 0
  1 1 7 4 0 100 0 0 0 1 0
  1 1 8 4 0 100 0 0.48 0 0.52 0
  1 1 9 4 0 100 0 0 0.39 0.13 0.48
  1 1 10 4 0 100 0 0.54 0.41 0.05 0
  1 1 11 4 0 100 0 0 1 0 0
  1 1 12 4 0 100 0 0 0 0.48 0.52
  1 1 13 4 0 100 0 0 0.45 0.55 0
  1 1 14 4 0 100 0 0 0 0.72 0.28
  1 1 15 4 0 100 0 0 0.1 0.74 0.16
  1 1 16 4 0 100 0 0 0.9 0.1 0
  1 1 17 4 0 100 0 0 0 1 0
  1 1 18 4 0 100 0 0 0.1 0.9 0
  1 1 19 4 0 100 0 0 0.86 0.14 0
  1 1 20 4 0 100 0 0 0 1 0
  1 1 21 4 0 100 0 0 0.26 0.74 0
  1 1 22 4 0 100 0 0 0 1 0
  1 1 23 4 0 100 0 0 0.18 0.82 0
  1 1 24 4 0 100 0 0 0 0.7 0.3
  1 1 25 4 0 100 0 0.39 0.48 0.13 0
  1 1 26 4 0 100 0 0 0.12 0.88 0
  1 1 27 4 0 100 0 0 0.1 0.9 0
  1 1 28 4 0 100 0 0 0.04 0.96 0
  1 1 29 4 0 100 0 0 0.52 0.48 0
  1 1 30 4 0 100 0 0 0.28 0.72 0
  1 1 31 4 0 100 0 0 0.57 0.43 0
  1 1 32 4 0 100 0 0 0.53 0.47 0
  1 1 33 4 0 100 0 0 0.57 0.43 0
  1 1 34 4 0 100 0 0 1 0 0
  1 1 35 4 0 100 0 0 0 1 0
  1 1 36 4 0 100 0 0 0 1 0
  1 1 37 4 0 100 0 0 0 1 0
  1 1 38 4 0 100 0 0 0 1 0
  1 1 39 4 0 100 0 0 0 1 0
  1 1 40 4 0 100 0 0 0.54 0.46 0
  1 1 41 4 0 100 0 0 0.06 0.94 0
  1 1 42 4 0 100 0 0 0 1 0
  2 1 1 2 0 100 0 0 0.83 0.17 0
  2 1 2 2 0 100 0 0 0 1 0
  2 1 3 2 0 100 0 0 1 0 0
  2 1 4 2 0 100 0 0 0.02 0.98 0
  2 1 5 2 0 100 0 0 0.33 0.67 0
  2 1 6 2 0 100 0 0 0.88 0.12 0
  2 1 7 2 0 100 0 0.13 0.87 0 0
  2 1 8 2 0 100 0 0 0.4 0.6 0
  2 1 9 2 0 100 0 0 1 0 0
  2 1 10 2 0 100 0 0 1 0 0
  2 1 11 2 0 100 0 0 0.17 0.83 0
  2 1 12 2 0 100 0 0 0 1 0
  2 1 13 2 0 100 0 0 0.33 0.67 0
  2 1 14 2 0 100 0 0 0.25 0.28 0.47
  2 1 15 2 0 100 0 0 0.88 0.12 0
  2 1 16 2 0 100 0 0 0.57 0.43 0
  2 1 17 2 0 100 0 0 1 0 0
  2 1 18 2 0 100 0 0.16 0.84 0 0
  2 1 19 2 0 100 0 0 0.95 0.05 0
  2 1 20 2 0 100 0 0 0.85 0.15 0
  2 1 21 2 0 100 0 0 0.33 0.67 0
  2 1 22 2 0 100 0 0 0.88 0.12 0
  2 1 23 2 0 100 0 0 0.84 0.16 0
  2 1 24 2 0 100 0 0 0.96 0.04 0
  2 1 25 2 0 100 0 0 1 0 0
  2 1 26 2 0 100 0 0.37 0.63 0 0
  2 1 27 2 0 100 0 0.1 0.85 0.05 0
  2 1 28 2 0 100 0 0 1 0 0
  2 1 29 2 0 100 0 0 0.6 0.4 0
  2 1 30 2 0 100 0 0 1 0 0
  2 1 31 2 0 100 0 0 0.94 0.06 0
  2 1 32 2 0 100 0 0 1 0 0
  2 1 33 2 0 100 0 0 1 0 0
  2 1 34 2 0 100 0 0.66 0.34 0 0
  2 1 35 2 0 100 0 0.48 0.52 0 0
  2 1 36 2 0 100 0 0 1 0 0
  2 1 37 2 0 100 0 0 1 0 0
  2 1 38 2 0 100 0 0.33 0.67 0 0
  2 1 39 2 0 100 0 0 1 0 0
  2 1 40 2 0 100 0 0.36 0.64 0 0
  2 1 41 2 0 100 0 0 1 0 0
  2 1 42 2 0 100 0 0.19 0.81 0 0
  2 1 1 3 0 100 0 0 0.34 0.66 0
  2 1 2 3 0 100 0 0 0 1 0
  2 1 3 3 0 100 0 0 0.03 0.97 0
  2 1 4 3 0 100 0 0 1 0 0
  2 1 5 3 0 100 0 0 0.24 0.76 0
  2 1 6 3 0 100 0 0 0.07 0.93 0
  2 1 7 3 0 100 0 0 0 1 0
  2 1 8 3 0 100 0 0 0.11 0.89 0
  2 1 9 3 0 100 0 0 0.61 0.39 0
  2 1 10 3 0 100 0 0 0.1 0.9 0
  2 1 11 3 0 100 0 0 0.08 0.92 0
  2 1 12 3 0 100 0 0 0 1 0
  2 1 13 3 0 100 0 0 0.11 0.89 0
  2 1 14 3 0 100 0 0 0.71 0.29 0
  2 1 15 3 0 100 0 0 0.43 0.57 0
  2 1 16 3 0 100 0 0 0.82 0.18 0
  2 1 17 3 0 100 0 0 0.12 0.88 0
  2 1 18 3 0 100 0 0 0.75 0.25 0
  2 1 19 3 0 100 0 0 1 0 0
  2 1 20 3 0 100 0 0 0.97 0.03 0
  2 1 21 3 0 100 0 0 1 0 0
  2 1 22 3 0 100 0 0 1 0 0
  2 1 23 3 0 100 0 0 1 0 0
  2 1 24 3 0 100 0 0 0.76 0.24 0
  2 1 25 3 0 100 0 0 1 0 0
  2 1 26 3 0 100 0 0 1 0 0
  2 1 27 3 0 100 0 0 1 0 0
  2 1 28 3 0 100 0 0 1 0 0
  2 1 29 3 0 100 0 0 0.82 0.18 0
  2 1 30 3 0 100 0 0 1 0 0
  2 1 31 3 0 100 0 0 0.64 0.36 0
  2 1 32 3 0 100 0 0 0.59 0.41 0
  2 1 33 3 0 100 0 0 0.89 0.11 0
  2 1 34 3 0 100 0 0 1 0 0
  2 1 35 3 0 100 0 0 0.32 0.68 0
  2 1 36 3 0 100 0 0 0.94 0.06 0
  2 1 37 3 0 100 0 0 0.92 0.08 0
  2 1 38 3 0 100 0 0 0.48 0.52 0
  2 1 39 3 0 100 0 0 1 0 0
  2 1 40 3 0 100 0 0 1 0 0
  2 1 41 3 0 100 0 0 1 0 0
  2 1 42 3 0 100 0 0 1 0 0
# end fishery length observations 
#  
# Survey diet proportion observations 
# Number of observations, init_int Ndietprop_obs 
  89
# init_matrix obs_dietprop(1,Ndietprop_obs,1,ncol) 
# Survey  Year  Predator  Predator_size InpN  wt_prey_1 wt_prey_2 wt_prey_3 wt_prey_4 wt_prey_5 wt_prey_6 wt_prey_7 wt_prey_8 wt_prey_9 wt_prey_10 wt_prey_11 other 
  1 2 1 4 100 1 0 0 0 0
  1 6 4 3 100 0 0.69 0 0 0.31
  1 8 4 2 100 0 0 0 0 1
  1 8 4 3 100 0 0.49 0 0 0.51
  1 9 4 4 100 0 0.85 0 0 0.15
  1 11 1 3 100 0 0 0 0 1
  1 11 4 3 100 0 0 0 0 1
  1 12 1 2 100 0 0.1 0 0 0.9
  1 12 1 3 100 0 0 0 0 1
  1 13 1 3 100 0 0 0.26 0 0.74
  1 13 1 4 100 0 0 0.35 0 0.65
  1 13 4 2 100 0 0.87 0 0 0.13
  1 13 4 3 100 0 0.96 0.04 0 0
  1 13 4 4 100 0 0.09 0.79 0 0.12
  1 14 1 3 100 0 0.38 0 0 0.62
  1 14 1 4 100 0 0.42 0 0 0.58
  1 14 4 3 100 0 0.69 0 0 0.31
  1 14 4 4 100 0 0 0 0 1
  1 15 1 2 100 0 0 0 0 1
  1 15 1 3 100 0 0 0.67 0 0.33
  1 15 4 3 100 0 0.02 0 0 0.98
  1 15 4 4 100 0 0.46 0 0 0.54
  1 16 1 3 100 0 0 0 0 1
  1 16 1 4 100 0 0 0 0 1
  1 16 4 3 100 0 0 0 0 1
  1 16 4 4 100 0 0 0 0 1
  1 17 4 2 100 0 1 0 0 0
  1 17 4 3 100 0 0.08 0.12 0 0.8
  1 18 1 1 100 0 0.56 0 0 0.44
  1 18 1 2 100 0 0.67 0 0 0.33
  1 18 1 3 100 0 0 0 0 1
  1 18 4 3 100 0 0 0 0 1
  1 19 1 2 100 0 0 0 0 1
  1 19 1 3 100 0 0.19 0 0 0.81
  1 19 1 4 100 0 0 0 0 1
  1 19 4 2 100 0 0.38 0 0 0.62
  1 19 4 3 100 0 0.78 0 0 0.22
  1 20 1 3 100 0 0 0.05 0 0.95
  1 20 4 2 100 0 0 0 0 1
  1 20 4 3 100 0 0 0 0 1
  1 21 1 2 100 0 0 1 0 0
  1 21 1 3 100 0 0 0 0 1
  1 21 1 4 100 0 0 0 0 1
  1 21 4 3 100 0 0 0 0 1
  1 22 1 3 100 0.6 0 0 0 0.4
  1 22 4 2 100 0 0 0 0 1
  1 22 4 3 100 0 0.4 0 0 0.6
  1 23 1 3 100 0 0.52 0 0 0.48
  1 23 4 3 100 0 0 0 0 1
  1 24 1 3 100 0 0.14 0 0 0.86
  1 24 1 4 100 0.09 0 0 0 0.91
  1 24 4 3 100 0 0 0 0 1
  1 25 1 2 100 0 0 0 0 1
  1 25 1 3 100 0 0 0 0 1
  1 25 4 3 100 0 0 0 0 1
  1 25 4 4 100 0 0 0 0 1
  1 26 1 3 100 0 0.36 0.56 0 0.08
  1 26 4 3 100 0 0.56 0.06 0 0.38
  1 27 1 3 100 0 1 0 0 0
  1 27 1 4 100 0 0 0 0 1
  1 27 4 2 100 0 0 0 0 1
  1 27 4 3 100 0 1 0 0 0
  1 28 1 3 100 0 0.27 0 0 0.73
  1 28 4 2 100 0 0.84 0 0 0.16
  1 28 4 3 100 0.09 0 0 0 0.91
  1 29 1 3 100 0 0.21 0 0 0.79
  1 29 4 3 100 0 0.81 0 0 0.19
  1 30 4 3 100 0 0 0 0 1
  1 31 4 3 100 0 0.03 0 0 0.97
  1 31 4 4 100 0 0.59 0 0 0.41
  1 33 1 3 100 0 0 0.16 0 0.84
  1 33 4 3 100 0 0.91 0 0 0.09
  1 34 1 3 100 0 0 0 0 1
  1 34 4 3 100 0 1 0 0 0
  1 35 1 1 100 0 0 0 0 1
  1 35 1 2 100 0 0 0 0 1
  1 35 1 3 100 0 0.44 0 0 0.56
  1 35 4 3 100 0 0 0.97 0 0.03
  1 36 1 3 100 0 0.37 0 0 0.63
  1 36 4 2 100 0 0 0 0 1
  1 36 4 3 100 0 0.52 0 0 0.48
  1 37 4 3 100 0 0 0 0 1
  1 38 1 3 100 0 0.66 0 0 0.34
  1 39 1 3 100 0 0 0.48 0 0.52
  1 40 1 2 100 0 0 0 0 1
  1 40 4 3 100 0 0 0 0 1
  1 40 4 4 100 0 0 0 0 1
  1 41 1 2 100 0 0 0.26 0 0.74
  1 42 4 3 100 0 0 0.19 0 0.81
# end survey diet proportion observations 
#  
