# This file was created using the write_tsDatFile function and used all the simulated data from sim_dta.rds found in repo:Hydra-self-testing
# Survey index data 
# Number of observations, init_int Nsurvey_obs
  166
# init_matrix obs_survey_biomass(1,Nsurvey_obs,1,5)
# survey year spp value cv
  1 1 4 111818.009780882 0.2
  1 2 4 84008.4691102727 0.2
  1 3 4 73978.1664456127 0.2
  1 4 4 158888.664866982 0.2
  1 5 4 75059.9639527863 0.2
  1 6 4 108592.173410019 0.2
  1 7 4 84578.2725678998 0.2
  1 8 4 122305.212451309 0.2
  1 9 4 118573.701756305 0.2
  1 10 4 120119.320309618 0.2
  1 11 4 113539.645750842 0.2
  1 12 4 134673.290880956 0.2
  1 13 4 122444.972632353 0.2
  1 14 4 100598.543257937 0.2
  1 15 4 157416.292326302 0.2
  1 16 4 108007.026533102 0.2
  1 17 4 131445.200157583 0.2
  1 18 4 164004.903807812 0.2
  1 19 4 195676.673917694 0.2
  1 20 4 99445.7860070148 0.2
  1 21 4 137809.310841836 0.2
  1 22 4 180107.414175808 0.2
  1 23 4 142791.957414082 0.2
  1 24 4 212754.410026977 0.2
  1 25 4 226795.996192489 0.2
  1 26 4 191219.901024823 0.2
  1 27 4 246822.756619597 0.2
  1 28 4 143641.57848833 0.2
  1 29 4 142398.8647133 0.2
  1 30 4 180220.556652245 0.2
  1 31 4 226841.634960266 0.2
  1 32 4 177303.773011159 0.2
  1 33 4 179834.34906771 0.2
  1 34 4 164859.736263541 0.2
  1 35 4 212278.611629822 0.2
  1 36 4 201742.974336922 0.2
  1 37 4 367226.696836459 0.2
  1 38 4 203680.549045285 0.2
  1 39 4 210119.418123214 0.2
  1 40 4 181214.77557343 0.2
  1 41 4 252685.147651363 0.2
  1 42 4 285387.492399847 0.2
  1 1 2 166.188991744092 0.2
  1 4 2 148.093895856106 0.2
  1 5 2 177.13893997659 0.2
  1 6 2 137.717738052812 0.2
  1 7 2 222.619032412377 0.2
  1 8 2 125.827536762911 0.2
  1 9 2 232.322759058491 0.2
  1 10 2 198.736747610368 0.2
  1 11 2 347.352310368769 0.2
  1 12 2 353.54082399651 0.2
  1 13 2 828.578200931576 0.2
  1 14 2 469.881601953773 0.2
  1 15 2 350.154461068225 0.2
  1 16 2 359.770328479249 0.2
  1 17 2 610.913986877167 0.2
  1 18 2 910.597578825725 0.2
  1 19 2 1161.808510465 0.2
  1 20 2 1864.66739402133 0.2
  1 21 2 2274.37800579275 0.2
  1 22 2 2033.12941664273 0.2
  1 23 2 1950.32207691468 0.2
  1 24 2 2424.60363824709 0.2
  1 25 2 2010.56009957004 0.2
  1 26 2 1638.6658140969 0.2
  1 27 2 1997.45432332791 0.2
  1 28 2 2481.21770763507 0.2
  1 29 2 2235.22652492142 0.2
  1 30 2 1651.98647347787 0.2
  1 31 2 2029.85315126125 0.2
  1 32 2 2672.74101488274 0.2
  1 33 2 3663.09528711407 0.2
  1 34 2 3248.1907459673 0.2
  1 35 2 3553.42735546823 0.2
  1 36 2 3164.70816656488 0.2
  1 37 2 2380.18793462913 0.2
  1 38 2 2653.7225423742 0.2
  1 39 2 1855.62577871371 0.2
  1 40 2 1274.0581101431 0.2
  1 41 2 1459.486138715 0.2
  1 42 2 616.711670563009 0.2
  1 1 1 18270.8314907561 0.2
  1 2 1 17197.9548265921 0.2
  1 3 1 14131.6511912505 0.2
  1 4 1 11575.5059768245 0.2
  1 5 1 12504.8350145796 0.2
  1 6 1 11449.3397540377 0.2
  1 7 1 10004.7691095316 0.2
  1 8 1 9921.20894905791 0.2
  1 9 1 11480.6176376995 0.2
  1 10 1 13186.9191194392 0.2
  1 11 1 10453.7376155459 0.2
  1 12 1 7990.57619470572 0.2
  1 13 1 8576.91404594801 0.2
  1 14 1 10505.4903728923 0.2
  1 15 1 7837.85338920125 0.2
  1 16 1 6579.23130199401 0.2
  1 17 1 4608.04705742866 0.2
  1 18 1 5474.3592554699 0.2
  1 19 1 4614.8366346085 0.2
  1 20 1 2488.78404537162 0.2
  1 21 1 5448.89296405854 0.2
  1 22 1 7886.51984359223 0.2
  1 23 1 6077.26844388807 0.2
  1 24 1 4349.97069933461 0.2
  1 25 1 6007.23494195447 0.2
  1 26 1 4965.23381575751 0.2
  1 27 1 5986.67732284449 0.2
  1 28 1 5864.89380165119 0.2
  1 29 1 5796.43045195281 0.2
  1 30 1 3584.78207518745 0.2
  1 31 1 3774.78273990127 0.2
  1 32 1 3109.12025476732 0.2
  1 33 1 2734.36255730895 0.2
  1 34 1 2537.08910622336 0.2
  1 35 1 3114.77339146165 0.2
  1 36 1 2164.56518762967 0.2
  1 37 1 2959.19939562366 0.2
  1 38 1 2055.44095703104 0.2
  1 39 1 2221.68545019653 0.2
  1 40 1 2782.85209288349 0.2
  1 41 1 1350.46458217493 0.2
  1 42 1 2823.410343181 0.2
  1 1 3 97.12265780677 0.2
  1 2 3 96.1014111440285 0.2
  1 3 3 170.143454799264 0.2
  1 4 3 186.020944168097 0.2
  1 5 3 489.823278382905 0.2
  1 6 3 701.802477018698 0.2
  1 7 3 551.925321128808 0.2
  1 8 3 688.30236876275 0.2
  1 9 3 537.656639687331 0.2
  1 10 3 385.413073960633 0.2
  1 11 3 480.707218514371 0.2
  1 12 3 407.517580823101 0.2
  1 13 3 315.852856762438 0.2
  1 14 3 258.26724933831 0.2
  1 15 3 429.479422349447 0.2
  1 16 3 331.946871919467 0.2
  1 17 3 384.577561213338 0.2
  1 18 3 373.219716333502 0.2
  1 19 3 294.872731359455 0.2
  1 20 3 303.204828426885 0.2
  1 21 3 313.164381847795 0.2
  1 22 3 351.618073172842 0.2
  1 23 3 313.215542564075 0.2
  1 24 3 289.305307804685 0.2
  1 25 3 258.605365192609 0.2
  1 26 3 334.80688777721 0.2
  1 27 3 259.300831969772 0.2
  1 28 3 321.495490618564 0.2
  1 29 3 221.459770681093 0.2
  1 30 3 172.521773291136 0.2
  1 31 3 143.948628001455 0.2
  1 32 3 159.810919867357 0.2
  1 33 3 116.983710596834 0.2
  1 34 3 214.525938279589 0.2
  1 35 3 325.404017597614 0.2
  1 36 3 308.642205043045 0.2
  1 37 3 471.727128600689 0.2
  1 38 3 336.173322699709 0.2
  1 39 3 357.153528140532 0.2
  1 40 3 402.235387306932 0.2
  1 41 3 627.85493212212 0.2
  1 42 3 363.83222462916 0.2
# end survey index observations 
#  
# Survey size comp data 
# Number of observations, init_int Nsurvey_size_obs 
  166
# init_matrix obs_survey_size(1,Nsurvey_size_obs,1,ncol) 
# Survey  Year  Species Type (0=whole, 1=retained, 2=discard) InpN, proportion by length bin 
  1 1 1 0 100 0 0.02 0.87 0.11 0
  1 2 1 0 100 0 0 0.64 0.36 0
  1 3 1 0 100 0.27 0 0.73 0 0
  1 4 1 0 100 0 0.15 0.81 0.04 0
  1 5 1 0 100 0 0.05 0.59 0.36 0
  1 6 1 0 100 0 0.41 0.59 0 0
  1 7 1 0 100 0.11 0.17 0.72 0 0
  1 8 1 0 100 0 0 1 0 0
  1 9 1 0 100 0 0.49 0.51 0 0
  1 10 1 0 100 0 0.82 0 0 0.18
  1 11 1 0 100 0 0.17 0.83 0 0
  1 12 1 0 100 0.11 0.52 0.07 0.3 0
  1 13 1 0 100 0 0.1 0.56 0.34 0
  1 14 1 0 100 0 0.18 0.82 0 0
  1 15 1 0 100 0 0.73 0.27 0 0
  1 16 1 0 100 0 0 1 0 0
  1 17 1 0 100 0 0.72 0.28 0 0
  1 18 1 0 100 0 0.23 0.77 0 0
  1 19 1 0 100 0 0.53 0.47 0 0
  1 20 1 0 100 0 0.57 0.43 0 0
  1 21 1 0 100 0 0.98 0.02 0 0
  1 22 1 0 100 0 0.11 0.89 0 0
  1 23 1 0 100 0.18 0.35 0.47 0 0
  1 24 1 0 100 0.01 0.6 0.39 0 0
  1 25 1 0 100 0 0 1 0 0
  1 26 1 0 100 0 0.64 0.36 0 0
  1 27 1 0 100 0.13 0.24 0.63 0 0
  1 28 1 0 100 0 0.8 0.2 0 0
  1 29 1 0 100 0.1 0.9 0 0 0
  1 30 1 0 100 0 0.49 0.51 0 0
  1 31 1 0 100 0 0.37 0.63 0 0
  1 32 1 0 100 0 1 0 0 0
  1 33 1 0 100 0.06 0.66 0.28 0 0
  1 34 1 0 100 0.01 0.09 0.63 0.27 0
  1 35 1 0 100 0 0.27 0.49 0.24 0
  1 36 1 0 100 0 0.55 0.45 0 0
  1 37 1 0 100 0.1 0.9 0 0 0
  1 38 1 0 100 0 1 0 0 0
  1 39 1 0 100 0 1 0 0 0
  1 40 1 0 100 0 0.31 0.69 0 0
  1 41 1 0 100 0 0.53 0.47 0 0
  1 42 1 0 100 0.36 0.64 0 0 0
  1 1 2 0 100 0 0 0 1 0
  1 4 2 0 100 0 0 0 1 0
  1 5 2 0 100 0 0 0 1 0
  1 6 2 0 100 0 0 1 0 0
  1 7 2 0 100 0 0 0 1 0
  1 8 2 0 100 0 0 0 1 0
  1 9 2 0 100 0 0 0.65 0.35 0
  1 10 2 0 100 0 0 0.95 0.05 0
  1 11 2 0 100 0 0.06 0.45 0.49 0
  1 12 2 0 100 0 0.19 0.46 0.35 0
  1 13 2 0 100 0 0 0.69 0.31 0
  1 14 2 0 100 0 0.05 0.17 0.78 0
  1 15 2 0 100 0 0 0.64 0.36 0
  1 16 2 0 100 0 0 1 0 0
  1 17 2 0 100 0 0 0.72 0.28 0
  1 18 2 0 100 0 0.19 0.81 0 0
  1 19 2 0 100 0 0.1 0.65 0.25 0
  1 20 2 0 100 0 0 1 0 0
  1 21 2 0 100 0 0 0.94 0.06 0
  1 22 2 0 100 0 0 0.89 0.11 0
  1 23 2 0 100 0 0 0.96 0.04 0
  1 24 2 0 100 0 0 0.8 0.2 0
  1 25 2 0 100 0 0.14 0 0.86 0
  1 26 2 0 100 0 0.53 0.47 0 0
  1 27 2 0 100 0 0 0.96 0.04 0
  1 28 2 0 100 0 0 0.81 0.19 0
  1 29 2 0 100 0 0 0.39 0.61 0
  1 30 2 0 100 0 0 0.66 0.34 0
  1 31 2 0 100 0 0 0.83 0.17 0
  1 32 2 0 100 0 0 1 0 0
  1 33 2 0 100 0 0 1 0 0
  1 34 2 0 100 0 0 1 0 0
  1 35 2 0 100 0 0 1 0 0
  1 36 2 0 100 0 0 0.11 0.89 0
  1 37 2 0 100 0 0 1 0 0
  1 38 2 0 100 0 0 0.97 0.03 0
  1 39 2 0 100 0 0 1 0 0
  1 40 2 0 100 0 0 0.28 0.72 0
  1 41 2 0 100 0 0 0.23 0.77 0
  1 42 2 0 100 0 0.6 0.4 0 0
  1 1 3 0 100 0 0.07 0.17 0.76 0
  1 2 3 0 100 0 0 0.87 0.13 0
  1 3 3 0 100 0 0 0.18 0.82 0
  1 4 3 0 100 0 0 1 0 0
  1 5 3 0 100 0 0.05 0.66 0.29 0
  1 6 3 0 100 0 0 1 0 0
  1 7 3 0 100 0 0.07 0.93 0 0
  1 8 3 0 100 0 0.09 0.91 0 0
  1 9 3 0 100 0 1 0 0 0
  1 10 3 0 100 0 0.46 0.54 0 0
  1 11 3 0 100 0 0 1 0 0
  1 12 3 0 100 0 0.59 0.41 0 0
  1 13 3 0 100 0 0.58 0.42 0 0
  1 14 3 0 100 0 0.56 0.44 0 0
  1 15 3 0 100 0 0.08 0.92 0 0
  1 16 3 0 100 0 0.24 0.76 0 0
  1 17 3 0 100 0 0 1 0 0
  1 18 3 0 100 0 0.63 0.37 0 0
  1 19 3 0 100 0 0.6 0.4 0 0
  1 20 3 0 100 0 0 1 0 0
  1 21 3 0 100 0 0.93 0.07 0 0
  1 22 3 0 100 0 0.04 0.96 0 0
  1 23 3 0 100 0 0.27 0.73 0 0
  1 24 3 0 100 0 0.23 0.77 0 0
  1 25 3 0 100 0 0.73 0.27 0 0
  1 26 3 0 100 0 1 0 0 0
  1 27 3 0 100 0 0.22 0.78 0 0
  1 28 3 0 100 0 0.4 0.6 0 0
  1 29 3 0 100 0 1 0 0 0
  1 30 3 0 100 0 1 0 0 0
  1 31 3 0 100 0 0 1 0 0
  1 32 3 0 100 0 0.15 0.85 0 0
  1 33 3 0 100 0 0.41 0.59 0 0
  1 34 3 0 100 0 0.48 0.52 0 0
  1 35 3 0 100 0 0.28 0.72 0 0
  1 36 3 0 100 0 0.6 0.4 0 0
  1 37 3 0 100 0 0 1 0 0
  1 38 3 0 100 0 0 1 0 0
  1 39 3 0 100 0 0 1 0 0
  1 40 3 0 100 0 0.93 0.07 0 0
  1 41 3 0 100 0 0.14 0.86 0 0
  1 42 3 0 100 0 0 1 0 0
  1 1 4 0 100 0.02 0.5 0.48 0 0
  1 2 4 0 100 0 0.14 0.39 0.47 0
  1 3 4 0 100 0 0 1 0 0
  1 4 4 0 100 0 0.7 0.3 0 0
  1 5 4 0 100 0 0.41 0.4 0.19 0
  1 6 4 0 100 0 0.72 0.1 0.18 0
  1 7 4 0 100 0 0.48 0.47 0.05 0
  1 8 4 0 100 0 0.75 0.16 0.09 0
  1 9 4 0 100 0 0.57 0.37 0.06 0
  1 10 4 0 100 0 0.37 0.63 0 0
  1 11 4 0 100 0 0.54 0.46 0 0
  1 12 4 0 100 0 0.41 0.59 0 0
  1 13 4 0 100 0 0.23 0.77 0 0
  1 14 4 0 100 0 0.55 0.45 0 0
  1 15 4 0 100 0 0.15 0.85 0 0
  1 16 4 0 100 0 0.38 0.3 0.32 0
  1 17 4 0 100 0 0.34 0.42 0.24 0
  1 18 4 0 100 0 0.54 0.46 0 0
  1 19 4 0 100 0 0.72 0.28 0 0
  1 20 4 0 100 0 0.76 0.24 0 0
  1 21 4 0 100 0 0.9 0.1 0 0
  1 22 4 0 100 0 0.38 0.62 0 0
  1 23 4 0 100 0 0.44 0.56 0 0
  1 24 4 0 100 0 0.63 0.37 0 0
  1 25 4 0 100 0 0.06 0.94 0 0
  1 26 4 0 100 0 0 1 0 0
  1 27 4 0 100 0 0.23 0.77 0 0
  1 28 4 0 100 0 0 1 0 0
  1 29 4 0 100 0 0 1 0 0
  1 30 4 0 100 0 0 1 0 0
  1 31 4 0 100 0 0.1 0.9 0 0
  1 32 4 0 100 0 0.02 0.98 0 0
  1 33 4 0 100 0 0.41 0.59 0 0
  1 34 4 0 100 0.58 0.31 0.11 0 0
  1 35 4 0 100 0.01 0.96 0.03 0 0
  1 36 4 0 100 0 1 0 0 0
  1 37 4 0 100 0 1 0 0 0
  1 38 4 0 100 0 0.93 0.07 0 0
  1 39 4 0 100 0 0.88 0.12 0 0
  1 40 4 0 100 0 1 0 0 0
  1 41 4 0 100 0 0.63 0.37 0 0
  1 42 4 0 100 0 0.55 0.45 0 0
# end survey length observations 
#  
# Fishery catch data 
# Number of observations, init_int Ncatch_obs
  168
# init_matrix obs_catch_biomass(1,Ncatch_obs,1,6) 
# Fleet	Area	Year	Species	Catch(biomass t)	CV 
  1 1 1 1 38624.1767487019 0.15
  1 1 2 1 35288.1522112785 0.15
  1 1 3 1 20970.0887073961 0.15
  1 1 4 1 18434.4773465025 0.15
  1 1 5 1 18320.3080236707 0.15
  1 1 6 1 19376.451834482 0.15
  1 1 7 1 13987.4924595646 0.15
  1 1 8 1 18365.1199289749 0.15
  1 1 9 1 12299.3243374129 0.15
  1 1 10 1 17190.1137044618 0.15
  1 1 11 1 16019.3580100477 0.15
  1 1 12 1 19698.4069584637 0.15
  1 1 13 1 18212.3770374859 0.15
  1 1 14 1 14252.9439356011 0.15
  1 1 15 1 12777.7562507284 0.15
  1 1 16 1 9749.44968874009 0.15
  1 1 17 1 10487.4305275992 0.15
  1 1 18 1 8947.55410044983 0.15
  1 1 19 1 6188.87251697406 0.15
  1 1 20 1 6191.80876503956 0.15
  1 1 21 1 2017.36710201048 0.15
  1 1 22 1 3376.12674923243 0.15
  1 1 23 1 4010.94748908275 0.15
  1 1 24 1 3622.76778232369 0.15
  1 1 25 1 4226.68535278655 0.15
  1 1 26 1 4421.89622262979 0.15
  1 1 27 1 3828.65338545558 0.15
  1 1 28 1 3923.1106374377 0.15
  1 1 29 1 3711.63872681554 0.15
  1 1 30 1 3475.64059396993 0.15
  1 1 31 1 3178.44231062964 0.15
  1 1 32 1 3786.25536132055 0.15
  1 1 33 1 2514.65896438788 0.15
  1 1 34 1 2032.14956589611 0.15
  1 1 35 1 2375.57451823331 0.15
  1 1 36 1 1622.79506895676 0.15
  1 1 37 1 1368.06975876543 0.15
  1 1 38 1 1719.62187876606 0.15
  1 1 39 1 1223.75422609878 0.15
  1 1 40 1 1856.89280615739 0.15
  1 1 41 1 1434.35020171357 0.15
  1 1 42 1 1108.23935286908 0.15
  1 1 1 4 6641.31347694919 0.15
  1 1 2 4 5259.87112449061 0.15
  1 1 3 4 6481.85163003237 0.15
  1 1 4 4 6081.99315789171 0.15
  1 1 5 4 7477.83425557144 0.15
  1 1 6 4 6470.25244466238 0.15
  1 1 7 4 6210.39747358838 0.15
  1 1 8 4 6823.12252831019 0.15
  1 1 9 4 7273.0719399254 0.15
  1 1 10 4 7268.55483528144 0.15
  1 1 11 4 6874.21466053149 0.15
  1 1 12 4 8987.01076300215 0.15
  1 1 13 4 10393.4763974755 0.15
  1 1 14 4 10198.3182285271 0.15
  1 1 15 4 7220.71359178067 0.15
  1 1 16 4 11253.8655013436 0.15
  1 1 17 4 11602.8155327655 0.15
  1 1 18 4 8969.98881230148 0.15
  1 1 19 4 10945.6369305589 0.15
  1 1 20 4 8976.92830357763 0.15
  1 1 21 4 2756.5215423468 0.15
  1 1 22 4 3979.25542941841 0.15
  1 1 23 4 3133.21446322561 0.15
  1 1 24 4 4714.15002084627 0.15
  1 1 25 4 5167.00895484203 0.15
  1 1 26 4 5630.49187950107 0.15
  1 1 27 4 6586.59472748871 0.15
  1 1 28 4 6067.16001815045 0.15
  1 1 29 4 4929.02563787134 0.15
  1 1 30 4 4904.13126662846 0.15
  1 1 31 4 7094.89831092626 0.15
  1 1 32 4 6817.38861686714 0.15
  1 1 33 4 6204.07373364526 0.15
  1 1 34 4 6514.15147524314 0.15
  1 1 35 4 5705.44798957884 0.15
  1 1 36 4 7807.10922738426 0.15
  1 1 37 4 7013.79204438488 0.15
  1 1 38 4 5376.16131299845 0.15
  1 1 39 4 7397.9204650148 0.15
  1 1 40 4 5603.94521629836 0.15
  1 1 41 4 8463.27557750366 0.15
  1 1 42 4 5815.79215448841 0.15
  2 1 1 2 1555.27445024341 0.15
  2 1 2 2 1212.25023402636 0.15
  2 1 3 2 1308.05561440974 0.15
  2 1 4 2 716.147302387024 0.15
  2 1 5 2 828.734739746227 0.15
  2 1 6 2 671.822316023778 0.15
  2 1 7 2 1098.54978326918 0.15
  2 1 8 2 1012.15400894039 0.15
  2 1 9 2 1021.6484895892 0.15
  2 1 10 2 1359.354120523 0.15
  2 1 11 2 1436.92545105804 0.15
  2 1 12 2 2144.75533693137 0.15
  2 1 13 2 2721.58156668812 0.15
  2 1 14 2 2892.27423209948 0.15
  2 1 15 2 2721.84713624594 0.15
  2 1 16 2 2316.94764766382 0.15
  2 1 17 2 2118.74680100893 0.15
  2 1 18 2 2849.74966625442 0.15
  2 1 19 2 4727.05436867328 0.15
  2 1 20 2 6339.87942304043 0.15
  2 1 21 2 10844.4036714855 0.15
  2 1 22 2 13472.8600137412 0.15
  2 1 23 2 19641.2014146175 0.15
  2 1 24 2 20762.4662418243 0.15
  2 1 25 2 14775.9256896307 0.15
  2 1 26 2 13453.1843395779 0.15
  2 1 27 2 15402.2119910615 0.15
  2 1 28 2 12348.9123614861 0.15
  2 1 29 2 11145.4849984384 0.15
  2 1 30 2 12385.3457595683 0.15
  2 1 31 2 14767.3233283102 0.15
  2 1 32 2 13731.0438936691 0.15
  2 1 33 2 10810.2408180656 0.15
  2 1 34 2 26254.8709799481 0.15
  2 1 35 2 20411.11680386 0.15
  2 1 36 2 22743.284170901 0.15
  2 1 37 2 19024.3151138928 0.15
  2 1 38 2 14876.1827860217 0.15
  2 1 39 2 12183.445847267 0.15
  2 1 40 2 11299.1808496763 0.15
  2 1 41 2 9189.61083590981 0.15
  2 1 42 2 7564.69026771414 0.15
  2 1 1 3 766.366274007495 0.15
  2 1 2 3 427.978187619061 0.15
  2 1 3 3 399.357018240399 0.15
  2 1 4 3 458.225547973302 0.15
  2 1 5 3 1011.00048462609 0.15
  2 1 6 3 1778.44141919006 0.15
  2 1 7 3 2056.54114552778 0.15
  2 1 8 3 2207.73461116924 0.15
  2 1 9 3 2170.10168987228 0.15
  2 1 10 3 1820.02502228134 0.15
  2 1 11 3 1758.9576343742 0.15
  2 1 12 3 1326.38223817655 0.15
  2 1 13 3 1110.71595278388 0.15
  2 1 14 3 1447.05798711311 0.15
  2 1 15 3 1211.33965689666 0.15
  2 1 16 3 1338.37596099221 0.15
  2 1 17 3 1676.28768553259 0.15
  2 1 18 3 1414.48003032478 0.15
  2 1 19 3 1444.20438073489 0.15
  2 1 20 3 1051.6972422821 0.15
  2 1 21 3 1382.91056791415 0.15
  2 1 22 3 1204.76988563128 0.15
  2 1 23 3 956.522940192539 0.15
  2 1 24 3 1123.25511865509 0.15
  2 1 25 3 1401.60232461248 0.15
  2 1 26 3 1214.76804773271 0.15
  2 1 27 3 1328.08122834647 0.15
  2 1 28 3 1627.45116683597 0.15
  2 1 29 3 1237.36965610758 0.15
  2 1 30 3 1004.59932680704 0.15
  2 1 31 3 804.608480537468 0.15
  2 1 32 3 702.000349993708 0.15
  2 1 33 3 569.646399237552 0.15
  2 1 34 3 596.83691390363 0.15
  2 1 35 3 817.956044275999 0.15
  2 1 36 3 877.856081667356 0.15
  2 1 37 3 1011.08309134626 0.15
  2 1 38 3 1584.38699159088 0.15
  2 1 39 3 1736.98004388121 0.15
  2 1 40 3 1319.11460137154 0.15
  2 1 41 3 1518.96306809702 0.15
  2 1 42 3 1741.71155300147 0.15
# end catch observations 
#  
# Fishery size comp data 
# Number of observations, init_int Ncatch_size_obs 
  168
# init_matrix obs_catch_size(1,Ncatch_size_obs,1,ncol) 
# Fleet Area  Year  Species Type (0=whole, 1=retained, 2=discard) InpN, proportion by size bin 
  1 1 1 1 0 100 0 0.31 0.66 0.03 0
  1 1 2 1 0 100 0 0.3 0.7 0 0
  1 1 3 1 0 100 0 0.58 0.39 0.03 0
  1 1 4 1 0 100 0 0.29 0.36 0.35 0
  1 1 5 1 0 100 0 0.64 0.28 0.02 0.06
  1 1 6 1 0 100 0 0.29 0.71 0 0
  1 1 7 1 0 100 0 0.33 0.67 0 0
  1 1 8 1 0 100 0 0.2 0.8 0 0
  1 1 9 1 0 100 0 0.35 0.65 0 0
  1 1 10 1 0 100 0 0.58 0.42 0 0
  1 1 11 1 0 100 0 0.43 0.25 0.32 0
  1 1 12 1 0 100 0 0.3 0.7 0 0
  1 1 13 1 0 100 0 0.64 0.36 0 0
  1 1 14 1 0 100 0 0.37 0.63 0 0
  1 1 15 1 0 100 0 0.5 0.5 0 0
  1 1 16 1 0 100 0 0.33 0.65 0.02 0
  1 1 17 1 0 100 0 0.24 0.73 0.03 0
  1 1 18 1 0 100 0 0.2 0.75 0.05 0
  1 1 19 1 0 100 0 0.28 0.72 0 0
  1 1 20 1 0 100 0 0.29 0.58 0.13 0
  1 1 21 1 0 100 0 0.38 0.56 0.06 0
  1 1 22 1 0 100 0 0.76 0.22 0.02 0
  1 1 23 1 0 100 0 0.27 0.65 0.08 0
  1 1 24 1 0 100 0 0.56 0.44 0 0
  1 1 25 1 0 100 0 0.28 0.72 0 0
  1 1 26 1 0 100 0 0 1 0 0
  1 1 27 1 0 100 0 0.01 0.99 0 0
  1 1 28 1 0 100 0 0.19 0.67 0.14 0
  1 1 29 1 0 100 0 0.27 0.64 0.09 0
  1 1 30 1 0 100 0 0.01 0.99 0 0
  1 1 31 1 0 100 0 0.08 0.92 0 0
  1 1 32 1 0 100 0 0.04 0.96 0 0
  1 1 33 1 0 100 0 0.3 0.43 0.27 0
  1 1 34 1 0 100 0 0 1 0 0
  1 1 35 1 0 100 0 0.22 0.78 0 0
  1 1 36 1 0 100 0 0.19 0.81 0 0
  1 1 37 1 0 100 0 0.59 0.41 0 0
  1 1 38 1 0 100 0 0.41 0.59 0 0
  1 1 39 1 0 100 0 0.53 0.47 0 0
  1 1 40 1 0 100 0 0 1 0 0
  1 1 41 1 0 100 0 0 0.88 0.12 0
  1 1 42 1 0 100 0 0.07 0.77 0.16 0
  1 1 1 4 0 100 0 0 0.78 0.22 0
  1 1 2 4 0 100 0 0 0.11 0.89 0
  1 1 3 4 0 100 0 0.1 0.88 0.02 0
  1 1 4 4 0 100 0 0 0.13 0.87 0
  1 1 5 4 0 100 0 0 0.08 0.92 0
  1 1 6 4 0 100 0 0 0.6 0.4 0
  1 1 7 4 0 100 0 0.22 0.77 0.01 0
  1 1 8 4 0 100 0 0 0.67 0.33 0
  1 1 9 4 0 100 0 0.01 0.92 0.07 0
  1 1 10 4 0 100 0 0.03 0.97 0 0
  1 1 11 4 0 100 0 0 0.79 0.21 0
  1 1 12 4 0 100 0 0 0.25 0.75 0
  1 1 13 4 0 100 0 0 0.33 0.67 0
  1 1 14 4 0 100 0 0 0.43 0.22 0.35
  1 1 15 4 0 100 0 0 0.58 0.42 0
  1 1 16 4 0 100 0 0.04 0.54 0.42 0
  1 1 17 4 0 100 0 0 1 0 0
  1 1 18 4 0 100 0 0.1 0.9 0 0
  1 1 19 4 0 100 0 0.08 0.78 0.14 0
  1 1 20 4 0 100 0 0.04 0.66 0.3 0
  1 1 21 4 0 100 0 0 0.65 0.35 0
  1 1 22 4 0 100 0 0 0.69 0.31 0
  1 1 23 4 0 100 0 0 0.5 0.5 0
  1 1 24 4 0 100 0 0 0.96 0.04 0
  1 1 25 4 0 100 0 0 1 0 0
  1 1 26 4 0 100 0 0.38 0.62 0 0
  1 1 27 4 0 100 0 0.47 0.45 0.08 0
  1 1 28 4 0 100 0 0.14 0.79 0.07 0
  1 1 29 4 0 100 0 0 0.74 0.26 0
  1 1 30 4 0 100 0 0 1 0 0
  1 1 31 4 0 100 0 0.03 0.91 0.06 0
  1 1 32 4 0 100 0 0 0.95 0.05 0
  1 1 33 4 0 100 0 0 1 0 0
  1 1 34 4 0 100 0 0.79 0.21 0 0
  1 1 35 4 0 100 0 0.02 0.98 0 0
  1 1 36 4 0 100 0 0 1 0 0
  1 1 37 4 0 100 0 0 1 0 0
  1 1 38 4 0 100 0 0.25 0.75 0 0
  1 1 39 4 0 100 0 0.08 0.92 0 0
  1 1 40 4 0 100 0 0.46 0.54 0 0
  1 1 41 4 0 100 0 0 1 0 0
  1 1 42 4 0 100 0 0.05 0.95 0 0
  2 1 1 2 0 100 0 0 0.46 0.54 0
  2 1 2 2 0 100 0 0 0.12 0.88 0
  2 1 3 2 0 100 0 0 0.22 0.78 0
  2 1 4 2 0 100 0 0 1 0 0
  2 1 5 2 0 100 0 0 0.46 0.54 0
  2 1 6 2 0 100 0 0 0.44 0.56 0
  2 1 7 2 0 100 0 0 0.3 0.7 0
  2 1 8 2 0 100 0 0 0.26 0.74 0
  2 1 9 2 0 100 0 0 0.33 0.67 0
  2 1 10 2 0 100 0 0 0.1 0.9 0
  2 1 11 2 0 100 0 0 0.42 0.58 0
  2 1 12 2 0 100 0 0 0.16 0.84 0
  2 1 13 2 0 100 0 0 0.12 0.88 0
  2 1 14 2 0 100 0 0 0.41 0.59 0
  2 1 15 2 0 100 0 0 0.56 0.44 0
  2 1 16 2 0 100 0 0 0.46 0.54 0
  2 1 17 2 0 100 0 0 0.62 0.38 0
  2 1 18 2 0 100 0 0 0.81 0.19 0
  2 1 19 2 0 100 0 0 0.94 0.06 0
  2 1 20 2 0 100 0.06 0 0.89 0.05 0
  2 1 21 2 0 100 0 0 1 0 0
  2 1 22 2 0 100 0 0 0.83 0.17 0
  2 1 23 2 0 100 0 0 0.96 0.04 0
  2 1 24 2 0 100 0 0 0.98 0.02 0
  2 1 25 2 0 100 0 0 0.95 0.05 0
  2 1 26 2 0 100 0 0 0.87 0.13 0
  2 1 27 2 0 100 0 0 0.89 0.11 0
  2 1 28 2 0 100 0 0 0.85 0.15 0
  2 1 29 2 0 100 0 0 0.81 0.19 0
  2 1 30 2 0 100 0 0 1 0 0
  2 1 31 2 0 100 0 0 0.79 0.21 0
  2 1 32 2 0 100 0 0 0.6 0.4 0
  2 1 33 2 0 100 0 0 0.85 0.15 0
  2 1 34 2 0 100 0 0 0.67 0.33 0
  2 1 35 2 0 100 0 0 0.79 0.21 0
  2 1 36 2 0 100 0 0 0.82 0.18 0
  2 1 37 2 0 100 0 0 0.81 0.19 0
  2 1 38 2 0 100 0 0 0.81 0.19 0
  2 1 39 2 0 100 0 0 0.98 0.02 0
  2 1 40 2 0 100 0 0 0.96 0.04 0
  2 1 41 2 0 100 0 0 0.88 0.12 0
  2 1 42 2 0 100 0 0 0.87 0.13 0
  2 1 1 3 0 100 0 0.06 0.02 0.51 0.41
  2 1 2 3 0 100 0 0.23 0.26 0.35 0.16
  2 1 3 3 0 100 0 0 0.22 0.78 0
  2 1 4 3 0 100 0 0.04 0.32 0.64 0
  2 1 5 3 0 100 0 0.08 0.3 0.42 0.2
  2 1 6 3 0 100 0 0 0.37 0.63 0
  2 1 7 3 0 100 0 0 0.12 0.88 0
  2 1 8 3 0 100 0 0.11 0.09 0.8 0
  2 1 9 3 0 100 0 0 0.37 0.26 0.37
  2 1 10 3 0 100 0 0.44 0.12 0.44 0
  2 1 11 3 0 100 0 0.13 0.56 0.09 0.22
  2 1 12 3 0 100 0 0.09 0.2 0.34 0.37
  2 1 13 3 0 100 0 0 0.37 0.63 0
  2 1 14 3 0 100 0 0 0.1 0.69 0.21
  2 1 15 3 0 100 0 0 0.36 0.44 0.2
  2 1 16 3 0 100 0 0 0.57 0.43 0
  2 1 17 3 0 100 0 0 0.06 0.94 0
  2 1 18 3 0 100 0 0 0.16 0.84 0
  2 1 19 3 0 100 0 0 0.3 0.7 0
  2 1 20 3 0 100 0 0 0.18 0.82 0
  2 1 21 3 0 100 0 0 0.27 0.73 0
  2 1 22 3 0 100 0 0 0.04 0.96 0
  2 1 23 3 0 100 0 0 0.3 0.7 0
  2 1 24 3 0 100 0 0 0.07 0.91 0.02
  2 1 25 3 0 100 0 0.12 0.66 0.22 0
  2 1 26 3 0 100 0 0 0.2 0.8 0
  2 1 27 3 0 100 0 0 0.29 0.71 0
  2 1 28 3 0 100 0 0 0.17 0.83 0
  2 1 29 3 0 100 0 0 0.17 0.83 0
  2 1 30 3 0 100 0 0 0.26 0.74 0
  2 1 31 3 0 100 0 0 0.29 0.71 0
  2 1 32 3 0 100 0 0 0.27 0.73 0
  2 1 33 3 0 100 0 0 0.52 0.43 0.05
  2 1 34 3 0 100 0 0 1 0 0
  2 1 35 3 0 100 0 0 0.01 0.99 0
  2 1 36 3 0 100 0 0 0 1 0
  2 1 37 3 0 100 0 0 0.02 0.98 0
  2 1 38 3 0 100 0 0 0.01 0.99 0
  2 1 39 3 0 100 0 0 0 1 0
  2 1 40 3 0 100 0 0 0.29 0.71 0
  2 1 41 3 0 100 0 0 0.14 0.86 0
  2 1 42 3 0 100 0 0 0.26 0.74 0
# end fishery length observations 
#  
# Survey diet proportion observations 
# Number of observations, init_int Ndietprop_obs 
  89
# init_matrix obs_dietprop(1,Ndietprop_obs,1,ncol) 
# Survey  Year  Predator  Predator_size InpN  wt_prey_1 wt_prey_2 wt_prey_3 wt_prey_4 wt_prey_5 wt_prey_6 wt_prey_7 wt_prey_8 wt_prey_9 wt_prey_10 wt_prey_11 other 
  1 2 1 4 100 1 0 0 0 0
  1 6 4 3 100 0 0.3 0 0 0.7
  1 8 4 2 100 0 0 0.21 0 0.79
  1 8 4 3 100 0 0 0.32 0 0.68
  1 9 4 4 100 0 0.23 0 0 0.77
  1 11 1 3 100 0 0 0 0 1
  1 11 4 3 100 0.35 0 0 0 0.65
  1 12 1 2 100 0 0.67 0 0 0.33
  1 12 1 3 100 0 0 0.82 0 0.18
  1 13 1 3 100 0 0.15 0.41 0 0.44
  1 13 1 4 100 0 0.27 0 0 0.73
  1 13 4 2 100 0 0.28 0 0 0.72
  1 13 4 3 100 0 0 0 0 1
  1 13 4 4 100 0 0 0 0 1
  1 14 1 3 100 0 0.14 0.57 0 0.29
  1 14 1 4 100 0 0.53 0 0 0.47
  1 14 4 3 100 0 0.43 0.14 0 0.43
  1 14 4 4 100 0 0.09 0 0 0.91
  1 15 1 2 100 0 0 0.47 0 0.53
  1 15 1 3 100 0 0.11 0 0 0.89
  1 15 4 3 100 0 0.61 0 0 0.39
  1 15 4 4 100 0 0 0 0 1
  1 16 1 3 100 0 0.18 0 0 0.82
  1 16 1 4 100 0 0.29 0.15 0 0.56
  1 16 4 3 100 0 0 0 0 1
  1 16 4 4 100 0 0.18 0 0 0.82
  1 17 4 2 100 0 0 0 0 1
  1 17 4 3 100 0 0 0 0 1
  1 18 1 1 100 0 0 0 0 1
  1 18 1 2 100 0 0.58 0 0 0.42
  1 18 1 3 100 0 0.77 0 0 0.23
  1 18 4 3 100 0 0.25 0.2 0 0.55
  1 19 1 2 100 0 0.15 0 0 0.85
  1 19 1 3 100 0 0.3 0.13 0 0.57
  1 19 1 4 100 0 0.07 0 0 0.93
  1 19 4 2 100 0 0 0 0 1
  1 19 4 3 100 0 0 0 0 1
  1 20 1 3 100 0 0.03 0 0 0.97
  1 20 4 2 100 0 0.41 0 0 0.59
  1 20 4 3 100 0 0 0.08 0 0.92
  1 21 1 2 100 0 0 0.02 0 0.98
  1 21 1 3 100 0 0 0 0 1
  1 21 1 4 100 0.13 0 0 0 0.87
  1 21 4 3 100 0 0.11 0 0 0.89
  1 22 1 3 100 0 0 0 0 1
  1 22 4 2 100 0 0 0.26 0 0.74
  1 22 4 3 100 0 0.12 0 0 0.88
  1 23 1 3 100 0 0.21 0 0 0.79
  1 23 4 3 100 0 0.53 0.44 0 0.03
  1 24 1 3 100 0 0 0 0 1
  1 24 1 4 100 0 0.4 0 0 0.6
  1 24 4 3 100 0 0.41 0 0 0.59
  1 25 1 2 100 0 0 0 0 1
  1 25 1 3 100 0 0.05 0 0 0.95
  1 25 4 3 100 0 0.38 0 0 0.62
  1 25 4 4 100 0 0.02 0 0 0.98
  1 26 1 3 100 0 0.53 0 0 0.47
  1 26 4 3 100 0 0.09 0.02 0 0.89
  1 27 1 3 100 0 0 0.72 0 0.28
  1 27 1 4 100 0 0.91 0 0 0.09
  1 27 4 2 100 0 0.34 0 0 0.66
  1 27 4 3 100 0.59 0 0 0 0.41
  1 28 1 3 100 0 0 0 0 1
  1 28 4 2 100 0 0.26 0 0 0.74
  1 28 4 3 100 0 0.26 0 0 0.74
  1 29 1 3 100 0 0.44 0 0 0.56
  1 29 4 3 100 0 0.13 0 0 0.87
  1 30 4 3 100 0 0.28 0 0 0.72
  1 31 4 3 100 0 0.28 0 0 0.72
  1 31 4 4 100 0 0.66 0 0 0.34
  1 33 1 3 100 0 0.84 0 0 0.16
  1 33 4 3 100 0 0.21 0 0 0.79
  1 34 1 3 100 0 0.2 0 0 0.8
  1 34 4 3 100 0 0 0 0 1
  1 35 1 1 100 0 0.71 0 0 0.29
  1 35 1 2 100 0 0.1 0 0 0.9
  1 35 1 3 100 0 0.47 0 0 0.53
  1 35 4 3 100 0 0.03 0 0 0.97
  1 36 1 3 100 0 0 0 0 1
  1 36 4 2 100 0 1 0 0 0
  1 36 4 3 100 0 0 0 0 1
  1 37 4 3 100 0 0 0.31 0 0.69
  1 38 1 3 100 0 0 0 0 1
  1 39 1 3 100 0 0.06 0 0 0.94
  1 40 1 2 100 0 0.2 0 0 0.8
  1 40 4 3 100 0 0 0 0 1
  1 40 4 4 100 0 0.88 0 0 0.12
  1 41 1 2 100 0 0 0 0 1
  1 42 4 3 100 0 0 0.36 0 0.64
# end survey diet proportion observations 
#  
