# This file was created using the write_tsDatFile function and used all the simulated data from sim_dta.rds found in repo:Hydra-self-testing
# Survey index data 
# Number of observations, init_int Nsurvey_obs
  166
# init_matrix obs_survey_biomass(1,Nsurvey_obs,1,5)
# survey year spp value cv
  1 1 4 139838.132439748 0.2
  1 2 4 78151.5801032085 0.2
  1 3 4 89570.1777280658 0.2
  1 4 4 77059.79237039 0.2
  1 5 4 89929.7672428475 0.2
  1 6 4 92561.0554608073 0.2
  1 7 4 104909.039586467 0.2
  1 8 4 93038.8329404212 0.2
  1 9 4 101591.477934147 0.2
  1 10 4 127830.090044114 0.2
  1 11 4 73229.1277034755 0.2
  1 12 4 158087.896347001 0.2
  1 13 4 95572.4749360147 0.2
  1 14 4 106357.326437837 0.2
  1 15 4 109863.108302756 0.2
  1 16 4 174102.068085635 0.2
  1 17 4 142548.471177864 0.2
  1 18 4 167238.001270349 0.2
  1 19 4 177837.656940509 0.2
  1 20 4 123069.153553144 0.2
  1 21 4 134133.158784868 0.2
  1 22 4 149152.275601819 0.2
  1 23 4 159798.661858974 0.2
  1 24 4 160679.05059472 0.2
  1 25 4 186070.880533943 0.2
  1 26 4 257804.529126948 0.2
  1 27 4 171475.502886084 0.2
  1 28 4 145349.493471281 0.2
  1 29 4 212291.17246308 0.2
  1 30 4 280497.456015301 0.2
  1 31 4 167772.972496387 0.2
  1 32 4 194557.053265226 0.2
  1 33 4 197321.15159825 0.2
  1 34 4 211408.420376565 0.2
  1 35 4 221372.260910282 0.2
  1 36 4 176811.415759685 0.2
  1 37 4 247230.024558056 0.2
  1 38 4 204691.887309045 0.2
  1 39 4 293006.98863613 0.2
  1 40 4 347448.212646315 0.2
  1 41 4 335248.392723979 0.2
  1 42 4 225817.265040168 0.2
  1 1 2 185.501188790164 0.2
  1 4 2 139.311398606801 0.2
  1 5 2 135.329319415279 0.2
  1 6 2 129.366309550714 0.2
  1 7 2 120.617937570137 0.2
  1 8 2 250.459896054393 0.2
  1 9 2 239.705585949704 0.2
  1 10 2 409.618334040789 0.2
  1 11 2 285.000804971892 0.2
  1 12 2 398.778274706917 0.2
  1 13 2 310.453593597758 0.2
  1 14 2 321.710185891807 0.2
  1 15 2 505.807479286693 0.2
  1 16 2 419.149737193079 0.2
  1 17 2 377.428430857031 0.2
  1 18 2 815.43136675895 0.2
  1 19 2 1741.1372994303 0.2
  1 20 2 2445.46434965789 0.2
  1 21 2 2415.29719487936 0.2
  1 22 2 2145.19686172232 0.2
  1 23 2 2412.44504055332 0.2
  1 24 2 2501.14802163071 0.2
  1 25 2 1956.68477878458 0.2
  1 26 2 1699.66733799851 0.2
  1 27 2 1803.07755922886 0.2
  1 28 2 1656.98508725347 0.2
  1 29 2 1593.68985512652 0.2
  1 30 2 2233.10715994572 0.2
  1 31 2 2195.73694208965 0.2
  1 32 2 1970.02270389233 0.2
  1 33 2 3468.73035647782 0.2
  1 34 2 3410.40532065133 0.2
  1 35 2 3682.70211775393 0.2
  1 36 2 2604.66298782208 0.2
  1 37 2 1947.17817931264 0.2
  1 38 2 1840.4934537663 0.2
  1 39 2 1099.4040662803 0.2
  1 40 2 1734.25738421573 0.2
  1 41 2 1000.89839279949 0.2
  1 42 2 906.807313217175 0.2
  1 1 1 17065.823024461 0.2
  1 2 1 18216.9519630122 0.2
  1 3 1 9779.72028731595 0.2
  1 4 1 13132.1350694771 0.2
  1 5 1 10585.0365397513 0.2
  1 6 1 13352.717257584 0.2
  1 7 1 10837.7273068211 0.2
  1 8 1 12795.0814777361 0.2
  1 9 1 9081.44024774547 0.2
  1 10 1 11499.733982565 0.2
  1 11 1 15441.0388122391 0.2
  1 12 1 12705.1739226742 0.2
  1 13 1 10341.6824857239 0.2
  1 14 1 11242.6191476272 0.2
  1 15 1 7126.23381069933 0.2
  1 16 1 4581.94700432556 0.2
  1 17 1 5528.96608849016 0.2
  1 18 1 5213.38097856489 0.2
  1 19 1 3881.07964633012 0.2
  1 20 1 3165.2548488961 0.2
  1 21 1 6646.30717875033 0.2
  1 22 1 5365.05026379488 0.2
  1 23 1 6599.43704888341 0.2
  1 24 1 5878.04529766376 0.2
  1 25 1 6653.06751665437 0.2
  1 26 1 5667.64415504596 0.2
  1 27 1 7276.48170723455 0.2
  1 28 1 5602.9727159961 0.2
  1 29 1 3572.56509399309 0.2
  1 30 1 4239.58752999216 0.2
  1 31 1 4247.50578187548 0.2
  1 32 1 3682.71684596749 0.2
  1 33 1 3509.81125178103 0.2
  1 34 1 3094.38383044822 0.2
  1 35 1 2157.86823893611 0.2
  1 36 1 1788.46657496599 0.2
  1 37 1 2227.31803979933 0.2
  1 38 1 2958.08792844653 0.2
  1 39 1 2302.07806662374 0.2
  1 40 1 2846.91858064284 0.2
  1 41 1 2396.90516616125 0.2
  1 42 1 2247.43093079234 0.2
  1 1 3 87.1137595671231 0.2
  1 2 3 91.0602269123906 0.2
  1 3 3 171.022585822908 0.2
  1 4 3 259.969068201508 0.2
  1 5 3 578.819988821153 0.2
  1 6 3 575.322969773431 0.2
  1 7 3 663.449747315575 0.2
  1 8 3 730.586720631662 0.2
  1 9 3 286.708940537663 0.2
  1 10 3 533.275139493815 0.2
  1 11 3 425.181300433988 0.2
  1 12 3 260.055994017279 0.2
  1 13 3 291.899892704555 0.2
  1 14 3 374.658961134698 0.2
  1 15 3 456.620999602074 0.2
  1 16 3 567.78581806818 0.2
  1 17 3 553.131831656383 0.2
  1 18 3 302.413692958112 0.2
  1 19 3 348.534371993461 0.2
  1 20 3 292.532363985958 0.2
  1 21 3 258.285895298153 0.2
  1 22 3 288.200628539915 0.2
  1 23 3 281.707650123157 0.2
  1 24 3 326.722607695509 0.2
  1 25 3 326.406937739025 0.2
  1 26 3 226.14956146158 0.2
  1 27 3 326.110291921206 0.2
  1 28 3 299.835240930822 0.2
  1 29 3 302.115486128518 0.2
  1 30 3 184.554357486647 0.2
  1 31 3 177.965607246927 0.2
  1 32 3 204.767983918361 0.2
  1 33 3 142.199556466322 0.2
  1 34 3 154.185415675075 0.2
  1 35 3 273.98899265835 0.2
  1 36 3 297.078748152111 0.2
  1 37 3 341.429832052011 0.2
  1 38 3 396.568021176394 0.2
  1 39 3 444.938221214482 0.2
  1 40 3 451.011865917133 0.2
  1 41 3 549.713788751964 0.2
  1 42 3 438.636695447121 0.2
# end survey index observations 
#  
# Survey size comp data 
# Number of observations, init_int Nsurvey_size_obs 
  166
# init_matrix obs_survey_size(1,Nsurvey_size_obs,1,ncol) 
# Survey  Year  Species Type (0=whole, 1=retained, 2=discard) InpN, proportion by length bin 
  1 1 1 0 100 0 0 0.77 0.23 0
  1 2 1 0 100 0 0 0.72 0.28 0
  1 3 1 0 100 0.54 0 0.46 0 0
  1 4 1 0 100 0 0 0.84 0.16 0
  1 5 1 0 100 0 0.06 0.74 0.2 0
  1 6 1 0 100 0 0.09 0.91 0 0
  1 7 1 0 100 0.01 0.53 0.46 0 0
  1 8 1 0 100 0 0 1 0 0
  1 9 1 0 100 0 0.62 0.38 0 0
  1 10 1 0 100 0 1 0 0 0
  1 11 1 0 100 0 0.3 0.7 0 0
  1 12 1 0 100 0.1 0.68 0.07 0.15 0
  1 13 1 0 100 0 0 0.62 0.38 0
  1 14 1 0 100 0 0 1 0 0
  1 15 1 0 100 0 0.66 0.34 0 0
  1 16 1 0 100 0 0 1 0 0
  1 17 1 0 100 0 0.89 0.11 0 0
  1 18 1 0 100 0 0.55 0.45 0 0
  1 19 1 0 100 0 0.22 0.78 0 0
  1 20 1 0 100 0 0.49 0.51 0 0
  1 21 1 0 100 0 0.95 0.05 0 0
  1 22 1 0 100 0 0 1 0 0
  1 23 1 0 100 0.28 0.59 0.13 0 0
  1 24 1 0 100 0 0.43 0.57 0 0
  1 25 1 0 100 0 0 1 0 0
  1 26 1 0 100 0 0.73 0.27 0 0
  1 27 1 0 100 0.1 0.61 0.29 0 0
  1 28 1 0 100 0 0.79 0.21 0 0
  1 29 1 0 100 0.41 0.59 0 0 0
  1 30 1 0 100 0 0.67 0.33 0 0
  1 31 1 0 100 0 0.71 0.29 0 0
  1 32 1 0 100 0 1 0 0 0
  1 33 1 0 100 0 0.77 0.23 0 0
  1 34 1 0 100 0 0.25 0.52 0.23 0
  1 35 1 0 100 0 0.21 0.57 0.22 0
  1 36 1 0 100 0 0.48 0.52 0 0
  1 37 1 0 100 0.08 0.92 0 0 0
  1 38 1 0 100 0 1 0 0 0
  1 39 1 0 100 0 1 0 0 0
  1 40 1 0 100 0 0.38 0.62 0 0
  1 41 1 0 100 0 0.14 0.86 0 0
  1 42 1 0 100 0.33 0.67 0 0 0
  1 1 2 0 100 0 0 0 1 0
  1 4 2 0 100 0 0 0 1 0
  1 5 2 0 100 0 0 0 1 0
  1 6 2 0 100 0 0 1 0 0
  1 7 2 0 100 0 0 0 1 0
  1 8 2 0 100 0 0 0 1 0
  1 9 2 0 100 0 0 0.42 0.58 0
  1 10 2 0 100 0 0 1 0 0
  1 11 2 0 100 0 0.2 0.36 0.44 0
  1 12 2 0 100 0 0.37 0.53 0.1 0
  1 13 2 0 100 0 0 0.83 0.17 0
  1 14 2 0 100 0 0 0.18 0.82 0
  1 15 2 0 100 0 0 0.47 0.53 0
  1 16 2 0 100 0 0 1 0 0
  1 17 2 0 100 0 0 0.92 0.08 0
  1 18 2 0 100 0 0.24 0.76 0 0
  1 19 2 0 100 0 0 0.97 0.03 0
  1 20 2 0 100 0 0 1 0 0
  1 21 2 0 100 0 0 0.76 0.24 0
  1 22 2 0 100 0 0 0.82 0.18 0
  1 23 2 0 100 0 0 1 0 0
  1 24 2 0 100 0 0 0.86 0.14 0
  1 25 2 0 100 0 0.08 0 0.92 0
  1 26 2 0 100 0 0.33 0.67 0 0
  1 27 2 0 100 0 0 1 0 0
  1 28 2 0 100 0 0 0.94 0.06 0
  1 29 2 0 100 0 0 0.41 0.59 0
  1 30 2 0 100 0 0 0.5 0.5 0
  1 31 2 0 100 0 0 0.94 0.06 0
  1 32 2 0 100 0 0 1 0 0
  1 33 2 0 100 0 0 1 0 0
  1 34 2 0 100 0 0 1 0 0
  1 35 2 0 100 0 0 1 0 0
  1 36 2 0 100 0 0 0 1 0
  1 37 2 0 100 0 0 1 0 0
  1 38 2 0 100 0 0 0.97 0.03 0
  1 39 2 0 100 0 0 1 0 0
  1 40 2 0 100 0 0 0.23 0.77 0
  1 41 2 0 100 0 0 0.26 0.74 0
  1 42 2 0 100 0 0.76 0.24 0 0
  1 1 3 0 100 0 0 0.1 0.9 0
  1 2 3 0 100 0 0 0.97 0.03 0
  1 3 3 0 100 0 0 0.12 0.88 0
  1 4 3 0 100 0 0 1 0 0
  1 5 3 0 100 0 0 0.73 0.27 0
  1 6 3 0 100 0 0 1 0 0
  1 7 3 0 100 0 0.08 0.92 0 0
  1 8 3 0 100 0 0.02 0.98 0 0
  1 9 3 0 100 0 1 0 0 0
  1 10 3 0 100 0 0.31 0.69 0 0
  1 11 3 0 100 0 0 1 0 0
  1 12 3 0 100 0 0.49 0.51 0 0
  1 13 3 0 100 0 0.7 0.3 0 0
  1 14 3 0 100 0 0.11 0.89 0 0
  1 15 3 0 100 0 0.06 0.94 0 0
  1 16 3 0 100 0 0.39 0.61 0 0
  1 17 3 0 100 0 0 1 0 0
  1 18 3 0 100 0 0.85 0.15 0 0
  1 19 3 0 100 0 0.33 0.67 0 0
  1 20 3 0 100 0 0 1 0 0
  1 21 3 0 100 0 0.89 0.11 0 0
  1 22 3 0 100 0 0 1 0 0
  1 23 3 0 100 0 0.6 0.4 0 0
  1 24 3 0 100 0 0.46 0.54 0 0
  1 25 3 0 100 0 1 0 0 0
  1 26 3 0 100 0 1 0 0 0
  1 27 3 0 100 0 0.3 0.7 0 0
  1 28 3 0 100 0 0.57 0.43 0 0
  1 29 3 0 100 0 1 0 0 0
  1 30 3 0 100 0 1 0 0 0
  1 31 3 0 100 0 0 1 0 0
  1 32 3 0 100 0 0 1 0 0
  1 33 3 0 100 0 0.59 0.41 0 0
  1 34 3 0 100 0 0.19 0.81 0 0
  1 35 3 0 100 0 0.2 0.8 0 0
  1 36 3 0 100 0 0.71 0.29 0 0
  1 37 3 0 100 0 0 1 0 0
  1 38 3 0 100 0 0 1 0 0
  1 39 3 0 100 0 0 1 0 0
  1 40 3 0 100 0 0.96 0.04 0 0
  1 41 3 0 100 0 0 1 0 0
  1 42 3 0 100 0 0 1 0 0
  1 1 4 0 100 0 0.67 0.33 0 0
  1 2 4 0 100 0 0.04 0.5 0.46 0
  1 3 4 0 100 0 0 1 0 0
  1 4 4 0 100 0 0.31 0.69 0 0
  1 5 4 0 100 0 0.49 0.39 0.12 0
  1 6 4 0 100 0 0.57 0.22 0.21 0
  1 7 4 0 100 0 0.24 0.68 0.08 0
  1 8 4 0 100 0 0.41 0 0.59 0
  1 9 4 0 100 0 0.81 0.19 0 0
  1 10 4 0 100 0 0.29 0.71 0 0
  1 11 4 0 100 0 0.52 0.48 0 0
  1 12 4 0 100 0 0.35 0.65 0 0
  1 13 4 0 100 0 0.34 0.66 0 0
  1 14 4 0 100 0 0.66 0.34 0 0
  1 15 4 0 100 0 0.36 0.64 0 0
  1 16 4 0 100 0 0.15 0.18 0.67 0
  1 17 4 0 100 0 0 0.72 0.28 0
  1 18 4 0 100 0 0.46 0.54 0 0
  1 19 4 0 100 0 0.58 0.42 0 0
  1 20 4 0 100 0 1 0 0 0
  1 21 4 0 100 0 0.45 0.55 0 0
  1 22 4 0 100 0 0.2 0.8 0 0
  1 23 4 0 100 0 0.9 0.1 0 0
  1 24 4 0 100 0 0.58 0.42 0 0
  1 25 4 0 100 0 0.17 0.83 0 0
  1 26 4 0 100 0 0 1 0 0
  1 27 4 0 100 0 0.03 0.97 0 0
  1 28 4 0 100 0 0 1 0 0
  1 29 4 0 100 0 0 1 0 0
  1 30 4 0 100 0 0 1 0 0
  1 31 4 0 100 0 0.25 0.75 0 0
  1 32 4 0 100 0 0 1 0 0
  1 33 4 0 100 0 0.49 0.51 0 0
  1 34 4 0 100 0.12 0.74 0.14 0 0
  1 35 4 0 100 0 1 0 0 0
  1 36 4 0 100 0 1 0 0 0
  1 37 4 0 100 0 1 0 0 0
  1 38 4 0 100 0 1 0 0 0
  1 39 4 0 100 0 1 0 0 0
  1 40 4 0 100 0 1 0 0 0
  1 41 4 0 100 0 0.4 0.6 0 0
  1 42 4 0 100 0 0.61 0.39 0 0
# end survey length observations 
#  
# Fishery catch data 
# Number of observations, init_int Ncatch_obs
  168
# init_matrix obs_catch_biomass(1,Ncatch_obs,1,6) 
# Fleet	Area	Year	Species	Catch(biomass t)	CV 
  1 1 1 1 39133.9455175187 0.15
  1 1 2 1 28447.2861784465 0.15
  1 1 3 1 25710.9712347091 0.15
  1 1 4 1 19180.2482346635 0.15
  1 1 5 1 17388.2704579567 0.15
  1 1 6 1 17559.9812587667 0.15
  1 1 7 1 16792.295565961 0.15
  1 1 8 1 12641.8809592585 0.15
  1 1 9 1 13769.4262270013 0.15
  1 1 10 1 11225.5056303571 0.15
  1 1 11 1 13422.50691819 0.15
  1 1 12 1 17943.8717958323 0.15
  1 1 13 1 15249.0863200964 0.15
  1 1 14 1 13339.9804227277 0.15
  1 1 15 1 11133.5901228175 0.15
  1 1 16 1 11247.5418006325 0.15
  1 1 17 1 12418.4252819009 0.15
  1 1 18 1 7307.88091366563 0.15
  1 1 19 1 6113.62873053377 0.15
  1 1 20 1 6211.27660142556 0.15
  1 1 21 1 3242.07047698559 0.15
  1 1 22 1 4338.43019270683 0.15
  1 1 23 1 4403.85137098722 0.15
  1 1 24 1 4452.99045640933 0.15
  1 1 25 1 6200.65082690645 0.15
  1 1 26 1 3482.46001128673 0.15
  1 1 27 1 4270.79328118666 0.15
  1 1 28 1 4115.7347165193 0.15
  1 1 29 1 3868.77313594825 0.15
  1 1 30 1 3786.26529787774 0.15
  1 1 31 1 2641.81253422946 0.15
  1 1 32 1 2640.55758602732 0.15
  1 1 33 1 2853.83875756466 0.15
  1 1 34 1 1857.0417268103 0.15
  1 1 35 1 1825.88252704911 0.15
  1 1 36 1 1268.5363372263 0.15
  1 1 37 1 2006.27034418352 0.15
  1 1 38 1 1533.78217932796 0.15
  1 1 39 1 1663.96899765206 0.15
  1 1 40 1 1523.38334959753 0.15
  1 1 41 1 1498.9527298614 0.15
  1 1 42 1 2058.65367345794 0.15
  1 1 1 4 7015.09543454912 0.15
  1 1 2 4 7170.62949899666 0.15
  1 1 3 4 8839.68890677963 0.15
  1 1 4 4 6280.17505972753 0.15
  1 1 5 4 5465.99339128415 0.15
  1 1 6 4 8071.04810689676 0.15
  1 1 7 4 6349.49590561365 0.15
  1 1 8 4 6776.38142147595 0.15
  1 1 9 4 8403.91990162447 0.15
  1 1 10 4 8336.90453969343 0.15
  1 1 11 4 7572.13472289136 0.15
  1 1 12 4 7837.74369218481 0.15
  1 1 13 4 10866.5996295528 0.15
  1 1 14 4 9020.5373394672 0.15
  1 1 15 4 7271.20043821436 0.15
  1 1 16 4 6830.26604571494 0.15
  1 1 17 4 10058.9510590124 0.15
  1 1 18 4 9665.54462516386 0.15
  1 1 19 4 12082.6122211081 0.15
  1 1 20 4 8610.89957134315 0.15
  1 1 21 4 3838.39580473211 0.15
  1 1 22 4 4885.44781450983 0.15
  1 1 23 4 3985.94097855851 0.15
  1 1 24 4 4836.71066733552 0.15
  1 1 25 4 4786.21373292395 0.15
  1 1 26 4 5156.25061496984 0.15
  1 1 27 4 8411.84585485645 0.15
  1 1 28 4 5590.54339717392 0.15
  1 1 29 4 4985.45780397114 0.15
  1 1 30 4 5281.88232880947 0.15
  1 1 31 4 5127.92844451759 0.15
  1 1 32 4 6846.69179248198 0.15
  1 1 33 4 6346.88407653782 0.15
  1 1 34 4 6665.79455663368 0.15
  1 1 35 4 5106.89410066496 0.15
  1 1 36 4 6452.82418251455 0.15
  1 1 37 4 5326.0658512453 0.15
  1 1 38 4 5641.66695688627 0.15
  1 1 39 4 7215.72818274871 0.15
  1 1 40 4 5837.18952168151 0.15
  1 1 41 4 5534.32259203056 0.15
  1 1 42 4 8084.67879560876 0.15
  2 1 1 2 1564.20683707053 0.15
  2 1 2 2 1250.88165650288 0.15
  2 1 3 2 851.566223805205 0.15
  2 1 4 2 760.343510925196 0.15
  2 1 5 2 774.041481361702 0.15
  2 1 6 2 912.900095874331 0.15
  2 1 7 2 1314.64515436207 0.15
  2 1 8 2 904.157541803305 0.15
  2 1 9 2 1179.95606980383 0.15
  2 1 10 2 1649.44903491862 0.15
  2 1 11 2 1364.29370386679 0.15
  2 1 12 2 1692.05989173095 0.15
  2 1 13 2 1884.90110603297 0.15
  2 1 14 2 3514.53330605957 0.15
  2 1 15 2 2839.84232267286 0.15
  2 1 16 2 2395.65954894883 0.15
  2 1 17 2 2614.26354723236 0.15
  2 1 18 2 2967.15156676767 0.15
  2 1 19 2 3210.31258967486 0.15
  2 1 20 2 6107.01348043875 0.15
  2 1 21 2 12601.8214006909 0.15
  2 1 22 2 14504.5261201942 0.15
  2 1 23 2 17705.0748482698 0.15
  2 1 24 2 17864.301230203 0.15
  2 1 25 2 15227.5180565732 0.15
  2 1 26 2 15734.1771055808 0.15
  2 1 27 2 8880.28332965729 0.15
  2 1 28 2 7502.20638661469 0.15
  2 1 29 2 13862.5528218791 0.15
  2 1 30 2 13831.5214791955 0.15
  2 1 31 2 11180.9281217358 0.15
  2 1 32 2 11205.7276481314 0.15
  2 1 33 2 12152.8837372013 0.15
  2 1 34 2 21415.5739007854 0.15
  2 1 35 2 25634.389742882 0.15
  2 1 36 2 21663.8686633425 0.15
  2 1 37 2 19830.5888596717 0.15
  2 1 38 2 16406.6810920876 0.15
  2 1 39 2 16962.8233322818 0.15
  2 1 40 2 10176.4800843834 0.15
  2 1 41 2 10176.090316322 0.15
  2 1 42 2 9604.45351455528 0.15
  2 1 1 3 462.155835828737 0.15
  2 1 2 3 473.59355330875 0.15
  2 1 3 3 366.75045175908 0.15
  2 1 4 3 519.20754782244 0.15
  2 1 5 3 1073.33148431324 0.15
  2 1 6 3 1812.83288315256 0.15
  2 1 7 3 2561.01767725305 0.15
  2 1 8 3 1953.85267218243 0.15
  2 1 9 3 2716.9442639962 0.15
  2 1 10 3 2289.59291375365 0.15
  2 1 11 3 1759.64659471638 0.15
  2 1 12 3 1386.97446144838 0.15
  2 1 13 3 1434.44122557783 0.15
  2 1 14 3 1251.63778401834 0.15
  2 1 15 3 1126.08083208254 0.15
  2 1 16 3 1791.26388812633 0.15
  2 1 17 3 1729.78290352752 0.15
  2 1 18 3 1877.17387735817 0.15
  2 1 19 3 1652.21326873515 0.15
  2 1 20 3 1296.17291991957 0.15
  2 1 21 3 1412.84651067051 0.15
  2 1 22 3 1296.04180380977 0.15
  2 1 23 3 1002.36333706797 0.15
  2 1 24 3 1162.20734228662 0.15
  2 1 25 3 1126.83645670638 0.15
  2 1 26 3 1164.17112479845 0.15
  2 1 27 3 1146.9279946707 0.15
  2 1 28 3 1409.82981553975 0.15
  2 1 29 3 1154.24169472915 0.15
  2 1 30 3 1098.35299184156 0.15
  2 1 31 3 881.751691921218 0.15
  2 1 32 3 654.532202395618 0.15
  2 1 33 3 580.568754919452 0.15
  2 1 34 3 394.468785933525 0.15
  2 1 35 3 705.334063316824 0.15
  2 1 36 3 1100.98329184232 0.15
  2 1 37 3 1105.62384370518 0.15
  2 1 38 3 1280.23223121548 0.15
  2 1 39 3 1354.93909166161 0.15
  2 1 40 3 1428.51075353573 0.15
  2 1 41 3 1194.57777378373 0.15
  2 1 42 3 1798.59150644389 0.15
# end catch observations 
#  
# Fishery size comp data 
# Number of observations, init_int Ncatch_size_obs 
  168
# init_matrix obs_catch_size(1,Ncatch_size_obs,1,ncol) 
# Fleet Area  Year  Species Type (0=whole, 1=retained, 2=discard) InpN, proportion by size bin 
  1 1 1 1 0 100 0 0.11 0.89 0 0
  1 1 2 1 0 100 0 0.1 0.9 0 0
  1 1 3 1 0 100 0 0.43 0.57 0 0
  1 1 4 1 0 100 0 0.11 0.36 0.53 0
  1 1 5 1 0 100 0 0.76 0.16 0 0.08
  1 1 6 1 0 100 0 0.12 0.88 0 0
  1 1 7 1 0 100 0 0.68 0.32 0 0
  1 1 8 1 0 100 0 0.53 0.47 0 0
  1 1 9 1 0 100 0 0.4 0.6 0 0
  1 1 10 1 0 100 0 0.62 0.38 0 0
  1 1 11 1 0 100 0 0.38 0.49 0.13 0
  1 1 12 1 0 100 0 0.55 0.45 0 0
  1 1 13 1 0 100 0 0.95 0.05 0 0
  1 1 14 1 0 100 0 0.47 0.53 0 0
  1 1 15 1 0 100 0 0.64 0.36 0 0
  1 1 16 1 0 100 0 0.3 0.7 0 0
  1 1 17 1 0 100 0 0.3 0.58 0.12 0
  1 1 18 1 0 100 0 0.45 0.5 0.05 0
  1 1 19 1 0 100 0 0 1 0 0
  1 1 20 1 0 100 0 0.35 0.48 0.17 0
  1 1 21 1 0 100 0 0.31 0.69 0 0
  1 1 22 1 0 100 0 0.58 0.42 0 0
  1 1 23 1 0 100 0 0.28 0.72 0 0
  1 1 24 1 0 100 0 0.16 0.84 0 0
  1 1 25 1 0 100 0 0.23 0.77 0 0
  1 1 26 1 0 100 0 0 1 0 0
  1 1 27 1 0 100 0 0 1 0 0
  1 1 28 1 0 100 0 0.02 0.83 0.15 0
  1 1 29 1 0 100 0 0.34 0.66 0 0
  1 1 30 1 0 100 0 0 1 0 0
  1 1 31 1 0 100 0 0.01 0.99 0 0
  1 1 32 1 0 100 0 0.07 0.93 0 0
  1 1 33 1 0 100 0 0.32 0.34 0.34 0
  1 1 34 1 0 100 0 0 1 0 0
  1 1 35 1 0 100 0 0.12 0.88 0 0
  1 1 36 1 0 100 0 0.56 0.44 0 0
  1 1 37 1 0 100 0 0.31 0.69 0 0
  1 1 38 1 0 100 0 0.53 0.47 0 0
  1 1 39 1 0 100 0 0.31 0.69 0 0
  1 1 40 1 0 100 0 0 1 0 0
  1 1 41 1 0 100 0 0 0.89 0.11 0
  1 1 42 1 0 100 0 0.2 0.66 0.14 0
  1 1 1 4 0 100 0 0 0.24 0.52 0.24
  1 1 2 4 0 100 0 0 0.26 0.74 0
  1 1 3 4 0 100 0 0 0.13 0.87 0
  1 1 4 4 0 100 0 0 0.26 0.74 0
  1 1 5 4 0 100 0 0 0.44 0.19 0.37
  1 1 6 4 0 100 0 0 0 1 0
  1 1 7 4 0 100 0 0 0 1 0
  1 1 8 4 0 100 0 0.54 0 0.46 0
  1 1 9 4 0 100 0 0 0.35 0.3 0.35
  1 1 10 4 0 100 0 0.4 0.32 0.28 0
  1 1 11 4 0 100 0 0 0.92 0.04 0.04
  1 1 12 4 0 100 0 0.01 0 0.42 0.57
  1 1 13 4 0 100 0 0 0.53 0.47 0
  1 1 14 4 0 100 0 0 0.07 0.72 0.21
  1 1 15 4 0 100 0 0 0.08 0.69 0.23
  1 1 16 4 0 100 0 0 0.74 0.26 0
  1 1 17 4 0 100 0 0 0 1 0
  1 1 18 4 0 100 0 0 0.18 0.82 0
  1 1 19 4 0 100 0 0 0.75 0.25 0
  1 1 20 4 0 100 0 0 0.01 0.99 0
  1 1 21 4 0 100 0 0 0.21 0.79 0
  1 1 22 4 0 100 0 0 0 1 0
  1 1 23 4 0 100 0 0 0.19 0.81 0
  1 1 24 4 0 100 0 0 0 0.61 0.39
  1 1 25 4 0 100 0 0.19 0.64 0.17 0
  1 1 26 4 0 100 0 0 0.09 0.91 0
  1 1 27 4 0 100 0 0 0.11 0.89 0
  1 1 28 4 0 100 0 0 0.1 0.9 0
  1 1 29 4 0 100 0 0 0.3 0.7 0
  1 1 30 4 0 100 0 0 0.33 0.67 0
  1 1 31 4 0 100 0 0 0.67 0.33 0
  1 1 32 4 0 100 0 0 0.51 0.49 0
  1 1 33 4 0 100 0 0 0.56 0.44 0
  1 1 34 4 0 100 0 0 1 0 0
  1 1 35 4 0 100 0 0 0 1 0
  1 1 36 4 0 100 0 0 0 1 0
  1 1 37 4 0 100 0 0 0.07 0.93 0
  1 1 38 4 0 100 0 0 0 1 0
  1 1 39 4 0 100 0 0 0 1 0
  1 1 40 4 0 100 0 0 0.41 0.59 0
  1 1 41 4 0 100 0 0 0.07 0.93 0
  1 1 42 4 0 100 0 0 0.08 0.92 0
  2 1 1 2 0 100 0 0 0.8 0.2 0
  2 1 2 2 0 100 0 0 0 1 0
  2 1 3 2 0 100 0 0.01 0.99 0 0
  2 1 4 2 0 100 0 0 0.04 0.96 0
  2 1 5 2 0 100 0 0 0.19 0.81 0
  2 1 6 2 0 100 0 0 0.81 0.19 0
  2 1 7 2 0 100 0 0.26 0.74 0 0
  2 1 8 2 0 100 0 0 0.26 0.74 0
  2 1 9 2 0 100 0 0 1 0 0
  2 1 10 2 0 100 0 0 1 0 0
  2 1 11 2 0 100 0 0 0.31 0.69 0
  2 1 12 2 0 100 0 0 0 1 0
  2 1 13 2 0 100 0 0 0.28 0.72 0
  2 1 14 2 0 100 0 0 0.25 0.19 0.56
  2 1 15 2 0 100 0 0 0.79 0.21 0
  2 1 16 2 0 100 0 0 0.46 0.54 0
  2 1 17 2 0 100 0 0 1 0 0
  2 1 18 2 0 100 0 0.21 0.79 0 0
  2 1 19 2 0 100 0 0 0.93 0.07 0
  2 1 20 2 0 100 0 0 0.9 0.1 0
  2 1 21 2 0 100 0 0 0.55 0.45 0
  2 1 22 2 0 100 0 0 0.97 0.03 0
  2 1 23 2 0 100 0 0 0.67 0.33 0
  2 1 24 2 0 100 0 0 0.95 0.05 0
  2 1 25 2 0 100 0 0 1 0 0
  2 1 26 2 0 100 0 0.52 0.48 0 0
  2 1 27 2 0 100 0 0.37 0.58 0.05 0
  2 1 28 2 0 100 0 0 1 0 0
  2 1 29 2 0 100 0 0 0.77 0.23 0
  2 1 30 2 0 100 0 0 1 0 0
  2 1 31 2 0 100 0 0 0.77 0.23 0
  2 1 32 2 0 100 0 0 1 0 0
  2 1 33 2 0 100 0 0 1 0 0
  2 1 34 2 0 100 0 0.81 0.19 0 0
  2 1 35 2 0 100 0 0.36 0.64 0 0
  2 1 36 2 0 100 0 0 1 0 0
  2 1 37 2 0 100 0 0 1 0 0
  2 1 38 2 0 100 0 0.31 0.69 0 0
  2 1 39 2 0 100 0 0 1 0 0
  2 1 40 2 0 100 0 0.38 0.62 0 0
  2 1 41 2 0 100 0 0 1 0 0
  2 1 42 2 0 100 0 0.15 0.85 0 0
  2 1 1 3 0 100 0 0 0.42 0.58 0
  2 1 2 3 0 100 0 0 0.08 0.92 0
  2 1 3 3 0 100 0 0 0.13 0.87 0
  2 1 4 3 0 100 0 0 1 0 0
  2 1 5 3 0 100 0 0 0.17 0.83 0
  2 1 6 3 0 100 0 0 0.21 0.79 0
  2 1 7 3 0 100 0 0 0.02 0.98 0
  2 1 8 3 0 100 0 0 0.23 0.77 0
  2 1 9 3 0 100 0 0 0.42 0.58 0
  2 1 10 3 0 100 0 0 0.06 0.94 0
  2 1 11 3 0 100 0 0 0.18 0.82 0
  2 1 12 3 0 100 0 0 0 1 0
  2 1 13 3 0 100 0 0 0.03 0.97 0
  2 1 14 3 0 100 0 0 0.8 0.2 0
  2 1 15 3 0 100 0 0 0.72 0.28 0
  2 1 16 3 0 100 0 0 0.63 0.37 0
  2 1 17 3 0 100 0 0 0.21 0.79 0
  2 1 18 3 0 100 0 0 0.71 0.29 0
  2 1 19 3 0 100 0 0 1 0 0
  2 1 20 3 0 100 0 0 0.93 0.07 0
  2 1 21 3 0 100 0 0 1 0 0
  2 1 22 3 0 100 0 0 1 0 0
  2 1 23 3 0 100 0 0 1 0 0
  2 1 24 3 0 100 0 0 0.68 0.32 0
  2 1 25 3 0 100 0 0 1 0 0
  2 1 26 3 0 100 0 0 0.95 0.05 0
  2 1 27 3 0 100 0 0 1 0 0
  2 1 28 3 0 100 0 0 1 0 0
  2 1 29 3 0 100 0 0 0.7 0.3 0
  2 1 30 3 0 100 0 0 1 0 0
  2 1 31 3 0 100 0 0 0.71 0.29 0
  2 1 32 3 0 100 0 0 0.53 0.47 0
  2 1 33 3 0 100 0 0 0.91 0.09 0
  2 1 34 3 0 100 0 0 0.98 0.02 0
  2 1 35 3 0 100 0 0 0.69 0.31 0
  2 1 36 3 0 100 0 0 0.88 0.12 0
  2 1 37 3 0 100 0 0 0.87 0.13 0
  2 1 38 3 0 100 0 0 0.73 0.27 0
  2 1 39 3 0 100 0 0 1 0 0
  2 1 40 3 0 100 0 0 1 0 0
  2 1 41 3 0 100 0 0 1 0 0
  2 1 42 3 0 100 0 0 0.99 0.01 0
# end fishery length observations 
#  
# Survey diet proportion observations 
# Number of observations, init_int Ndietprop_obs 
  89
# init_matrix obs_dietprop(1,Ndietprop_obs,1,ncol) 
# Survey  Year  Predator  Predator_size InpN  wt_prey_1 wt_prey_2 wt_prey_3 wt_prey_4 wt_prey_5 wt_prey_6 wt_prey_7 wt_prey_8 wt_prey_9 wt_prey_10 wt_prey_11 other 
  1 2 1 4 100 1 0 0 0 0
  1 6 4 3 100 0 0 0 0 1
  1 8 4 2 100 0 0.79 0 0 0.21
  1 8 4 3 100 0 0 0.34 0 0.66
  1 9 4 4 100 0 0.14 0 0 0.86
  1 11 1 3 100 0 0 0 0 1
  1 11 4 3 100 0 0.66 0 0 0.34
  1 12 1 2 100 0 0 0 0 1
  1 12 1 3 100 0 0 0 0 1
  1 13 1 3 100 0 0 0 0 1
  1 13 1 4 100 0 0 0 0 1
  1 13 4 2 100 0 0 0 0 1
  1 13 4 3 100 0 0.38 0 0 0.62
  1 13 4 4 100 0 0 0.08 0 0.92
  1 14 1 3 100 0 0 0 0 1
  1 14 1 4 100 0.27 0 0 0 0.73
  1 14 4 3 100 0 0.43 0 0 0.57
  1 14 4 4 100 0 0 0 0 1
  1 15 1 2 100 0.71 0 0 0 0.29
  1 15 1 3 100 0 0.43 0 0 0.57
  1 15 4 3 100 0 0.61 0 0 0.39
  1 15 4 4 100 0 0.37 0 0 0.63
  1 16 1 3 100 0 1 0 0 0
  1 16 1 4 100 0 0.56 0 0 0.44
  1 16 4 3 100 0 0.22 0 0 0.78
  1 16 4 4 100 0 0.81 0 0 0.19
  1 17 4 2 100 0 1 0 0 0
  1 17 4 3 100 0 0.23 0 0 0.77
  1 18 1 1 100 0 0.09 0 0 0.91
  1 18 1 2 100 0 0 0 0 1
  1 18 1 3 100 0 0.58 0 0 0.42
  1 18 4 3 100 0 0 0 0 1
  1 19 1 2 100 0 0 0 0 1
  1 19 1 3 100 0 0.04 0 0 0.96
  1 19 1 4 100 0 0.25 0 0 0.75
  1 19 4 2 100 0 0.54 0 0 0.46
  1 19 4 3 100 0 0 0 0 1
  1 20 1 3 100 0 0 0 0 1
  1 20 4 2 100 0 0.6 0 0 0.4
  1 20 4 3 100 0 0.98 0 0 0.02
  1 21 1 2 100 0 0.08 0 0 0.92
  1 21 1 3 100 0 0.28 0.5 0 0.22
  1 21 1 4 100 0 0.69 0 0 0.31
  1 21 4 3 100 0 0 0.33 0 0.67
  1 22 1 3 100 0 0.93 0 0 0.07
  1 22 4 2 100 0 0 0 0 1
  1 22 4 3 100 0 0.05 0 0 0.95
  1 23 1 3 100 0 0.02 0 0 0.98
  1 23 4 3 100 0 0 0 0 1
  1 24 1 3 100 0 0 0 0 1
  1 24 1 4 100 0 0.16 0 0 0.84
  1 24 4 3 100 0 0 0 0 1
  1 25 1 2 100 0 0.09 0.12 0 0.79
  1 25 1 3 100 0 0.96 0.04 0 0
  1 25 4 3 100 0 0.68 0 0 0.32
  1 25 4 4 100 0 0 0 0 1
  1 26 1 3 100 0 0 0 0 1
  1 26 4 3 100 0 0.45 0 0 0.55
  1 27 1 3 100 0 0 0 0 1
  1 27 1 4 100 0 0 0.9 0 0.1
  1 27 4 2 100 0 0.05 0 0 0.95
  1 27 4 3 100 0 0.49 0 0 0.51
  1 28 1 3 100 0 0 0 0 1
  1 28 4 2 100 0 0.53 0.18 0 0.29
  1 28 4 3 100 0 0 0 0 1
  1 29 1 3 100 0 0.81 0 0 0.19
  1 29 4 3 100 0 0.3 0 0 0.7
  1 30 4 3 100 0 0 0 0 1
  1 31 4 3 100 0 0.51 0 0 0.49
  1 31 4 4 100 0 0.36 0 0 0.64
  1 33 1 3 100 0 0 0 0 1
  1 33 4 3 100 0 0.08 0.81 0 0.11
  1 34 1 3 100 0 0 0 0 1
  1 34 4 3 100 0 0 0 0 1
  1 35 1 1 100 0 0.77 0.05 0 0.18
  1 35 1 2 100 0 0.34 0 0 0.66
  1 35 1 3 100 0 0.07 0 0 0.93
  1 35 4 3 100 0 0 0 0 1
  1 36 1 3 100 0 0 0 0 1
  1 36 4 2 100 0 0 0.07 0 0.93
  1 36 4 3 100 0.03 0 0 0 0.97
  1 37 4 3 100 0 0 0.62 0 0.38
  1 38 1 3 100 0 0 0 0 1
  1 39 1 3 100 0 0 0 0 1
  1 40 1 2 100 0 0.04 0 0 0.96
  1 40 4 3 100 0 0 1 0 0
  1 40 4 4 100 0 0 0.52 0 0.48
  1 41 1 2 100 0 0 0.22 0 0.78
  1 42 4 3 100 0 0 0.21 0 0.79
# end survey diet proportion observations 
#  
