# This file was created using the write_tsDatFile function and used all the simulated data from sim_dta.rds found in repo:Hydra-self-testing
# Survey index data 
# Number of observations, init_int Nsurvey_obs
  166
# init_matrix obs_survey_biomass(1,Nsurvey_obs,1,5)
# survey year spp value cv
  1 1 4 99135.5056534209 0.2
  1 2 4 71490.8508028053 0.2
  1 3 4 106726.333995137 0.2
  1 4 4 163095.310457014 0.2
  1 5 4 143588.212474248 0.2
  1 6 4 122832.680013371 0.2
  1 7 4 72226.5028060751 0.2
  1 8 4 101259.250261153 0.2
  1 9 4 117314.966109512 0.2
  1 10 4 129647.356233196 0.2
  1 11 4 107788.609877442 0.2
  1 12 4 119714.113063753 0.2
  1 13 4 112331.40199803 0.2
  1 14 4 131165.85400461 0.2
  1 15 4 115598.515060985 0.2
  1 16 4 109660.904977613 0.2
  1 17 4 135919.402350295 0.2
  1 18 4 116646.068446751 0.2
  1 19 4 144772.69915687 0.2
  1 20 4 176138.610346517 0.2
  1 21 4 186651.411382052 0.2
  1 22 4 150123.844632579 0.2
  1 23 4 126491.580870181 0.2
  1 24 4 162271.695097758 0.2
  1 25 4 148612.352114258 0.2
  1 26 4 150164.72602341 0.2
  1 27 4 191390.406885939 0.2
  1 28 4 148083.046414686 0.2
  1 29 4 226739.702538596 0.2
  1 30 4 249282.046710056 0.2
  1 31 4 150818.586066743 0.2
  1 32 4 209703.454244868 0.2
  1 33 4 196905.396853589 0.2
  1 34 4 247800.60730775 0.2
  1 35 4 256058.46408578 0.2
  1 36 4 286087.937729533 0.2
  1 37 4 162424.498412701 0.2
  1 38 4 212252.224654563 0.2
  1 39 4 196941.654551447 0.2
  1 40 4 257136.443024283 0.2
  1 41 4 232306.83981769 0.2
  1 42 4 194582.754017251 0.2
  1 1 2 171.145492099781 0.2
  1 4 2 187.255259893036 0.2
  1 5 2 132.389904804097 0.2
  1 6 2 196.806323742055 0.2
  1 7 2 137.587499387917 0.2
  1 8 2 240.689619773417 0.2
  1 9 2 230.675265415284 0.2
  1 10 2 262.706430641474 0.2
  1 11 2 311.474310837528 0.2
  1 12 2 516.156814806121 0.2
  1 13 2 452.009860378465 0.2
  1 14 2 324.609393609363 0.2
  1 15 2 503.410394322659 0.2
  1 16 2 417.912676665096 0.2
  1 17 2 559.489447742709 0.2
  1 18 2 572.8378838183 0.2
  1 19 2 1483.17429067194 0.2
  1 20 2 1577.25703859819 0.2
  1 21 2 3297.16806942321 0.2
  1 22 2 2677.43654198532 0.2
  1 23 2 2527.20324977182 0.2
  1 24 2 2371.99711384024 0.2
  1 25 2 2091.67472806911 0.2
  1 26 2 1684.76926583061 0.2
  1 27 2 2020.11883886808 0.2
  1 28 2 1652.08833121722 0.2
  1 29 2 1829.53900374884 0.2
  1 30 2 2162.09081603393 0.2
  1 31 2 1550.06694211443 0.2
  1 32 2 2261.01967524379 0.2
  1 33 2 3100.37422253477 0.2
  1 34 2 2744.74713137247 0.2
  1 35 2 3230.54022963727 0.2
  1 36 2 3808.90906454539 0.2
  1 37 2 2291.37453380292 0.2
  1 38 2 1856.47535119078 0.2
  1 39 2 2045.20867482145 0.2
  1 40 2 887.728305791376 0.2
  1 41 2 1088.7506582041 0.2
  1 42 2 1066.35973291763 0.2
  1 1 1 15333.9788041229 0.2
  1 2 1 18492.0455530951 0.2
  1 3 1 18262.7232398923 0.2
  1 4 1 10927.5344768663 0.2
  1 5 1 11321.6394557426 0.2
  1 6 1 13544.4658394981 0.2
  1 7 1 11727.9285851258 0.2
  1 8 1 8050.46796438103 0.2
  1 9 1 9744.19290447688 0.2
  1 10 1 9266.34644328056 0.2
  1 11 1 11195.231743598 0.2
  1 12 1 12555.4545633098 0.2
  1 13 1 8951.7711810769 0.2
  1 14 1 8116.49679482783 0.2
  1 15 1 6024.33067026417 0.2
  1 16 1 6316.25818193406 0.2
  1 17 1 6237.68676783699 0.2
  1 18 1 2945.58874341877 0.2
  1 19 1 3393.28206507792 0.2
  1 20 1 4427.1074293984 0.2
  1 21 1 5478.86268659666 0.2
  1 22 1 4341.5463566116 0.2
  1 23 1 6226.51916523003 0.2
  1 24 1 7113.53496333061 0.2
  1 25 1 7648.31186997441 0.2
  1 26 1 7350.83398187097 0.2
  1 27 1 7353.95222290708 0.2
  1 28 1 7769.81145628585 0.2
  1 29 1 6444.63058828857 0.2
  1 30 1 5721.38827295705 0.2
  1 31 1 5403.67887646307 0.2
  1 32 1 5288.34702962888 0.2
  1 33 1 2924.6776940585 0.2
  1 34 1 2754.33597984502 0.2
  1 35 1 3039.62077650099 0.2
  1 36 1 2209.79438178195 0.2
  1 37 1 1892.76331369941 0.2
  1 38 1 2604.12171009736 0.2
  1 39 1 1779.87579542492 0.2
  1 40 1 3206.33757598445 0.2
  1 41 1 1892.56161154572 0.2
  1 42 1 3014.76788104082 0.2
  1 1 3 95.6707855946674 0.2
  1 2 3 90.990154665191 0.2
  1 3 3 172.847699118563 0.2
  1 4 3 387.024148586262 0.2
  1 5 3 361.48044700685 0.2
  1 6 3 709.508707515034 0.2
  1 7 3 494.077381276642 0.2
  1 8 3 504.844439166689 0.2
  1 9 3 353.337956704303 0.2
  1 10 3 423.054880746212 0.2
  1 11 3 282.747097246849 0.2
  1 12 3 307.264266046438 0.2
  1 13 3 373.861812805966 0.2
  1 14 3 468.699997675453 0.2
  1 15 3 379.51743260319 0.2
  1 16 3 436.257834544019 0.2
  1 17 3 415.588313618861 0.2
  1 18 3 233.627558814146 0.2
  1 19 3 281.096757411132 0.2
  1 20 3 298.689307257899 0.2
  1 21 3 347.297694694707 0.2
  1 22 3 310.282150021059 0.2
  1 23 3 284.981079999926 0.2
  1 24 3 331.816376147626 0.2
  1 25 3 419.670682406499 0.2
  1 26 3 404.419612742422 0.2
  1 27 3 343.711025366401 0.2
  1 28 3 285.374807666967 0.2
  1 29 3 302.504941780967 0.2
  1 30 3 191.101672673247 0.2
  1 31 3 196.764230107215 0.2
  1 32 3 130.050567668814 0.2
  1 33 3 145.972131683924 0.2
  1 34 3 251.14916937751 0.2
  1 35 3 283.190964575184 0.2
  1 36 3 289.503386174253 0.2
  1 37 3 355.330153183895 0.2
  1 38 3 405.059541128595 0.2
  1 39 3 368.436817958406 0.2
  1 40 3 466.288753461484 0.2
  1 41 3 777.688555050517 0.2
  1 42 3 785.715040931703 0.2
# end survey index observations 
#  
# Survey size comp data 
# Number of observations, init_int Nsurvey_size_obs 
  166
# init_matrix obs_survey_size(1,Nsurvey_size_obs,1,ncol) 
# Survey  Year  Species Type (0=whole, 1=retained, 2=discard) InpN, proportion by length bin 
  1 1 1 0 100 0 0 0.9 0.1 0
  1 2 1 0 100 0 0 0.95 0.05 0
  1 3 1 0 100 0.13 0 0.87 0 0
  1 4 1 0 100 0 0 0.98 0.02 0
  1 5 1 0 100 0 0 1 0 0
  1 6 1 0 100 0 0.11 0.89 0 0
  1 7 1 0 100 0.03 0.1 0.87 0 0
  1 8 1 0 100 0 0 1 0 0
  1 9 1 0 100 0 0.39 0.61 0 0
  1 10 1 0 100 0 1 0 0 0
  1 11 1 0 100 0 0.13 0.87 0 0
  1 12 1 0 100 0 0.4 0.37 0.23 0
  1 13 1 0 100 0 0 0.25 0.75 0
  1 14 1 0 100 0 0 1 0 0
  1 15 1 0 100 0 0.8 0.2 0 0
  1 16 1 0 100 0 0 1 0 0
  1 17 1 0 100 0 1 0 0 0
  1 18 1 0 100 0 0.29 0.71 0 0
  1 19 1 0 100 0 0.07 0.93 0 0
  1 20 1 0 100 0 0.58 0.42 0 0
  1 21 1 0 100 0 0.9 0.1 0 0
  1 22 1 0 100 0 0 1 0 0
  1 23 1 0 100 0.05 0.91 0.04 0 0
  1 24 1 0 100 0 0.91 0.09 0 0
  1 25 1 0 100 0 0 1 0 0
  1 26 1 0 100 0 0.56 0.44 0 0
  1 27 1 0 100 0 0.59 0.41 0 0
  1 28 1 0 100 0 0.95 0.05 0 0
  1 29 1 0 100 0 1 0 0 0
  1 30 1 0 100 0 0.17 0.83 0 0
  1 31 1 0 100 0 0.55 0.45 0 0
  1 32 1 0 100 0 1 0 0 0
  1 33 1 0 100 0 0.53 0.47 0 0
  1 34 1 0 100 0 0.52 0.39 0.09 0
  1 35 1 0 100 0 0 0.84 0.16 0
  1 36 1 0 100 0 0.15 0.85 0 0
  1 37 1 0 100 0.16 0.84 0 0 0
  1 38 1 0 100 0 1 0 0 0
  1 39 1 0 100 0 1 0 0 0
  1 40 1 0 100 0 0.13 0.87 0 0
  1 41 1 0 100 0 0 1 0 0
  1 42 1 0 100 0.19 0.81 0 0 0
  1 1 2 0 100 0 0 0 1 0
  1 4 2 0 100 0 0 0 1 0
  1 5 2 0 100 0 0 0 1 0
  1 6 2 0 100 0 0 1 0 0
  1 7 2 0 100 0 0 0 1 0
  1 8 2 0 100 0 0 0 1 0
  1 9 2 0 100 0 0 0.26 0.74 0
  1 10 2 0 100 0 0 1 0 0
  1 11 2 0 100 0 0.16 0.36 0.48 0
  1 12 2 0 100 0 0.33 0.38 0.29 0
  1 13 2 0 100 0 0 0.81 0.19 0
  1 14 2 0 100 0 0 0.03 0.97 0
  1 15 2 0 100 0 0 0.69 0.31 0
  1 16 2 0 100 0 0 1 0 0
  1 17 2 0 100 0 0 1 0 0
  1 18 2 0 100 0 0.1 0.9 0 0
  1 19 2 0 100 0 0 1 0 0
  1 20 2 0 100 0 0 1 0 0
  1 21 2 0 100 0 0 0.47 0.53 0
  1 22 2 0 100 0 0 0.96 0.04 0
  1 23 2 0 100 0 0 1 0 0
  1 24 2 0 100 0 0 0.71 0.29 0
  1 25 2 0 100 0 0 0 1 0
  1 26 2 0 100 0 0.07 0.93 0 0
  1 27 2 0 100 0 0 1 0 0
  1 28 2 0 100 0 0 1 0 0
  1 29 2 0 100 0 0 0.97 0.03 0
  1 30 2 0 100 0 0 0.53 0.47 0
  1 31 2 0 100 0 0 0.74 0.26 0
  1 32 2 0 100 0 0 1 0 0
  1 33 2 0 100 0 0 1 0 0
  1 34 2 0 100 0 0 1 0 0
  1 35 2 0 100 0 0 1 0 0
  1 36 2 0 100 0 0 0 1 0
  1 37 2 0 100 0 0 1 0 0
  1 38 2 0 100 0 0 0.83 0.17 0
  1 39 2 0 100 0 0 1 0 0
  1 40 2 0 100 0 0 0.06 0.94 0
  1 41 2 0 100 0 0 0 1 0
  1 42 2 0 100 0 0.74 0.26 0 0
  1 1 3 0 100 0 0 0 1 0
  1 2 3 0 100 0 0 1 0 0
  1 3 3 0 100 0 0 0.08 0.92 0
  1 4 3 0 100 0 0 1 0 0
  1 5 3 0 100 0 0 0.71 0.29 0
  1 6 3 0 100 0 0 1 0 0
  1 7 3 0 100 0 0 1 0 0
  1 8 3 0 100 0 0 1 0 0
  1 9 3 0 100 0 1 0 0 0
  1 10 3 0 100 0 0.08 0.92 0 0
  1 11 3 0 100 0 0 1 0 0
  1 12 3 0 100 0 0.59 0.41 0 0
  1 13 3 0 100 0 0.39 0.61 0 0
  1 14 3 0 100 0 0.08 0.92 0 0
  1 15 3 0 100 0 0 1 0 0
  1 16 3 0 100 0 0.38 0.62 0 0
  1 17 3 0 100 0 0 1 0 0
  1 18 3 0 100 0 0.96 0.04 0 0
  1 19 3 0 100 0 0.25 0.75 0 0
  1 20 3 0 100 0 0 1 0 0
  1 21 3 0 100 0 1 0 0 0
  1 22 3 0 100 0 0 1 0 0
  1 23 3 0 100 0 0.74 0.26 0 0
  1 24 3 0 100 0 0.74 0.26 0 0
  1 25 3 0 100 0 1 0 0 0
  1 26 3 0 100 0 1 0 0 0
  1 27 3 0 100 0 0.41 0.59 0 0
  1 28 3 0 100 0 0.62 0.38 0 0
  1 29 3 0 100 0 1 0 0 0
  1 30 3 0 100 0 1 0 0 0
  1 31 3 0 100 0 0 1 0 0
  1 32 3 0 100 0 0 1 0 0
  1 33 3 0 100 0 0.91 0.09 0 0
  1 34 3 0 100 0 0.1 0.9 0 0
  1 35 3 0 100 0 0.44 0.56 0 0
  1 36 3 0 100 0 0.62 0.38 0 0
  1 37 3 0 100 0 0 1 0 0
  1 38 3 0 100 0 0 1 0 0
  1 39 3 0 100 0 0 1 0 0
  1 40 3 0 100 0 1 0 0 0
  1 41 3 0 100 0 0 1 0 0
  1 42 3 0 100 0 0 1 0 0
  1 1 4 0 100 0 1 0 0 0
  1 2 4 0 100 0 0 0.37 0.63 0
  1 3 4 0 100 0 0 1 0 0
  1 4 4 0 100 0 0.95 0.05 0 0
  1 5 4 0 100 0 0.96 0.04 0 0
  1 6 4 0 100 0 0.79 0.06 0.15 0
  1 7 4 0 100 0 0.27 0.69 0.04 0
  1 8 4 0 100 0 0.44 0 0.56 0
  1 9 4 0 100 0 0.84 0.16 0 0
  1 10 4 0 100 0 0.17 0.83 0 0
  1 11 4 0 100 0 0.37 0.63 0 0
  1 12 4 0 100 0 0.24 0.76 0 0
  1 13 4 0 100 0 0.64 0.36 0 0
  1 14 4 0 100 0 0.84 0.16 0 0
  1 15 4 0 100 0 0.3 0.7 0 0
  1 16 4 0 100 0 0.22 0.34 0.44 0
  1 17 4 0 100 0 0 0.98 0.02 0
  1 18 4 0 100 0 0.86 0.14 0 0
  1 19 4 0 100 0 0.94 0.06 0 0
  1 20 4 0 100 0 1 0 0 0
  1 21 4 0 100 0 0.3 0.7 0 0
  1 22 4 0 100 0 0.2 0.8 0 0
  1 23 4 0 100 0 1 0 0 0
  1 24 4 0 100 0 0.84 0.16 0 0
  1 25 4 0 100 0 0.21 0.79 0 0
  1 26 4 0 100 0 0 1 0 0
  1 27 4 0 100 0 0 1 0 0
  1 28 4 0 100 0 0 1 0 0
  1 29 4 0 100 0 0 1 0 0
  1 30 4 0 100 0 0 1 0 0
  1 31 4 0 100 0 0.2 0.8 0 0
  1 32 4 0 100 0 0 1 0 0
  1 33 4 0 100 0 0.69 0.31 0 0
  1 34 4 0 100 0.17 0.83 0 0 0
  1 35 4 0 100 0 1 0 0 0
  1 36 4 0 100 0 1 0 0 0
  1 37 4 0 100 0 1 0 0 0
  1 38 4 0 100 0 1 0 0 0
  1 39 4 0 100 0 1 0 0 0
  1 40 4 0 100 0 1 0 0 0
  1 41 4 0 100 0 0.25 0.75 0 0
  1 42 4 0 100 0 0.85 0.15 0 0
# end survey length observations 
#  
# Fishery catch data 
# Number of observations, init_int Ncatch_obs
  168
# init_matrix obs_catch_biomass(1,Ncatch_obs,1,6) 
# Fleet	Area	Year	Species	Catch(biomass t)	CV 
  1 1 1 1 43920.3088693584 0.15
  1 1 2 1 30762.4688129262 0.15
  1 1 3 1 23381.3832855138 0.15
  1 1 4 1 21670.7739305757 0.15
  1 1 5 1 22857.261696534 0.15
  1 1 6 1 18165.94677601 0.15
  1 1 7 1 20112.9172371204 0.15
  1 1 8 1 15035.4068602221 0.15
  1 1 9 1 13840.6912869172 0.15
  1 1 10 1 18949.4489764713 0.15
  1 1 11 1 21922.0718960091 0.15
  1 1 12 1 18650.9478913618 0.15
  1 1 13 1 13474.8651396469 0.15
  1 1 14 1 17481.8525610844 0.15
  1 1 15 1 11553.3892017497 0.15
  1 1 16 1 10491.4214065839 0.15
  1 1 17 1 7306.74535382802 0.15
  1 1 18 1 9024.18950807018 0.15
  1 1 19 1 7649.0374294206 0.15
  1 1 20 1 5326.02182751631 0.15
  1 1 21 1 2322.26640338757 0.15
  1 1 22 1 4803.06137751788 0.15
  1 1 23 1 3505.77455268045 0.15
  1 1 24 1 4081.13193763134 0.15
  1 1 25 1 4898.0242228345 0.15
  1 1 26 1 4511.35173715985 0.15
  1 1 27 1 4136.81045192599 0.15
  1 1 28 1 3359.1875763102 0.15
  1 1 29 1 3077.33493025684 0.15
  1 1 30 1 3970.03186420447 0.15
  1 1 31 1 3228.28873040877 0.15
  1 1 32 1 2322.41953346159 0.15
  1 1 33 1 2714.06426617431 0.15
  1 1 34 1 2262.33910598893 0.15
  1 1 35 1 1951.7305774442 0.15
  1 1 36 1 1715.47107110328 0.15
  1 1 37 1 1260.08688256591 0.15
  1 1 38 1 1286.19062059158 0.15
  1 1 39 1 1616.43846176939 0.15
  1 1 40 1 1809.40108652518 0.15
  1 1 41 1 1255.00034117673 0.15
  1 1 42 1 1611.1910277153 0.15
  1 1 1 4 4696.82054100995 0.15
  1 1 2 4 6597.77745365722 0.15
  1 1 3 4 5172.42131292119 0.15
  1 1 4 4 8651.86912079166 0.15
  1 1 5 4 5248.82161146312 0.15
  1 1 6 4 6307.4917813044 0.15
  1 1 7 4 7625.69496410817 0.15
  1 1 8 4 7861.52899754145 0.15
  1 1 9 4 7172.92169397652 0.15
  1 1 10 4 7633.64506191935 0.15
  1 1 11 4 7161.10135022312 0.15
  1 1 12 4 10724.631914726 0.15
  1 1 13 4 8781.04826546184 0.15
  1 1 14 4 9513.79202575712 0.15
  1 1 15 4 11901.9106005365 0.15
  1 1 16 4 6019.73043613956 0.15
  1 1 17 4 8443.28905729006 0.15
  1 1 18 4 10723.9539061616 0.15
  1 1 19 4 11337.0551918424 0.15
  1 1 20 4 11636.8849967478 0.15
  1 1 21 4 3117.53642325327 0.15
  1 1 22 4 4451.46845628262 0.15
  1 1 23 4 4191.7507100398 0.15
  1 1 24 4 5122.10913976871 0.15
  1 1 25 4 5407.99377506362 0.15
  1 1 26 4 5492.72235125958 0.15
  1 1 27 4 4697.58153748918 0.15
  1 1 28 4 6600.54082686507 0.15
  1 1 29 4 6434.22905204348 0.15
  1 1 30 4 5113.481752432 0.15
  1 1 31 4 6512.45575939999 0.15
  1 1 32 4 4482.4815558278 0.15
  1 1 33 4 6199.07038786626 0.15
  1 1 34 4 7524.02920561503 0.15
  1 1 35 4 7039.86126512135 0.15
  1 1 36 4 6690.17759639832 0.15
  1 1 37 4 5929.97652624129 0.15
  1 1 38 4 7107.60415319743 0.15
  1 1 39 4 6377.15316441761 0.15
  1 1 40 4 5473.25005788006 0.15
  1 1 41 4 7660.89117165756 0.15
  1 1 42 4 6134.27510559701 0.15
  2 1 1 2 1684.90866438359 0.15
  2 1 2 2 892.45417276912 0.15
  2 1 3 2 1084.60757102246 0.15
  2 1 4 2 664.763778271024 0.15
  2 1 5 2 758.488567847664 0.15
  2 1 6 2 754.047033342615 0.15
  2 1 7 2 1046.60330955724 0.15
  2 1 8 2 893.338808050859 0.15
  2 1 9 2 1132.09402105218 0.15
  2 1 10 2 1904.23355448028 0.15
  2 1 11 2 1563.73529426501 0.15
  2 1 12 2 2480.49687582335 0.15
  2 1 13 2 1954.96746999772 0.15
  2 1 14 2 2642.26362338934 0.15
  2 1 15 2 3123.05563293328 0.15
  2 1 16 2 3174.04239375676 0.15
  2 1 17 2 2755.62718358138 0.15
  2 1 18 2 2441.01173114303 0.15
  2 1 19 2 3209.33542735951 0.15
  2 1 20 2 7019.23874329035 0.15
  2 1 21 2 17543.2864549433 0.15
  2 1 22 2 11918.4570706843 0.15
  2 1 23 2 15484.7065727634 0.15
  2 1 24 2 13619.0886773244 0.15
  2 1 25 2 16879.4451476346 0.15
  2 1 26 2 14528.5544622092 0.15
  2 1 27 2 15177.7916595704 0.15
  2 1 28 2 13557.6430808227 0.15
  2 1 29 2 10822.8311307103 0.15
  2 1 30 2 11834.6351559386 0.15
  2 1 31 2 10959.6289555809 0.15
  2 1 32 2 13129.7999166302 0.15
  2 1 33 2 8677.34494918695 0.15
  2 1 34 2 15992.5685850419 0.15
  2 1 35 2 21110.4266601178 0.15
  2 1 36 2 20955.6089903303 0.15
  2 1 37 2 18063.30189728 0.15
  2 1 38 2 16834.4025239125 0.15
  2 1 39 2 13410.7905463891 0.15
  2 1 40 2 12733.4518133338 0.15
  2 1 41 2 11486.7536330638 0.15
  2 1 42 2 7149.95856476358 0.15
  2 1 1 3 532.387394311534 0.15
  2 1 2 3 479.116097448871 0.15
  2 1 3 3 471.480584795021 0.15
  2 1 4 3 537.461511654896 0.15
  2 1 5 3 813.172036446752 0.15
  2 1 6 3 1969.58742830314 0.15
  2 1 7 3 2202.30066142527 0.15
  2 1 8 3 2367.04597982109 0.15
  2 1 9 3 1754.49975340383 0.15
  2 1 10 3 2239.48112992138 0.15
  2 1 11 3 1690.88880913662 0.15
  2 1 12 3 1600.06300773345 0.15
  2 1 13 3 1593.73931501642 0.15
  2 1 14 3 1345.35604042537 0.15
  2 1 15 3 1491.48961495244 0.15
  2 1 16 3 1359.03554259813 0.15
  2 1 17 3 2035.17204514788 0.15
  2 1 18 3 1598.11603012419 0.15
  2 1 19 3 1663.52374425981 0.15
  2 1 20 3 1286.41293201497 0.15
  2 1 21 3 1383.60911944517 0.15
  2 1 22 3 1280.96804576341 0.15
  2 1 23 3 1064.4684394386 0.15
  2 1 24 3 1384.04167927829 0.15
  2 1 25 3 1527.57509215051 0.15
  2 1 26 3 1163.39554109981 0.15
  2 1 27 3 1336.30797737189 0.15
  2 1 28 3 1046.81716170421 0.15
  2 1 29 3 1348.41784760612 0.15
  2 1 30 3 1154.76537369639 0.15
  2 1 31 3 1013.16651117961 0.15
  2 1 32 3 686.102903113787 0.15
  2 1 33 3 581.147402084742 0.15
  2 1 34 3 582.134494184987 0.15
  2 1 35 3 487.107409041216 0.15
  2 1 36 3 713.642340851229 0.15
  2 1 37 3 1002.58706931091 0.15
  2 1 38 3 996.79235253676 0.15
  2 1 39 3 1482.64092566509 0.15
  2 1 40 3 1821.08853747253 0.15
  2 1 41 3 1928.37695754637 0.15
  2 1 42 3 2375.16911201396 0.15
# end catch observations 
#  
# Fishery size comp data 
# Number of observations, init_int Ncatch_size_obs 
  168
# init_matrix obs_catch_size(1,Ncatch_size_obs,1,ncol) 
# Fleet Area  Year  Species Type (0=whole, 1=retained, 2=discard) InpN, proportion by size bin 
  1 1 1 1 0 100 0 0 1 0 0
  1 1 2 1 0 100 0 0.28 0.72 0 0
  1 1 3 1 0 100 0 0.22 0.78 0 0
  1 1 4 1 0 100 0 0 0.76 0.24 0
  1 1 5 1 0 100 0 0.92 0 0 0.08
  1 1 6 1 0 100 0 0.38 0.62 0 0
  1 1 7 1 0 100 0 0.56 0.44 0 0
  1 1 8 1 0 100 0 0.16 0.84 0 0
  1 1 9 1 0 100 0 0.75 0.25 0 0
  1 1 10 1 0 100 0 0.74 0.26 0 0
  1 1 11 1 0 100 0 0.28 0.7 0.02 0
  1 1 12 1 0 100 0 0.43 0.57 0 0
  1 1 13 1 0 100 0 0.41 0.59 0 0
  1 1 14 1 0 100 0 0.84 0.16 0 0
  1 1 15 1 0 100 0 0.72 0.28 0 0
  1 1 16 1 0 100 0 0.49 0.51 0 0
  1 1 17 1 0 100 0 0.21 0.79 0 0
  1 1 18 1 0 100 0 0.66 0.34 0 0
  1 1 19 1 0 100 0 0 1 0 0
  1 1 20 1 0 100 0 0.16 0.41 0.43 0
  1 1 21 1 0 100 0 0.42 0.58 0 0
  1 1 22 1 0 100 0 0.92 0.08 0 0
  1 1 23 1 0 100 0 0.62 0.38 0 0
  1 1 24 1 0 100 0 0.34 0.66 0 0
  1 1 25 1 0 100 0 0.3 0.7 0 0
  1 1 26 1 0 100 0 0 1 0 0
  1 1 27 1 0 100 0 0 1 0 0
  1 1 28 1 0 100 0 0 0.83 0.17 0
  1 1 29 1 0 100 0 0.6 0.4 0 0
  1 1 30 1 0 100 0 0 1 0 0
  1 1 31 1 0 100 0 0 1 0 0
  1 1 32 1 0 100 0 0.08 0.92 0 0
  1 1 33 1 0 100 0 0.25 0.28 0.47 0
  1 1 34 1 0 100 0 0 1 0 0
  1 1 35 1 0 100 0 0 1 0 0
  1 1 36 1 0 100 0 0.73 0.27 0 0
  1 1 37 1 0 100 0 0.53 0.47 0 0
  1 1 38 1 0 100 0 0.61 0.39 0 0
  1 1 39 1 0 100 0 0.15 0.85 0 0
  1 1 40 1 0 100 0 0 1 0 0
  1 1 41 1 0 100 0 0 0.87 0.13 0
  1 1 42 1 0 100 0 0.22 0.57 0.21 0
  1 1 1 4 0 100 0 0 0.72 0.28 0
  1 1 2 4 0 100 0 0 0 1 0
  1 1 3 4 0 100 0 0 1 0 0
  1 1 4 4 0 100 0 0 0 1 0
  1 1 5 4 0 100 0 0 0.43 0.57 0
  1 1 6 4 0 100 0 0 0.77 0.23 0
  1 1 7 4 0 100 0 0 1 0 0
  1 1 8 4 0 100 0 0 0.47 0.53 0
  1 1 9 4 0 100 0 0 1 0 0
  1 1 10 4 0 100 0 0 1 0 0
  1 1 11 4 0 100 0 0 0.06 0.94 0
  1 1 12 4 0 100 0 0 0 1 0
  1 1 13 4 0 100 0 0 0.39 0.61 0
  1 1 14 4 0 100 0 0 0.24 0.14 0.62
  1 1 15 4 0 100 0 0 0.98 0.02 0
  1 1 16 4 0 100 0 0 0.84 0.16 0
  1 1 17 4 0 100 0 0 1 0 0
  1 1 18 4 0 100 0 0.54 0.46 0 0
  1 1 19 4 0 100 0 0 0.83 0.17 0
  1 1 20 4 0 100 0 0 0.91 0.09 0
  1 1 21 4 0 100 0 0 0.35 0.65 0
  1 1 22 4 0 100 0 0 0.57 0.43 0
  1 1 23 4 0 100 0 0 1 0 0
  1 1 24 4 0 100 0 0 0.99 0.01 0
  1 1 25 4 0 100 0 0 1 0 0
  1 1 26 4 0 100 0 0.27 0.73 0 0
  1 1 27 4 0 100 0 0 1 0 0
  1 1 28 4 0 100 0 0 1 0 0
  1 1 29 4 0 100 0 0 0.34 0.66 0
  1 1 30 4 0 100 0 0 1 0 0
  1 1 31 4 0 100 0 0 1 0 0
  1 1 32 4 0 100 0 0 1 0 0
  1 1 33 4 0 100 0 0 1 0 0
  1 1 34 4 0 100 0 0.84 0.16 0 0
  1 1 35 4 0 100 0 0.65 0.35 0 0
  1 1 36 4 0 100 0 0 1 0 0
  1 1 37 4 0 100 0 0 1 0 0
  1 1 38 4 0 100 0 0.07 0.93 0 0
  1 1 39 4 0 100 0 0 1 0 0
  1 1 40 4 0 100 0 0.1 0.9 0 0
  1 1 41 4 0 100 0 0 1 0 0
  1 1 42 4 0 100 0 0.28 0.72 0 0
  2 1 1 2 0 100 0 0 0.36 0.64 0
  2 1 2 2 0 100 0 0 0 1 0
  2 1 3 2 0 100 0 0 0 1 0
  2 1 4 2 0 100 0 0 1 0 0
  2 1 5 2 0 100 0 0 0.3 0.7 0
  2 1 6 2 0 100 0 0 0.1 0.9 0
  2 1 7 2 0 100 0 0 0 1 0
  2 1 8 2 0 100 0 0 0.23 0.77 0
  2 1 9 2 0 100 0 0 0.42 0.58 0
  2 1 10 2 0 100 0 0 0.17 0.83 0
  2 1 11 2 0 100 0 0 0 1 0
  2 1 12 2 0 100 0 0 0 1 0
  2 1 13 2 0 100 0 0 0.24 0.76 0
  2 1 14 2 0 100 0 0 0.56 0.44 0
  2 1 15 2 0 100 0 0 0.68 0.32 0
  2 1 16 2 0 100 0 0 0.74 0.26 0
  2 1 17 2 0 100 0 0 0.06 0.94 0
  2 1 18 2 0 100 0 0 0.55 0.45 0
  2 1 19 2 0 100 0 0 1 0 0
  2 1 20 2 0 100 0 0 0.94 0.06 0
  2 1 21 2 0 100 0 0 1 0 0
  2 1 22 2 0 100 0 0 1 0 0
  2 1 23 2 0 100 0 0 1 0 0
  2 1 24 2 0 100 0 0 0.65 0.35 0
  2 1 25 2 0 100 0 0 1 0 0
  2 1 26 2 0 100 0 0 1 0 0
  2 1 27 2 0 100 0 0 1 0 0
  2 1 28 2 0 100 0 0 1 0 0
  2 1 29 2 0 100 0 0 0.82 0.18 0
  2 1 30 2 0 100 0 0 1 0 0
  2 1 31 2 0 100 0 0 0.75 0.25 0
  2 1 32 2 0 100 0 0 0.69 0.31 0
  2 1 33 2 0 100 0 0 1 0 0
  2 1 34 2 0 100 0 0 1 0 0
  2 1 35 2 0 100 0 0 0.3 0.7 0
  2 1 36 2 0 100 0 0 1 0 0
  2 1 37 2 0 100 0 0 0.86 0.14 0
  2 1 38 2 0 100 0 0 0.57 0.43 0
  2 1 39 2 0 100 0 0 1 0 0
  2 1 40 2 0 100 0 0 1 0 0
  2 1 41 2 0 100 0 0 1 0 0
  2 1 42 2 0 100 0 0 1 0 0
  2 1 1 3 0 100 0 0 0.35 0.53 0.12
  2 1 2 3 0 100 0 0 0.01 0.99 0
  2 1 3 3 0 100 0 0 0.37 0.63 0
  2 1 4 3 0 100 0 0 0.59 0.41 0
  2 1 5 3 0 100 0 0 0.69 0.28 0.03
  2 1 6 3 0 100 0 0 0 1 0
  2 1 7 3 0 100 0 0 0 1 0
  2 1 8 3 0 100 0 0.28 0 0.72 0
  2 1 9 3 0 100 0 0 0.24 0 0.76
  2 1 10 3 0 100 0 0.69 0.26 0.05 0
  2 1 11 3 0 100 0 0 1 0 0
  2 1 12 3 0 100 0 0 0 0.33 0.67
  2 1 13 3 0 100 0 0 0.7 0.3 0
  2 1 14 3 0 100 0 0 0 0.89 0.11
  2 1 15 3 0 100 0 0 0.14 0.61 0.25
  2 1 16 3 0 100 0 0 0.96 0.04 0
  2 1 17 3 0 100 0 0 0 1 0
  2 1 18 3 0 100 0 0 0.22 0.78 0
  2 1 19 3 0 100 0 0 0.77 0.23 0
  2 1 20 3 0 100 0 0 0 1 0
  2 1 21 3 0 100 0 0 0.06 0.94 0
  2 1 22 3 0 100 0 0 0 1 0
  2 1 23 3 0 100 0 0 0.16 0.84 0
  2 1 24 3 0 100 0 0 0 0.97 0.03
  2 1 25 3 0 100 0 0.35 0.38 0.27 0
  2 1 26 3 0 100 0 0 0.08 0.92 0
  2 1 27 3 0 100 0 0 0 1 0
  2 1 28 3 0 100 0 0 0.07 0.93 0
  2 1 29 3 0 100 0 0 0.49 0.51 0
  2 1 30 3 0 100 0 0 0.14 0.86 0
  2 1 31 3 0 100 0 0 0.47 0.53 0
  2 1 32 3 0 100 0 0 0.53 0.47 0
  2 1 33 3 0 100 0 0 0.04 0.96 0
  2 1 34 3 0 100 0 0 1 0 0
  2 1 35 3 0 100 0 0 0 1 0
  2 1 36 3 0 100 0 0 0 1 0
  2 1 37 3 0 100 0 0 0 1 0
  2 1 38 3 0 100 0 0 0 1 0
  2 1 39 3 0 100 0 0 0 1 0
  2 1 40 3 0 100 0 0 0.48 0.52 0
  2 1 41 3 0 100 0 0 0.03 0.97 0
  2 1 42 3 0 100 0 0 0 1 0
# end fishery length observations 
#  
# Survey diet proportion observations 
# Number of observations, init_int Ndietprop_obs 
  89
# init_matrix obs_dietprop(1,Ndietprop_obs,1,ncol) 
# Survey  Year  Predator  Predator_size InpN  wt_prey_1 wt_prey_2 wt_prey_3 wt_prey_4 wt_prey_5 wt_prey_6 wt_prey_7 wt_prey_8 wt_prey_9 wt_prey_10 wt_prey_11 other 
  1 2 1 4 100 1 0 0 0 0
  1 6 4 3 100 0 0.82 0 0 0.18
  1 8 4 2 100 0 0 1 0 0
  1 8 4 3 100 0 0 0 0 1
  1 9 4 4 100 0 0.94 0 0 0.06
  1 11 1 3 100 0 0.57 0 0 0.43
  1 11 4 3 100 0 1 0 0 0
  1 12 1 2 100 0 0 0.84 0 0.16
  1 12 1 3 100 0 0 0.04 0 0.96
  1 13 1 3 100 0 0 0 0 1
  1 13 1 4 100 0 0.67 0 0 0.33
  1 13 4 2 100 0 0 0 0 1
  1 13 4 3 100 0 1 0 0 0
  1 13 4 4 100 0 0 0 0 1
  1 14 1 3 100 0 0.36 0 0 0.64
  1 14 1 4 100 0 0 0 0 1
  1 14 4 3 100 0 0 0 0 1
  1 14 4 4 100 0 0.38 0 0 0.62
  1 15 1 2 100 0 0 0 0 1
  1 15 1 3 100 0.27 0 0 0 0.73
  1 15 4 3 100 0 0.64 0 0 0.36
  1 15 4 4 100 0.99 0 0 0 0.01
  1 16 1 3 100 0 0 0.28 0 0.72
  1 16 1 4 100 0 0 0 0 1
  1 16 4 3 100 0 0.93 0 0 0.07
  1 16 4 4 100 0 0 0 0 1
  1 17 4 2 100 0 0.51 0 0 0.49
  1 17 4 3 100 0 0.96 0 0 0.04
  1 18 1 1 100 0 0 0 0 1
  1 18 1 2 100 0 0.52 0 0 0.48
  1 18 1 3 100 0 0.4 0.6 0 0
  1 18 4 3 100 0 0 0 0 1
  1 19 1 2 100 0 0.75 0 0 0.25
  1 19 1 3 100 0 0 0 0 1
  1 19 1 4 100 0 0 0 0 1
  1 19 4 2 100 0 0 0 0 1
  1 19 4 3 100 0 0 0 0 1
  1 20 1 3 100 0 0 0 0 1
  1 20 4 2 100 0 0.29 0 0 0.71
  1 20 4 3 100 0 0.11 0 0 0.89
  1 21 1 2 100 0 0 0 0 1
  1 21 1 3 100 0 0 1 0 0
  1 21 1 4 100 0 0 0 0 1
  1 21 4 3 100 0 0.49 0 0 0.51
  1 22 1 3 100 0 0 0.5 0 0.5
  1 22 4 2 100 0 0.33 0 0 0.67
  1 22 4 3 100 0 1 0 0 0
  1 23 1 3 100 0 0 0 0 1
  1 23 4 3 100 0 0 0.09 0 0.91
  1 24 1 3 100 0 0.66 0 0 0.34
  1 24 1 4 100 0 0 0 0 1
  1 24 4 3 100 0 0 0 0 1
  1 25 1 2 100 0 0 0 0 1
  1 25 1 3 100 0 0 0 0 1
  1 25 4 3 100 0 0 0 0 1
  1 25 4 4 100 0 0.44 0 0 0.56
  1 26 1 3 100 0 0 0 0 1
  1 26 4 3 100 0 0 0 0 1
  1 27 1 3 100 0 0 0 0 1
  1 27 1 4 100 0 0 0 0 1
  1 27 4 2 100 0 0 0 0 1
  1 27 4 3 100 0 0.12 0 0 0.88
  1 28 1 3 100 0 0.54 0.35 0 0.11
  1 28 4 2 100 0 0.66 0 0 0.34
  1 28 4 3 100 0 0 0 0 1
  1 29 1 3 100 0 0 0 0 1
  1 29 4 3 100 0 1 0 0 0
  1 30 4 3 100 0 0.13 0 0 0.87
  1 31 4 3 100 0 0.17 0.17 0 0.66
  1 31 4 4 100 0 0 0.31 0 0.69
  1 33 1 3 100 0 0 0 0 1
  1 33 4 3 100 0 0.84 0 0 0.16
  1 34 1 3 100 0 0 0 0 1
  1 34 4 3 100 0 0 0 0 1
  1 35 1 1 100 0 0 0 0 1
  1 35 1 2 100 0 0 0 0 1
  1 35 1 3 100 0 0 0 0 1
  1 35 4 3 100 0 0.87 0 0 0.13
  1 36 1 3 100 0 1 0 0 0
  1 36 4 2 100 0 0 0 0 1
  1 36 4 3 100 0 0 0 0 1
  1 37 4 3 100 0 0.3 0 0 0.7
  1 38 1 3 100 0 0 0 0 1
  1 39 1 3 100 0 0.7 0 0 0.3
  1 40 1 2 100 0 0 0 0 1
  1 40 4 3 100 0 0 0 0 1
  1 40 4 4 100 0 0.28 0 0 0.72
  1 41 1 2 100 0 0.19 0 0 0.81
  1 42 4 3 100 0 0 0.37 0 0.63
# end survey diet proportion observations 
#  
