# Number of parameters = 292  Objective function value = 368732.  Maximum gradient component = 149.470
# ln_yr1N:
 -34.4941 20.3185 20.0187 15.6184 11.1896
 -372.416 25.9764 29.7434 -99.5189 16.3127
 18.3972 -12.8178 19.5627 -62.5461 10.2249
 -66.4342 20.2634 20.4450 18.1895 -16.0923
# recruitment_alpha:
 0.00000 0.00000 0.00000 0.00000
# recruitment_shape:
 0.00000 0.00000 0.00000 0.00000
# recruitment_beta:
 0.00000 0.00000 0.00000 0.00000
# ln_avg_recruitment:
 18.8294 26.3005 22.7986 19.1260
# recruitment_devs:
 8.30434 2.81099 3.98572 2.90330 1.50556 2.63301 0.484858 1.27586 2.24978 0.853893 1.39336 0.307140 -0.0659154 -0.376637 -0.791104 0.0888154 -1.29822 -1.69054 -0.649253 -1.39005 0.228994 -0.865581 -0.627920 -1.28239 -0.323298 -1.97948 -0.397059 -1.02518 0.169081 0.235850 2.74607 -3.25219 -1.21514 -2.06356 -2.02016 0.361778 -0.415033 -2.08531 -2.71744 -2.08624 -3.92115
 4.92358 1.63483 2.69391 1.93643 -0.100881 1.85188 -0.839894 -0.580681 0.766862 -0.889460 0.457133 -0.113321 -0.519670 -1.01529 -0.770489 -1.19363 -3.62259 -1.60192 -0.453685 -1.07800 0.351434 -0.129223 0.158102 -1.02891 -0.406931 -1.78726 -0.0830333 -0.511054 0.345723 0.421875 2.71799 -0.768475 -0.200161 -0.600629 -0.463765 2.00847 2.16379 7.65602e-005 -0.591297 -0.210192 -2.87158
 -1.29229 1.95155 3.58254 4.10085 2.38966 4.31586 1.42641 2.16373 3.30066 1.66313 1.61650 1.01719 0.703079 0.437042 -0.327945 2.03401 0.746983 -1.45037 -0.898106 -2.86142 -0.0771172 -0.883864 -3.00765 -1.83592 -0.686599 -1.76855 -1.13758 -0.899140 0.600810 0.178158 0.954974 -3.55391 -3.86241 -4.04449 -1.39736 1.21586 0.637840 -1.19544 -0.523453 -0.525670 -2.80713
 7.09220 1.48099 2.88606 1.55577 0.660176 1.51013 -0.461294 0.322954 1.25294 -0.200079 0.629038 -0.0709530 -0.382293 -0.858585 -1.36590 0.356952 -1.27862 -1.39540 -0.184693 -1.46491 -0.00367543 -0.515776 -0.600990 -1.03346 -0.745620 -1.61554 -0.633778 -0.495295 -0.0505362 -0.600967 2.30490 -1.24126 -0.945756 -1.26385 -0.797855 1.55401 0.824447 -0.459548 -0.996023 -0.666867 -2.10114
# ln_recsigma:
 1.00000 1.00000 1.00000 1.00000
# avg_F:
 -0.883483 5.73647
# F_devs:
 -9.01639 -6.07272 -0.978471 -2.32176 -0.939907 0.0756476 -1.21556 0.867920 0.158960 -0.694226 0.837451 0.246049 1.25482 1.52821 1.57062 1.68798 0.828324 1.49771 1.70016 1.06235 1.42402 0.0922952 1.03600 1.08213 1.37451 0.821460 1.26542 -0.260976 0.572507 -0.231990 -0.143861 -2.55074 0.702334 0.590482 0.962314 0.301136 -1.54130 -0.924127 0.538053 0.835391 0.371777 1.60600
 -12.6186 -6.33394 -2.49233 -3.93850 -2.71891 -0.564265 -3.03610 -0.0291607 -0.340778 -1.93096 0.0478442 -1.66596 0.242388 -0.0113211 -0.0435512 0.526855 1.32080 0.0760522 1.72547 1.06227 2.53423 1.28946 1.22051 1.76223 2.22415 1.80046 3.07838 1.03552 1.73305 0.487514 0.533716 -1.04536 1.95603 2.06231 2.43809 2.44184 -0.140275 -0.422372 1.35937 1.32967 0.877755 2.16639
# logit_vuln:
 2.00000 2.00000 2.00000 2.00000 2.00000 2.00000 2.00000 2.00000 2.00000 2.00000
# fishsel_pars:
 2.67667 5.13145
 -2.74773 2.00825
# ln_fishery_q:
 -0.902312 4.17138
# ln_survey_q:
 1.50687 -2.22624 0.585499 2.00000
 2.00000 -2.22528 2.00000 2.00000
# survey_selpars:
 2.89026 -577.415
 -97.6531 -363.387
# ln_M1ann:
 2.00000 2.00000 2.00000 2.00000
# ln_otherFood_base:
2.00000000000
# otherFood_dev:
 2.00000000000 2.00000000000 1.00000000000
