# This file was created using the write_tsDatFile function and used all the simulated data from sim_dta.rds found in repo:Hydra-self-testing
# Survey index data 
# Number of observations, init_int Nsurvey_obs
  166
# init_matrix obs_survey_biomass(1,Nsurvey_obs,1,5)
# survey year spp value cv
  1 1 4 79144.5590904395 0.212720515437525
  1 2 4 70050.7034776479 0.222168779300385
  1 3 4 74639.8498065667 0.394113240257454
  1 4 4 210868.864528671 0.310035034727007
  1 5 4 124098.904260416 0.378629084128514
  1 6 4 155711.146014876 0.494427832556011
  1 7 4 68574.167217526 0.759062286891916
  1 8 4 84042.7441277411 0.383150869515862
  1 9 4 351610.044322779 0.48934963094834
  1 10 4 117846.841241996 0.382452035825211
  1 11 4 78558.3687986866 0.566792532611316
  1 12 4 141348.269399238 0.381518572031255
  1 13 4 188351.567724487 0.438380584739347
  1 14 4 217558.148118569 0.482345652338289
  1 15 4 168907.470853218 0.420835086749712
  1 16 4 95414.3310231408 0.515165860253858
  1 17 4 226613.221389667 0.559532625975744
  1 18 4 82362.6284585984 0.479008946214672
  1 19 4 154135.344948989 0.429419179801904
  1 20 4 122389.056715434 0.477074256852948
  1 21 4 247147.91377998 0.410621521476155
  1 22 4 199804.964715162 0.294672690077384
  1 23 4 219951.039572788 0.477447511398437
  1 24 4 229939.631392742 0.384568504019134
  1 25 4 177524.252793508 0.333261603198005
  1 26 4 334626.545115357 0.685474246042822
  1 27 4 205271.687490408 0.286882992344226
  1 28 4 134803.298371126 0.371822434434906
  1 29 4 128876.284398275 0.592639130460935
  1 30 4 174772.798912501 0.374062101432949
  1 31 4 190257.964822162 0.304499664309564
  1 32 4 155697.387628523 0.233962995093855
  1 33 4 209805.491721068 0.270006842918168
  1 34 4 127289.802358067 0.350007507053818
  1 35 4 146960.060847572 0.34274593698132
  1 36 4 157919.467264404 0.261906583866089
  1 37 4 89606.6889481804 0.417429035160016
  1 38 4 148955.532720938 0.441211421515246
  1 39 4 110285.24014729 0.495234601454268
  1 40 4 216563.506938239 0.237858203733512
  1 41 4 141085.656161503 0.327346172729995
  1 42 4 146578.468624594 0.368315456462939
  1 1 2 209.24842335397 0.601375663623589
  1 4 2 770.445908106901 1
  1 5 2 262.987028633512 0.611089023955187
  1 6 2 218.441442535399 0.702037850017464
  1 7 2 183.034849365821 0.948289691951521
  1 8 2 156.983587081347 0.544380631361087
  1 9 2 419.039726791532 0.5393131982084
  1 10 2 384.412524542221 0.88095039530815
  1 11 2 365.811536114956 0.799987970388403
  1 12 2 806.213907598665 0.774991903603438
  1 13 2 317.086191375832 0.863215133786584
  1 14 2 446.419390031087 0.704083892007286
  1 15 2 250.398995868481 0.457459057188701
  1 16 2 95.3001603067776 0.853197309912465
  1 17 2 161.57682079317 0.61116783920211
  1 18 2 308.068799953941 0.416775375911518
  1 19 2 2865.08424566438 0.69077510766454
  1 20 2 6821.84412638354 0.793751288508348
  1 21 2 7343.77502164997 0.339376634127756
  1 22 2 6889.07847152913 0.601950919776798
  1 23 2 3500.17524347014 0.658556209578282
  1 24 2 10480.3992661785 0.637453135075156
  1 25 2 2421.16272661021 0.510473149998029
  1 26 2 1429.95121373776 0.548437091427541
  1 27 2 5705.87259108816 0.492912195981742
  1 28 2 4243.4428833465 0.747597319880804
  1 29 2 1763.02758580138 0.451616070879294
  1 30 2 2424.60553889097 0.797269558848634
  1 31 2 2605.23048503833 0.666772556553203
  1 32 2 9594.85066967365 0.96787270074405
  1 33 2 2429.45398266594 0.404694020855087
  1 34 2 20791.0503758955 0.814873375751391
  1 35 2 15496.1954062058 0.533219898766676
  1 36 2 7187.78904452653 0.371953858881132
  1 37 2 4082.79648032193 0.791301167226987
  1 38 2 3727.04343641922 0.633364993316759
  1 39 2 1579.33625717385 0.827253682697507
  1 40 2 1696.08468609547 0.900216415173481
  1 41 2 837.013273236179 0.957770995377006
  1 42 2 409.506266922307 0.55870584954739
  1 1 1 19554.0171140128 0.241799049430762
  1 2 1 15794.3472221257 0.142636213550947
  1 3 1 12380.7153415927 0.225478190042395
  1 4 1 14614.0805079991 0.323579734794357
  1 5 1 9810.04922754417 0.320666395151501
  1 6 1 14816.0302463999 0.452044832991261
  1 7 1 11090.174072517 0.28209645893665
  1 8 1 26849.0673457475 0.414010381101596
  1 9 1 16042.1427305223 0.40638853202345
  1 10 1 17733.4310479892 0.290993157294119
  1 11 1 14685.1099119511 0.324615016521962
  1 12 1 18198.1073541645 0.294780938380682
  1 13 1 14231.7039074754 0.440402569626277
  1 14 1 6889.7871298375 0.372421878022742
  1 15 1 6413.3339076161 0.341871348717721
  1 16 1 5569.63678012279 0.416897355424411
  1 17 1 2532.1990540077 0.500820840736393
  1 18 1 7932.27398580217 0.389853340834037
  1 19 1 6398.16818837052 0.293941849282161
  1 20 1 13484.699217089 0.525509720403112
  1 21 1 8262.53199568834 0.266433769579894
  1 22 1 7130.05951170863 0.374831371194202
  1 23 1 7381.47611819143 0.352011231642473
  1 24 1 4209.74985582954 0.34725908523047
  1 25 1 6009.992071942 0.578696888706846
  1 26 1 7075.19224446881 0.459728456052307
  1 27 1 8334.33754898043 0.539982548576019
  1 28 1 3526.43776173131 0.364309332200766
  1 29 1 2897.22139298808 0.562793580097325
  1 30 1 4572.29062125259 0.420348818797864
  1 31 1 3918.76633064458 0.403753427903273
  1 32 1 2752.71089873401 0.491331418922754
  1 33 1 2312.89363987133 0.537081122476055
  1 34 1 679.297155196595 0.379030815152119
  1 35 1 1916.27960269774 0.519511456600017
  1 36 1 1115.97527480699 0.556056214854877
  1 37 1 1004.04321359717 0.588197671943964
  1 38 1 817.16944690532 0.324588369174256
  1 39 1 2535.21752172537 0.501841796783066
  1 40 1 1349.34919250611 0.403101009292275
  1 41 1 1030.84383217472 0.478602624152216
  1 42 1 1582.19385096727 0.646634922078809
  1 1 3 140.987172895942 0.499484636786782
  1 2 3 228.016408332471 0.358153914340203
  1 3 3 637.859015553972 0.678339172154909
  1 4 3 2135.60954661876 1
  1 5 3 810.953120570793 0.693225535250834
  1 6 3 490.92625775064 1
  1 7 3 729.142349633831 0.912293822979085
  1 8 3 1229.56932904984 0.655734850091527
  1 9 3 413.812340251196 0.670809892238012
  1 10 3 360.884409362835 0.631102684426709
  1 11 3 243.73606866808 0.496475444687371
  1 12 3 467.156631949949 0.740682868109632
  1 13 3 408.722702972111 0.360862225436052
  1 14 3 238.497728691589 0.547901331396328
  1 15 3 406.295395011503 0.429608216382601
  1 16 3 144.116394669871 0.69118921143411
  1 17 3 192.231979015955 0.426971754606328
  1 18 3 260.701531977678 0.505524319387353
  1 19 3 71.6394989752994 0.644591984223249
  1 20 3 417.375676551849 0.899065435378594
  1 21 3 291.490665928304 0.543826822033971
  1 22 3 373.640284780141 0.88174616562504
  1 23 3 324.407017455888 0.408104676406013
  1 24 3 1159.09670036814 0.92608255019157
  1 25 3 484.841636302019 0.648664057223823
  1 26 3 213.059222466977 0.695927823776047
  1 27 3 496.422682803836 0.708713243925404
  1 28 3 158.288962907624 0.489543853646182
  1 29 3 436.622983199217 0.703511357168505
  1 30 3 165.800142908471 0.631659802692532
  1 31 3 64.8427293146711 0.626570332091694
  1 32 3 39.8974936696548 0.661895735249442
  1 33 3 155.236984968163 0.783155911787346
  1 34 3 116.409128278264 0.542775440757204
  1 35 3 382.785816775677 0.870542376054271
  1 36 3 355.558246895799 0.492193512682958
  1 37 3 125.101730115889 0.909630520329322
  1 38 3 143.767362838788 0.644773009949607
  1 39 3 310.788188626022 0.515045488987725
  1 40 3 259.091065677786 0.442573167063876
  1 41 3 90382.7720082734 0.88587618368699
  1 42 3 113539.237241001 0.983269433580366
# end survey index observations 
#  
# Survey size comp data 
# Number of observations, init_int Nsurvey_size_obs 
  166
# init_matrix obs_survey_size(1,Nsurvey_size_obs,1,ncol) 
# Survey  Year  Species Type (0=whole, 1=retained, 2=discard) InpN, proportion by length bin 
  1 1 1 0 57 0 1.07017543859649 0.649122807017544 0.0350877192982456 0
  1 2 1 0 65 0 0.646153846153846 0.738461538461539 0.153846153846154 0
  1 3 1 0 32 0.03125 0.96875 1.46875 0.65625 0
  1 4 1 0 32 0.125 1.96875 0.6875 0.34375 0
  1 5 1 0 21 0.0476190476190476 2.80952380952381 1.38095238095238 0.523809523809524 0
  1 6 1 0 18 0 2.33333333333333 2.22222222222222 1 0
  1 7 1 0 25 0.04 2 1.44 0.52 0
  1 8 1 0 20 0.05 1.55 2.35 1.05 0
  1 9 1 0 16 0.375 4.3125 1.0625 0.5 0
  1 10 1 0 19 0.0526315789473684 3.42105263157895 1.36842105263158 0.421052631578947 0
  1 11 1 0 20 0 2.45 1.95 0.6 0
  1 12 1 0 22 0 1.77272727272727 1.95454545454545 0.818181818181818 0
  1 13 1 0 23 0 1.52173913043478 2.08695652173913 0.739130434782609 0
  1 14 1 0 14 0 1.85714285714286 3.42857142857143 1.85714285714286 0
  1 15 1 0 21 0 1 2.23809523809524 1.52380952380952 0
  1 16 1 0 14 0.142857142857143 1.57142857142857 2.78571428571429 2.64285714285714 0
  1 17 1 0 17 0 1.94117647058824 2 1.94117647058824 0
  1 18 1 0 19 0.105263157894737 4 0.631578947368421 0.526315789473684 0
  1 19 1 0 18 0.0555555555555556 3.83333333333333 1.27777777777778 0.388888888888889 0
  1 20 1 0 15 0 4.06666666666667 2.06666666666667 0.533333333333333 0
  1 21 1 0 21 0.0952380952380952 2.14285714285714 1.9047619047619 0.619047619047619 0
  1 22 1 0 13 0.0769230769230769 2.92307692307692 3.07692307692308 1.61538461538462 0
  1 23 1 0 14 0 2.42857142857143 2.92857142857143 1.78571428571429 0
  1 24 1 0 14 0.0714285714285714 1.5 3 2.57142857142857 0
  1 25 1 0 18 0.0555555555555556 1 2.77777777777778 1.72222222222222 0
  1 26 1 0 14 0 1.5 2.64285714285714 3 0
  1 27 1 0 23 0 1.34782608695652 1.43478260869565 1.56521739130435 0
  1 28 1 0 14 0 2.21428571428571 2.42857142857143 2.5 0
  1 29 1 0 17 0.117647058823529 2.17647058823529 1.64705882352941 1.94117647058824 0
  1 30 1 0 18 0 1.11111111111111 1.94444444444444 2.5 0
  1 31 1 0 20 0 0.8 2.15 2.05 0
  1 32 1 0 10 0 2.1 2.7 5.2 0
  1 33 1 0 15 0 1.06666666666667 2.53333333333333 3.06666666666667 0
  1 34 1 0 18 0 1.11111111111111 1.55555555555556 2.88888888888889 0
  1 35 1 0 8 0.125 2 3.875 6.5 0
  1 36 1 0 12 0.0833333333333333 3.25 1.83333333333333 3.16666666666667 0
  1 37 1 0 8 0 4 2.875 5.625 0
  1 38 1 0 16 0 1.625 2.125 2.5 0
  1 39 1 0 10 0.1 2 3.4 4.5 0
  1 40 1 0 10 0 2 4.6 3.4 0
  1 41 1 0 13 0 2.38461538461538 1.76923076923077 3.53846153846154 0
  1 42 1 0 8 0 5.875 2.375 4.25 0
  1 1 2 0 11 0 0 4.18181818181818 4.63636363636364 0.272727272727273
  1 4 2 0 1 0 1 65 34 0
  1 5 2 0 5 0 0 10.4 9.6 0
  1 6 2 0 1 0 1 59 40 0
  1 7 2 0 3 0 1 20.3333333333333 12 0
  1 8 2 0 4 0 0.25 14.5 10.25 0
  1 9 2 0 5 0 0 12.8 7.2 0
  1 10 2 0 10 0 1 5.7 3.3 0
  1 11 2 0 13 0 0 6.69230769230769 1 0
  1 12 2 0 15 0 0 4.6 2.06666666666667 0
  1 13 2 0 9 0 0.111111111111111 5.22222222222222 5.77777777777778 0
  1 14 2 0 6 0 0 6.83333333333333 9.83333333333333 0
  1 15 2 0 13 0 0 2 5.69230769230769 0
  1 16 2 0 10 0 0.1 2.8 7.1 0
  1 17 2 0 10 0 0.2 2.4 7.4 0
  1 18 2 0 18 0 2.44444444444444 2.5 0.611111111111111 0
  1 19 2 0 27 0 0 3.7037037037037 0 0
  1 20 2 0 23 0 0 3.21739130434783 1.1304347826087 0
  1 21 2 0 25 0 0.28 1.16 2.56 0
  1 22 2 0 9 0 0 9 2.11111111111111 0
  1 23 2 0 8 0 0 6.875 5.625 0
  1 24 2 0 9 0 0.111111111111111 7.55555555555556 3.44444444444444 0
  1 25 2 0 14 0 0.214285714285714 3.28571428571429 3.64285714285714 0
  1 26 2 0 18 0 0.111111111111111 3.5 1.94444444444444 0
  1 27 2 0 16 0 0.0625 4.5 1.6875 0
  1 28 2 0 6 0 0 9 7.66666666666667 0
  1 29 2 0 8 0 0.5 5.5 6.5 0
  1 30 2 0 17 0 0.0588235294117647 4.70588235294118 1.11764705882353 0
  1 31 2 0 9 0 0.333333333333333 6.44444444444444 4.33333333333333 0
  1 32 2 0 30 0 0.1 2.46666666666667 0.766666666666667 0
  1 33 2 0 24 0 0.291666666666667 2.83333333333333 1.04166666666667 0
  1 34 2 0 25 0 0.04 3 0.96 0
  1 35 2 0 16 0 0.4375 3.0625 2.75 0
  1 36 2 0 13 0 0 6.15384615384615 1.53846153846154 0
  1 37 2 0 8 0 0 5.75 6.75 0
  1 38 2 0 10 0 0 3.4 6.6 0
  1 39 2 0 13 0 0 1.84615384615385 5.84615384615385 0
  1 40 2 0 8 0 0 2.875 9.625 0
  1 41 2 0 5 0 0 6.2 13.8 0
  1 42 2 0 17 0 0.176470588235294 2.52941176470588 3.17647058823529 0
  1 1 3 0 27 0 2.14814814814815 0.481481481481481 1.07407407407407 0
  1 2 3 0 13 0 6.76923076923077 0.692307692307692 0.230769230769231 0
  1 3 3 0 5 0 11.2 8.4 0.4 0
  1 4 3 0 2 0 21.5 26.5 2 0
  1 5 3 0 5 0 5.6 12.6 1.8 0
  1 6 3 0 1 0 14 71 15 0
  1 7 3 0 3 0 5.66666666666667 19.6666666666667 8 0
  1 8 3 0 3 0 4 19.3333333333333 10 0
  1 9 3 0 4 0 2.25 12.75 10 0
  1 10 3 0 4 0 2.5 12.75 9.75 0
  1 11 3 0 4 0 16 4.75 4.25 0
  1 12 3 0 2 0 20 22 8 0
  1 13 3 0 8 0 3.875 7.625 1 0
  1 14 3 0 19 0 0.947368421052632 3.57894736842105 0.736842105263158 0
  1 15 3 0 15 0 1.53333333333333 3.6 1.53333333333333 0
  1 16 3 0 12 0 1.33333333333333 5.41666666666667 1.58333333333333 0
  1 17 3 0 14 0 0.714285714285714 4.07142857142857 2.35714285714286 0
  1 18 3 0 14 0 1.64285714285714 3.14285714285714 2.35714285714286 0
  1 19 3 0 15 0 1.66666666666667 2.53333333333333 2.46666666666667 0
  1 20 3 0 17 0 1 3.29411764705882 1.58823529411765 0
  1 21 3 0 12 0 2.16666666666667 3.41666666666667 2.75 0
  1 22 3 0 11 0 5.54545454545455 2.18181818181818 1.36363636363636 0
  1 23 3 0 16 0 3 2.8125 0.4375 0
  1 24 3 0 15 0 2.53333333333333 3.8 0.333333333333333 0
  1 25 3 0 4 0 6 15.75 3.25 0
  1 26 3 0 14 0 1 4.78571428571429 1.35714285714286 0
  1 27 3 0 6 0 2.16666666666667 10.3333333333333 4.16666666666667 0
  1 28 3 0 4 0 0.5 15.75 8.75 0
  1 29 3 0 2 0 6 29.5 14.5 0
  1 30 3 0 10 0 0.6 4.6 4.8 0
  1 31 3 0 9 0 1.11111111111111 5 5 0
  1 32 3 0 12 0 1.16666666666667 4.16666666666667 3 0
  1 33 3 0 5 0 17.6 0.6 1.8 0
  1 34 3 0 9 0 5.44444444444444 5.33333333333333 0.333333333333333 0
  1 35 3 0 5 0 7.2 10.8 2 0
  1 36 3 0 5 0 5.6 12.4 2 0
  1 37 3 0 3 0 6.33333333333333 21.3333333333333 5.66666666666667 0
  1 38 3 0 15 0 1 4.26666666666667 1.4 0
  1 39 3 0 12 0 1.08333333333333 4.5 2.75 0
  1 40 3 0 9 0 1.44444444444444 6.44444444444444 3.22222222222222 0
  1 41 3 0 8 0 2.5 6.125 3.875 0
  1 42 3 0 12 0 1.66666666666667 3.66666666666667 3 0
  1 1 4 0 86 0.0465116279069767 0.162790697674419 0.883720930232558 0.0697674418604651 0
  1 2 4 0 100 0.07 0.41 0.47 0.05 0
  1 3 4 0 33 0.212121212121212 1.84848484848485 0.757575757575758 0.212121212121212 0
  1 4 4 0 44 0.181818181818182 1.36363636363636 0.590909090909091 0.136363636363636 0
  1 5 4 0 34 0.176470588235294 1.97058823529412 0.647058823529412 0.147058823529412 0
  1 6 4 0 40 0.1 1.8 0.55 0.05 0
  1 7 4 0 39 0.179487179487179 1.66666666666667 0.641025641025641 0.0769230769230769 0
  1 8 4 0 49 0.0408163265306122 1.3469387755102 0.530612244897959 0.122448979591837 0
  1 9 4 0 36 0.138888888888889 2 0.416666666666667 0.222222222222222 0
  1 10 4 0 43 0.255813953488372 1.46511627906977 0.511627906976744 0.0930232558139535 0
  1 11 4 0 41 0.0487804878048781 1.70731707317073 0.609756097560976 0.0731707317073171 0
  1 12 4 0 35 0.2 1.97142857142857 0.628571428571429 0.0571428571428571 0
  1 13 4 0 32 0.09375 2.03125 0.875 0.125 0
  1 14 4 0 21 0.333333333333333 2.80952380952381 1.57142857142857 0.0476190476190476 0
  1 15 4 0 30 0.0666666666666667 2.2 0.833333333333333 0.233333333333333 0
  1 16 4 0 19 0.210526315789474 3.26315789473684 1.26315789473684 0.526315789473684 0
  1 17 4 0 35 0.114285714285714 2.02857142857143 0.571428571428571 0.142857142857143 0
  1 18 4 0 27 0.037037037037037 2.37037037037037 1.11111111111111 0.185185185185185 0
  1 19 4 0 34 0.147058823529412 1.91176470588235 0.588235294117647 0.294117647058824 0
  1 20 4 0 42 0.0952380952380952 1.57142857142857 0.547619047619048 0.166666666666667 0
  1 21 4 0 41 0.0731707317073171 1.4390243902439 0.731707317073171 0.195121951219512 0
  1 22 4 0 44 0.136363636363636 1.68181818181818 0.340909090909091 0.113636363636364 0
  1 23 4 0 28 0.178571428571429 2 1.14285714285714 0.25 0
  1 24 4 0 34 0.264705882352941 1.61764705882353 0.911764705882353 0.147058823529412 0
  1 25 4 0 36 0.25 1.41666666666667 0.916666666666667 0.194444444444444 0
  1 26 4 0 31 0.161290322580645 1.80645161290323 0.903225806451613 0.354838709677419 0
  1 27 4 0 39 0.0512820512820513 1.46153846153846 0.769230769230769 0.282051282051282 0
  1 28 4 0 38 0.0789473684210526 1.52631578947368 0.815789473684211 0.210526315789474 0
  1 29 4 0 48 0.0833333333333333 1.08333333333333 0.6875 0.229166666666667 0
  1 30 4 0 38 0.210526315789474 1.26315789473684 0.921052631578947 0.236842105263158 0
  1 31 4 0 61 0 0.934426229508197 0.590163934426229 0.114754098360656 0
  1 32 4 0 48 0.125 1.35416666666667 0.5 0.104166666666667 0
  1 33 4 0 49 0.102040816326531 1.3469387755102 0.510204081632653 0.0816326530612245 0
  1 34 4 0 44 0.181818181818182 1.38636363636364 0.477272727272727 0.227272727272727 0
  1 35 4 0 61 0.114754098360656 0.950819672131147 0.39344262295082 0.180327868852459 0
  1 36 4 0 67 0.0597014925373134 0.895522388059702 0.402985074626866 0.134328358208955 0
  1 37 4 0 57 0.0701754385964912 0.964912280701754 0.666666666666667 0.0526315789473684 0
  1 38 4 0 38 0.157894736842105 1.42105263157895 0.710526315789474 0.342105263157895 0
  1 39 4 0 52 0.0384615384615385 1.17307692307692 0.5 0.211538461538462 0
  1 40 4 0 43 0.0930232558139535 1.58139534883721 0.534883720930233 0.116279069767442 0
  1 41 4 0 42 0.142857142857143 1.26190476190476 0.738095238095238 0.238095238095238 0
  1 42 4 0 61 0.0983606557377049 1.01639344262295 0.344262295081967 0.180327868852459 0
# end survey length observations 
#  
# Fishery catch data 
# Number of observations, init_int Ncatch_obs
  168
# init_matrix obs_catch_biomass(1,Ncatch_obs,1,6) 
# Fleet	Area	Year	Species	Catch(biomass t)	CV 
  1 1 1 1 19844.9809421515 0.05
  1 1 2 1 24094.2599760052 0.05
  1 1 3 1 23546.8570962783 0.05
  1 1 4 1 21275.1508386744 0.05
  1 1 5 1 22490.3721058237 0.05
  1 1 6 1 23682.1595313349 0.05
  1 1 7 1 21670.3219600061 0.05
  1 1 8 1 20627.9570033612 0.05
  1 1 9 1 18391.2503791117 0.05
  1 1 10 1 19959.3940025552 0.05
  1 1 11 1 21135.7954834479 0.05
  1 1 12 1 21622.3212510868 0.05
  1 1 13 1 20530.5164453651 0.05
  1 1 14 1 17269.5634639263 0.05
  1 1 15 1 15566.832834167 0.05
  1 1 16 1 11613.5287509026 0.05
  1 1 17 1 9910.16416105357 0.05
  1 1 18 1 8700.31324956143 0.05
  1 1 19 1 8057.98760279563 0.05
  1 1 20 1 8155.37198895453 0.05
  1 1 21 1 4088.52248165606 0.05
  1 1 22 1 4836.12954579024 0.05
  1 1 23 1 5135.63779815881 0.05
  1 1 24 1 5937.27807631879 0.05
  1 1 25 1 4575.40434805759 0.05
  1 1 26 1 4982.70600472252 0.05
  1 1 27 1 4318.50289862707 0.05
  1 1 28 1 3967.73805413408 0.05
  1 1 29 1 3675.86092192249 0.05
  1 1 30 1 3134.15720983358 0.05
  1 1 31 1 2716.92999194669 0.05
  1 1 32 1 2717.40519539677 0.05
  1 1 33 1 2195.32837333872 0.05
  1 1 34 1 1976.20510791388 0.05
  1 1 35 1 1648.31958271357 0.05
  1 1 36 1 1439.08631984084 0.05
  1 1 37 1 1101.7884445804 0.05
  1 1 38 1 1069.16933614655 0.05
  1 1 39 1 958.615027544832 0.05
  1 1 40 1 879.403631987837 0.05
  1 1 41 1 782.418302581345 0.05
  1 1 42 1 684.459434400925 0.05
  1 1 1 4 6955.3699693495 0.05
  1 1 2 4 6680.28727614494 0.05
  1 1 3 4 6893.99360735437 0.05
  1 1 4 4 6502.450591495 0.05
  1 1 5 4 6583.58253150145 0.05
  1 1 6 4 6830.91394732471 0.05
  1 1 7 4 7498.15389888422 0.05
  1 1 8 4 7525.60635791063 0.05
  1 1 9 4 8697.8965350084 0.05
  1 1 10 4 8526.71990307437 0.05
  1 1 11 4 9164.71938078904 0.05
  1 1 12 4 9349.11481641625 0.05
  1 1 13 4 10372.2462096007 0.05
  1 1 14 4 10264.7273988046 0.05
  1 1 15 4 10510.3493584721 0.05
  1 1 16 4 10925.6050416321 0.05
  1 1 17 4 9899.23376919898 0.05
  1 1 18 4 10629.8962962964 0.05
  1 1 19 4 10206.5136143087 0.05
  1 1 20 4 11296.7564837078 0.05
  1 1 21 4 4828.5992544709 0.05
  1 1 22 4 4704.3590373075 0.05
  1 1 23 4 4888.52758800647 0.05
  1 1 24 4 4946.47273872328 0.05
  1 1 25 4 4420.96648892153 0.05
  1 1 26 4 5042.48119212801 0.05
  1 1 27 4 5211.5852288993 0.05
  1 1 28 4 4607.23903784259 0.05
  1 1 29 4 4545.17938712449 0.05
  1 1 30 4 4642.91488182142 0.05
  1 1 31 4 4619.11175198569 0.05
  1 1 32 4 4494.42093218915 0.05
  1 1 33 4 4739.98718685626 0.05
  1 1 34 4 4824.62788805648 0.05
  1 1 35 4 4781.21470844897 0.05
  1 1 36 4 4655.26563000952 0.05
  1 1 37 4 4544.03301103861 0.05
  1 1 38 4 4168.96940543323 0.05
  1 1 39 4 4545.94531519422 0.05
  1 1 40 4 4018.98646343947 0.05
  1 1 41 4 4703.14994796877 0.05
  1 1 42 4 4935.18529427816 0.05
  2 1 1 2 1272.16250485799 0.05
  2 1 2 2 1334.81711177033 0.05
  2 1 3 2 927.374171033917 0.05
  2 1 4 2 801.429098138115 0.05
  2 1 5 2 1073.68278854148 0.05
  2 1 6 2 1093.479291688 0.05
  2 1 7 2 902.677478693619 0.05
  2 1 8 2 923.288419325361 0.05
  2 1 9 2 910.856878289958 0.05
  2 1 10 2 854.350365709108 0.05
  2 1 11 2 945.605019066844 0.05
  2 1 12 2 1578.26232956222 0.05
  2 1 13 2 2119.55418264837 0.05
  2 1 14 2 2174.20058607268 0.05
  2 1 15 2 1656.61276824091 0.05
  2 1 16 2 1107.35213392967 0.05
  2 1 17 2 680.787148083302 0.05
  2 1 18 2 484.371150303081 0.05
  2 1 19 2 1750.65309228586 0.05
  2 1 20 2 7495.64616417422 0.05
  2 1 21 2 15936.7139245571 0.05
  2 1 22 2 12344.4345561948 0.05
  2 1 23 2 14206.9866860012 0.05
  2 1 24 2 16626.5496330415 0.05
  2 1 25 2 15074.5807587254 0.05
  2 1 26 2 13384.333581408 0.05
  2 1 27 2 11405.9771572114 0.05
  2 1 28 2 11082.3211338921 0.05
  2 1 29 2 10549.8861585951 0.05
  2 1 30 2 9744.67250737386 0.05
  2 1 31 2 10124.2202628435 0.05
  2 1 32 2 12122.2209362224 0.05
  2 1 33 2 13640.7016673434 0.05
  2 1 34 2 17708.1026687301 0.05
  2 1 35 2 19952.5311408372 0.05
  2 1 36 2 22311.1521909853 0.05
  2 1 37 2 21017.7278537787 0.05
  2 1 38 2 17484.1788160257 0.05
  2 1 39 2 12258.4397922995 0.05
  2 1 40 2 7615.05671460621 0.05
  2 1 41 2 4594.00055747619 0.05
  2 1 42 2 2897.43016786863 0.05
  2 1 1 3 381.302215084387 0.05
  2 1 2 3 345.161882848152 0.05
  2 1 3 3 333.262976270196 0.05
  2 1 4 3 641.909995968643 0.05
  2 1 5 3 1434.15707549825 0.05
  2 1 6 3 2459.37389933884 0.05
  2 1 7 3 2790.37115047609 0.05
  2 1 8 3 2896.58479120746 0.05
  2 1 9 3 2939.48128646078 0.05
  2 1 10 3 2751.89214126879 0.05
  2 1 11 3 2265.85708285621 0.05
  2 1 12 3 1814.1328477669 0.05
  2 1 13 3 1616.18760980872 0.05
  2 1 14 3 1662.77081736844 0.05
  2 1 15 3 1810.30548744203 0.05
  2 1 16 3 1868.39765638261 0.05
  2 1 17 3 1657.0349859153 0.05
  2 1 18 3 1698.98853445697 0.05
  2 1 19 3 1315.86531714607 0.05
  2 1 20 3 1160.14360638299 0.05
  2 1 21 3 966.657089612921 0.05
  2 1 22 3 722.02293287958 0.05
  2 1 23 3 727.116306382474 0.05
  2 1 24 3 723.665080388315 0.05
  2 1 25 3 936.033582151877 0.05
  2 1 26 3 1120.74328884863 0.05
  2 1 27 3 1176.11550261235 0.05
  2 1 28 3 1119.66836560584 0.05
  2 1 29 3 1041.42716838959 0.05
  2 1 30 3 889.425635212388 0.05
  2 1 31 3 723.752549642044 0.05
  2 1 32 3 555.725263684387 0.05
  2 1 33 3 458.084618658786 0.05
  2 1 34 3 409.4847423588 0.05
  2 1 35 3 438.623416023995 0.05
  2 1 36 3 723.492416167022 0.05
  2 1 37 3 1005.5802317121 0.05
  2 1 38 3 1151.74009087237 0.05
  2 1 39 3 1303.88453748656 0.05
  2 1 40 3 1073.07556520133 0.05
  2 1 41 3 21926.1015988795 0.05
  2 1 42 3 24059.1521774913 0.05
# end catch observations 
#  
# Fishery size comp data 
# Number of observations, init_int Ncatch_size_obs 
  168
# init_matrix obs_catch_size(1,Ncatch_size_obs,1,ncol) 
# Fleet Area  Year  Species Type (0=whole, 1=retained, 2=discard) InpN, proportion by size bin 
  1 1 1 1 0 81 0.0123456790123457 0.777777777777778 0.407407407407407 0.0123456790123457 0.0246913580246914
  1 1 2 1 0 73 0.136986301369863 0.506849315068493 0.589041095890411 0.0958904109589041 0.0410958904109589
  1 1 3 1 0 65 0.123076923076923 0.430769230769231 0.646153846153846 0.338461538461538 0
  1 1 4 1 0 56 1.08928571428571 0.142857142857143 0.285714285714286 0.25 0.0178571428571429
  1 1 5 1 0 120 0.216666666666667 0.333333333333333 0.133333333333333 0.15 0
  1 1 6 1 0 130 0.123076923076923 0.3 0.238461538461538 0.107692307692308 0
  1 1 7 1 0 94 0.191489361702128 0.319148936170213 0.329787234042553 0.223404255319149 0
  1 1 8 1 0 94 0.191489361702128 0.340425531914894 0.319148936170213 0.212765957446809 0
  1 1 9 1 0 82 0.804878048780488 0.134146341463415 0.146341463414634 0.134146341463415 0
  1 1 10 1 0 76 0.407894736842105 0.618421052631579 0.171052631578947 0.118421052631579 0
  1 1 11 1 0 74 0.243243243243243 0.594594594594595 0.432432432432432 0.0810810810810811 0
  1 1 12 1 0 65 0.138461538461538 0.523076923076923 0.646153846153846 0.230769230769231 0
  1 1 13 1 0 77 0.038961038961039 0.298701298701299 0.636363636363636 0.324675324675325 0
  1 1 14 1 0 88 0.102272727272727 0.227272727272727 0.545454545454545 0.261363636363636 0
  1 1 15 1 0 66 0.0454545454545455 0.287878787878788 0.803030303030303 0.378787878787879 0
  1 1 16 1 0 69 0.072463768115942 0.231884057971014 0.449275362318841 0.695652173913043 0
  1 1 17 1 0 43 0.348837209302326 0.186046511627907 0.767441860465116 1.02325581395349 0
  1 1 18 1 0 34 2.11764705882353 0.235294117647059 0.176470588235294 0.411764705882353 0
  1 1 19 1 0 55 0.563636363636364 1 0.0545454545454545 0.2 0
  1 1 20 1 0 64 0.28125 0.734375 0.375 0.171875 0
  1 1 21 1 0 77 0.233766233766234 0.415584415584416 0.467532467532468 0.181818181818182 0
  1 1 22 1 0 67 0.104477611940299 0.522388059701492 0.656716417910448 0.208955223880597 0
  1 1 23 1 0 133 0.0676691729323308 0.165413533834586 0.308270676691729 0.210526315789474 0
  1 1 24 1 0 98 0.102040816326531 0.204081632653061 0.326530612244898 0.387755102040816 0
  1 1 25 1 0 91 0.10989010989011 0.197802197802198 0.395604395604396 0.395604395604396 0
  1 1 26 1 0 77 0.103896103896104 0.233766233766234 0.38961038961039 0.571428571428571 0
  1 1 27 1 0 102 0.186274509803922 0.0882352941176471 0.274509803921569 0.431372549019608 0
  1 1 28 1 0 76 0.184210526315789 0.25 0.302631578947368 0.578947368421053 0
  1 1 29 1 0 110 0.0636363636363636 0.2 0.2 0.445454545454545 0
  1 1 30 1 0 100 0.03 0.17 0.21 0.59 0
  1 1 31 1 0 108 0.0648148148148148 0.175925925925926 0.351851851851852 0.333333333333333 0
  1 1 32 1 0 118 0.0508474576271186 0.101694915254237 0.211864406779661 0.483050847457627 0
  1 1 33 1 0 129 0.00775193798449612 0.062015503875969 0.27906976744186 0.426356589147287 0
  1 1 34 1 0 90 0.0888888888888889 0.0666666666666667 0.344444444444444 0.611111111111111 0
  1 1 35 1 0 69 0.231884057971014 0.159420289855072 0.304347826086957 0.753623188405797 0
  1 1 36 1 0 80 0.2 0.1625 0.275 0.6125 0
  1 1 37 1 0 62 0.129032258064516 0.274193548387097 0.387096774193548 0.82258064516129 0
  1 1 38 1 0 94 0.106382978723404 0.159574468085106 0.265957446808511 0.531914893617021 0
  1 1 39 1 0 75 0.106666666666667 0.2 0.306666666666667 0.72 0
  1 1 40 1 0 75 0.106666666666667 0.213333333333333 0.266666666666667 0.746666666666667 0
  1 1 41 1 0 35 0.485714285714286 0.457142857142857 0.742857142857143 1.17142857142857 0
  1 1 42 1 0 22 1.18181818181818 0.909090909090909 0.681818181818182 1.77272727272727 0
  1 1 1 4 0 5 0 0 15 0.4 4.6
  1 1 2 4 0 5 3 0 4.4 11.4 1.2
  1 1 3 4 0 5 0.2 6 2.4 9.8 1.6
  1 1 4 4 0 5 1 3.2 9.4 6.2 0.2
  1 1 5 4 0 5 0.2 1.6 6.8 11.4 0
  1 1 6 4 0 5 1.2 1.6 5.6 11.6 0
  1 1 7 4 0 5 0.8 3.2 5.8 10.2 0
  1 1 8 4 0 5 1 2.6 5.8 10.6 0
  1 1 9 4 0 5 1.2 3.2 6.4 9.2 0
  1 1 10 4 0 5 7.8 1.6 4.8 5.8 0
  1 1 11 4 0 1 4 57 14 25 0
  1 1 12 4 0 5 0 4.6 10.2 5.2 0
  1 1 13 4 0 1 0 4 47 49 0
  1 1 14 4 0 2 0.5 0.5 16 33 0
  1 1 15 4 0 8 0 0 3.25 9.25 0
  1 1 16 4 0 3 0 2.33333333333333 6.33333333333333 24.6666666666667 0
  1 1 17 4 0 3 4 1 2.33333333333333 26 0
  1 1 18 4 0 1 92 2 0 6 0
  1 1 19 4 0 3 0 31.3333333333333 1.66666666666667 0.333333333333333 0
  1 1 20 4 0 3 0 3 29 1.33333333333333 0
  1 1 21 4 0 3 8.66666666666667 0.666666666666667 9.33333333333333 14.6666666666667 0
  1 1 22 4 0 2 0 23 8 19 0
  1 1 23 4 0 6 1 2 8.83333333333333 4.83333333333333 0
  1 1 24 4 0 1 1 20 31 48 0
  1 1 25 4 0 1 12 4 31 53 0
  1 1 26 4 0 2 4.5 10 13.5 22 0
  1 1 27 4 0 2 0 16 12.5 21.5 0
  1 1 28 4 0 4 0 2.25 12.25 10.5 0
  1 1 29 4 0 7 3.71428571428571 0.428571428571429 4.28571428571429 5.85714285714286 0
  1 1 30 4 0 6 0.5 7.83333333333333 1.83333333333333 6.5 0
  1 1 31 4 0 10 1.2 1.1 4.4 3.3 0
  1 1 32 4 0 7 2 4.57142857142857 2.57142857142857 5.14285714285714 0
  1 1 33 4 0 15 1.46666666666667 1.46666666666667 2.33333333333333 1.4 0
  1 1 34 4 0 19 0.0526315789473684 2.10526315789474 1.94736842105263 1.15789473684211 0
  1 1 35 4 0 13 1.69230769230769 0.230769230769231 4.07692307692308 1.69230769230769 0
  1 1 36 4 0 23 0.0434782608695652 1.30434782608696 1.04347826086957 1.95652173913043 0
  1 1 37 4 0 7 0.142857142857143 0.571428571428571 7.85714285714286 5.71428571428571 0
  1 1 38 4 0 7 0 0.428571428571429 4.42857142857143 9.42857142857143 0
  1 1 39 4 0 19 0 0.0526315789473684 1.05263157894737 4.15789473684211 0
  1 1 40 4 0 25 0.04 0.08 0.44 3.44 0
  1 1 41 4 0 31 0.193548387096774 0 0.32258064516129 2.70967741935484 0
  1 1 42 4 0 31 0.935483870967742 0.225806451612903 0.32258064516129 1.74193548387097 0
  2 1 1 2 0 2 3.5 0 4.5 42 0
  2 1 2 2 0 5 8.6 2.6 0.6 8.2 0
  2 1 3 2 0 2 4.5 28 4 13.5 0
  2 1 4 2 0 5 0.2 5.4 11.6 2.8 0
  2 1 5 2 0 5 0.4 3.6 9.6 6.4 0
  2 1 6 2 0 5 0.2 1.2 11.2 7.4 0
  2 1 7 2 0 5 0 1.8 7.8 10.4 0
  2 1 8 2 0 1 0 0 27 73 0
  2 1 9 2 0 5 0 0 5.2 14.8 0
  2 1 10 2 0 5 0 0 4.4 15.6 0
  2 1 11 2 0 2 4 0 9 37 0
  2 1 12 2 0 5 1 3.4 2.2 13.4 0
  2 1 13 2 0 5 0.2 2 5.4 12.4 0
  2 1 14 2 0 5 0 2.6 6.4 11 0
  2 1 15 2 0 5 0.4 1.2 6.6 11.8 0
  2 1 16 2 0 5 0 1.4 5.4 13.2 0
  2 1 17 2 0 5 0.2 0.6 4.4 14.8 0
  2 1 18 2 0 5 0.2 0.2 3 16.6 0
  2 1 19 2 0 5 0 0.4 3 16.6 0
  2 1 20 2 0 30 0 0.0333333333333333 0.5 2.8 0
  2 1 21 2 0 46 0 0.0434782608695652 0.434782608695652 1.69565217391304 0
  2 1 22 2 0 10 0.6 0.4 1.4 7.6 0
  2 1 23 2 0 19 0.210526315789474 1.21052631578947 0.842105263157895 3 0
  2 1 24 2 0 61 0 0.524590163934426 0.573770491803279 0.540983606557377 0
  2 1 25 2 0 29 0.0689655172413793 0.241379310344828 1.51724137931034 1.62068965517241 0
  2 1 26 2 0 32 0 0.15625 1.15625 1.8125 0
  2 1 27 2 0 16 0 0.25 1.6875 4.3125 0
  2 1 28 2 0 31 0 0.129032258064516 1 2.09677419354839 0
  2 1 29 2 0 44 0 0 0.704545454545455 1.56818181818182 0
  2 1 30 2 0 29 0 0.0344827586206897 0.689655172413793 2.72413793103448 0
  2 1 31 2 0 25 0 0 0.64 3.36 0
  2 1 32 2 0 22 0.0454545454545455 0.0454545454545455 0.363636363636364 4.09090909090909 0
  2 1 33 2 0 35 0.714285714285714 0 0.342857142857143 1.8 0
  2 1 34 2 0 28 0.214285714285714 1.5 0.357142857142857 1.5 0
  2 1 35 2 0 45 0 0.666666666666667 1.17777777777778 0.377777777777778 0
  2 1 36 2 0 51 0 0.215686274509804 1.05882352941176 0.686274509803922 0
  2 1 37 2 0 41 0.0487804878048781 0.219512195121951 1.02439024390244 1.14634146341463 0
  2 1 38 2 0 36 0 0.166666666666667 0.972222222222222 1.63888888888889 0
  2 1 39 2 0 20 0.05 0.2 1.6 3.15 0
  2 1 40 2 0 14 0.0714285714285714 0.285714285714286 1.64285714285714 5.14285714285714 0
  2 1 41 2 0 17 0 0.294117647058824 1 4.58823529411765 0
  2 1 42 2 0 24 0.0416666666666667 0.0833333333333333 1.16666666666667 2.875 0
  2 1 1 3 0 1 38 0 60 2 0
  2 1 2 3 0 5 10.4 1 7.4 1.2 0
  2 1 3 3 0 5 11.6 2.4 5.2 0.8 0
  2 1 4 3 0 1 57 21 16 6 0
  2 1 5 3 0 6 8.66666666666667 4.16666666666667 2.5 1.33333333333333 0
  2 1 6 3 0 4 14.75 7 3 0.25 0
  2 1 7 3 0 5 11 6.8 2 0.2 0
  2 1 8 3 0 1 44 29 21 6 0
  2 1 9 3 0 1 43 31 19 7 0
  2 1 10 3 0 1 42 28 25 5 0
  2 1 11 3 0 2 23 17 9 1 0
  2 1 12 3 0 5 10.2 6.2 2.8 0.8 0
  2 1 13 3 0 4 10.75 7.25 6.25 0.75 0
  2 1 14 3 0 8 6.125 4.125 1.5 0.75 0
  2 1 15 3 0 11 3.81818181818182 3.18181818181818 1.81818181818182 0.272727272727273 0
  2 1 16 3 0 5 10.2 4.6 4 1.2 0
  2 1 17 3 0 5 8.4 6.4 4 1.2 0
  2 1 18 3 0 1 50 26 17 7 0
  2 1 19 3 0 1 40 36 19 5 0
  2 1 20 3 0 4 11.75 7 5.25 1 0
  2 1 21 3 0 3 15 8 7.66666666666667 2.66666666666667 0
  2 1 22 3 0 4 11.25 6.75 6 1 0
  2 1 23 3 0 3 13 9.33333333333333 9.33333333333333 1.66666666666667 0
  2 1 24 3 0 3 13.6666666666667 9.66666666666667 7.66666666666667 2.33333333333333 0
  2 1 25 3 0 2 17.5 15.5 13 4 0
  2 1 26 3 0 4 8.75 9.5 4.75 2 0
  2 1 27 3 0 5 6.4 6.2 5.2 2.2 0
  2 1 28 3 0 4 10 9.5 4.25 1.25 0
  2 1 29 3 0 4 9.25 9.5 3.25 3 0
  2 1 30 3 0 24 1.41666666666667 1.29166666666667 1.04166666666667 0.416666666666667 0
  2 1 31 3 0 10 3.8 2.3 2.3 1.6 0
  2 1 32 3 0 12 3.41666666666667 2.16666666666667 1.66666666666667 1.08333333333333 0
  2 1 33 3 0 4 9 8.5 5.25 2.25 0
  2 1 34 3 0 6 8.5 4.16666666666667 2.66666666666667 1.33333333333333 0
  2 1 35 3 0 2 21 15 9.5 4.5 0
  2 1 36 3 0 10 4 3 2 1 0
  2 1 37 3 0 9 4.66666666666667 3.22222222222222 1.77777777777778 1.44444444444444 0
  2 1 38 3 0 13 3.53846153846154 1.92307692307692 1.46153846153846 0.769230769230769 0
  2 1 39 3 0 16 2.3125 1.9375 1.4375 0.5625 0
  2 1 40 3 0 27 1.77777777777778 1.03703703703704 0.62962962962963 0.259259259259259 0
  2 1 41 3 0 15 2.8 1.66666666666667 2 0.2 0
  2 1 42 3 0 16 2.25 2.1875 1.375 0.4375 0
# end fishery length observations 
#  
# Survey diet proportion observations 
# Number of observations, init_int Ndietprop_obs 
  60
# init_matrix obs_dietprop(1,Ndietprop_obs,1,ncol) 
# Survey  Year  Predator  Predator_size InpN  wt_prey_1 wt_prey_2 wt_prey_3 wt_prey_4 wt_prey_5 wt_prey_6 wt_prey_7 wt_prey_8 wt_prey_9 wt_prey_10 wt_prey_11 other 
  1 12 1 2 100 0 0 0 0 1
  1 12 1 3 100 0.57 0 0 0 0.43
  1 13 1 3 100 0 0 0 0 1
  1 13 1 4 100 0 1 0 0 0
  1 15 1 2 100 0 0 0 0 1
  1 18 1 1 100 0.86 0 0 0 0.14
  1 18 1 2 100 0 0 0 0 1
  1 18 1 3 100 0 0.42 0 0 0.58
  1 19 1 2 100 0 0 0 0 1
  1 19 1 3 100 0 0 0 0 1
  1 20 1 3 100 0 0 0 0 1
  1 21 1 2 100 0 0.23 0 0 0.77
  1 21 1 3 100 0 0.45 0 0 0.55
  1 24 1 3 100 0 0 0 0 1
  1 25 1 3 100 0 0 0 0 1
  1 26 1 3 100 0 0.88 0 0 0.12
  1 27 1 3 100 0 0.82 0 0 0.18
  1 28 1 3 100 0 0.27 0 0 0.73
  1 33 1 3 100 0 0 0 0 1
  1 34 1 3 100 0 0 0 0 1
  1 35 1 3 100 0 0.29 0 0 0.71
  1 38 1 3 100 0 0 0 0 1
  1 39 1 3 100 0 0.88 0 0 0.12
  1 40 1 2 100 0 0 0 0 1
  1 41 1 2 100 0 0 1 0 0
  1 8 4 2 100 0 0 0 0 1
  1 8 4 3 100 0 0 0 0 1
  1 11 4 3 100 0 0 0 0 1
  1 13 4 2 100 0 0 0 0 1
  1 13 4 3 100 0 0.63 0 0 0.37
  1 13 4 4 100 0 0.58 0 0 0.42
  1 14 4 3 100 0 0 0 0 1
  1 15 4 3 100 0 0.56 0 0 0.44
  1 15 4 4 100 0 0 0 0 1
  1 16 4 3 100 0 0.99 0 0 0.01
  1 16 4 4 100 0 0.53 0 0 0.47
  1 17 4 3 100 0 0 0 0 1
  1 18 4 3 100 0 0 0 0 1
  1 19 4 2 100 0 0 0 0 1
  1 19 4 3 100 0 0.88 0 0 0.12
  1 20 4 2 100 0 0 0 0 1
  1 20 4 3 100 0 0 0 0 1
  1 21 4 3 100 0 0.11 0 0 0.89
  1 22 4 2 100 0 0 0 0 1
  1 23 4 3 100 0 0 0 0 1
  1 24 4 3 100 0 0 0 0 1
  1 25 4 3 100 0 0 0 0 1
  1 25 4 4 100 0 1 0 0 0
  1 26 4 3 100 0 0 0 0 1
  1 27 4 2 100 0 1 0 0 0
  1 27 4 3 100 0 1 0 0 0
  1 28 4 2 100 0 0 0 0 1
  1 28 4 3 100 0 0.85 0 0 0.15
  1 29 4 3 100 0 0 0 0 1
  1 31 4 3 100 0 0.56 0 0 0.44
  1 31 4 4 100 0 0 0 0 1
  1 34 4 3 100 0 0.01 0.6 0 0.39
  1 40 4 3 100 0 0 0.28 0 0.72
  1 40 4 4 100 0 0 0.93 0 0.07
  1 42 4 3 100 0 0 0 0 1
# end survey diet proportion observations 
#  
