# This file was created using the write_tsDatFile function and used all the simulated data from sim_dta.rds found in repo:Hydra-self-testing
# Survey index data 
# Number of observations, init_int Nsurvey_obs
  166
# init_matrix obs_survey_biomass(1,Nsurvey_obs,1,5)
# survey year spp value cv
  1 1 4 104038.297840809 0.212720515437525
  1 2 4 109567.56867665 0.222168779300385
  1 3 4 60204.2895193649 0.394113240257454
  1 4 4 186807.230737232 0.310035034727007
  1 5 4 96961.2156693198 0.378629084128514
  1 6 4 145407.130179765 0.494427832556011
  1 7 4 59714.1239271612 0.759062286891916
  1 8 4 113629.253363043 0.383150869515862
  1 9 4 158969.602199206 0.48934963094834
  1 10 4 154647.387151292 0.382452035825211
  1 11 4 69087.8911500529 0.566792532611316
  1 12 4 88726.3929511455 0.381518572031255
  1 13 4 234865.696733277 0.438380584739347
  1 14 4 306816.443060875 0.482345652338289
  1 15 4 204554.628374692 0.420835086749712
  1 16 4 59733.1335536291 0.515165860253858
  1 17 4 125544.928158895 0.559532625975744
  1 18 4 186471.417343722 0.479008946214672
  1 19 4 813993.594336346 0.429419179801904
  1 20 4 216219.360135355 0.477074256852948
  1 21 4 136500.033725058 0.410621521476155
  1 22 4 155537.54834812 0.294672690077384
  1 23 4 99004.7323716795 0.477447511398437
  1 24 4 240362.145372767 0.384568504019134
  1 25 4 95765.1816168974 0.333261603198005
  1 26 4 305661.63426672 0.685474246042822
  1 27 4 150533.142776098 0.286882992344226
  1 28 4 210855.699509322 0.371822434434906
  1 29 4 129802.967686399 0.592639130460935
  1 30 4 229367.053173326 0.374062101432949
  1 31 4 94328.8504624514 0.304499664309564
  1 32 4 142136.283803257 0.233962995093855
  1 33 4 197215.064625433 0.270006842918168
  1 34 4 146415.254930445 0.350007507053818
  1 35 4 255811.51588884 0.34274593698132
  1 36 4 131547.210651646 0.261906583866089
  1 37 4 152337.601113486 0.417429035160016
  1 38 4 61140.6927871672 0.441211421515246
  1 39 4 257534.345951226 0.495234601454268
  1 40 4 246965.193957753 0.237858203733512
  1 41 4 191033.490410496 0.327346172729995
  1 42 4 203557.362800171 0.368315456462939
  1 1 2 111.290816631325 0.601375663623589
  1 4 2 383.682831687124 1
  1 5 2 193.387017312056 0.611089023955187
  1 6 2 81.7010992232952 0.702037850017464
  1 7 2 443.638217046169 0.948289691951521
  1 8 2 85.626044051727 0.544380631361087
  1 9 2 135.791918718125 0.5393131982084
  1 10 2 179.273391041956 0.88095039530815
  1 11 2 138.414463777459 0.799987970388403
  1 12 2 189.033352096894 0.774991903603438
  1 13 2 401.868159813771 0.863215133786584
  1 14 2 128.038674604607 0.704083892007286
  1 15 2 404.792014857295 0.457459057188701
  1 16 2 174.738075352644 0.853197309912465
  1 17 2 70.362787737783 0.61116783920211
  1 18 2 117.465982983624 0.416775375911518
  1 19 2 2845.27700015657 0.69077510766454
  1 20 2 4106.72081115961 0.793751288508348
  1 21 2 2292.0898473997 0.339376634127756
  1 22 2 6627.18741548504 0.601950919776798
  1 23 2 2994.43939342662 0.658556209578282
  1 24 2 4966.19400214122 0.637453135075156
  1 25 2 3193.73300040971 0.510473149998029
  1 26 2 1815.79401985822 0.548437091427541
  1 27 2 2177.44725770547 0.492912195981742
  1 28 2 995.166116008707 0.747597319880804
  1 29 2 1827.78566583303 0.451616070879294
  1 30 2 2311.47229056179 0.797269558848634
  1 31 2 1590.74297078201 0.666772556553203
  1 32 2 1305.65664049967 0.96787270074405
  1 33 2 7978.10661451929 0.404694020855087
  1 34 2 1457.50885187362 0.814873375751391
  1 35 2 3909.3240144907 0.533219898766676
  1 36 2 8230.18050502155 0.371953858881132
  1 37 2 2667.1844563382 0.791301167226987
  1 38 2 1498.37874343752 0.633364993316759
  1 39 2 1328.62093079425 0.827253682697507
  1 40 2 1670.36379766683 0.900216415173481
  1 41 2 327.139046190876 0.957770995377006
  1 42 2 230.794023902299 0.55870584954739
  1 1 1 19117.6309467752 0.241799049430762
  1 2 1 16662.7791995625 0.142636213550947
  1 3 1 10019.6159637923 0.225478190042395
  1 4 1 19430.522739005 0.323579734794357
  1 5 1 14085.0518627181 0.320666395151501
  1 6 1 15975.9134622854 0.452044832991261
  1 7 1 15841.0150359953 0.28209645893665
  1 8 1 17620.213459082 0.414010381101596
  1 9 1 18562.6366436881 0.40638853202345
  1 10 1 16862.1787126481 0.290993157294119
  1 11 1 20688.4163207538 0.324615016521962
  1 12 1 16981.0855384334 0.294780938380682
  1 13 1 12451.212803426 0.440402569626277
  1 14 1 6961.96082063591 0.372421878022742
  1 15 1 9782.8529708817 0.341871348717721
  1 16 1 5591.20982048006 0.416897355424411
  1 17 1 5148.15124933794 0.500820840736393
  1 18 1 4559.74399152125 0.389853340834037
  1 19 1 5583.91509239847 0.293941849282161
  1 20 1 3393.57791624578 0.525509720403112
  1 21 1 10925.8796982333 0.266433769579894
  1 22 1 5582.62615454174 0.374831371194202
  1 23 1 5792.21710086544 0.352011231642473
  1 24 1 8274.41938904981 0.34725908523047
  1 25 1 13957.5292578292 0.578696888706846
  1 26 1 5879.33639364372 0.459728456052307
  1 27 1 3601.57133745502 0.539982548576019
  1 28 1 4272.7919348435 0.364309332200766
  1 29 1 6888.35625316252 0.562793580097325
  1 30 1 4020.27348388756 0.420348818797864
  1 31 1 4469.24842792159 0.403753427903273
  1 32 1 4281.44686677501 0.491331418922754
  1 33 1 2192.96522536471 0.537081122476055
  1 34 1 1257.58655074288 0.379030815152119
  1 35 1 2417.67508008892 0.519511456600017
  1 36 1 1259.05432160614 0.556056214854877
  1 37 1 773.864970784399 0.588197671943964
  1 38 1 1057.5568086741 0.324588369174256
  1 39 1 484.217860050954 0.501841796783066
  1 40 1 1640.77642901508 0.403101009292275
  1 41 1 1254.38453674766 0.478602624152216
  1 42 1 577.171561989321 0.646634922078809
  1 1 3 46.5857399233609 0.499484636786782
  1 2 3 204.177181824804 0.358153914340203
  1 3 3 404.32149149337 0.678339172154909
  1 4 3 379.083132363729 1
  1 5 3 1175.07600151226 0.693225535250834
  1 6 3 4941.72240262214 1
  1 7 3 347.136910531685 0.912293822979085
  1 8 3 138.597682514039 0.655734850091527
  1 9 3 149.661319928129 0.670809892238012
  1 10 3 576.862916505416 0.631102684426709
  1 11 3 213.291144772037 0.496475444687371
  1 12 3 1332.40045462646 0.740682868109632
  1 13 3 545.540290826466 0.360862225436052
  1 14 3 295.595251710824 0.547901331396328
  1 15 3 439.639582196582 0.429608216382601
  1 16 3 594.974579454553 0.69118921143411
  1 17 3 494.334580215216 0.426971754606328
  1 18 3 183.084001515206 0.505524319387353
  1 19 3 441.684756056773 0.644591984223249
  1 20 3 193.828511374072 0.899065435378594
  1 21 3 168.900717566391 0.543826822033971
  1 22 3 69.8433733502586 0.88174616562504
  1 23 3 322.566058442928 0.408104676406013
  1 24 3 137.933488398399 0.92608255019157
  1 25 3 735.284321541896 0.648664057223823
  1 26 3 707.65152373409 0.695927823776047
  1 27 3 121.385208989255 0.708713243925404
  1 28 3 153.219004430487 0.489543853646182
  1 29 3 92.0851114182297 0.703511357168505
  1 30 3 181.293831119868 0.631659802692532
  1 31 3 143.454621396309 0.626570332091694
  1 32 3 61.9005835982373 0.661895735249442
  1 33 3 85.5152620534982 0.783155911787346
  1 34 3 512.23268752191 0.542775440757204
  1 35 3 304.070039002617 0.870542376054271
  1 36 3 453.393004828526 0.492193512682958
  1 37 3 374.56239240458 0.909630520329322
  1 38 3 453.613238372681 0.644773009949607
  1 39 3 329.596859745989 0.515045488987725
  1 40 3 177.591212555463 0.442573167063876
  1 41 3 81389.3234479123 0.88587618368699
  1 42 3 107558.722741184 0.983269433580366
# end survey index observations 
#  
# Survey size comp data 
# Number of observations, init_int Nsurvey_size_obs 
  166
# init_matrix obs_survey_size(1,Nsurvey_size_obs,1,ncol) 
# Survey  Year  Species Type (0=whole, 1=retained, 2=discard) InpN, proportion by length bin 
  1 1 1 0 57 0 0.754385964912281 0.929824561403509 0.0701754385964912 0
  1 2 1 0 65 0 0.553846153846154 0.815384615384615 0.169230769230769 0
  1 3 1 0 32 0 0.75 1.625 0.71875 0.03125
  1 4 1 0 32 0.09375 1.78125 0.71875 0.53125 0
  1 5 1 0 21 0.142857142857143 2.95238095238095 1.38095238095238 0.238095238095238 0.0476190476190476
  1 6 1 0 18 0.0555555555555556 2.66666666666667 2.22222222222222 0.611111111111111 0
  1 7 1 0 25 0 2.04 1.48 0.48 0
  1 8 1 0 20 0 2.1 1.9 1 0
  1 9 1 0 16 0.3125 4.5625 0.6875 0.6875 0
  1 10 1 0 19 0.263157894736842 3.36842105263158 1.21052631578947 0.421052631578947 0
  1 11 1 0 20 0.05 2.25 2.25 0.45 0
  1 12 1 0 22 0.0454545454545455 1.13636363636364 2.63636363636364 0.727272727272727 0
  1 13 1 0 23 0 1.08695652173913 2.39130434782609 0.869565217391304 0
  1 14 1 0 14 0 2.35714285714286 3.07142857142857 1.71428571428571 0
  1 15 1 0 21 0.0476190476190476 0.952380952380952 2.76190476190476 1 0
  1 16 1 0 14 0 1.57142857142857 3.21428571428571 2.35714285714286 0
  1 17 1 0 17 0 1.58823529411765 2.17647058823529 2.11764705882353 0
  1 18 1 0 19 0.315789473684211 4.15789473684211 0.263157894736842 0.526315789473684 0
  1 19 1 0 18 0.0555555555555556 4.22222222222222 0.888888888888889 0.388888888888889 0
  1 20 1 0 15 0 3.53333333333333 2.53333333333333 0.6 0
  1 21 1 0 21 0.0476190476190476 1.57142857142857 2.57142857142857 0.571428571428571 0
  1 22 1 0 13 0.153846153846154 2.69230769230769 3.53846153846154 1.30769230769231 0
  1 23 1 0 14 0.0714285714285714 2.35714285714286 3.07142857142857 1.64285714285714 0
  1 24 1 0 14 0 1.14285714285714 3.35714285714286 2.64285714285714 0
  1 25 1 0 18 0 0.944444444444444 2 2.61111111111111 0
  1 26 1 0 14 0.142857142857143 2 2.5 2.5 0
  1 27 1 0 23 0.0434782608695652 1.08695652173913 1.47826086956522 1.73913043478261 0
  1 28 1 0 14 0.0714285714285714 2.14285714285714 2.28571428571429 2.64285714285714 0
  1 29 1 0 17 0 1.58823529411765 2.52941176470588 1.76470588235294 0
  1 30 1 0 18 0.0555555555555556 1.22222222222222 1.83333333333333 2.44444444444444 0
  1 31 1 0 20 0.05 1.4 1.4 2.15 0
  1 32 1 0 10 0.1 2 3.2 4.7 0
  1 33 1 0 15 0 1.53333333333333 1.93333333333333 3.2 0
  1 34 1 0 18 0 1.27777777777778 1.72222222222222 2.55555555555556 0
  1 35 1 0 8 0 2.875 4 5.625 0
  1 36 1 0 12 0.0833333333333333 1.83333333333333 2.5 3.91666666666667 0
  1 37 1 0 8 0 4.25 3.125 5.125 0
  1 38 1 0 16 0.0625 1.8125 1.875 2.5 0
  1 39 1 0 10 0.1 2.8 2.8 4.3 0
  1 40 1 0 10 0.1 2.7 2.4 4.8 0
  1 41 1 0 13 0.153846153846154 2.76923076923077 2.30769230769231 2.46153846153846 0
  1 42 1 0 8 0.25 6.125 2.75 3.375 0
  1 1 2 0 11 0 0 4.18181818181818 4.45454545454545 0.454545454545455
  1 4 2 0 1 0 1 67 32 0
  1 5 2 0 5 0 0.4 10.8 8.8 0
  1 6 2 0 1 0 0 52 48 0
  1 7 2 0 3 0 0.333333333333333 20.6666666666667 12.3333333333333 0
  1 8 2 0 4 0 0.25 15.25 9.5 0
  1 9 2 0 5 0 0.6 11 8.4 0
  1 10 2 0 10 0 0.3 5.8 3.9 0
  1 11 2 0 13 0 0.0769230769230769 5.84615384615385 1.76923076923077 0
  1 12 2 0 15 0 0 4.86666666666667 1.8 0
  1 13 2 0 9 0 0 6.44444444444444 4.66666666666667 0
  1 14 2 0 6 0 0 6 10.6666666666667 0
  1 15 2 0 13 0 0 2.38461538461538 5.30769230769231 0
  1 16 2 0 10 0 0 2.4 7.6 0
  1 17 2 0 10 0 0.5 2.6 6.9 0
  1 18 2 0 18 0 2.66666666666667 2.27777777777778 0.611111111111111 0
  1 19 2 0 27 0 0 3.7037037037037 0 0
  1 20 2 0 23 0 0 2.65217391304348 1.69565217391304 0
  1 21 2 0 25 0 0.4 1.48 2.12 0
  1 22 2 0 9 0 0.222222222222222 9.55555555555556 1.33333333333333 0
  1 23 2 0 8 0 0.25 6 6.25 0
  1 24 2 0 9 0 0.333333333333333 6.88888888888889 3.88888888888889 0
  1 25 2 0 14 0 0.428571428571429 3 3.71428571428571 0
  1 26 2 0 18 0 0.111111111111111 3.11111111111111 2.33333333333333 0
  1 27 2 0 16 0 0 4.5 1.75 0
  1 28 2 0 6 0 0 8.83333333333333 7.83333333333333 0
  1 29 2 0 8 0 1 4.5 7 0
  1 30 2 0 17 0 0 5 0.882352941176471 0
  1 31 2 0 9 0 0.111111111111111 6 5 0
  1 32 2 0 30 0 0.0333333333333333 2.46666666666667 0.833333333333333 0
  1 33 2 0 24 0 0.0833333333333333 3.20833333333333 0.875 0
  1 34 2 0 25 0 0 3.04 0.96 0
  1 35 2 0 16 0 0.3125 3.3125 2.625 0
  1 36 2 0 13 0 0 5.46153846153846 2.23076923076923 0
  1 37 2 0 8 0 0 6 6.5 0
  1 38 2 0 10 0 0 3.5 6.5 0
  1 39 2 0 13 0 0 2.07692307692308 5.61538461538461 0
  1 40 2 0 8 0 0 3.375 9.125 0
  1 41 2 0 5 0 0.2 5.6 14.2 0
  1 42 2 0 17 0 0.352941176470588 2.52941176470588 3 0
  1 1 3 0 27 0.037037037037037 2.48148148148148 0.444444444444444 0.740740740740741 0
  1 2 3 0 13 0 7.23076923076923 0.230769230769231 0.230769230769231 0
  1 3 3 0 5 0 10.6 9 0.4 0
  1 4 3 0 2 0 16 31 3 0
  1 5 3 0 5 0 4.2 13.6 2.2 0
  1 6 3 0 1 0 19 69 12 0
  1 7 3 0 3 0 2.33333333333333 22 9 0
  1 8 3 0 3 0 3.33333333333333 21.3333333333333 8.66666666666667 0
  1 9 3 0 4 0 3 14.25 7.75 0
  1 10 3 0 4 0 3.25 12.5 9.25 0
  1 11 3 0 4 0 15.5 5.5 4 0
  1 12 3 0 2 0 21 22.5 6.5 0
  1 13 3 0 8 0 4 6.625 1.875 0
  1 14 3 0 19 0 1.15789473684211 3.21052631578947 0.894736842105263 0
  1 15 3 0 15 0 1.06666666666667 4.2 1.4 0
  1 16 3 0 12 0 1.5 4.91666666666667 1.91666666666667 0
  1 17 3 0 14 0 1.28571428571429 3.78571428571429 2.07142857142857 0
  1 18 3 0 14 0 1.28571428571429 3.21428571428571 2.64285714285714 0
  1 19 3 0 15 0 1.6 3 2.06666666666667 0
  1 20 3 0 17 0 1.11764705882353 3.23529411764706 1.52941176470588 0
  1 21 3 0 12 0 1.91666666666667 4.16666666666667 2.25 0
  1 22 3 0 11 0 6.63636363636364 1.72727272727273 0.727272727272727 0
  1 23 3 0 16 0 3.1875 2.6875 0.375 0
  1 24 3 0 15 0 2.06666666666667 4.06666666666667 0.533333333333333 0
  1 25 3 0 4 0 6 14.5 4.5 0
  1 26 3 0 14 0 1.28571428571429 4.14285714285714 1.71428571428571 0
  1 27 3 0 6 0 3 10.1666666666667 3.5 0
  1 28 3 0 4 0 3.25 14.25 7.5 0
  1 29 3 0 2 0 2.5 29.5 18 0
  1 30 3 0 10 0 1.2 4.8 4 0
  1 31 3 0 9 0 0.333333333333333 4.77777777777778 6 0
  1 32 3 0 12 0 0.833333333333333 3.91666666666667 3.58333333333333 0
  1 33 3 0 5 0 17.2 1 1.8 0
  1 34 3 0 9 0 7.22222222222222 3.77777777777778 0.111111111111111 0
  1 35 3 0 5 0 9 10 1 0
  1 36 3 0 5 0 5 13.2 1.8 0
  1 37 3 0 3 0 5.33333333333333 22 6 0
  1 38 3 0 15 0 1.06666666666667 4.06666666666667 1.53333333333333 0
  1 39 3 0 12 0 1.33333333333333 5 2 0
  1 40 3 0 9 0 2.55555555555556 5.55555555555556 3 0
  1 41 3 0 8 0 2.125 6.25 4.125 0
  1 42 3 0 12 0 2 4.25 2.08333333333333 0
  1 1 4 0 86 0.0697674418604651 0.244186046511628 0.779069767441861 0.0697674418604651 0
  1 2 4 0 100 0.07 0.34 0.51 0.08 0
  1 3 4 0 33 0.212121212121212 1.60606060606061 1.12121212121212 0.0909090909090909 0
  1 4 4 0 44 0.181818181818182 1.25 0.75 0.0909090909090909 0
  1 5 4 0 34 0.382352941176471 1.79411764705882 0.735294117647059 0.0294117647058824 0
  1 6 4 0 40 0.225 1.375 0.75 0.15 0
  1 7 4 0 39 0.205128205128205 1.64102564102564 0.641025641025641 0.0769230769230769 0
  1 8 4 0 49 0.122448979591837 1.30612244897959 0.489795918367347 0.122448979591837 0
  1 9 4 0 36 0.166666666666667 1.88888888888889 0.666666666666667 0.0555555555555556 0
  1 10 4 0 43 0.0465116279069767 1.72093023255814 0.441860465116279 0.116279069767442 0
  1 11 4 0 41 0.0731707317073171 1.85365853658537 0.439024390243902 0.0731707317073171 0
  1 12 4 0 35 0.114285714285714 2 0.542857142857143 0.2 0
  1 13 4 0 32 0.09375 1.96875 0.75 0.3125 0
  1 14 4 0 21 0.19047619047619 3.47619047619048 0.857142857142857 0.238095238095238 0
  1 15 4 0 30 0.2 1.86666666666667 1.03333333333333 0.233333333333333 0
  1 16 4 0 19 0.210526315789474 3.84210526315789 1.05263157894737 0.157894736842105 0
  1 17 4 0 35 0.114285714285714 1.91428571428571 0.685714285714286 0.142857142857143 0
  1 18 4 0 27 0.259259259259259 2.03703703703704 1.18518518518519 0.222222222222222 0
  1 19 4 0 34 0.176470588235294 1.91176470588235 0.647058823529412 0.205882352941176 0
  1 20 4 0 42 0.142857142857143 1.5952380952381 0.452380952380952 0.19047619047619 0
  1 21 4 0 41 0.0975609756097561 1.63414634146341 0.634146341463415 0.0731707317073171 0
  1 22 4 0 44 0 1.47727272727273 0.704545454545455 0.0909090909090909 0
  1 23 4 0 28 0.285714285714286 2 1 0.285714285714286 0
  1 24 4 0 34 0.0588235294117647 1.73529411764706 0.970588235294118 0.176470588235294 0
  1 25 4 0 36 0.111111111111111 1.86111111111111 0.611111111111111 0.194444444444444 0
  1 26 4 0 31 0.129032258064516 2 0.903225806451613 0.193548387096774 0
  1 27 4 0 39 0.0769230769230769 1.41025641025641 0.923076923076923 0.153846153846154 0
  1 28 4 0 38 0.0789473684210526 1.57894736842105 0.710526315789474 0.263157894736842 0
  1 29 4 0 48 0.145833333333333 1.22916666666667 0.5625 0.145833333333333 0
  1 30 4 0 38 0.131578947368421 1.47368421052632 0.763157894736842 0.263157894736842 0
  1 31 4 0 61 0.0655737704918033 0.934426229508197 0.442622950819672 0.19672131147541 0
  1 32 4 0 48 0.0833333333333333 1.33333333333333 0.395833333333333 0.270833333333333 0
  1 33 4 0 49 0.183673469387755 1.10204081632653 0.591836734693878 0.163265306122449 0
  1 34 4 0 44 0.0454545454545455 1.15909090909091 0.886363636363636 0.181818181818182 0
  1 35 4 0 61 0.0983606557377049 1.0327868852459 0.344262295081967 0.163934426229508 0
  1 36 4 0 67 0.0597014925373134 0.955223880597015 0.373134328358209 0.104477611940299 0
  1 37 4 0 57 0.0526315789473684 1.05263157894737 0.526315789473684 0.12280701754386 0
  1 38 4 0 38 0.184210526315789 1.57894736842105 0.657894736842105 0.210526315789474 0
  1 39 4 0 52 0.134615384615385 1.01923076923077 0.615384615384615 0.153846153846154 0
  1 40 4 0 43 0.116279069767442 1.53488372093023 0.604651162790698 0.0697674418604651 0
  1 41 4 0 42 0.142857142857143 1.33333333333333 0.642857142857143 0.261904761904762 0
  1 42 4 0 61 0.0491803278688525 0.868852459016393 0.475409836065574 0.245901639344262 0
# end survey length observations 
#  
# Fishery catch data 
# Number of observations, init_int Ncatch_obs
  168
# init_matrix obs_catch_biomass(1,Ncatch_obs,1,6) 
# Fleet	Area	Year	Species	Catch(biomass t)	CV 
  1 1 1 1 19345.1090195577 0.05
  1 1 2 1 22954.1909706457 0.05
  1 1 3 1 23349.6089861132 0.05
  1 1 4 1 22340.7397249969 0.05
  1 1 5 1 22878.5804432712 0.05
  1 1 6 1 20502.1044365254 0.05
  1 1 7 1 20635.6046816098 0.05
  1 1 8 1 20530.5838462393 0.05
  1 1 9 1 16975.0657828964 0.05
  1 1 10 1 20172.925569038 0.05
  1 1 11 1 19728.5344801945 0.05
  1 1 12 1 21844.076850702 0.05
  1 1 13 1 20652.6802163115 0.05
  1 1 14 1 19686.0783404761 0.05
  1 1 15 1 15976.483999373 0.05
  1 1 16 1 13437.5102755827 0.05
  1 1 17 1 10449.7879254376 0.05
  1 1 18 1 7637.72787587132 0.05
  1 1 19 1 7253.67461264661 0.05
  1 1 20 1 8281.961245604 0.05
  1 1 21 1 4331.30470854363 0.05
  1 1 22 1 4635.77842960591 0.05
  1 1 23 1 5081.32866976153 0.05
  1 1 24 1 5088.20887770843 0.05
  1 1 25 1 5001.02370111191 0.05
  1 1 26 1 4625.83836815837 0.05
  1 1 27 1 4230.6810994778 0.05
  1 1 28 1 3965.05900938524 0.05
  1 1 29 1 3579.38409772204 0.05
  1 1 30 1 3003.34314589485 0.05
  1 1 31 1 2767.60484440588 0.05
  1 1 32 1 2430.68277140236 0.05
  1 1 33 1 2314.64146452639 0.05
  1 1 34 1 1932.07693803101 0.05
  1 1 35 1 1503.39890184528 0.05
  1 1 36 1 1469.51343583109 0.05
  1 1 37 1 1264.54991215568 0.05
  1 1 38 1 1153.03856100394 0.05
  1 1 39 1 897.387430858247 0.05
  1 1 40 1 836.366154777249 0.05
  1 1 41 1 725.028635731002 0.05
  1 1 42 1 666.656225058366 0.05
  1 1 1 4 6670.05459554783 0.05
  1 1 2 4 6197.36899773523 0.05
  1 1 3 4 6883.69383026586 0.05
  1 1 4 4 6305.92017775414 0.05
  1 1 5 4 6584.06950758829 0.05
  1 1 6 4 6648.18476819535 0.05
  1 1 7 4 7367.9209075384 0.05
  1 1 8 4 7022.48941882406 0.05
  1 1 9 4 8314.0028566766 0.05
  1 1 10 4 8264.38059864485 0.05
  1 1 11 4 9092.35024000667 0.05
  1 1 12 4 8970.07187820836 0.05
  1 1 13 4 9240.69211342691 0.05
  1 1 14 4 10434.1636227772 0.05
  1 1 15 4 11514.0485393871 0.05
  1 1 16 4 10920.3501394058 0.05
  1 1 17 4 9751.38464033822 0.05
  1 1 18 4 10182.2987831165 0.05
  1 1 19 4 10891.7949095755 0.05
  1 1 20 4 11471.7697486508 0.05
  1 1 21 4 4718.43932399862 0.05
  1 1 22 4 4824.60879603028 0.05
  1 1 23 4 4232.93785769111 0.05
  1 1 24 4 5233.28129635946 0.05
  1 1 25 4 4952.46727892063 0.05
  1 1 26 4 4829.45420799359 0.05
  1 1 27 4 4777.53610576913 0.05
  1 1 28 4 4581.50124310155 0.05
  1 1 29 4 4867.45314494634 0.05
  1 1 30 4 4306.62847450528 0.05
  1 1 31 4 4644.94424111636 0.05
  1 1 32 4 4464.11995259093 0.05
  1 1 33 4 4455.04093136289 0.05
  1 1 34 4 4476.66697886372 0.05
  1 1 35 4 4385.53606488003 0.05
  1 1 36 4 4749.65413330472 0.05
  1 1 37 4 4418.06966615572 0.05
  1 1 38 4 4516.09126010363 0.05
  1 1 39 4 4428.45315719968 0.05
  1 1 40 4 4195.53292072755 0.05
  1 1 41 4 4175.12624713825 0.05
  1 1 42 4 4805.78525424358 0.05
  2 1 1 2 1173.75121040497 0.05
  2 1 2 2 1198.06322139761 0.05
  2 1 3 2 930.401643606865 0.05
  2 1 4 2 900.188043045925 0.05
  2 1 5 2 1191.00686411244 0.05
  2 1 6 2 954.911365558217 0.05
  2 1 7 2 988.926413459423 0.05
  2 1 8 2 869.951790247598 0.05
  2 1 9 2 842.400867002073 0.05
  2 1 10 2 890.081812141746 0.05
  2 1 11 2 908.447483478083 0.05
  2 1 12 2 1473.65571793004 0.05
  2 1 13 2 2167.28375444127 0.05
  2 1 14 2 1994.50504322178 0.05
  2 1 15 2 1467.45568799242 0.05
  2 1 16 2 1235.89441743173 0.05
  2 1 17 2 642.34266764731 0.05
  2 1 18 2 450.91886760502 0.05
  2 1 19 2 1807.73384537025 0.05
  2 1 20 2 7856.60927390393 0.05
  2 1 21 2 14501.322926761 0.05
  2 1 22 2 13263.5476513543 0.05
  2 1 23 2 13059.2758959818 0.05
  2 1 24 2 17059.4360113679 0.05
  2 1 25 2 15979.648311961 0.05
  2 1 26 2 14402.5997865751 0.05
  2 1 27 2 10601.4511146851 0.05
  2 1 28 2 11675.4209261106 0.05
  2 1 29 2 11154.2421039899 0.05
  2 1 30 2 9704.53514269061 0.05
  2 1 31 2 9378.64171137144 0.05
  2 1 32 2 11917.8279328567 0.05
  2 1 33 2 14617.5765046904 0.05
  2 1 34 2 19016.1419966106 0.05
  2 1 35 2 19832.9019940097 0.05
  2 1 36 2 22182.4171656233 0.05
  2 1 37 2 17279.5783624423 0.05
  2 1 38 2 18206.9487289952 0.05
  2 1 39 2 10831.0570519215 0.05
  2 1 40 2 7111.95189177529 0.05
  2 1 41 2 4302.99040237075 0.05
  2 1 42 2 2980.48929289815 0.05
  2 1 1 3 376.075278634629 0.05
  2 1 2 3 354.117006134386 0.05
  2 1 3 3 306.268152309201 0.05
  2 1 4 3 677.433320457339 0.05
  2 1 5 3 1523.77677435125 0.05
  2 1 6 3 2351.89733152863 0.05
  2 1 7 3 2854.73843160718 0.05
  2 1 8 3 2772.26548085923 0.05
  2 1 9 3 3108.25890597746 0.05
  2 1 10 3 2629.39114388639 0.05
  2 1 11 3 2489.91753297232 0.05
  2 1 12 3 2037.74107548093 0.05
  2 1 13 3 1538.58895433071 0.05
  2 1 14 3 1680.01508805869 0.05
  2 1 15 3 1866.36967196797 0.05
  2 1 16 3 1805.70947588597 0.05
  2 1 17 3 1822.81989747922 0.05
  2 1 18 3 1640.1270174532 0.05
  2 1 19 3 1338.51088309525 0.05
  2 1 20 3 1054.42670617773 0.05
  2 1 21 3 896.373527394391 0.05
  2 1 22 3 848.579632688684 0.05
  2 1 23 3 687.435556732189 0.05
  2 1 24 3 813.140063069328 0.05
  2 1 25 3 945.720802523347 0.05
  2 1 26 3 1106.49594875594 0.05
  2 1 27 3 1209.98634530508 0.05
  2 1 28 3 1101.47344855885 0.05
  2 1 29 3 1250.82387502035 0.05
  2 1 30 3 892.644511643879 0.05
  2 1 31 3 743.525371339112 0.05
  2 1 32 3 549.40189873822 0.05
  2 1 33 3 491.22227741033 0.05
  2 1 34 3 376.322168131344 0.05
  2 1 35 3 438.925064497167 0.05
  2 1 36 3 725.347714160676 0.05
  2 1 37 3 1065.15245294265 0.05
  2 1 38 3 1175.70942394859 0.05
  2 1 39 3 1265.30333035979 0.05
  2 1 40 3 1037.09443536066 0.05
  2 1 41 3 19240.2620769627 0.05
  2 1 42 3 24078.1201262867 0.05
# end catch observations 
#  
# Fishery size comp data 
# Number of observations, init_int Ncatch_size_obs 
  168
# init_matrix obs_catch_size(1,Ncatch_size_obs,1,ncol) 
# Fleet Area  Year  Species Type (0=whole, 1=retained, 2=discard) InpN, proportion by size bin 
  1 1 1 1 0 81 0.0864197530864197 0.814814814814815 0.308641975308642 0 0.0246913580246914
  1 1 2 1 0 73 0.0821917808219178 0.438356164383562 0.767123287671233 0.0821917808219178 0
  1 1 3 1 0 65 0.0769230769230769 0.430769230769231 0.753846153846154 0.276923076923077 0
  1 1 4 1 0 56 1.08928571428571 0.125 0.357142857142857 0.214285714285714 0
  1 1 5 1 0 120 0.183333333333333 0.333333333333333 0.125 0.191666666666667 0
  1 1 6 1 0 130 0.115384615384615 0.361538461538462 0.207692307692308 0.0846153846153846 0
  1 1 7 1 0 94 0.287234042553192 0.297872340425532 0.393617021276596 0.0851063829787234 0
  1 1 8 1 0 94 0.148936170212766 0.361702127659574 0.372340425531915 0.180851063829787 0
  1 1 9 1 0 82 0.804878048780488 0.170731707317073 0.195121951219512 0.0487804878048781 0
  1 1 10 1 0 76 0.421052631578947 0.539473684210526 0.157894736842105 0.197368421052632 0
  1 1 11 1 0 74 0.148648648648649 0.608108108108108 0.5 0.0945945945945946 0
  1 1 12 1 0 65 0.246153846153846 0.523076923076923 0.584615384615385 0.184615384615385 0
  1 1 13 1 0 77 0.051948051948052 0.350649350649351 0.623376623376623 0.272727272727273 0
  1 1 14 1 0 88 0.0340909090909091 0.227272727272727 0.488636363636364 0.386363636363636 0
  1 1 15 1 0 66 0.121212121212121 0.333333333333333 0.636363636363636 0.424242424242424 0
  1 1 16 1 0 69 0.130434782608696 0.159420289855072 0.507246376811594 0.652173913043478 0
  1 1 17 1 0 43 0.302325581395349 0.255813953488372 0.976744186046512 0.790697674418605 0
  1 1 18 1 0 34 2.35294117647059 0.176470588235294 0.205882352941176 0.205882352941176 0
  1 1 19 1 0 55 0.636363636363636 0.8 0.218181818181818 0.163636363636364 0
  1 1 20 1 0 64 0.28125 0.71875 0.390625 0.171875 0
  1 1 21 1 0 77 0.12987012987013 0.506493506493506 0.480519480519481 0.181818181818182 0
  1 1 22 1 0 67 0.17910447761194 0.283582089552239 0.716417910447761 0.313432835820896 0
  1 1 23 1 0 133 0.0526315789473684 0.18796992481203 0.278195488721804 0.233082706766917 0
  1 1 24 1 0 98 0.0714285714285714 0.183673469387755 0.438775510204082 0.326530612244898 0
  1 1 25 1 0 91 0.0659340659340659 0.0879120879120879 0.461538461538462 0.483516483516484 0
  1 1 26 1 0 77 0.0909090909090909 0.168831168831169 0.376623376623377 0.662337662337662 0
  1 1 27 1 0 102 0.254901960784314 0.0686274509803922 0.294117647058824 0.362745098039216 0
  1 1 28 1 0 76 0.223684210526316 0.184210526315789 0.289473684210526 0.618421052631579 0
  1 1 29 1 0 110 0.1 0.181818181818182 0.227272727272727 0.4 0
  1 1 30 1 0 100 0.05 0.16 0.23 0.56 0
  1 1 31 1 0 108 0.0277777777777778 0.12037037037037 0.333333333333333 0.444444444444444 0
  1 1 32 1 0 118 0.00847457627118644 0.0338983050847458 0.279661016949153 0.525423728813559 0
  1 1 33 1 0 129 0.0310077519379845 0.108527131782946 0.255813953488372 0.37984496124031 0
  1 1 34 1 0 90 0.1 0.0888888888888889 0.344444444444444 0.577777777777778 0
  1 1 35 1 0 69 0.27536231884058 0.0579710144927536 0.231884057971014 0.884057971014493 0
  1 1 36 1 0 80 0.15 0.2375 0.3 0.5625 0
  1 1 37 1 0 62 0.274193548387097 0.258064516129032 0.338709677419355 0.741935483870968 0
  1 1 38 1 0 94 0.127659574468085 0.170212765957447 0.223404255319149 0.542553191489362 0
  1 1 39 1 0 75 0.0933333333333333 0.253333333333333 0.213333333333333 0.773333333333333 0
  1 1 40 1 0 75 0.106666666666667 0.213333333333333 0.253333333333333 0.76 0
  1 1 41 1 0 35 0.485714285714286 0.514285714285714 0.742857142857143 1.11428571428571 0
  1 1 42 1 0 22 1 0.681818181818182 0.954545454545455 1.90909090909091 0
  1 1 1 4 0 5 0 0 14.4 2 3.6
  1 1 2 4 0 5 2.6 0 7.6 8.6 1.2
  1 1 3 4 0 5 0.4 7 1.8 10 0.8
  1 1 4 4 0 5 0.4 2.4 12.6 4.4 0.2
  1 1 5 4 0 5 0 1.2 9 9.6 0.2
  1 1 6 4 0 5 0.2 2.8 4.8 12.2 0
  1 1 7 4 0 5 1 4 6 9 0
  1 1 8 4 0 5 1.2 2.8 7.4 8.6 0
  1 1 9 4 0 5 1 2.4 5.8 10.8 0
  1 1 10 4 0 5 5 2 6.6 6.4 0
  1 1 11 4 0 1 8 49 19 24 0
  1 1 12 4 0 5 0.8 3.2 13 3 0
  1 1 13 4 0 1 0 11 39 50 0
  1 1 14 4 0 2 0 4 15 31 0
  1 1 15 4 0 8 0 0.25 2.5 9.75 0
  1 1 16 4 0 3 0 0 4 29.3333333333333 0
  1 1 17 4 0 3 4.66666666666667 0.333333333333333 4.66666666666667 23.6666666666667 0
  1 1 18 4 0 1 89 6 1 4 0
  1 1 19 4 0 3 0.333333333333333 32.3333333333333 0.333333333333333 0.333333333333333 0
  1 1 20 4 0 3 0.333333333333333 2.66666666666667 29 1.33333333333333 0
  1 1 21 4 0 3 8.66666666666667 1 11 12.6666666666667 0
  1 1 22 4 0 2 0.5 25.5 5.5 18.5 0
  1 1 23 4 0 6 3.16666666666667 1.33333333333333 8.83333333333333 3.33333333333333 0
  1 1 24 4 0 1 0 21 25 54 0
  1 1 25 4 0 1 8 3 29 60 0
  1 1 26 4 0 2 9 13 8.5 19.5 0
  1 1 27 4 0 2 0 13 17 20 0
  1 1 28 4 0 4 0.75 1 12 11.25 0
  1 1 29 4 0 7 3.28571428571429 0.571428571428571 2.71428571428571 7.71428571428571 0
  1 1 30 4 0 6 0.166666666666667 7.33333333333333 2.66666666666667 6.5 0
  1 1 31 4 0 10 1.4 1 5.9 1.7 0
  1 1 32 4 0 7 2.14285714285714 4 2.57142857142857 5.57142857142857 0
  1 1 33 4 0 15 0.933333333333333 1.66666666666667 2.6 1.46666666666667 0
  1 1 34 4 0 19 0 1.89473684210526 1.52631578947368 1.84210526315789 0
  1 1 35 4 0 13 1.46153846153846 0.615384615384615 3.30769230769231 2.30769230769231 0
  1 1 36 4 0 23 0 1.39130434782609 1.1304347826087 1.82608695652174 0
  1 1 37 4 0 7 0.142857142857143 1.14285714285714 6.85714285714286 6.14285714285714 0
  1 1 38 4 0 7 0 0 5 9.28571428571429 0
  1 1 39 4 0 19 0 0.105263157894737 0.736842105263158 4.42105263157895 0
  1 1 40 4 0 25 0 0.08 0.68 3.24 0
  1 1 41 4 0 31 0.129032258064516 0.129032258064516 0.32258064516129 2.64516129032258 0
  1 1 42 4 0 31 0.774193548387097 0.0645161290322581 0.225806451612903 2.16129032258065 0
  2 1 1 2 0 2 3.5 0 4 42.5 0
  2 1 2 2 0 5 7.4 2.2 0.6 9.8 0
  2 1 3 2 0 2 5 27 5 13 0
  2 1 4 2 0 5 0.8 7.8 8.8 2.6 0
  2 1 5 2 0 5 0.6 2.8 8.6 8 0
  2 1 6 2 0 5 0.2 1.2 7.4 11.2 0
  2 1 7 2 0 5 0 0.8 6.4 12.8 0
  2 1 8 2 0 1 0 6 20 74 0
  2 1 9 2 0 5 0 0.4 6.6 13 0
  2 1 10 2 0 5 0 0.4 4 15.6 0
  2 1 11 2 0 2 4 0.5 9.5 36 0
  2 1 12 2 0 5 0.6 3.6 2.6 13.2 0
  2 1 13 2 0 5 0.2 2.8 5.2 11.8 0
  2 1 14 2 0 5 0.4 2.2 6.4 11 0
  2 1 15 2 0 5 0 1 8 11 0
  2 1 16 2 0 5 0 0.2 5.6 14.2 0
  2 1 17 2 0 5 0 0.4 2.4 17.2 0
  2 1 18 2 0 5 0 0.4 4 15.6 0
  2 1 19 2 0 5 0 0.6 3.6 15.8 0
  2 1 20 2 0 30 0.0333333333333333 0.1 0.766666666666667 2.43333333333333 0
  2 1 21 2 0 46 0.0434782608695652 0.0869565217391304 0.456521739130435 1.58695652173913 0
  2 1 22 2 0 10 1.3 0.4 1.6 6.7 0
  2 1 23 2 0 19 0.368421052631579 1.42105263157895 0.789473684210526 2.68421052631579 0
  2 1 24 2 0 61 0.0327868852459016 0.278688524590164 0.688524590163934 0.639344262295082 0
  2 1 25 2 0 29 0.0344827586206897 0.517241379310345 1.55172413793103 1.3448275862069 0
  2 1 26 2 0 32 0 0.09375 1.4375 1.59375 0
  2 1 27 2 0 16 0 0.0625 2.3125 3.875 0
  2 1 28 2 0 31 0 0 0.67741935483871 2.54838709677419 0
  2 1 29 2 0 44 0 0.0454545454545455 0.272727272727273 1.95454545454545 0
  2 1 30 2 0 29 0 0.103448275862069 0.551724137931034 2.79310344827586 0
  2 1 31 2 0 25 0 0.04 0.52 3.44 0
  2 1 32 2 0 22 0 0.0454545454545455 0.5 4 0
  2 1 33 2 0 35 0.714285714285714 0 0.457142857142857 1.68571428571429 0
  2 1 34 2 0 28 0.5 1.5 0.214285714285714 1.35714285714286 0
  2 1 35 2 0 45 0.0888888888888889 0.577777777777778 1.06666666666667 0.488888888888889 0
  2 1 36 2 0 51 0.0196078431372549 0.254901960784314 0.941176470588235 0.745098039215686 0
  2 1 37 2 0 41 0 0.121951219512195 1.17073170731707 1.14634146341463 0
  2 1 38 2 0 36 0.0277777777777778 0.166666666666667 0.972222222222222 1.61111111111111 0
  2 1 39 2 0 20 0.05 0.2 1.25 3.5 0
  2 1 40 2 0 14 0.0714285714285714 0.428571428571429 1.57142857142857 5.07142857142857 0
  2 1 41 2 0 17 0 0.294117647058824 1.05882352941176 4.52941176470588 0
  2 1 42 2 0 24 0.0416666666666667 0.125 0.916666666666667 3.08333333333333 0
  2 1 1 3 0 1 44 0 49 7 0
  2 1 2 3 0 5 10.2 1.8 6.6 1.4 0
  2 1 3 3 0 5 11.2 2 6 0.8 0
  2 1 4 3 0 1 52 20 23 5 0
  2 1 5 3 0 6 10.1666666666667 3.16666666666667 2.16666666666667 1.16666666666667 0
  2 1 6 3 0 4 12 6.75 4.5 1.75 0
  2 1 7 3 0 5 10.8 4.8 3.4 1 0
  2 1 8 3 0 1 46 35 13 6 0
  2 1 9 3 0 1 42 34 21 3 0
  2 1 10 3 0 1 50 26 17 7 0
  2 1 11 3 0 2 24.5 15.5 8.5 1.5 0
  2 1 12 3 0 5 10.4 5.6 3.4 0.6 0
  2 1 13 3 0 4 11 7.75 5 1.25 0
  2 1 14 3 0 8 5.5 4.125 2.375 0.5 0
  2 1 15 3 0 11 3.27272727272727 4.09090909090909 1 0.727272727272727 0
  2 1 16 3 0 5 11.8 5.4 2.8 0 0
  2 1 17 3 0 5 11 4.6 3.4 1 0
  2 1 18 3 0 1 48 32 14 6 0
  2 1 19 3 0 1 39 44 14 3 0
  2 1 20 3 0 4 12.25 8.5 3.5 0.75 0
  2 1 21 3 0 3 13.6666666666667 8.33333333333333 8.66666666666667 2.66666666666667 0
  2 1 22 3 0 4 10.25 9.25 4 1.5 0
  2 1 23 3 0 3 13.3333333333333 11 7.33333333333333 1.66666666666667 0
  2 1 24 3 0 3 12.3333333333333 10.3333333333333 8 2.66666666666667 0
  2 1 25 3 0 2 16.5 15 12.5 6 0
  2 1 26 3 0 4 9.75 6.5 6.25 2.5 0
  2 1 27 3 0 5 6.8 6.4 4.6 2.2 0
  2 1 28 3 0 4 11 7.25 6 0.75 0
  2 1 29 3 0 4 9 7 6.25 2.75 0
  2 1 30 3 0 24 1.75 0.916666666666667 1 0.5 0
  2 1 31 3 0 10 4.1 2.3 3.1 0.5 0
  2 1 32 3 0 12 4.08333333333333 2.33333333333333 1.41666666666667 0.5 0
  2 1 33 3 0 4 10 7.5 5.5 2 0
  2 1 34 3 0 6 5.5 6.16666666666667 3.33333333333333 1.66666666666667 0
  2 1 35 3 0 2 20 16 10.5 3.5 0
  2 1 36 3 0 10 3.5 3.2 2.4 0.9 0
  2 1 37 3 0 9 5.55555555555556 2.44444444444444 2.11111111111111 1 0
  2 1 38 3 0 13 3.15384615384615 2.15384615384615 1.76923076923077 0.615384615384615 0
  2 1 39 3 0 16 2.5625 1.5625 1.625 0.5 0
  2 1 40 3 0 27 1.51851851851852 1.25925925925926 0.592592592592593 0.333333333333333 0
  2 1 41 3 0 15 2.93333333333333 2.6 0.733333333333333 0.4 0
  2 1 42 3 0 16 3.125 1.6875 1.0625 0.375 0
# end fishery length observations 
#  
# Survey diet proportion observations 
# Number of observations, init_int Ndietprop_obs 
  60
# init_matrix obs_dietprop(1,Ndietprop_obs,1,ncol) 
# Survey  Year  Predator  Predator_size InpN  wt_prey_1 wt_prey_2 wt_prey_3 wt_prey_4 wt_prey_5 wt_prey_6 wt_prey_7 wt_prey_8 wt_prey_9 wt_prey_10 wt_prey_11 other 
  1 12 1 2 100 0 0 0 0 1
  1 12 1 3 100 0.62 0 0 0 0.38
  1 13 1 3 100 0 0 0 0 1
  1 13 1 4 100 0 1 0 0 0
  1 15 1 2 100 0 0 0 0 1
  1 18 1 1 100 0.26 0 0 0 0.74
  1 18 1 2 100 0 0 0 0 1
  1 18 1 3 100 0 0.2 0 0 0.8
  1 19 1 2 100 0 0.39 0 0 0.61
  1 19 1 3 100 0 0 0 0 1
  1 20 1 3 100 0 0.09 0 0 0.91
  1 21 1 2 100 0 0.11 0 0 0.89
  1 21 1 3 100 0 0.26 0 0 0.74
  1 24 1 3 100 0 0 0 0 1
  1 25 1 3 100 0 0.1 0 0 0.9
  1 26 1 3 100 0 0.17 0.08 0 0.75
  1 27 1 3 100 0 0.41 0.08 0 0.51
  1 28 1 3 100 0 0.63 0 0 0.37
  1 33 1 3 100 0 0.04 0 0 0.96
  1 34 1 3 100 0 0.01 0 0 0.99
  1 35 1 3 100 0 0.31 0 0 0.69
  1 38 1 3 100 0 0.1 0 0 0.9
  1 39 1 3 100 0 0.53 0 0 0.47
  1 40 1 2 100 0 0.06 0 0 0.94
  1 41 1 2 100 0 0 0.38 0 0.62
  1 8 4 2 100 0.02 0 0 0 0.98
  1 8 4 3 100 0 0 0 0 1
  1 11 4 3 100 0 0 0 0 1
  1 13 4 2 100 0 0 0 0 1
  1 13 4 3 100 0 0.63 0 0 0.37
  1 13 4 4 100 0 0.27 0 0 0.73
  1 14 4 3 100 0 0 0 0 1
  1 15 4 3 100 0 0.36 0 0 0.64
  1 15 4 4 100 0 0.21 0 0 0.79
  1 16 4 3 100 0 0.57 0 0 0.43
  1 16 4 4 100 0 0.34 0 0 0.66
  1 17 4 3 100 0 0 0 0 1
  1 18 4 3 100 0 0.35 0 0 0.65
  1 19 4 2 100 0 0.05 0 0 0.95
  1 19 4 3 100 0 0.5 0 0 0.5
  1 20 4 2 100 0 0 0 0 1
  1 20 4 3 100 0 0 0 0 1
  1 21 4 3 100 0 0.55 0 0 0.45
  1 22 4 2 100 0 0 0.14 0 0.86
  1 23 4 3 100 0 0.16 0 0 0.84
  1 24 4 3 100 0 0 0 0 1
  1 25 4 3 100 0 0 0 0 1
  1 25 4 4 100 0 1 0 0 0
  1 26 4 3 100 0 0 0 0 1
  1 27 4 2 100 0 0.95 0 0 0.05
  1 27 4 3 100 0 0.55 0 0 0.45
  1 28 4 2 100 0 0 0.33 0 0.67
  1 28 4 3 100 0 0.53 0 0 0.47
  1 29 4 3 100 0 0.13 0 0 0.87
  1 31 4 3 100 0 0.41 0 0 0.59
  1 31 4 4 100 0 0 0 0 1
  1 34 4 3 100 0 0.1 0.17 0 0.73
  1 40 4 3 100 0 0 0.62 0 0.38
  1 40 4 4 100 0 0 0.73 0 0.27
  1 42 4 3 100 0 0.16 0 0 0.84
# end survey diet proportion observations 
#  
