# This file was created using the write_tsDatFile function and used all the simulated data from sim_dta.rds found in repo:Hydra-self-testing
# Survey index data 
# Number of observations, init_int Nsurvey_obs
  166
# init_matrix obs_survey_biomass(1,Nsurvey_obs,1,5)
# survey year spp value cv
  1 1 4 134980.848450885 0.212720515437525
  1 2 4 96800.4856773035 0.222168779300385
  1 3 4 42042.8725711424 0.394113240257454
  1 4 4 119389.586933159 0.310035034727007
  1 5 4 142279.540358447 0.378629084128514
  1 6 4 114850.336364071 0.494427832556011
  1 7 4 384455.324074979 0.759062286891916
  1 8 4 161884.355764744 0.383150869515862
  1 9 4 157120.723655909 0.48934963094834
  1 10 4 112133.719856852 0.382452035825211
  1 11 4 196857.96483122 0.566792532611316
  1 12 4 148417.924741719 0.381518572031255
  1 13 4 138325.819343956 0.438380584739347
  1 14 4 292976.026039516 0.482345652338289
  1 15 4 133396.124893781 0.420835086749712
  1 16 4 179798.012514575 0.515165860253858
  1 17 4 180598.863223468 0.559532625975744
  1 18 4 209128.460989654 0.479008946214672
  1 19 4 209593.638127801 0.429419179801904
  1 20 4 223576.50532523 0.477074256852948
  1 21 4 101957.52701294 0.410621521476155
  1 22 4 413200.406320203 0.294672690077384
  1 23 4 130502.140697728 0.477447511398437
  1 24 4 165297.417336571 0.384568504019134
  1 25 4 72900.4008421578 0.333261603198005
  1 26 4 146724.273480409 0.685474246042822
  1 27 4 151653.858362804 0.286882992344226
  1 28 4 196312.331705432 0.371822434434906
  1 29 4 118991.794413282 0.592639130460935
  1 30 4 70598.8289007067 0.374062101432949
  1 31 4 162330.490975528 0.304499664309564
  1 32 4 105700.667903232 0.233962995093855
  1 33 4 83077.6384609819 0.270006842918168
  1 34 4 163378.478183255 0.350007507053818
  1 35 4 86086.3922691363 0.34274593698132
  1 36 4 167227.839844544 0.261906583866089
  1 37 4 222312.392002979 0.417429035160016
  1 38 4 198231.485778921 0.441211421515246
  1 39 4 164652.678483853 0.495234601454268
  1 40 4 146851.720789108 0.237858203733512
  1 41 4 101586.00788426 0.327346172729995
  1 42 4 208943.855320699 0.368315456462939
  1 1 2 209.706213393333 0.601375663623589
  1 4 2 67.8233472789815 1
  1 5 2 282.253418226778 0.611089023955187
  1 6 2 50.8191076726211 0.702037850017464
  1 7 2 938.638375903285 0.948289691951521
  1 8 2 472.029456337374 0.544380631361087
  1 9 2 115.586729796259 0.5393131982084
  1 10 2 180.337501685125 0.88095039530815
  1 11 2 924.837377112318 0.799987970388403
  1 12 2 198.2440602896 0.774991903603438
  1 13 2 396.879515250012 0.863215133786584
  1 14 2 294.37285291463 0.704083892007286
  1 15 2 161.99415925274 0.457459057188701
  1 16 2 199.356650650897 0.853197309912465
  1 17 2 67.1571932048145 0.61116783920211
  1 18 2 105.335405150241 0.416775375911518
  1 19 2 5757.68329493712 0.69077510766454
  1 20 2 3239.82780647644 0.793751288508348
  1 21 2 1663.15059801629 0.339376634127756
  1 22 2 2704.76774679644 0.601950919776798
  1 23 2 2627.728850607 0.658556209578282
  1 24 2 4515.10509729478 0.637453135075156
  1 25 2 5883.9721645228 0.510473149998029
  1 26 2 3669.23095243976 0.548437091427541
  1 27 2 5163.6976631722 0.492912195981742
  1 28 2 2897.74932678906 0.747597319880804
  1 29 2 1219.37335316422 0.451616070879294
  1 30 2 5691.94629493839 0.797269558848634
  1 31 2 2216.90841876437 0.666772556553203
  1 32 2 11405.4916616762 0.96787270074405
  1 33 2 3807.70436301886 0.404694020855087
  1 34 2 2622.20798361021 0.814873375751391
  1 35 2 2042.77346225047 0.533219898766676
  1 36 2 6628.74046634894 0.371953858881132
  1 37 2 6985.28258084692 0.791301167226987
  1 38 2 8025.22577090865 0.633364993316759
  1 39 2 1676.39084260141 0.827253682697507
  1 40 2 372.834635146973 0.900216415173481
  1 41 2 608.657916001224 0.957770995377006
  1 42 2 630.736430686209 0.55870584954739
  1 1 1 16542.7346142959 0.241799049430762
  1 2 1 13178.2856835385 0.142636213550947
  1 3 1 15688.2452118584 0.225478190042395
  1 4 1 12753.9224124029 0.323579734794357
  1 5 1 44589.4353730685 0.320666395151501
  1 6 1 9701.85304519192 0.452044832991261
  1 7 1 17914.5503691567 0.28209645893665
  1 8 1 13686.0911554391 0.414010381101596
  1 9 1 14180.5819404036 0.40638853202345
  1 10 1 9187.95837807672 0.290993157294119
  1 11 1 25290.5737193294 0.324615016521962
  1 12 1 19798.3829384545 0.294780938380682
  1 13 1 10667.7317114757 0.440402569626277
  1 14 1 6015.12043358224 0.372421878022742
  1 15 1 10470.5454881848 0.341871348717721
  1 16 1 3777.6021905126 0.416897355424411
  1 17 1 4040.40957187453 0.500820840736393
  1 18 1 5065.2903313286 0.389853340834037
  1 19 1 5589.12922911227 0.293941849282161
  1 20 1 2839.53932624826 0.525509720403112
  1 21 1 5647.17648573562 0.266433769579894
  1 22 1 7740.22274301263 0.374831371194202
  1 23 1 5568.42364327528 0.352011231642473
  1 24 1 7830.95291465812 0.34725908523047
  1 25 1 12480.2798183721 0.578696888706846
  1 26 1 6512.92882356742 0.459728456052307
  1 27 1 6318.00314284354 0.539982548576019
  1 28 1 3024.19414254567 0.364309332200766
  1 29 1 7558.08835921899 0.562793580097325
  1 30 1 3072.29488207074 0.420348818797864
  1 31 1 2455.28601603917 0.403753427903273
  1 32 1 2212.95417607608 0.491331418922754
  1 33 1 2581.27478466656 0.537081122476055
  1 34 1 2809.01745443675 0.379030815152119
  1 35 1 2773.50707889783 0.519511456600017
  1 36 1 3059.78825854198 0.556056214854877
  1 37 1 3314.26681298071 0.588197671943964
  1 38 1 1808.9418390202 0.324588369174256
  1 39 1 1063.97292695954 0.501841796783066
  1 40 1 513.990341596084 0.403101009292275
  1 41 1 535.182787918121 0.478602624152216
  1 42 1 383.821608056374 0.646634922078809
  1 1 3 120.369164057297 0.499484636786782
  1 2 3 123.74658951984 0.358153914340203
  1 3 3 381.251544770784 0.678339172154909
  1 4 3 2681.19375342464 1
  1 5 3 1715.6192009645 0.693225535250834
  1 6 3 2319.21776267514 1
  1 7 3 1329.59525815038 0.912293822979085
  1 8 3 420.688614713419 0.655734850091527
  1 9 3 194.313869216075 0.670809892238012
  1 10 3 309.59164360366 0.631102684426709
  1 11 3 368.06296802827 0.496475444687371
  1 12 3 371.446746070753 0.740682868109632
  1 13 3 509.754343741239 0.360862225436052
  1 14 3 402.681093295148 0.547901331396328
  1 15 3 542.023365008657 0.429608216382601
  1 16 3 508.316213385594 0.69118921143411
  1 17 3 584.437819044165 0.426971754606328
  1 18 3 773.86467482446 0.505524319387353
  1 19 3 260.25227095748 0.644591984223249
  1 20 3 579.825251832919 0.899065435378594
  1 21 3 119.633008762688 0.543826822033971
  1 22 3 267.745488862528 0.88174616562504
  1 23 3 173.242856398114 0.408104676406013
  1 24 3 466.471747154666 0.92608255019157
  1 25 3 317.075209222728 0.648664057223823
  1 26 3 587.642864828859 0.695927823776047
  1 27 3 324.925833577907 0.708713243925404
  1 28 3 91.9475192701762 0.489543853646182
  1 29 3 105.56888441962 0.703511357168505
  1 30 3 154.096872194591 0.631659802692532
  1 31 3 200.092325300514 0.626570332091694
  1 32 3 67.3045077136239 0.661895735249442
  1 33 3 689.975151006722 0.783155911787346
  1 34 3 145.388360683227 0.542775440757204
  1 35 3 1195.52549424737 0.870542376054271
  1 36 3 343.968402026473 0.492193512682958
  1 37 3 87.5874118588376 0.909630520329322
  1 38 3 172.771038136449 0.644773009949607
  1 39 3 237.873709161733 0.515045488987725
  1 40 3 191.110716157437 0.442573167063876
  1 41 3 132083.316124833 0.88587618368699
  1 42 3 111885.74697787 0.983269433580366
# end survey index observations 
#  
# Survey size comp data 
# Number of observations, init_int Nsurvey_size_obs 
  166
# init_matrix obs_survey_size(1,Nsurvey_size_obs,1,ncol) 
# Survey  Year  Species Type (0=whole, 1=retained, 2=discard) InpN, proportion by length bin 
  1 1 1 0 57 0 0.754385964912281 0.87719298245614 0.105263157894737 0.0175438596491228
  1 2 1 0 65 0 0.646153846153846 0.723076923076923 0.169230769230769 0
  1 3 1 0 32 0 0.84375 1.4375 0.75 0.09375
  1 4 1 0 32 0.0625 2.15625 0.53125 0.375 0
  1 5 1 0 21 0.0476190476190476 2.85714285714286 1.52380952380952 0.333333333333333 0
  1 6 1 0 18 0 2.5 2.5 0.555555555555556 0
  1 7 1 0 25 0 1.8 1.68 0.52 0
  1 8 1 0 20 0.1 2.25 1.95 0.7 0
  1 9 1 0 16 0.25 4.6875 0.8125 0.5 0
  1 10 1 0 19 0.157894736842105 3.52631578947368 1.31578947368421 0.263157894736842 0
  1 11 1 0 20 0.1 2 2.2 0.7 0
  1 12 1 0 22 0 1.86363636363636 2.09090909090909 0.590909090909091 0
  1 13 1 0 23 0 1.26086956521739 2.08695652173913 1 0
  1 14 1 0 14 0.0714285714285714 1.78571428571429 3.5 1.78571428571429 0
  1 15 1 0 21 0.0952380952380952 0.761904761904762 2.52380952380952 1.38095238095238 0
  1 16 1 0 14 0.0714285714285714 1.71428571428571 3 2.35714285714286 0
  1 17 1 0 17 0.0588235294117647 1.82352941176471 1.52941176470588 2.47058823529412 0
  1 18 1 0 19 0.315789473684211 4.21052631578947 0.368421052631579 0.368421052631579 0
  1 19 1 0 18 0.111111111111111 3.27777777777778 1.77777777777778 0.388888888888889 0
  1 20 1 0 15 0.133333333333333 4.06666666666667 2 0.466666666666667 0
  1 21 1 0 21 0 2.33333333333333 2 0.428571428571429 0
  1 22 1 0 13 0 2.76923076923077 3.07692307692308 1.84615384615385 0
  1 23 1 0 14 0 1.78571428571429 3.21428571428571 2.14285714285714 0
  1 24 1 0 14 0.0714285714285714 1.71428571428571 3.78571428571429 1.57142857142857 0
  1 25 1 0 18 0 1.33333333333333 2.11111111111111 2.11111111111111 0
  1 26 1 0 14 0 1.57142857142857 2.5 3.07142857142857 0
  1 27 1 0 23 0 1 1.39130434782609 1.95652173913043 0
  1 28 1 0 14 0.142857142857143 3 1.85714285714286 2.14285714285714 0
  1 29 1 0 17 0 1.52941176470588 1.64705882352941 2.70588235294118 0
  1 30 1 0 18 0 2 1.94444444444444 1.61111111111111 0
  1 31 1 0 20 0 1.45 1.75 1.8 0
  1 32 1 0 10 0 1.9 2.7 5.4 0
  1 33 1 0 15 0 1.06666666666667 2.4 3.2 0
  1 34 1 0 18 0 1.33333333333333 1.66666666666667 2.55555555555556 0
  1 35 1 0 8 0 4.25 3.25 5 0
  1 36 1 0 12 0.166666666666667 2.91666666666667 1.5 3.75 0
  1 37 1 0 8 0.125 2.875 4.25 5.25 0
  1 38 1 0 16 0.0625 1.8125 1.6875 2.6875 0
  1 39 1 0 10 0 1.9 3.6 4.5 0
  1 40 1 0 10 0 2.4 3.2 4.4 0
  1 41 1 0 13 0.0769230769230769 2.38461538461538 2.53846153846154 2.69230769230769 0
  1 42 1 0 8 0.25 4.25 3.125 4.875 0
  1 1 2 0 11 0 0 5.18181818181818 3.72727272727273 0.181818181818182
  1 4 2 0 1 0 0 66 34 0
  1 5 2 0 5 0 0.2 11.6 8.2 0
  1 6 2 0 1 0 1 60 39 0
  1 7 2 0 3 0 0 20 13.3333333333333 0
  1 8 2 0 4 0 0 13.5 11.5 0
  1 9 2 0 5 0 0.6 12 7.4 0
  1 10 2 0 10 0 1 5.8 3.2 0
  1 11 2 0 13 0 0.0769230769230769 6.84615384615385 0.769230769230769 0
  1 12 2 0 15 0 0.0666666666666667 4.46666666666667 2.13333333333333 0
  1 13 2 0 9 0 0 6.11111111111111 5 0
  1 14 2 0 6 0 0 6.33333333333333 10.3333333333333 0
  1 15 2 0 13 0 0 1.61538461538462 6.07692307692308 0
  1 16 2 0 10 0 0 2.1 7.9 0
  1 17 2 0 10 0 0.6 2.6 6.8 0
  1 18 2 0 18 0 3 2.05555555555556 0.5 0
  1 19 2 0 27 0 0 3.66666666666667 0.037037037037037 0
  1 20 2 0 23 0 0 2.91304347826087 1.43478260869565 0
  1 21 2 0 25 0 0.28 1.44 2.28 0
  1 22 2 0 9 0 0.111111111111111 8.77777777777778 2.22222222222222 0
  1 23 2 0 8 0 0.375 7.375 4.75 0
  1 24 2 0 9 0 0 7.66666666666667 3.44444444444444 0
  1 25 2 0 14 0 0.0714285714285714 3.5 3.57142857142857 0
  1 26 2 0 18 0 0 3.38888888888889 2.16666666666667 0
  1 27 2 0 16 0 0 4.9375 1.3125 0
  1 28 2 0 6 0 0 8.83333333333333 7.83333333333333 0
  1 29 2 0 8 0 0.875 5.25 6.375 0
  1 30 2 0 17 0 0.117647058823529 4.88235294117647 0.882352941176471 0
  1 31 2 0 9 0 0.444444444444444 6.22222222222222 4.44444444444444 0
  1 32 2 0 30 0 0.133333333333333 2.03333333333333 1.16666666666667 0
  1 33 2 0 24 0 0.166666666666667 3.125 0.875 0
  1 34 2 0 25 0 0.04 2.92 1.04 0
  1 35 2 0 16 0 0.3125 3.125 2.8125 0
  1 36 2 0 13 0 0.0769230769230769 5.30769230769231 2.30769230769231 0
  1 37 2 0 8 0 0 6.75 5.75 0
  1 38 2 0 10 0 0 4.3 5.7 0
  1 39 2 0 13 0 0.0769230769230769 1.69230769230769 5.92307692307692 0
  1 40 2 0 8 0 0 3 9.5 0
  1 41 2 0 5 0 0.4 6.4 13.2 0
  1 42 2 0 17 0 0.470588235294118 2.52941176470588 2.88235294117647 0
  1 1 3 0 27 0 2.48148148148148 0.333333333333333 0.888888888888889 0
  1 2 3 0 13 0.0769230769230769 6.92307692307692 0.615384615384615 0.0769230769230769 0
  1 3 3 0 5 0 11.4 8.2 0.4 0
  1 4 3 0 2 0 15.5 31 3.5 0
  1 5 3 0 5 0 5.2 12.2 2.6 0
  1 6 3 0 1 0 14 68 18 0
  1 7 3 0 3 0 3.66666666666667 22.3333333333333 7.33333333333333 0
  1 8 3 0 3 0 4 22.3333333333333 7 0
  1 9 3 0 4 0 3 13.25 8.75 0
  1 10 3 0 4 0 3.25 10 11.75 0
  1 11 3 0 4 0 17.25 4.25 3.5 0
  1 12 3 0 2 0 21 23 6 0
  1 13 3 0 8 0 3.5 6.875 2.125 0
  1 14 3 0 19 0 1.47368421052632 3 0.789473684210526 0
  1 15 3 0 15 0 0.666666666666667 4.53333333333333 1.46666666666667 0
  1 16 3 0 12 0 0.833333333333333 5.91666666666667 1.58333333333333 0
  1 17 3 0 14 0 0.785714285714286 3.92857142857143 2.42857142857143 0
  1 18 3 0 14 0 1.64285714285714 3.28571428571429 2.21428571428571 0
  1 19 3 0 15 0 1.33333333333333 2.93333333333333 2.4 0
  1 20 3 0 17 0 1.52941176470588 2.47058823529412 1.88235294117647 0
  1 21 3 0 12 0 1.41666666666667 4.16666666666667 2.75 0
  1 22 3 0 11 0 6.54545454545455 1.63636363636364 0.909090909090909 0
  1 23 3 0 16 0 2.75 3.0625 0.4375 0
  1 24 3 0 15 0 2.8 3.6 0.266666666666667 0
  1 25 3 0 4 0 5.75 14.25 5 0
  1 26 3 0 14 0 1.5 4.42857142857143 1.21428571428571 0
  1 27 3 0 6 0 3.33333333333333 8.83333333333333 4.5 0
  1 28 3 0 4 0 2.25 16 6.75 0
  1 29 3 0 2 0 4 29.5 16.5 0
  1 30 3 0 10 0 0.5 6.2 3.3 0
  1 31 3 0 9 0 0.666666666666667 5.22222222222222 5.22222222222222 0
  1 32 3 0 12 0 0.75 3.75 3.83333333333333 0
  1 33 3 0 5 0 18.4 0.6 1 0
  1 34 3 0 9 0 5.66666666666667 5 0.444444444444444 0
  1 35 3 0 5 0 8 10.2 1.8 0
  1 36 3 0 5 0 5.8 11.8 2.4 0
  1 37 3 0 3 0 7 20.6666666666667 5.66666666666667 0
  1 38 3 0 15 0 0.933333333333333 4.4 1.33333333333333 0
  1 39 3 0 12 0 0.916666666666667 5.16666666666667 2.25 0
  1 40 3 0 9 0 1.88888888888889 6.22222222222222 3 0
  1 41 3 0 8 0 2.625 6.875 3 0
  1 42 3 0 12 0 1.08333333333333 4.41666666666667 2.83333333333333 0
  1 1 4 0 86 0.0465116279069767 0.197674418604651 0.848837209302326 0.0697674418604651 0
  1 2 4 0 100 0.07 0.36 0.51 0.06 0
  1 3 4 0 33 0.272727272727273 1.54545454545455 1.06060606060606 0.151515151515152 0
  1 4 4 0 44 0.227272727272727 1.34090909090909 0.568181818181818 0.136363636363636 0
  1 5 4 0 34 0.0882352941176471 1.73529411764706 1 0.117647058823529 0
  1 6 4 0 40 0.175 1.575 0.675 0.075 0
  1 7 4 0 39 0.102564102564103 1.82051282051282 0.58974358974359 0.0512820512820513 0
  1 8 4 0 49 0.0816326530612245 1.46938775510204 0.428571428571429 0.0612244897959184 0
  1 9 4 0 36 0.0833333333333333 1.86111111111111 0.75 0.0833333333333333 0
  1 10 4 0 43 0.13953488372093 1.6046511627907 0.441860465116279 0.13953488372093 0
  1 11 4 0 41 0.219512195121951 1.60975609756098 0.536585365853659 0.0731707317073171 0
  1 12 4 0 35 0.0571428571428571 1.85714285714286 0.828571428571429 0.114285714285714 0
  1 13 4 0 32 0.15625 1.875 0.875 0.21875 0
  1 14 4 0 21 0.238095238095238 2.80952380952381 1.23809523809524 0.476190476190476 0
  1 15 4 0 30 0.0666666666666667 1.96666666666667 1.26666666666667 0.0333333333333333 0
  1 16 4 0 19 0.263157894736842 3.21052631578947 1.57894736842105 0.210526315789474 0
  1 17 4 0 35 0.0857142857142857 1.68571428571429 0.914285714285714 0.171428571428571 0
  1 18 4 0 27 0.111111111111111 2.59259259259259 0.851851851851852 0.148148148148148 0
  1 19 4 0 34 0.0882352941176471 2.02941176470588 0.647058823529412 0.176470588235294 0
  1 20 4 0 42 0.19047619047619 1.64285714285714 0.476190476190476 0.0714285714285714 0
  1 21 4 0 41 0.146341463414634 1.48780487804878 0.682926829268293 0.121951219512195 0
  1 22 4 0 44 0.136363636363636 1.47727272727273 0.522727272727273 0.136363636363636 0
  1 23 4 0 28 0.142857142857143 2.07142857142857 1.07142857142857 0.285714285714286 0
  1 24 4 0 34 0.205882352941176 1.52941176470588 0.941176470588235 0.264705882352941 0
  1 25 4 0 36 0.0277777777777778 1.66666666666667 0.861111111111111 0.222222222222222 0
  1 26 4 0 31 0 1.61290322580645 1.41935483870968 0.193548387096774 0
  1 27 4 0 39 0.0769230769230769 1.53846153846154 0.666666666666667 0.282051282051282 0
  1 28 4 0 38 0.184210526315789 1.42105263157895 0.763157894736842 0.263157894736842 0
  1 29 4 0 48 0.0625 1.0625 0.729166666666667 0.229166666666667 0
  1 30 4 0 38 0.0526315789473684 1.42105263157895 0.947368421052632 0.210526315789474 0
  1 31 4 0 61 0.0491803278688525 0.836065573770492 0.557377049180328 0.19672131147541 0
  1 32 4 0 48 0.0833333333333333 1.14583333333333 0.645833333333333 0.208333333333333 0
  1 33 4 0 49 0.163265306122449 1.04081632653061 0.653061224489796 0.183673469387755 0
  1 34 4 0 44 0.113636363636364 1.40909090909091 0.568181818181818 0.181818181818182 0
  1 35 4 0 61 0.0983606557377049 0.967213114754098 0.475409836065574 0.0983606557377049 0
  1 36 4 0 67 0.0895522388059701 0.880597014925373 0.343283582089552 0.17910447761194 0
  1 37 4 0 57 0.140350877192982 0.912280701754386 0.491228070175439 0.210526315789474 0
  1 38 4 0 38 0.157894736842105 1.57894736842105 0.736842105263158 0.157894736842105 0
  1 39 4 0 52 0.0384615384615385 1.23076923076923 0.5 0.153846153846154 0
  1 40 4 0 43 0.0697674418604651 1.44186046511628 0.744186046511628 0.0697674418604651 0
  1 41 4 0 42 0.142857142857143 1.45238095238095 0.714285714285714 0.0714285714285714 0
  1 42 4 0 61 0.0491803278688525 0.950819672131147 0.442622950819672 0.19672131147541 0
# end survey length observations 
#  
# Fishery catch data 
# Number of observations, init_int Ncatch_obs
  168
# init_matrix obs_catch_biomass(1,Ncatch_obs,1,6) 
# Fleet	Area	Year	Species	Catch(biomass t)	CV 
  1 1 1 1 19524.541184137 0.05
  1 1 2 1 23975.2470458604 0.05
  1 1 3 1 26220.4743589805 0.05
  1 1 4 1 21719.022190905 0.05
  1 1 5 1 20698.1652560259 0.05
  1 1 6 1 23130.1011148814 0.05
  1 1 7 1 21414.8521030207 0.05
  1 1 8 1 20647.0591410192 0.05
  1 1 9 1 19817.4792788338 0.05
  1 1 10 1 18682.3719217636 0.05
  1 1 11 1 21172.506184384 0.05
  1 1 12 1 21506.2905797004 0.05
  1 1 13 1 21149.6865545049 0.05
  1 1 14 1 21995.5498021629 0.05
  1 1 15 1 15132.2635251915 0.05
  1 1 16 1 13058.6139220695 0.05
  1 1 17 1 10261.9150680064 0.05
  1 1 18 1 7356.68026523368 0.05
  1 1 19 1 8792.2213652976 0.05
  1 1 20 1 8855.08708665241 0.05
  1 1 21 1 3825.39501701645 0.05
  1 1 22 1 4623.87949428807 0.05
  1 1 23 1 5639.31211636262 0.05
  1 1 24 1 5357.74672714125 0.05
  1 1 25 1 4898.15867605537 0.05
  1 1 26 1 4300.4358013483 0.05
  1 1 27 1 4322.78802190362 0.05
  1 1 28 1 4091.37345544448 0.05
  1 1 29 1 3332.24361429299 0.05
  1 1 30 1 2970.04714356883 0.05
  1 1 31 1 2926.56479276324 0.05
  1 1 32 1 2811.24754322199 0.05
  1 1 33 1 2117.18481128825 0.05
  1 1 34 1 1823.47852942665 0.05
  1 1 35 1 1666.17860731857 0.05
  1 1 36 1 1527.92236976233 0.05
  1 1 37 1 1189.19304902453 0.05
  1 1 38 1 1051.73978168768 0.05
  1 1 39 1 963.160194123048 0.05
  1 1 40 1 800.742853630165 0.05
  1 1 41 1 698.661555835574 0.05
  1 1 42 1 660.753078536594 0.05
  1 1 1 4 6414.47776109892 0.05
  1 1 2 4 6208.91457597692 0.05
  1 1 3 4 6270.50677913741 0.05
  1 1 4 4 6228.88530244541 0.05
  1 1 5 4 7058.12271918753 0.05
  1 1 6 4 7140.72357446492 0.05
  1 1 7 4 7217.17602054549 0.05
  1 1 8 4 8037.27935691614 0.05
  1 1 9 4 6892.4184669659 0.05
  1 1 10 4 7907.36824610179 0.05
  1 1 11 4 8682.11884989133 0.05
  1 1 12 4 8775.38521126862 0.05
  1 1 13 4 9646.12026381478 0.05
  1 1 14 4 9665.58829382619 0.05
  1 1 15 4 11355.9681518252 0.05
  1 1 16 4 10767.8890108103 0.05
  1 1 17 4 10391.5586035369 0.05
  1 1 18 4 11361.8530340582 0.05
  1 1 19 4 9983.96788259124 0.05
  1 1 20 4 9934.27141213037 0.05
  1 1 21 4 4469.61475788715 0.05
  1 1 22 4 4316.512710505 0.05
  1 1 23 4 4702.75882254243 0.05
  1 1 24 4 4759.36034822981 0.05
  1 1 25 4 4572.36290112051 0.05
  1 1 26 4 4482.92010463536 0.05
  1 1 27 4 5002.48347912887 0.05
  1 1 28 4 4841.72760711392 0.05
  1 1 29 4 4728.37692275174 0.05
  1 1 30 4 4082.45053568994 0.05
  1 1 31 4 4607.96752872411 0.05
  1 1 32 4 4596.21825756908 0.05
  1 1 33 4 4569.41604991395 0.05
  1 1 34 4 4207.94728174767 0.05
  1 1 35 4 4470.32439166064 0.05
  1 1 36 4 4354.25855656496 0.05
  1 1 37 4 4638.39206649164 0.05
  1 1 38 4 4287.44719068816 0.05
  1 1 39 4 4765.36268726082 0.05
  1 1 40 4 4292.97670485055 0.05
  1 1 41 4 4714.56974552017 0.05
  1 1 42 4 4241.47592197295 0.05
  2 1 1 2 1112.07490487367 0.05
  2 1 2 2 1219.6355731497 0.05
  2 1 3 2 960.399251157243 0.05
  2 1 4 2 808.736596518153 0.05
  2 1 5 2 1253.0430304479 0.05
  2 1 6 2 1063.53056129542 0.05
  2 1 7 2 951.916275459098 0.05
  2 1 8 2 942.778116778361 0.05
  2 1 9 2 841.924438805077 0.05
  2 1 10 2 872.300823361308 0.05
  2 1 11 2 952.238920220995 0.05
  2 1 12 2 1452.58385992301 0.05
  2 1 13 2 2247.42149467537 0.05
  2 1 14 2 2061.40132786604 0.05
  2 1 15 2 1638.28317611664 0.05
  2 1 16 2 1219.52351363612 0.05
  2 1 17 2 678.650646877835 0.05
  2 1 18 2 476.198845683035 0.05
  2 1 19 2 1751.83868369357 0.05
  2 1 20 2 6992.83482436207 0.05
  2 1 21 2 14537.1629092545 0.05
  2 1 22 2 14502.2164250551 0.05
  2 1 23 2 15026.996538435 0.05
  2 1 24 2 17395.0182024648 0.05
  2 1 25 2 14934.6066371808 0.05
  2 1 26 2 13618.6019945172 0.05
  2 1 27 2 11815.1321061635 0.05
  2 1 28 2 12116.9653518063 0.05
  2 1 29 2 10949.3092082907 0.05
  2 1 30 2 10120.0621578747 0.05
  2 1 31 2 9844.96272052665 0.05
  2 1 32 2 12063.7771140613 0.05
  2 1 33 2 13214.3546571893 0.05
  2 1 34 2 19228.3593463388 0.05
  2 1 35 2 20220.3058619077 0.05
  2 1 36 2 23157.1281758583 0.05
  2 1 37 2 18504.1754101047 0.05
  2 1 38 2 16504.0996268747 0.05
  2 1 39 2 13608.133116248 0.05
  2 1 40 2 7322.0475203147 0.05
  2 1 41 2 4475.94312647004 0.05
  2 1 42 2 2716.44667641869 0.05
  2 1 1 3 407.717025770851 0.05
  2 1 2 3 331.089852118781 0.05
  2 1 3 3 303.122648297092 0.05
  2 1 4 3 632.014472920914 0.05
  2 1 5 3 1522.87919760773 0.05
  2 1 6 3 2309.27272620715 0.05
  2 1 7 3 2726.09089195564 0.05
  2 1 8 3 2871.69043761047 0.05
  2 1 9 3 2765.82504520373 0.05
  2 1 10 3 2636.76385670187 0.05
  2 1 11 3 2184.29314797409 0.05
  2 1 12 3 1871.17135119946 0.05
  2 1 13 3 1676.86781031748 0.05
  2 1 14 3 1672.22032618467 0.05
  2 1 15 3 1842.23540486964 0.05
  2 1 16 3 2001.047762631 0.05
  2 1 17 3 1677.08991299798 0.05
  2 1 18 3 1755.29137850796 0.05
  2 1 19 3 1390.48495688188 0.05
  2 1 20 3 1225.68382827221 0.05
  2 1 21 3 947.935971537628 0.05
  2 1 22 3 850.509593085216 0.05
  2 1 23 3 691.295792215902 0.05
  2 1 24 3 734.010693223994 0.05
  2 1 25 3 881.679066952339 0.05
  2 1 26 3 1069.16088481551 0.05
  2 1 27 3 1199.61303941026 0.05
  2 1 28 3 1239.41504472285 0.05
  2 1 29 3 1015.71112087929 0.05
  2 1 30 3 938.323270407246 0.05
  2 1 31 3 750.673750553022 0.05
  2 1 32 3 571.607049569476 0.05
  2 1 33 3 467.943672985164 0.05
  2 1 34 3 378.227612179265 0.05
  2 1 35 3 415.063081703757 0.05
  2 1 36 3 703.827382376184 0.05
  2 1 37 3 1023.47828191764 0.05
  2 1 38 3 1174.1029048971 0.05
  2 1 39 3 1128.6660514498 0.05
  2 1 40 3 1105.89998245802 0.05
  2 1 41 3 20026.8978639103 0.05
  2 1 42 3 25998.1056591905 0.05
# end catch observations 
#  
# Fishery size comp data 
# Number of observations, init_int Ncatch_size_obs 
  168
# init_matrix obs_catch_size(1,Ncatch_size_obs,1,ncol) 
# Fleet Area  Year  Species Type (0=whole, 1=retained, 2=discard) InpN, proportion by size bin 
  1 1 1 1 0 81 0.0493827160493827 0.679012345679012 0.45679012345679 0.037037037037037 0.0123456790123457
  1 1 2 1 0 73 0.0136986301369863 0.589041095890411 0.616438356164384 0.136986301369863 0.0136986301369863
  1 1 3 1 0 65 0.0923076923076923 0.384615384615385 0.815384615384615 0.230769230769231 0.0153846153846154
  1 1 4 1 0 56 1.08928571428571 0.178571428571429 0.428571428571429 0.0892857142857143 0
  1 1 5 1 0 120 0.258333333333333 0.341666666666667 0.1 0.133333333333333 0
  1 1 6 1 0 130 0.0846153846153846 0.330769230769231 0.238461538461538 0.115384615384615 0
  1 1 7 1 0 94 0.212765957446809 0.276595744680851 0.361702127659574 0.202127659574468 0.0106382978723404
  1 1 8 1 0 94 0.117021276595745 0.404255319148936 0.340425531914894 0.202127659574468 0
  1 1 9 1 0 82 0.792682926829268 0.134146341463415 0.134146341463415 0.158536585365854 0
  1 1 10 1 0 76 0.421052631578947 0.578947368421053 0.184210526315789 0.131578947368421 0
  1 1 11 1 0 74 0.283783783783784 0.527027027027027 0.405405405405405 0.135135135135135 0
  1 1 12 1 0 65 0.153846153846154 0.523076923076923 0.646153846153846 0.215384615384615 0
  1 1 13 1 0 77 0.0909090909090909 0.324675324675325 0.584415584415584 0.298701298701299 0
  1 1 14 1 0 88 0.0454545454545455 0.284090909090909 0.534090909090909 0.272727272727273 0
  1 1 15 1 0 66 0.106060606060606 0.212121212121212 0.757575757575758 0.439393939393939 0
  1 1 16 1 0 69 0.101449275362319 0.260869565217391 0.579710144927536 0.507246376811594 0
  1 1 17 1 0 43 0.209302325581395 0.348837209302326 0.953488372093023 0.813953488372093 0
  1 1 18 1 0 34 2.35294117647059 0.0882352941176471 0.176470588235294 0.323529411764706 0
  1 1 19 1 0 55 0.690909090909091 0.781818181818182 0.163636363636364 0.181818181818182 0
  1 1 20 1 0 64 0.453125 0.640625 0.328125 0.140625 0
  1 1 21 1 0 77 0.272727272727273 0.363636363636364 0.38961038961039 0.272727272727273 0
  1 1 22 1 0 67 0.208955223880597 0.477611940298507 0.537313432835821 0.26865671641791 0
  1 1 23 1 0 133 0.0526315789473684 0.165413533834586 0.315789473684211 0.218045112781955 0
  1 1 24 1 0 98 0.102040816326531 0.255102040816327 0.336734693877551 0.326530612244898 0
  1 1 25 1 0 91 0.0659340659340659 0.10989010989011 0.384615384615385 0.538461538461538 0
  1 1 26 1 0 77 0.12987012987013 0.220779220779221 0.38961038961039 0.558441558441558 0
  1 1 27 1 0 102 0.127450980392157 0.0980392156862745 0.303921568627451 0.450980392156863 0
  1 1 28 1 0 76 0.0657894736842105 0.328947368421053 0.355263157894737 0.565789473684211 0
  1 1 29 1 0 110 0.1 0.190909090909091 0.190909090909091 0.427272727272727 0
  1 1 30 1 0 100 0.11 0.16 0.21 0.52 0
  1 1 31 1 0 108 0.0462962962962963 0.12962962962963 0.324074074074074 0.425925925925926 0
  1 1 32 1 0 118 0.0593220338983051 0.127118644067797 0.211864406779661 0.449152542372881 0
  1 1 33 1 0 129 0.0232558139534884 0.0697674418604651 0.248062015503876 0.434108527131783 0
  1 1 34 1 0 90 0.1 0.177777777777778 0.222222222222222 0.611111111111111 0
  1 1 35 1 0 69 0.202898550724638 0.130434782608696 0.231884057971014 0.884057971014493 0
  1 1 36 1 0 80 0.2 0.2125 0.25 0.5875 0
  1 1 37 1 0 62 0.354838709677419 0.17741935483871 0.354838709677419 0.725806451612903 0
  1 1 38 1 0 94 0.148936170212766 0.212765957446809 0.170212765957447 0.531914893617021 0
  1 1 39 1 0 75 0.133333333333333 0.213333333333333 0.4 0.586666666666667 0
  1 1 40 1 0 75 0.106666666666667 0.2 0.28 0.746666666666667 0
  1 1 41 1 0 35 0.542857142857143 0.428571428571429 0.628571428571429 1.25714285714286 0
  1 1 42 1 0 22 1.09090909090909 0.772727272727273 0.863636363636364 1.81818181818182 0
  1 1 1 4 0 5 0 0 15 1 4
  1 1 2 4 0 5 2.6 0 5.6 10.8 1
  1 1 3 4 0 5 0 8.2 1.4 10.2 0.2
  1 1 4 4 0 5 0.4 3.4 11.2 5 0
  1 1 5 4 0 5 1.4 1.4 6.8 10.4 0
  1 1 6 4 0 5 1.6 2.6 6.4 9.4 0
  1 1 7 4 0 5 1 3.8 7 8.2 0
  1 1 8 4 0 5 1 2.4 7 9.6 0
  1 1 9 4 0 5 0.8 3 5.4 10.8 0
  1 1 10 4 0 5 7.2 1 4.8 7 0
  1 1 11 4 0 1 3 44 19 34 0
  1 1 12 4 0 5 0.8 4.2 13 2 0
  1 1 13 4 0 1 2 4 51 43 0
  1 1 14 4 0 2 0 1.5 13.5 35 0
  1 1 15 4 0 8 0.125 0.125 3.25 9 0
  1 1 16 4 0 3 0 0.666666666666667 5.66666666666667 27 0
  1 1 17 4 0 3 4 0 2 27.3333333333333 0
  1 1 18 4 0 1 87 4 2 7 0
  1 1 19 4 0 3 0.333333333333333 28.6666666666667 2.33333333333333 2 0
  1 1 20 4 0 3 0.666666666666667 4.33333333333333 28 0.333333333333333 0
  1 1 21 4 0 3 9.33333333333333 0.333333333333333 10 13.6666666666667 0
  1 1 22 4 0 2 0 22.5 6 21.5 0
  1 1 23 4 0 6 2.33333333333333 1.33333333333333 9.5 3.5 0
  1 1 24 4 0 1 0 28 39 33 0
  1 1 25 4 0 1 8 8 43 41 0
  1 1 26 4 0 2 4.5 9 11 25.5 0
  1 1 27 4 0 2 0 14.5 13.5 22 0
  1 1 28 4 0 4 0 1.25 15 8.75 0
  1 1 29 4 0 7 2.85714285714286 0.285714285714286 3.28571428571429 7.85714285714286 0
  1 1 30 4 0 6 0.666666666666667 7.33333333333333 1.5 7.16666666666667 0
  1 1 31 4 0 10 2 0.9 5.6 1.5 0
  1 1 32 4 0 7 2.85714285714286 4 2.85714285714286 4.57142857142857 0
  1 1 33 4 0 15 1.4 2.06666666666667 2 1.2 0
  1 1 34 4 0 19 0 2.10526315789474 1.84210526315789 1.31578947368421 0
  1 1 35 4 0 13 1.69230769230769 0.538461538461538 2.76923076923077 2.69230769230769 0
  1 1 36 4 0 23 0 1.30434782608696 0.91304347826087 2.1304347826087 0
  1 1 37 4 0 7 0 1.57142857142857 6.42857142857143 6.28571428571429 0
  1 1 38 4 0 7 0.142857142857143 0.285714285714286 4.14285714285714 9.71428571428571 0
  1 1 39 4 0 19 0 0.0526315789473684 0.947368421052632 4.26315789473684 0
  1 1 40 4 0 25 0 0.08 0.56 3.36 0
  1 1 41 4 0 31 0 0.129032258064516 0.419354838709677 2.67741935483871 0
  1 1 42 4 0 31 0.903225806451613 0.258064516129032 0.225806451612903 1.83870967741935 0
  2 1 1 2 0 2 3 0 3 44 0
  2 1 2 2 0 5 5.4 2 0.6 12 0
  2 1 3 2 0 2 6 27.5 5.5 11 0
  2 1 4 2 0 5 0.8 5.8 10.8 2.6 0
  2 1 5 2 0 5 0 3.6 11.4 5 0
  2 1 6 2 0 5 0 2 9 9 0
  2 1 7 2 0 5 0 0.4 8.8 10.8 0
  2 1 8 2 0 1 0 3 42 55 0
  2 1 9 2 0 5 0 0.6 4.2 15.2 0
  2 1 10 2 0 5 0 0.2 4.6 15.2 0
  2 1 11 2 0 2 0.5 0 9 40.5 0
  2 1 12 2 0 5 1 1.8 2.4 14.8 0
  2 1 13 2 0 5 0.2 1.8 5 13 0
  2 1 14 2 0 5 0.2 1.8 7 11 0
  2 1 15 2 0 5 0.2 0.8 7.4 11.6 0
  2 1 16 2 0 5 0 0.8 6.2 13 0
  2 1 17 2 0 5 0.2 1.4 4.2 14.2 0
  2 1 18 2 0 5 0.4 0.2 3.8 15.6 0
  2 1 19 2 0 5 0 1.4 2.2 16.4 0
  2 1 20 2 0 30 0.0333333333333333 0.233333333333333 0.433333333333333 2.63333333333333 0
  2 1 21 2 0 46 0.0434782608695652 0.0869565217391304 0.543478260869565 1.5 0
  2 1 22 2 0 10 1.5 0.5 1 7 0
  2 1 23 2 0 19 0.315789473684211 1.36842105263158 0.631578947368421 2.94736842105263 0
  2 1 24 2 0 61 0 0.262295081967213 0.704918032786885 0.672131147540984 0
  2 1 25 2 0 29 0.0344827586206897 0.275862068965517 1.44827586206897 1.68965517241379 0
  2 1 26 2 0 32 0.03125 0.21875 1.09375 1.78125 0
  2 1 27 2 0 16 0 0.3125 2.125 3.8125 0
  2 1 28 2 0 31 0 0.0967741935483871 1.03225806451613 2.09677419354839 0
  2 1 29 2 0 44 0 0.0454545454545455 0.5 1.72727272727273 0
  2 1 30 2 0 29 0 0 0.689655172413793 2.75862068965517 0
  2 1 31 2 0 25 0 0.04 0.68 3.28 0
  2 1 32 2 0 22 0 0 0.727272727272727 3.81818181818182 0
  2 1 33 2 0 35 0.457142857142857 0 0.257142857142857 2.14285714285714 0
  2 1 34 2 0 28 0.214285714285714 1.5 0.214285714285714 1.64285714285714 0
  2 1 35 2 0 45 0.0888888888888889 0.488888888888889 1.04444444444444 0.6 0
  2 1 36 2 0 51 0 0.235294117647059 0.96078431372549 0.764705882352941 0
  2 1 37 2 0 41 0 0.268292682926829 0.926829268292683 1.24390243902439 0
  2 1 38 2 0 36 0.0277777777777778 0.138888888888889 0.916666666666667 1.69444444444444 0
  2 1 39 2 0 20 0 0.1 1.25 3.65 0
  2 1 40 2 0 14 0 0.214285714285714 1.21428571428571 5.71428571428571 0
  2 1 41 2 0 17 0.0588235294117647 0.235294117647059 1.41176470588235 4.17647058823529 0
  2 1 42 2 0 24 0 0.0833333333333333 0.916666666666667 3.16666666666667 0
  2 1 1 3 0 1 33 0 64 3 0
  2 1 2 3 0 5 11 1.2 6.8 1 0
  2 1 3 3 0 5 10.4 4.4 4.4 0.8 0
  2 1 4 3 0 1 58 18 19 5 0
  2 1 5 3 0 6 8.5 4 3.33333333333333 0.833333333333333 0
  2 1 6 3 0 4 11 6.75 5.5 1.75 0
  2 1 7 3 0 5 12.2 4.4 2.8 0.6 0
  2 1 8 3 0 1 54 31 10 5 0
  2 1 9 3 0 1 50 31 14 5 0
  2 1 10 3 0 1 44 34 16 6 0
  2 1 11 3 0 2 20 14.5 13 2.5 0
  2 1 12 3 0 5 9.2 5.4 4.2 1.2 0
  2 1 13 3 0 4 9.25 7.25 7.5 1 0
  2 1 14 3 0 8 6.875 3.625 1.625 0.375 0
  2 1 15 3 0 11 4.18181818181818 2.63636363636364 1.45454545454545 0.818181818181818 0
  2 1 16 3 0 5 8.6 6.4 3.6 1.4 0
  2 1 17 3 0 5 8.2 6.2 4.2 1.4 0
  2 1 18 3 0 1 48 24 20 8 0
  2 1 19 3 0 1 45 32 19 4 0
  2 1 20 3 0 4 11.25 9.5 3.25 1 0
  2 1 21 3 0 3 17 11.6666666666667 3.66666666666667 1 0
  2 1 22 3 0 4 9.25 9.25 4 2.5 0
  2 1 23 3 0 3 11.3333333333333 13 6.33333333333333 2.66666666666667 0
  2 1 24 3 0 3 12.3333333333333 12 6.66666666666667 2.33333333333333 0
  2 1 25 3 0 2 17.5 14.5 13.5 4.5 0
  2 1 26 3 0 4 9.75 7.25 6.25 1.75 0
  2 1 27 3 0 5 7 7.2 4 1.8 0
  2 1 28 3 0 4 7.75 8 7.25 2 0
  2 1 29 3 0 4 11.25 7.5 5 1.25 0
  2 1 30 3 0 24 1.33333333333333 1.5 0.708333333333333 0.625 0
  2 1 31 3 0 10 3.7 2.7 2.4 1.2 0
  2 1 32 3 0 12 4.08333333333333 2.66666666666667 1.16666666666667 0.416666666666667 0
  2 1 33 3 0 4 9.5 8 5.75 1.75 0
  2 1 34 3 0 6 6 7.33333333333333 2.16666666666667 1.16666666666667 0
  2 1 35 3 0 2 16.5 14 10.5 9 0
  2 1 36 3 0 10 5.2 1.9 1.9 1 0
  2 1 37 3 0 9 4.77777777777778 2.55555555555556 2.33333333333333 1.44444444444444 0
  2 1 38 3 0 13 3.30769230769231 1.76923076923077 2.15384615384615 0.461538461538462 0
  2 1 39 3 0 16 2.1875 1.875 1.5 0.6875 0
  2 1 40 3 0 27 1.51851851851852 1.2962962962963 0.555555555555556 0.333333333333333 0
  2 1 41 3 0 15 3.2 1.26666666666667 1.4 0.8 0
  2 1 42 3 0 16 2.8125 1.6875 1.3125 0.4375 0
# end fishery length observations 
#  
# Survey diet proportion observations 
# Number of observations, init_int Ndietprop_obs 
  60
# init_matrix obs_dietprop(1,Ndietprop_obs,1,ncol) 
# Survey  Year  Predator  Predator_size InpN  wt_prey_1 wt_prey_2 wt_prey_3 wt_prey_4 wt_prey_5 wt_prey_6 wt_prey_7 wt_prey_8 wt_prey_9 wt_prey_10 wt_prey_11 other 
  1 12 1 2 100 0 0 0 0 1
  1 12 1 3 100 0.31 0 0 0 0.69
  1 13 1 3 100 0 0 0 0 1
  1 13 1 4 100 0 1 0 0 0
  1 15 1 2 100 0 0 0 0 1
  1 18 1 1 100 0.91 0 0 0 0.09
  1 18 1 2 100 0 0 0 0 1
  1 18 1 3 100 0 0.39 0 0 0.61
  1 19 1 2 100 0 0 0 0 1
  1 19 1 3 100 0 0 0 0 1
  1 20 1 3 100 0 0 0 0 1
  1 21 1 2 100 0 0.06 0 0 0.94
  1 21 1 3 100 0 0.43 0 0 0.57
  1 24 1 3 100 0 0 0 0 1
  1 25 1 3 100 0 0 0 0 1
  1 26 1 3 100 0 0.91 0 0 0.09
  1 27 1 3 100 0 0.82 0 0 0.18
  1 28 1 3 100 0 0.11 0 0 0.89
  1 33 1 3 100 0 0 0 0 1
  1 34 1 3 100 0 0 0 0 1
  1 35 1 3 100 0 0.06 0 0 0.94
  1 38 1 3 100 0 0 0 0 1
  1 39 1 3 100 0 1 0 0 0
  1 40 1 2 100 0 0 0 0 1
  1 41 1 2 100 0 0 1 0 0
  1 8 4 2 100 0 0 0 0 1
  1 8 4 3 100 0 0 0 0 1
  1 11 4 3 100 0 0 0 0 1
  1 13 4 2 100 0 0 0 0 1
  1 13 4 3 100 0 0.66 0 0 0.34
  1 13 4 4 100 0 0.39 0 0 0.61
  1 14 4 3 100 0 0 0 0 1
  1 15 4 3 100 0 0.66 0 0 0.34
  1 15 4 4 100 0 0 0 0 1
  1 16 4 3 100 0 1 0 0 0
  1 16 4 4 100 0 0.62 0 0 0.38
  1 17 4 3 100 0 0 0 0 1
  1 18 4 3 100 0 0 0 0 1
  1 19 4 2 100 0 0 0 0 1
  1 19 4 3 100 0 1 0 0 0
  1 20 4 2 100 0 0 0 0 1
  1 20 4 3 100 0 0 0 0 1
  1 21 4 3 100 0 0.42 0 0 0.58
  1 22 4 2 100 0 0 0 0 1
  1 23 4 3 100 0 0 0 0 1
  1 24 4 3 100 0 0 0 0 1
  1 25 4 3 100 0 0 0 0 1
  1 25 4 4 100 0 1 0 0 0
  1 26 4 3 100 0 0 0 0 1
  1 27 4 2 100 0 1 0 0 0
  1 27 4 3 100 0 1 0 0 0
  1 28 4 2 100 0 0 0 0 1
  1 28 4 3 100 0 0.98 0 0 0.02
  1 29 4 3 100 0 0 0 0 1
  1 31 4 3 100 0 0.55 0 0 0.45
  1 31 4 4 100 0 0 0 0 1
  1 34 4 3 100 0 0 0.53 0 0.47
  1 40 4 3 100 0 0 0.49 0 0.51
  1 40 4 4 100 0 0 0.97 0 0.03
  1 42 4 3 100 0 0 0 0 1
# end survey diet proportion observations 
#  
