# This file was created using the write_tsDatFile function and used all the simulated data from sim_dta.rds found in repo:Hydra-self-testing
# Survey index data 
# Number of observations, init_int Nsurvey_obs
  166
# init_matrix obs_survey_biomass(1,Nsurvey_obs,1,5)
# survey year spp value cv
  1 1 4 78622.4835031634 0.212720515437525
  1 2 4 95951.1927160495 0.222168779300385
  1 3 4 96162.5575185788 0.394113240257454
  1 4 4 89712.1300492415 0.310035034727007
  1 5 4 106031.171135668 0.378629084128514
  1 6 4 110675.083361362 0.494427832556011
  1 7 4 95703.5285060131 0.759062286891916
  1 8 4 157771.368981578 0.383150869515862
  1 9 4 131676.168899833 0.48934963094834
  1 10 4 202262.524032564 0.382452035825211
  1 11 4 113741.20034263 0.566792532611316
  1 12 4 146994.087105875 0.381518572031255
  1 13 4 265699.626535362 0.438380584739347
  1 14 4 173713.88021325 0.482345652338289
  1 15 4 113164.900266451 0.420835086749712
  1 16 4 273096.569385697 0.515165860253858
  1 17 4 311929.999027328 0.559532625975744
  1 18 4 97772.7553951792 0.479008946214672
  1 19 4 82187.8103625651 0.429419179801904
  1 20 4 132593.349350161 0.477074256852948
  1 21 4 128214.214879293 0.410621521476155
  1 22 4 291651.692475068 0.294672690077384
  1 23 4 267372.009318418 0.477447511398437
  1 24 4 220906.518367872 0.384568504019134
  1 25 4 135872.249471462 0.333261603198005
  1 26 4 179385.415048381 0.685474246042822
  1 27 4 148399.434353197 0.286882992344226
  1 28 4 242791.675435534 0.371822434434906
  1 29 4 177529.313161876 0.592639130460935
  1 30 4 345634.778850991 0.374062101432949
  1 31 4 119358.032071854 0.304499664309564
  1 32 4 95234.6120610151 0.233962995093855
  1 33 4 143553.93561453 0.270006842918168
  1 34 4 186189.990568643 0.350007507053818
  1 35 4 309991.594522892 0.34274593698132
  1 36 4 124625.420443412 0.261906583866089
  1 37 4 202447.22357668 0.417429035160016
  1 38 4 98214.1481718283 0.441211421515246
  1 39 4 125966.089648189 0.495234601454268
  1 40 4 233905.931770586 0.237858203733512
  1 41 4 97850.7549322176 0.327346172729995
  1 42 4 200669.124001078 0.368315456462939
  1 1 2 266.98624577694 0.601375663623589
  1 4 2 989.647469233951 1
  1 5 2 484.68570509911 0.611089023955187
  1 6 2 246.018550080096 0.702037850017464
  1 7 2 122.139609059971 0.948289691951521
  1 8 2 276.15468299832 0.544380631361087
  1 9 2 253.766615857289 0.5393131982084
  1 10 2 201.255438907949 0.88095039530815
  1 11 2 363.47352919195 0.799987970388403
  1 12 2 1072.94150522924 0.774991903603438
  1 13 2 356.997010363961 0.863215133786584
  1 14 2 404.823618801606 0.704083892007286
  1 15 2 257.816444348497 0.457459057188701
  1 16 2 400.458701908981 0.853197309912465
  1 17 2 37.8412896445477 0.61116783920211
  1 18 2 140.67250317387 0.416775375911518
  1 19 2 3415.84611804292 0.69077510766454
  1 20 2 4161.17197565069 0.793751288508348
  1 21 2 1893.4423818098 0.339376634127756
  1 22 2 2078.57322460374 0.601950919776798
  1 23 2 4698.38833123787 0.658556209578282
  1 24 2 4785.18552363511 0.637453135075156
  1 25 2 5711.21094800599 0.510473149998029
  1 26 2 3047.01845629415 0.548437091427541
  1 27 2 2572.48854037075 0.492912195981742
  1 28 2 4962.80206231851 0.747597319880804
  1 29 2 1404.07670785256 0.451616070879294
  1 30 2 315.169510311143 0.797269558848634
  1 31 2 3227.52934238078 0.666772556553203
  1 32 2 4354.10966388824 0.96787270074405
  1 33 2 9332.05088650844 0.404694020855087
  1 34 2 12835.4335850591 0.814873375751391
  1 35 2 4439.82087008871 0.533219898766676
  1 36 2 3668.89908644252 0.371953858881132
  1 37 2 2887.04740190512 0.791301167226987
  1 38 2 1307.17658654775 0.633364993316759
  1 39 2 3852.03868190905 0.827253682697507
  1 40 2 193.309403849548 0.900216415173481
  1 41 2 886.873103620732 0.957770995377006
  1 42 2 403.895845488508 0.55870584954739
  1 1 1 17429.994122255 0.241799049430762
  1 2 1 18158.7882797894 0.142636213550947
  1 3 1 9046.47759065393 0.225478190042395
  1 4 1 15201.6787562466 0.323579734794357
  1 5 1 13911.9455837033 0.320666395151501
  1 6 1 12061.5972685616 0.452044832991261
  1 7 1 11689.2734832116 0.28209645893665
  1 8 1 9872.48244377692 0.414010381101596
  1 9 1 17824.6778871232 0.40638853202345
  1 10 1 25828.0231076874 0.290993157294119
  1 11 1 11363.5861856041 0.324615016521962
  1 12 1 12503.2448829348 0.294780938380682
  1 13 1 10189.4045870777 0.440402569626277
  1 14 1 10516.7973843934 0.372421878022742
  1 15 1 18265.1163535667 0.341871348717721
  1 16 1 10252.9869707801 0.416897355424411
  1 17 1 3484.75233887694 0.500820840736393
  1 18 1 6618.79668512303 0.389853340834037
  1 19 1 8531.73737996662 0.293941849282161
  1 20 1 2401.59999621666 0.525509720403112
  1 21 1 6240.97521669555 0.266433769579894
  1 22 1 5744.26180851998 0.374831371194202
  1 23 1 11898.4527071976 0.352011231642473
  1 24 1 3922.07458202057 0.34725908523047
  1 25 1 2621.24357153088 0.578696888706846
  1 26 1 4140.3553046184 0.459728456052307
  1 27 1 4835.50065698139 0.539982548576019
  1 28 1 4926.80570417279 0.364309332200766
  1 29 1 1893.859159282 0.562793580097325
  1 30 1 3854.89859329141 0.420348818797864
  1 31 1 3245.94882985883 0.403753427903273
  1 32 1 2373.79296838127 0.491331418922754
  1 33 1 2277.30763442398 0.537081122476055
  1 34 1 1096.39702635303 0.379030815152119
  1 35 1 1564.11043807127 0.519511456600017
  1 36 1 2056.40140057509 0.556056214854877
  1 37 1 4250.14910999488 0.588197671943964
  1 38 1 1095.19589054458 0.324588369174256
  1 39 1 880.049314631392 0.501841796783066
  1 40 1 1237.93661543404 0.403101009292275
  1 41 1 1058.129382236 0.478602624152216
  1 42 1 1522.13575438875 0.646634922078809
  1 1 3 29.7024759216643 0.499484636786782
  1 2 3 300.240999462615 0.358153914340203
  1 3 3 597.262045522577 0.678339172154909
  1 4 3 496.104561415639 1
  1 5 3 680.03260052476 0.693225535250834
  1 6 3 1585.60474726776 1
  1 7 3 1016.84221577693 0.912293822979085
  1 8 3 1246.3154393432 0.655734850091527
  1 9 3 1486.33507293486 0.670809892238012
  1 10 3 189.548921442857 0.631102684426709
  1 11 3 245.82381935061 0.496475444687371
  1 12 3 541.435100789455 0.740682868109632
  1 13 3 482.039903594594 0.360862225436052
  1 14 3 757.888365602949 0.547901331396328
  1 15 3 745.801995075929 0.429608216382601
  1 16 3 354.290731950759 0.69118921143411
  1 17 3 245.479646014323 0.426971754606328
  1 18 3 184.214341961741 0.505524319387353
  1 19 3 437.042620165185 0.644591984223249
  1 20 3 230.974955544542 0.899065435378594
  1 21 3 349.178973393006 0.543826822033971
  1 22 3 118.342684155058 0.88174616562504
  1 23 3 292.990056746175 0.408104676406013
  1 24 3 340.255150135698 0.92608255019157
  1 25 3 548.608745920081 0.648664057223823
  1 26 3 334.830547700954 0.695927823776047
  1 27 3 268.55943784721 0.708713243925404
  1 28 3 267.414863007105 0.489543853646182
  1 29 3 431.844296420489 0.703511357168505
  1 30 3 290.494314631412 0.631659802692532
  1 31 3 149.508494895355 0.626570332091694
  1 32 3 86.6188537631544 0.661895735249442
  1 33 3 410.190196821139 0.783155911787346
  1 34 3 170.95851985568 0.542775440757204
  1 35 3 50.8598852679464 0.870542376054271
  1 36 3 610.669729629913 0.492193512682958
  1 37 3 139.932029048699 0.909630520329322
  1 38 3 1388.40646202374 0.644773009949607
  1 39 3 156.684233097547 0.515045488987725
  1 40 3 384.259959900035 0.442573167063876
  1 41 3 81737.3676751062 0.88587618368699
  1 42 3 120671.825326865 0.983269433580366
# end survey index observations 
#  
# Survey size comp data 
# Number of observations, init_int Nsurvey_size_obs 
  166
# init_matrix obs_survey_size(1,Nsurvey_size_obs,1,ncol) 
# Survey  Year  Species Type (0=whole, 1=retained, 2=discard) InpN, proportion by length bin 
  1 1 1 0 57 0 0.947368421052632 0.719298245614035 0.087719298245614 0
  1 2 1 0 65 0 0.507692307692308 0.907692307692308 0.107692307692308 0.0153846153846154
  1 3 1 0 32 0 0.6875 1.75 0.6875 0
  1 4 1 0 32 0.03125 2.3125 0.5625 0.21875 0
  1 5 1 0 21 0.0476190476190476 3.23809523809524 1.0952380952381 0.380952380952381 0
  1 6 1 0 18 0 2.88888888888889 1.5 1.16666666666667 0
  1 7 1 0 25 0.04 1.68 1.48 0.8 0
  1 8 1 0 20 0.05 1.9 1.65 1.4 0
  1 9 1 0 16 0.4375 4.5625 0.8125 0.4375 0
  1 10 1 0 19 0.0526315789473684 2.94736842105263 1.73684210526316 0.526315789473684 0
  1 11 1 0 20 0.05 2.7 1.95 0.3 0
  1 12 1 0 22 0.0454545454545455 1.68181818181818 2.04545454545455 0.772727272727273 0
  1 13 1 0 23 0 1.08695652173913 2.30434782608696 0.956521739130435 0
  1 14 1 0 14 0 1.64285714285714 3.28571428571429 2.21428571428571 0
  1 15 1 0 21 0 1.04761904761905 2.38095238095238 1.33333333333333 0
  1 16 1 0 14 0 1.92857142857143 2.85714285714286 2.35714285714286 0
  1 17 1 0 17 0.0588235294117647 2.05882352941176 2.11764705882353 1.64705882352941 0
  1 18 1 0 19 0.315789473684211 3.89473684210526 0.421052631578947 0.631578947368421 0
  1 19 1 0 18 0.0555555555555556 4.11111111111111 1.16666666666667 0.222222222222222 0
  1 20 1 0 15 0.2 3.6 2.33333333333333 0.533333333333333 0
  1 21 1 0 21 0 1.95238095238095 2.14285714285714 0.666666666666667 0
  1 22 1 0 13 0 2.53846153846154 3.69230769230769 1.46153846153846 0
  1 23 1 0 14 0.0714285714285714 2.21428571428571 3.21428571428571 1.64285714285714 0
  1 24 1 0 14 0 1.57142857142857 3.14285714285714 2.42857142857143 0
  1 25 1 0 18 0 1 2.05555555555556 2.5 0
  1 26 1 0 14 0 1.42857142857143 2.92857142857143 2.78571428571429 0
  1 27 1 0 23 0.0434782608695652 1.34782608695652 1.26086956521739 1.69565217391304 0
  1 28 1 0 14 0.0714285714285714 1.64285714285714 2.42857142857143 3 0
  1 29 1 0 17 0.0588235294117647 1.52941176470588 1.88235294117647 2.41176470588235 0
  1 30 1 0 18 0 1.55555555555556 2.05555555555556 1.94444444444444 0
  1 31 1 0 20 0 1.65 1.35 2 0
  1 32 1 0 10 0 1.7 2.5 5.8 0
  1 33 1 0 15 0 1.6 1.73333333333333 3.33333333333333 0
  1 34 1 0 18 0 1.11111111111111 1.38888888888889 3.05555555555556 0
  1 35 1 0 8 0 3.5 3 6 0
  1 36 1 0 12 0.0833333333333333 2.25 2.25 3.75 0
  1 37 1 0 8 0 3.75 3.875 4.875 0
  1 38 1 0 16 0 1.75 1.875 2.625 0
  1 39 1 0 10 0 2.7 3 4.3 0
  1 40 1 0 10 0 2.9 2.2 4.9 0
  1 41 1 0 13 0 2.15384615384615 2.53846153846154 3 0
  1 42 1 0 8 0.125 5.875 2.125 4.375 0
  1 1 2 0 11 0 0 5.27272727272727 3.72727272727273 0.0909090909090909
  1 4 2 0 1 0 0 62 38 0
  1 5 2 0 5 0 0 9.8 10.2 0
  1 6 2 0 1 0 0 54 46 0
  1 7 2 0 3 0 0.333333333333333 19 14 0
  1 8 2 0 4 0 0.5 15 9.5 0
  1 9 2 0 5 0 0.2 10.8 9 0
  1 10 2 0 10 0 0.8 6.1 3.1 0
  1 11 2 0 13 0 0.0769230769230769 6.69230769230769 0.923076923076923 0
  1 12 2 0 15 0 0.0666666666666667 4.4 2.2 0
  1 13 2 0 9 0 0 5.55555555555556 5.55555555555556 0
  1 14 2 0 6 0 0 4.5 12.1666666666667 0
  1 15 2 0 13 0 0 2.38461538461538 5.30769230769231 0
  1 16 2 0 10 0 0 3 7 0
  1 17 2 0 10 0 0.6 2.3 7.1 0
  1 18 2 0 18 0 3.27777777777778 1.83333333333333 0.444444444444444 0
  1 19 2 0 27 0 0.037037037037037 3.66666666666667 0 0
  1 20 2 0 23 0 0 2.8695652173913 1.47826086956522 0
  1 21 2 0 25 0 0.2 1.44 2.36 0
  1 22 2 0 9 0 0.111111111111111 10 1 0
  1 23 2 0 8 0 0.25 7.125 5.125 0
  1 24 2 0 9 0 0 7 4.11111111111111 0
  1 25 2 0 14 0 0.214285714285714 3.07142857142857 3.85714285714286 0
  1 26 2 0 18 0 0 3.44444444444444 2.11111111111111 0
  1 27 2 0 16 0 0.0625 4.4375 1.75 0
  1 28 2 0 6 0 0 9.16666666666667 7.5 0
  1 29 2 0 8 0 0.625 6.5 5.375 0
  1 30 2 0 17 0 0 5.05882352941176 0.823529411764706 0
  1 31 2 0 9 0 0.222222222222222 6.55555555555556 4.33333333333333 0
  1 32 2 0 30 0 0.1 2.46666666666667 0.766666666666667 0
  1 33 2 0 24 0 0.166666666666667 3.25 0.75 0
  1 34 2 0 25 0 0 2.92 1.08 0
  1 35 2 0 16 0 0.125 3.0625 3.0625 0
  1 36 2 0 13 0 0 5 2.69230769230769 0
  1 37 2 0 8 0 0 7.375 5.125 0
  1 38 2 0 10 0 0 4.1 5.9 0
  1 39 2 0 13 0 0 2.15384615384615 5.53846153846154 0
  1 40 2 0 8 0 0 3 9.5 0
  1 41 2 0 5 0 0.2 5.8 14 0
  1 42 2 0 17 0 0.176470588235294 2.35294117647059 3.35294117647059 0
  1 1 3 0 27 0 2.55555555555556 0.333333333333333 0.814814814814815 0
  1 2 3 0 13 0 6.92307692307692 0.692307692307692 0.0769230769230769 0
  1 3 3 0 5 0 11.4 8.2 0.4 0
  1 4 3 0 2 0 20 25.5 4.5 0
  1 5 3 0 5 0 5 13.8 1.2 0
  1 6 3 0 1 0 19 61 20 0
  1 7 3 0 3 0 2 25 6.33333333333333 0
  1 8 3 0 3 0 3 22 8.33333333333333 0
  1 9 3 0 4 0 3 14.25 7.75 0
  1 10 3 0 4 0 1.75 15.5 7.75 0
  1 11 3 0 4 0 14.25 5.25 5.5 0
  1 12 3 0 2 0 20 23 7 0
  1 13 3 0 8 0 3.75 6.5 2.25 0
  1 14 3 0 19 0 1.15789473684211 3.05263157894737 1.05263157894737 0
  1 15 3 0 15 0 1.33333333333333 4 1.33333333333333 0
  1 16 3 0 12 0 1.33333333333333 4.83333333333333 2.16666666666667 0
  1 17 3 0 14 0 0.642857142857143 4.28571428571429 2.21428571428571 0
  1 18 3 0 14 0 1.78571428571429 3.64285714285714 1.71428571428571 0
  1 19 3 0 15 0 1.8 2.53333333333333 2.33333333333333 0
  1 20 3 0 17 0 1.11764705882353 2.64705882352941 2.11764705882353 0
  1 21 3 0 12 0 1.33333333333333 4.41666666666667 2.58333333333333 0
  1 22 3 0 11 0 6.27272727272727 1.81818181818182 1 0
  1 23 3 0 16 0 3.5625 2.375 0.3125 0
  1 24 3 0 15 0 2.13333333333333 3.46666666666667 1.06666666666667 0
  1 25 3 0 4 0 5.75 15.75 3.5 0
  1 26 3 0 14 0 1.57142857142857 4 1.57142857142857 0
  1 27 3 0 6 0 1.83333333333333 9.83333333333333 5 0
  1 28 3 0 4 0 0.75 16.25 8 0
  1 29 3 0 2 0 2.5 31 16.5 0
  1 30 3 0 10 0 0.8 4.7 4.5 0
  1 31 3 0 9 0 1.22222222222222 5.22222222222222 4.66666666666667 0
  1 32 3 0 12 0 1.25 3.66666666666667 3.41666666666667 0
  1 33 3 0 5 0 17 1 2 0
  1 34 3 0 9 0 5.55555555555556 5.22222222222222 0.333333333333333 0
  1 35 3 0 5 0 8.4 10.8 0.8 0
  1 36 3 0 5 0 5.2 12 2.8 0
  1 37 3 0 3 0 7.66666666666667 21 4.66666666666667 0
  1 38 3 0 15 0 0.933333333333333 4.2 1.53333333333333 0
  1 39 3 0 12 0 1.5 4.58333333333333 2.25 0
  1 40 3 0 9 0 1.88888888888889 5.77777777777778 3.44444444444444 0
  1 41 3 0 8 0 2.25 6.75 3.5 0
  1 42 3 0 12 0 1.83333333333333 4.66666666666667 1.83333333333333 0
  1 1 4 0 86 0.0930232558139535 0.186046511627907 0.767441860465116 0.116279069767442 0
  1 2 4 0 100 0.06 0.42 0.47 0.05 0
  1 3 4 0 33 0.181818181818182 1.60606060606061 1 0.242424242424242 0
  1 4 4 0 44 0.159090909090909 1.34090909090909 0.659090909090909 0.113636363636364 0
  1 5 4 0 34 0.176470588235294 1.88235294117647 0.705882352941177 0.176470588235294 0
  1 6 4 0 40 0.125 1.625 0.575 0.175 0
  1 7 4 0 39 0.307692307692308 1.53846153846154 0.666666666666667 0.0512820512820513 0
  1 8 4 0 49 0.102040816326531 1.36734693877551 0.408163265306122 0.163265306122449 0
  1 9 4 0 36 0.194444444444444 1.91666666666667 0.583333333333333 0.0833333333333333 0
  1 10 4 0 43 0.13953488372093 1.6046511627907 0.534883720930233 0.0465116279069767 0
  1 11 4 0 41 0.146341463414634 1.70731707317073 0.51219512195122 0.0731707317073171 0
  1 12 4 0 35 0.114285714285714 1.85714285714286 0.8 0.0857142857142857 0
  1 13 4 0 32 0.28125 2.21875 0.53125 0.09375 0
  1 14 4 0 21 0.333333333333333 2.95238095238095 1.23809523809524 0.238095238095238 0
  1 15 4 0 30 0.1 2.26666666666667 0.733333333333333 0.233333333333333 0
  1 16 4 0 19 0.210526315789474 3.78947368421053 1.05263157894737 0.210526315789474 0
  1 17 4 0 35 0.114285714285714 1.88571428571429 0.628571428571429 0.228571428571429 0
  1 18 4 0 27 0.111111111111111 2.25925925925926 1.07407407407407 0.259259259259259 0
  1 19 4 0 34 0.117647058823529 1.70588235294118 0.970588235294118 0.147058823529412 0
  1 20 4 0 42 0.0952380952380952 1.47619047619048 0.666666666666667 0.142857142857143 0
  1 21 4 0 41 0.195121951219512 1.60975609756098 0.560975609756098 0.0731707317073171 0
  1 22 4 0 44 0.0454545454545455 1.54545454545455 0.590909090909091 0.0909090909090909 0
  1 23 4 0 28 0.178571428571429 2.07142857142857 1.10714285714286 0.214285714285714 0
  1 24 4 0 34 0.205882352941176 1.91176470588235 0.735294117647059 0.0882352941176471 0
  1 25 4 0 36 0.0833333333333333 1.69444444444444 0.805555555555556 0.194444444444444 0
  1 26 4 0 31 0.0645161290322581 2.35483870967742 0.580645161290323 0.225806451612903 0
  1 27 4 0 39 0.102564102564103 1.53846153846154 0.743589743589744 0.179487179487179 0
  1 28 4 0 38 0.0263157894736842 1.68421052631579 0.815789473684211 0.105263157894737 0
  1 29 4 0 48 0.125 1.125 0.625 0.208333333333333 0
  1 30 4 0 38 0.105263157894737 1.73684210526316 0.684210526315789 0.105263157894737 0
  1 31 4 0 61 0.0819672131147541 0.901639344262295 0.491803278688525 0.163934426229508 0
  1 32 4 0 48 0.104166666666667 1.22916666666667 0.5 0.25 0
  1 33 4 0 49 0.0816326530612245 1.16326530612245 0.551020408163265 0.244897959183673 0
  1 34 4 0 44 0.136363636363636 1.34090909090909 0.681818181818182 0.113636363636364 0
  1 35 4 0 61 0.0983606557377049 1 0.426229508196721 0.114754098360656 0
  1 36 4 0 67 0.0447761194029851 0.985074626865672 0.358208955223881 0.104477611940299 0
  1 37 4 0 57 0.0526315789473684 1.03508771929825 0.543859649122807 0.12280701754386 0
  1 38 4 0 38 0.105263157894737 1.68421052631579 0.736842105263158 0.105263157894737 0
  1 39 4 0 52 0.0384615384615385 1.21153846153846 0.576923076923077 0.0961538461538462 0
  1 40 4 0 43 0.0465116279069767 1.48837209302326 0.674418604651163 0.116279069767442 0
  1 41 4 0 42 0.0714285714285714 1.38095238095238 0.738095238095238 0.19047619047619 0
  1 42 4 0 61 0.0327868852459016 0.852459016393443 0.655737704918033 0.0983606557377049 0
# end survey length observations 
#  
# Fishery catch data 
# Number of observations, init_int Ncatch_obs
  168
# init_matrix obs_catch_biomass(1,Ncatch_obs,1,6) 
# Fleet	Area	Year	Species	Catch(biomass t)	CV 
  1 1 1 1 18153.1423761343 0.05
  1 1 2 1 23941.8862755345 0.05
  1 1 3 1 23571.5493028185 0.05
  1 1 4 1 22040.7257709931 0.05
  1 1 5 1 23507.4169878696 0.05
  1 1 6 1 23161.8008066905 0.05
  1 1 7 1 22340.1546165909 0.05
  1 1 8 1 19880.5868129257 0.05
  1 1 9 1 20115.3370246283 0.05
  1 1 10 1 19648.0003218038 0.05
  1 1 11 1 20691.4774186356 0.05
  1 1 12 1 21884.1687872136 0.05
  1 1 13 1 20929.2738057576 0.05
  1 1 14 1 19374.4694173541 0.05
  1 1 15 1 14464.9157299745 0.05
  1 1 16 1 12555.0087276442 0.05
  1 1 17 1 9621.19395511376 0.05
  1 1 18 1 8060.54360789805 0.05
  1 1 19 1 7599.49215684397 0.05
  1 1 20 1 8389.97505772305 0.05
  1 1 21 1 4164.97463728337 0.05
  1 1 22 1 5455.38386153576 0.05
  1 1 23 1 5343.17850925713 0.05
  1 1 24 1 5588.6825769155 0.05
  1 1 25 1 5255.98761078675 0.05
  1 1 26 1 4565.21743678702 0.05
  1 1 27 1 4448.80714141724 0.05
  1 1 28 1 4010.56170890038 0.05
  1 1 29 1 3148.49197722453 0.05
  1 1 30 1 3102.07080589302 0.05
  1 1 31 1 2874.68725709203 0.05
  1 1 32 1 2508.38071988702 0.05
  1 1 33 1 2132.59047996642 0.05
  1 1 34 1 1908.96355209386 0.05
  1 1 35 1 1621.44439525796 0.05
  1 1 36 1 1468.15767213565 0.05
  1 1 37 1 1259.09121851413 0.05
  1 1 38 1 961.686342217948 0.05
  1 1 39 1 963.278553959224 0.05
  1 1 40 1 877.09262669724 0.05
  1 1 41 1 705.336934516518 0.05
  1 1 42 1 692.912427404196 0.05
  1 1 1 4 6657.25439988103 0.05
  1 1 2 4 6107.60808747956 0.05
  1 1 3 4 6618.77858345643 0.05
  1 1 4 4 6422.81628512241 0.05
  1 1 5 4 6281.18221411878 0.05
  1 1 6 4 6455.17043849168 0.05
  1 1 7 4 7456.44645158191 0.05
  1 1 8 4 7750.80111314192 0.05
  1 1 9 4 8198.87328650281 0.05
  1 1 10 4 8566.82371540017 0.05
  1 1 11 4 9216.22055828073 0.05
  1 1 12 4 8981.53220499369 0.05
  1 1 13 4 9324.77203951189 0.05
  1 1 14 4 10553.7292311319 0.05
  1 1 15 4 9628.16799281843 0.05
  1 1 16 4 9473.95624530733 0.05
  1 1 17 4 10930.8787087067 0.05
  1 1 18 4 10318.1911753967 0.05
  1 1 19 4 10417.3592680995 0.05
  1 1 20 4 11578.6688874725 0.05
  1 1 21 4 4910.41797289199 0.05
  1 1 22 4 4665.05795218691 0.05
  1 1 23 4 4734.48247217467 0.05
  1 1 24 4 4491.61259941122 0.05
  1 1 25 4 5067.83555600053 0.05
  1 1 26 4 4635.77700089151 0.05
  1 1 27 4 5121.24145677084 0.05
  1 1 28 4 4817.89347751473 0.05
  1 1 29 4 4938.88546510955 0.05
  1 1 30 4 4522.60617387185 0.05
  1 1 31 4 4352.43331264594 0.05
  1 1 32 4 4851.5594395599 0.05
  1 1 33 4 4592.88296372489 0.05
  1 1 34 4 4249.2308376552 0.05
  1 1 35 4 4448.66374816778 0.05
  1 1 36 4 4228.41032919227 0.05
  1 1 37 4 4153.76509273142 0.05
  1 1 38 4 4356.29469286753 0.05
  1 1 39 4 4416.76977715326 0.05
  1 1 40 4 4655.60807984539 0.05
  1 1 41 4 4559.64076145231 0.05
  1 1 42 4 4029.9691549449 0.05
  2 1 1 2 1171.0735888453 0.05
  2 1 2 2 1195.21863812389 0.05
  2 1 3 2 902.219209192707 0.05
  2 1 4 2 883.485833802334 0.05
  2 1 5 2 1121.23627581084 0.05
  2 1 6 2 1077.40399263042 0.05
  2 1 7 2 948.147262648155 0.05
  2 1 8 2 938.344003082571 0.05
  2 1 9 2 941.925411962213 0.05
  2 1 10 2 882.088291525648 0.05
  2 1 11 2 994.072093152977 0.05
  2 1 12 2 1528.34161768391 0.05
  2 1 13 2 2050.71214721898 0.05
  2 1 14 2 1933.91552821965 0.05
  2 1 15 2 1632.80304737648 0.05
  2 1 16 2 1142.38999729563 0.05
  2 1 17 2 672.689011187014 0.05
  2 1 18 2 510.96025039801 0.05
  2 1 19 2 1701.96417225165 0.05
  2 1 20 2 7347.05931870484 0.05
  2 1 21 2 14755.122036309 0.05
  2 1 22 2 13994.115502665 0.05
  2 1 23 2 15061.2649268113 0.05
  2 1 24 2 17466.4165723714 0.05
  2 1 25 2 14613.5095228055 0.05
  2 1 26 2 13241.8149218368 0.05
  2 1 27 2 12008.0239219771 0.05
  2 1 28 2 11349.7221578238 0.05
  2 1 29 2 10717.6056243603 0.05
  2 1 30 2 10130.0396183904 0.05
  2 1 31 2 9142.87684274476 0.05
  2 1 32 2 12574.3434875561 0.05
  2 1 33 2 13304.4596930097 0.05
  2 1 34 2 18269.2999362413 0.05
  2 1 35 2 23579.1324520681 0.05
  2 1 36 2 21934.8576287271 0.05
  2 1 37 2 18623.9027939925 0.05
  2 1 38 2 16536.1266138312 0.05
  2 1 39 2 12760.5902769335 0.05
  2 1 40 2 7222.94566146968 0.05
  2 1 41 2 4351.72521499858 0.05
  2 1 42 2 2572.3325166177 0.05
  2 1 1 3 407.408524560419 0.05
  2 1 2 3 314.698495618885 0.05
  2 1 3 3 328.432980446856 0.05
  2 1 4 3 645.538571470811 0.05
  2 1 5 3 1662.29035870209 0.05
  2 1 6 3 2378.9185037745 0.05
  2 1 7 3 3063.00795562231 0.05
  2 1 8 3 3117.67949127553 0.05
  2 1 9 3 2962.39792164871 0.05
  2 1 10 3 2534.44216728553 0.05
  2 1 11 3 2160.86949994781 0.05
  2 1 12 3 1858.72023635301 0.05
  2 1 13 3 1631.22754153693 0.05
  2 1 14 3 1730.83110068796 0.05
  2 1 15 3 1918.2015353833 0.05
  2 1 16 3 1773.13304745277 0.05
  2 1 17 3 1755.84169577337 0.05
  2 1 18 3 1602.217256498 0.05
  2 1 19 3 1410.00104232826 0.05
  2 1 20 3 1069.68672391167 0.05
  2 1 21 3 983.683916193553 0.05
  2 1 22 3 845.654419721745 0.05
  2 1 23 3 775.73632421877 0.05
  2 1 24 3 780.812460630693 0.05
  2 1 25 3 891.165330256516 0.05
  2 1 26 3 1071.26444076021 0.05
  2 1 27 3 1204.73048882131 0.05
  2 1 28 3 1344.7690985447 0.05
  2 1 29 3 1202.70493266791 0.05
  2 1 30 3 916.874565832938 0.05
  2 1 31 3 766.30094527456 0.05
  2 1 32 3 553.471878624772 0.05
  2 1 33 3 464.062687824924 0.05
  2 1 34 3 363.496282558827 0.05
  2 1 35 3 441.7797376283 0.05
  2 1 36 3 759.049191367682 0.05
  2 1 37 3 1029.27449972863 0.05
  2 1 38 3 1119.02914758119 0.05
  2 1 39 3 1183.45879750434 0.05
  2 1 40 3 1117.47576949989 0.05
  2 1 41 3 19013.3425786234 0.05
  2 1 42 3 24624.8163487706 0.05
# end catch observations 
#  
# Fishery size comp data 
# Number of observations, init_int Ncatch_size_obs 
  168
# init_matrix obs_catch_size(1,Ncatch_size_obs,1,ncol) 
# Fleet Area  Year  Species Type (0=whole, 1=retained, 2=discard) InpN, proportion by size bin 
  1 1 1 1 0 81 0.0864197530864197 0.728395061728395 0.407407407407407 0 0.0123456790123457
  1 1 2 1 0 73 0.0547945205479452 0.63013698630137 0.493150684931507 0.150684931506849 0.0410958904109589
  1 1 3 1 0 65 0.0769230769230769 0.369230769230769 0.738461538461539 0.338461538461538 0.0153846153846154
  1 1 4 1 0 56 0.964285714285714 0.125 0.535714285714286 0.160714285714286 0
  1 1 5 1 0 120 0.233333333333333 0.366666666666667 0.1 0.133333333333333 0
  1 1 6 1 0 130 0.0923076923076923 0.330769230769231 0.223076923076923 0.123076923076923 0
  1 1 7 1 0 94 0.24468085106383 0.297872340425532 0.393617021276596 0.127659574468085 0
  1 1 8 1 0 94 0.127659574468085 0.308510638297872 0.308510638297872 0.319148936170213 0
  1 1 9 1 0 82 0.890243902439024 0.0853658536585366 0.121951219512195 0.121951219512195 0
  1 1 10 1 0 76 0.381578947368421 0.618421052631579 0.210526315789474 0.105263157894737 0
  1 1 11 1 0 74 0.216216216216216 0.540540540540541 0.459459459459459 0.135135135135135 0
  1 1 12 1 0 65 0.169230769230769 0.538461538461538 0.646153846153846 0.184615384615385 0
  1 1 13 1 0 77 0.0649350649350649 0.376623376623377 0.532467532467532 0.324675324675325 0
  1 1 14 1 0 88 0.102272727272727 0.227272727272727 0.477272727272727 0.329545454545455 0
  1 1 15 1 0 66 0.0757575757575758 0.151515151515152 0.696969696969697 0.590909090909091 0
  1 1 16 1 0 69 0.0579710144927536 0.333333333333333 0.507246376811594 0.550724637681159 0
  1 1 17 1 0 43 0.232558139534884 0.441860465116279 0.953488372093023 0.697674418604651 0
  1 1 18 1 0 34 2.38235294117647 0.235294117647059 0.0294117647058824 0.294117647058824 0
  1 1 19 1 0 55 0.763636363636364 0.8 0.0363636363636364 0.218181818181818 0
  1 1 20 1 0 64 0.28125 0.796875 0.296875 0.1875 0
  1 1 21 1 0 77 0.285714285714286 0.415584415584416 0.493506493506494 0.103896103896104 0
  1 1 22 1 0 67 0.328358208955224 0.328358208955224 0.522388059701492 0.313432835820896 0
  1 1 23 1 0 133 0.0601503759398496 0.195488721804511 0.353383458646617 0.142857142857143 0
  1 1 24 1 0 98 0.0510204081632653 0.193877551020408 0.408163265306122 0.36734693877551 0
  1 1 25 1 0 91 0.043956043956044 0.230769230769231 0.395604395604396 0.428571428571429 0
  1 1 26 1 0 77 0.0779220779220779 0.168831168831169 0.467532467532468 0.584415584415584 0
  1 1 27 1 0 102 0.0686274509803922 0.0980392156862745 0.294117647058824 0.519607843137255 0
  1 1 28 1 0 76 0.184210526315789 0.236842105263158 0.289473684210526 0.605263157894737 0
  1 1 29 1 0 110 0.0818181818181818 0.136363636363636 0.218181818181818 0.472727272727273 0
  1 1 30 1 0 100 0.04 0.16 0.29 0.51 0
  1 1 31 1 0 108 0.0740740740740741 0.12962962962963 0.296296296296296 0.425925925925926 0
  1 1 32 1 0 118 0.0423728813559322 0.11864406779661 0.23728813559322 0.449152542372881 0
  1 1 33 1 0 129 0.0387596899224806 0.10077519379845 0.224806201550388 0.410852713178295 0
  1 1 34 1 0 90 0.0444444444444444 0.1 0.366666666666667 0.6 0
  1 1 35 1 0 69 0.188405797101449 0.101449275362319 0.376811594202899 0.782608695652174 0
  1 1 36 1 0 80 0.25 0.125 0.1375 0.7375 0
  1 1 37 1 0 62 0.17741935483871 0.32258064516129 0.32258064516129 0.790322580645161 0
  1 1 38 1 0 94 0.117021276595745 0.191489361702128 0.223404255319149 0.531914893617021 0
  1 1 39 1 0 75 0.08 0.24 0.306666666666667 0.706666666666667 0
  1 1 40 1 0 75 0.146666666666667 0.213333333333333 0.293333333333333 0.68 0
  1 1 41 1 0 35 0.371428571428571 0.457142857142857 0.685714285714286 1.34285714285714 0
  1 1 42 1 0 22 1.31818181818182 0.681818181818182 1.04545454545455 1.5 0
  1 1 1 4 0 5 0 0 14 1.6 4.4
  1 1 2 4 0 5 2.2 0 6 10.4 1.4
  1 1 3 4 0 5 0.2 7.4 3 8 1.4
  1 1 4 4 0 5 0.8 2.2 10.8 6.2 0
  1 1 5 4 0 5 0.6 1.4 8 10 0
  1 1 6 4 0 5 1 2.6 5.6 10.8 0
  1 1 7 4 0 5 0.2 3.4 5.4 11 0
  1 1 8 4 0 5 1.6 2.2 7.2 9 0
  1 1 9 4 0 5 0.6 3.2 6.6 9.6 0
  1 1 10 4 0 5 5.8 2.2 3.8 8.2 0
  1 1 11 4 0 1 9 49 10 32 0
  1 1 12 4 0 5 0.2 3.4 11.4 5 0
  1 1 13 4 0 1 0 6 50 44 0
  1 1 14 4 0 2 0 1 18.5 30.5 0
  1 1 15 4 0 8 0 0.125 2.25 10.125 0
  1 1 16 4 0 3 0 1 5.33333333333333 27 0
  1 1 17 4 0 3 4.33333333333333 1 2.33333333333333 25.6666666666667 0
  1 1 18 4 0 1 87 4 0 9 0
  1 1 19 4 0 3 0.333333333333333 31.3333333333333 1.33333333333333 0.333333333333333 0
  1 1 20 4 0 3 1 4.33333333333333 27.6666666666667 0.333333333333333 0
  1 1 21 4 0 3 7.66666666666667 0.333333333333333 12.6666666666667 12.6666666666667 0
  1 1 22 4 0 2 2.5 20.5 6.5 20.5 0
  1 1 23 4 0 6 1.5 1.33333333333333 10.3333333333333 3.5 0
  1 1 24 4 0 1 1 15 29 55 0
  1 1 25 4 0 1 8 6 39 47 0
  1 1 26 4 0 2 4 6 9.5 30.5 0
  1 1 27 4 0 2 1 16.5 14.5 18 0
  1 1 28 4 0 4 0.25 1 12.75 11 0
  1 1 29 4 0 7 3.71428571428571 0.285714285714286 3.85714285714286 6.42857142857143 0
  1 1 30 4 0 6 0 8.33333333333333 2.33333333333333 6 0
  1 1 31 4 0 10 2.6 0.5 5 1.9 0
  1 1 32 4 0 7 1.85714285714286 3.42857142857143 3.71428571428571 5.28571428571429 0
  1 1 33 4 0 15 1.53333333333333 1.73333333333333 1.86666666666667 1.53333333333333 0
  1 1 34 4 0 19 0.105263157894737 1.78947368421053 2.21052631578947 1.15789473684211 0
  1 1 35 4 0 13 1.30769230769231 0.307692307692308 3.46153846153846 2.61538461538462 0
  1 1 36 4 0 23 0.0434782608695652 1.39130434782609 1 1.91304347826087 0
  1 1 37 4 0 7 0.142857142857143 1.28571428571429 7.28571428571429 5.57142857142857 0
  1 1 38 4 0 7 0 0.428571428571429 4 9.85714285714286 0
  1 1 39 4 0 19 0 0.0526315789473684 0.947368421052632 4.26315789473684 0
  1 1 40 4 0 25 0 0.04 0.48 3.48 0
  1 1 41 4 0 31 0.193548387096774 0.032258064516129 0.419354838709677 2.58064516129032 0
  1 1 42 4 0 31 0.741935483870968 0.290322580645161 0.32258064516129 1.87096774193548 0
  2 1 1 2 0 2 4 0 4.5 41.5 0
  2 1 2 2 0 5 7.6 2 0.2 10.2 0
  2 1 3 2 0 2 6.5 29 5 9.5 0
  2 1 4 2 0 5 0.4 6.4 10.8 2.4 0
  2 1 5 2 0 5 0 2 10.6 7.4 0
  2 1 6 2 0 5 0.2 1.8 7.6 10.4 0
  2 1 7 2 0 5 0 1 6 13 0
  2 1 8 2 0 1 0 2 35 63 0
  2 1 9 2 0 5 0 0.4 5.2 14.4 0
  2 1 10 2 0 5 0 0.2 3.2 16.6 0
  2 1 11 2 0 2 3.5 1 6.5 39 0
  2 1 12 2 0 5 1 4 3 12 0
  2 1 13 2 0 5 0.6 2.8 5.8 10.8 0
  2 1 14 2 0 5 0 2.2 7 10.8 0
  2 1 15 2 0 5 0 1.2 6.2 12.6 0
  2 1 16 2 0 5 0 0.2 6 13.8 0
  2 1 17 2 0 5 0 0.6 4.8 14.6 0
  2 1 18 2 0 5 0.2 0.4 4.2 15.2 0
  2 1 19 2 0 5 0 1.2 2.8 16 0
  2 1 20 2 0 30 0 0.166666666666667 0.633333333333333 2.53333333333333 0
  2 1 21 2 0 46 0.0434782608695652 0.130434782608696 0.630434782608696 1.3695652173913 0
  2 1 22 2 0 10 1.4 0.8 1.5 6.3 0
  2 1 23 2 0 19 0.0526315789473684 1.31578947368421 0.842105263157895 3.05263157894737 0
  2 1 24 2 0 61 0.0491803278688525 0.409836065573771 0.442622950819672 0.737704918032787 0
  2 1 25 2 0 29 0.0344827586206897 0.689655172413793 1.17241379310345 1.55172413793103 0
  2 1 26 2 0 32 0.0625 0.15625 1.21875 1.6875 0
  2 1 27 2 0 16 0.0625 0.3125 2.375 3.5 0
  2 1 28 2 0 31 0 0.129032258064516 0.935483870967742 2.16129032258065 0
  2 1 29 2 0 44 0 0.0454545454545455 0.340909090909091 1.88636363636364 0
  2 1 30 2 0 29 0 0.0689655172413793 0.758620689655172 2.62068965517241 0
  2 1 31 2 0 25 0 0.04 0.84 3.12 0
  2 1 32 2 0 22 0 0.0454545454545455 0.454545454545455 4.04545454545455 0
  2 1 33 2 0 35 0.428571428571429 0 0.257142857142857 2.17142857142857 0
  2 1 34 2 0 28 0.464285714285714 1.5 0.142857142857143 1.46428571428571 0
  2 1 35 2 0 45 0.0222222222222222 0.777777777777778 0.822222222222222 0.6 0
  2 1 36 2 0 51 0.0196078431372549 0.235294117647059 0.784313725490196 0.92156862745098 0
  2 1 37 2 0 41 0.024390243902439 0.195121951219512 0.951219512195122 1.26829268292683 0
  2 1 38 2 0 36 0 0.194444444444444 0.722222222222222 1.86111111111111 0
  2 1 39 2 0 20 0.05 0.2 1.95 2.8 0
  2 1 40 2 0 14 0.0714285714285714 0.428571428571429 1.57142857142857 5.07142857142857 0
  2 1 41 2 0 17 0.0588235294117647 0.294117647058824 1.11764705882353 4.41176470588235 0
  2 1 42 2 0 24 0 0.208333333333333 0.583333333333333 3.375 0
  2 1 1 3 0 1 34 0 66 0 0
  2 1 2 3 0 5 9.4 1.8 7.8 1 0
  2 1 3 3 0 5 11 2.8 4.6 1.6 0
  2 1 4 3 0 1 56 18 21 5 0
  2 1 5 3 0 6 6.83333333333333 6 2.16666666666667 1.66666666666667 0
  2 1 6 3 0 4 12.75 7.75 3.75 0.75 0
  2 1 7 3 0 5 10.4 5 3 1.6 0
  2 1 8 3 0 1 39 33 21 7 0
  2 1 9 3 0 1 48 28 20 4 0
  2 1 10 3 0 1 47 32 15 6 0
  2 1 11 3 0 2 21 16 8.5 4.5 0
  2 1 12 3 0 5 10 5.6 3.6 0.8 0
  2 1 13 3 0 4 9.5 8 5.75 1.75 0
  2 1 14 3 0 8 5.375 4 2.375 0.75 0
  2 1 15 3 0 11 4.72727272727273 3 0.636363636363636 0.727272727272727 0
  2 1 16 3 0 5 10 5.8 3.6 0.6 0
  2 1 17 3 0 5 9.4 6.2 3.8 0.6 0
  2 1 18 3 0 1 44 30 21 5 0
  2 1 19 3 0 1 40 42 14 4 0
  2 1 20 3 0 4 8.75 8.5 6 1.75 0
  2 1 21 3 0 3 13.6666666666667 9.33333333333333 9 1.33333333333333 0
  2 1 22 3 0 4 12.75 7.25 4.25 0.75 0
  2 1 23 3 0 3 12 8.33333333333333 10 3 0
  2 1 24 3 0 3 9.66666666666667 12.3333333333333 8.66666666666667 2.66666666666667 0
  2 1 25 3 0 2 18 17 12 3 0
  2 1 26 3 0 4 9.5 7 6 2.5 0
  2 1 27 3 0 5 6.4 5.2 6.2 2.2 0
  2 1 28 3 0 4 10.5 7.75 5 1.75 0
  2 1 29 3 0 4 11.25 5.5 5.5 2.75 0
  2 1 30 3 0 24 1.875 1 0.958333333333333 0.333333333333333 0
  2 1 31 3 0 10 3.8 2.8 2 1.4 0
  2 1 32 3 0 12 3.66666666666667 2.5 1.58333333333333 0.583333333333333 0
  2 1 33 3 0 4 9.25 8.5 5 2.25 0
  2 1 34 3 0 6 6.83333333333333 5.66666666666667 2 2.16666666666667 0
  2 1 35 3 0 2 22 17 8.5 2.5 0
  2 1 36 3 0 10 4.2 2.8 1.9 1.1 0
  2 1 37 3 0 9 4.88888888888889 3.22222222222222 2.22222222222222 0.777777777777778 0
  2 1 38 3 0 13 3.07692307692308 2.53846153846154 1.30769230769231 0.769230769230769 0
  2 1 39 3 0 16 2.25 1.75 1.5 0.75 0
  2 1 40 3 0 27 1.66666666666667 1.07407407407407 0.62962962962963 0.333333333333333 0
  2 1 41 3 0 15 3.2 1.33333333333333 1.2 0.933333333333333 0
  2 1 42 3 0 16 2 1.9375 1.6875 0.625 0
# end fishery length observations 
#  
# Survey diet proportion observations 
# Number of observations, init_int Ndietprop_obs 
  60
# init_matrix obs_dietprop(1,Ndietprop_obs,1,ncol) 
# Survey  Year  Predator  Predator_size InpN  wt_prey_1 wt_prey_2 wt_prey_3 wt_prey_4 wt_prey_5 wt_prey_6 wt_prey_7 wt_prey_8 wt_prey_9 wt_prey_10 wt_prey_11 other 
  1 12 1 2 100 0 0 0 0 1
  1 12 1 3 100 0.24 0 0 0 0.76
  1 13 1 3 100 0 0 0 0 1
  1 13 1 4 100 0 1 0 0 0
  1 15 1 2 100 0 0 0 0 1
  1 18 1 1 100 0.92 0 0 0 0.08
  1 18 1 2 100 0 0 0 0 1
  1 18 1 3 100 0 0.45 0 0 0.55
  1 19 1 2 100 0 0 0 0 1
  1 19 1 3 100 0 0 0 0 1
  1 20 1 3 100 0 0 0 0 1
  1 21 1 2 100 0 0.07 0 0 0.93
  1 21 1 3 100 0 0.33 0 0 0.67
  1 24 1 3 100 0 0 0 0 1
  1 25 1 3 100 0 0 0 0 1
  1 26 1 3 100 0 0.98 0 0 0.02
  1 27 1 3 100 0 0.89 0 0 0.11
  1 28 1 3 100 0 0.13 0 0 0.87
  1 33 1 3 100 0 0 0 0 1
  1 34 1 3 100 0 0 0 0 1
  1 35 1 3 100 0 0 0 0 1
  1 38 1 3 100 0 0 0 0 1
  1 39 1 3 100 0 1 0 0 0
  1 40 1 2 100 0 0 0 0 1
  1 41 1 2 100 0 0 1 0 0
  1 8 4 2 100 0 0 0 0 1
  1 8 4 3 100 0 0 0 0 1
  1 11 4 3 100 0 0 0 0 1
  1 13 4 2 100 0 0 0 0 1
  1 13 4 3 100 0 0.63 0 0 0.37
  1 13 4 4 100 0 0.47 0 0 0.53
  1 14 4 3 100 0 0 0 0 1
  1 15 4 3 100 0 0.5 0 0 0.5
  1 15 4 4 100 0 0 0 0 1
  1 16 4 3 100 0 1 0 0 0
  1 16 4 4 100 0 0.37 0 0 0.63
  1 17 4 3 100 0 0 0 0 1
  1 18 4 3 100 0 0 0 0 1
  1 19 4 2 100 0 0 0 0 1
  1 19 4 3 100 0 1 0 0 0
  1 20 4 2 100 0 0 0 0 1
  1 20 4 3 100 0 0 0 0 1
  1 21 4 3 100 0 0.35 0 0 0.65
  1 22 4 2 100 0 0 0 0 1
  1 23 4 3 100 0 0 0 0 1
  1 24 4 3 100 0 0 0 0 1
  1 25 4 3 100 0 0 0 0 1
  1 25 4 4 100 0 1 0 0 0
  1 26 4 3 100 0 0 0 0 1
  1 27 4 2 100 0 1 0 0 0
  1 27 4 3 100 0 1 0 0 0
  1 28 4 2 100 0 0 0 0 1
  1 28 4 3 100 0 1 0 0 0
  1 29 4 3 100 0 0 0 0 1
  1 31 4 3 100 0 0.7 0 0 0.3
  1 31 4 4 100 0 0 0 0 1
  1 34 4 3 100 0 0 0.51 0 0.49
  1 40 4 3 100 0 0 0.57 0 0.43
  1 40 4 4 100 0 0 0.92 0 0.08
  1 42 4 3 100 0 0 0 0 1
# end survey diet proportion observations 
#  
