# This file was created using the write_tsDatFile function and used all the simulated data from sim_dta.rds found in repo:Hydra-self-testing
# Survey index data 
# Number of observations, init_int Nsurvey_obs
  166
# init_matrix obs_survey_biomass(1,Nsurvey_obs,1,5)
# survey year spp value cv
  1 1 4 123023.320581512 0.212720515437525
  1 2 4 87068.4648820844 0.222168779300385
  1 3 4 59607.6520291847 0.394113240257454
  1 4 4 124445.032298389 0.310035034727007
  1 5 4 150213.356815262 0.378629084128514
  1 6 4 73128.0548330805 0.494427832556011
  1 7 4 141431.030460246 0.759062286891916
  1 8 4 119705.99904788 0.383150869515862
  1 9 4 286781.824041768 0.48934963094834
  1 10 4 150648.843654615 0.382452035825211
  1 11 4 82404.148585176 0.566792532611316
  1 12 4 158942.835497805 0.381518572031255
  1 13 4 79396.4236388918 0.438380584739347
  1 14 4 254595.121208305 0.482345652338289
  1 15 4 109844.59392733 0.420835086749712
  1 16 4 239465.516054733 0.515165860253858
  1 17 4 322687.511297252 0.559532625975744
  1 18 4 113504.603971336 0.479008946214672
  1 19 4 137568.572655762 0.429419179801904
  1 20 4 174900.246543936 0.477074256852948
  1 21 4 343322.179119724 0.410621521476155
  1 22 4 144454.710687301 0.294672690077384
  1 23 4 382568.00101344 0.477447511398437
  1 24 4 215914.679825848 0.384568504019134
  1 25 4 101701.195014044 0.333261603198005
  1 26 4 1034443.11838179 0.685474246042822
  1 27 4 192126.453179199 0.286882992344226
  1 28 4 122530.072126902 0.371822434434906
  1 29 4 281401.470517431 0.592639130460935
  1 30 4 263626.66869226 0.374062101432949
  1 31 4 155799.97380259 0.304499664309564
  1 32 4 224128.99866525 0.233962995093855
  1 33 4 148318.299146909 0.270006842918168
  1 34 4 95929.2265478429 0.350007507053818
  1 35 4 245323.84030847 0.34274593698132
  1 36 4 191577.550690107 0.261906583866089
  1 37 4 201776.041108961 0.417429035160016
  1 38 4 216841.131536198 0.441211421515246
  1 39 4 197492.401057256 0.495234601454268
  1 40 4 144370.700428144 0.237858203733512
  1 41 4 219471.732609127 0.327346172729995
  1 42 4 205004.255594471 0.368315456462939
  1 1 2 271.15313596746 0.601375663623589
  1 4 2 292.115089411579 1
  1 5 2 252.891909331566 0.611089023955187
  1 6 2 201.07115830238 0.702037850017464
  1 7 2 252.835388506586 0.948289691951521
  1 8 2 100.604548631448 0.544380631361087
  1 9 2 120.46100529455 0.5393131982084
  1 10 2 250.133616222658 0.88095039530815
  1 11 2 1651.93965595008 0.799987970388403
  1 12 2 193.445048200137 0.774991903603438
  1 13 2 312.449100131027 0.863215133786584
  1 14 2 222.401745783475 0.704083892007286
  1 15 2 202.139342635946 0.457459057188701
  1 16 2 360.411144685862 0.853197309912465
  1 17 2 55.7410873857862 0.61116783920211
  1 18 2 106.577296025248 0.416775375911518
  1 19 2 8559.59413644038 0.69077510766454
  1 20 2 2113.6747828062 0.793751288508348
  1 21 2 3003.29038176969 0.339376634127756
  1 22 2 2318.53724499996 0.601950919776798
  1 23 2 2956.84231070279 0.658556209578282
  1 24 2 3780.75337165955 0.637453135075156
  1 25 2 1974.86808810629 0.510473149998029
  1 26 2 2324.18693882352 0.548437091427541
  1 27 2 4168.88637156483 0.492912195981742
  1 28 2 1988.95644821344 0.747597319880804
  1 29 2 2980.98039451399 0.451616070879294
  1 30 2 4072.83363125435 0.797269558848634
  1 31 2 1775.15317289205 0.666772556553203
  1 32 2 3563.98361324798 0.96787270074405
  1 33 2 4236.86173703202 0.404694020855087
  1 34 2 2299.85080524716 0.814873375751391
  1 35 2 1615.18834426147 0.533219898766676
  1 36 2 6123.70917557276 0.371953858881132
  1 37 2 1486.42236728483 0.791301167226987
  1 38 2 1607.17100198246 0.633364993316759
  1 39 2 2796.63575404732 0.827253682697507
  1 40 2 2823.97527037267 0.900216415173481
  1 41 2 885.415927810469 0.957770995377006
  1 42 2 184.927870035114 0.55870584954739
  1 1 1 16769.0905502644 0.241799049430762
  1 2 1 16440.0852200987 0.142636213550947
  1 3 1 13177.2224525054 0.225478190042395
  1 4 1 15092.4605093551 0.323579734794357
  1 5 1 15288.2685489849 0.320666395151501
  1 6 1 21511.3483516843 0.452044832991261
  1 7 1 10387.3385794289 0.28209645893665
  1 8 1 10466.3332939592 0.414010381101596
  1 9 1 14906.2872274568 0.40638853202345
  1 10 1 12540.1242857573 0.290993157294119
  1 11 1 8429.20819297228 0.324615016521962
  1 12 1 8387.09140571851 0.294780938380682
  1 13 1 10422.385723117 0.440402569626277
  1 14 1 6301.65049638254 0.372421878022742
  1 15 1 3982.94085063358 0.341871348717721
  1 16 1 6081.96819078262 0.416897355424411
  1 17 1 2889.58750832597 0.500820840736393
  1 18 1 3650.30114117467 0.389853340834037
  1 19 1 7879.10042868405 0.293941849282161
  1 20 1 8260.48921522437 0.525509720403112
  1 21 1 6919.87279670696 0.266433769579894
  1 22 1 11019.9476154646 0.374831371194202
  1 23 1 6352.62512825951 0.352011231642473
  1 24 1 6942.55859407985 0.34725908523047
  1 25 1 62629.7969700247 0.578696888706846
  1 26 1 2066.098995992 0.459728456052307
  1 27 1 1935.19350341441 0.539982548576019
  1 28 1 7181.63019896732 0.364309332200766
  1 29 1 4594.35659986165 0.562793580097325
  1 30 1 2861.63815812619 0.420348818797864
  1 31 1 2118.37188843257 0.403753427903273
  1 32 1 3953.74163434423 0.491331418922754
  1 33 1 2612.69536410337 0.537081122476055
  1 34 1 2379.18297996197 0.379030815152119
  1 35 1 3772.80240181269 0.519511456600017
  1 36 1 688.717426781635 0.556056214854877
  1 37 1 2216.4180074716 0.588197671943964
  1 38 1 1430.25602775045 0.324588369174256
  1 39 1 640.83440403694 0.501841796783066
  1 40 1 1187.41620410682 0.403101009292275
  1 41 1 791.685496837414 0.478602624152216
  1 42 1 1615.70181111851 0.646634922078809
  1 1 3 140.35385793861 0.499484636786782
  1 2 3 133.590664678151 0.358153914340203
  1 3 3 1116.15500122538 0.678339172154909
  1 4 3 397.689695840825 1
  1 5 3 1920.48841124559 0.693225535250834
  1 6 3 1520.67300190898 1
  1 7 3 389.186242086561 0.912293822979085
  1 8 3 651.246470051391 0.655734850091527
  1 9 3 1562.57898449589 0.670809892238012
  1 10 3 233.330737497588 0.631102684426709
  1 11 3 498.655600773807 0.496475444687371
  1 12 3 960.881260438019 0.740682868109632
  1 13 3 386.845374219583 0.360862225436052
  1 14 3 503.896836261563 0.547901331396328
  1 15 3 500.569437654117 0.429608216382601
  1 16 3 273.759125109094 0.69118921143411
  1 17 3 290.294599374409 0.426971754606328
  1 18 3 107.424670188686 0.505524319387353
  1 19 3 127.724952696295 0.644591984223249
  1 20 3 123.069575395302 0.899065435378594
  1 21 3 205.031501961021 0.543826822033971
  1 22 3 87.8045312056045 0.88174616562504
  1 23 3 361.465033535529 0.408104676406013
  1 24 3 296.453091695974 0.92608255019157
  1 25 3 209.137669091121 0.648664057223823
  1 26 3 82.7823000656182 0.695927823776047
  1 27 3 235.8715012293 0.708713243925404
  1 28 3 543.595886325126 0.489543853646182
  1 29 3 383.885262903462 0.703511357168505
  1 30 3 197.570425045424 0.631659802692532
  1 31 3 188.52381418389 0.626570332091694
  1 32 3 44.5921460128291 0.661895735249442
  1 33 3 217.101024279658 0.783155911787346
  1 34 3 287.404190550999 0.542775440757204
  1 35 3 62.3221609203512 0.870542376054271
  1 36 3 445.970334040545 0.492193512682958
  1 37 3 116.498264926403 0.909630520329322
  1 38 3 196.128816074699 0.644773009949607
  1 39 3 128.408312856248 0.515045488987725
  1 40 3 152.030227718146 0.442573167063876
  1 41 3 71708.2011061103 0.88587618368699
  1 42 3 107777.8218886 0.983269433580366
# end survey index observations 
#  
# Survey size comp data 
# Number of observations, init_int Nsurvey_size_obs 
  166
# init_matrix obs_survey_size(1,Nsurvey_size_obs,1,ncol) 
# Survey  Year  Species Type (0=whole, 1=retained, 2=discard) InpN, proportion by length bin 
  1 1 1 0 57 0 0.824561403508772 0.842105263157895 0.087719298245614 0
  1 2 1 0 65 0 0.507692307692308 0.753846153846154 0.261538461538462 0.0153846153846154
  1 3 1 0 32 0 1 1.53125 0.59375 0
  1 4 1 0 32 0.0625 2.15625 0.46875 0.4375 0
  1 5 1 0 21 0.0952380952380952 2.71428571428571 1.57142857142857 0.380952380952381 0
  1 6 1 0 18 0.111111111111111 2.61111111111111 2.11111111111111 0.722222222222222 0
  1 7 1 0 25 0 1.72 1.76 0.52 0
  1 8 1 0 20 0 2.15 1.8 1.05 0
  1 9 1 0 16 0 5 0.8125 0.4375 0
  1 10 1 0 19 0.105263157894737 3.47368421052632 1.10526315789474 0.578947368421053 0
  1 11 1 0 20 0 2.1 2.1 0.8 0
  1 12 1 0 22 0 1.90909090909091 1.90909090909091 0.727272727272727 0
  1 13 1 0 23 0 1.30434782608696 1.95652173913043 1.08695652173913 0
  1 14 1 0 14 0 2.14285714285714 3.42857142857143 1.57142857142857 0
  1 15 1 0 21 0.0952380952380952 1.04761904761905 1.85714285714286 1.76190476190476 0
  1 16 1 0 14 0 1.92857142857143 3.07142857142857 2.14285714285714 0
  1 17 1 0 17 0 2.05882352941176 2 1.82352941176471 0
  1 18 1 0 19 0.421052631578947 3.94736842105263 0.631578947368421 0.263157894736842 0
  1 19 1 0 18 0.222222222222222 3.27777777777778 1.66666666666667 0.388888888888889 0
  1 20 1 0 15 0 4.4 1.86666666666667 0.4 0
  1 21 1 0 21 0 2 2.23809523809524 0.523809523809524 0
  1 22 1 0 13 0 3.23076923076923 3.15384615384615 1.30769230769231 0
  1 23 1 0 14 0.0714285714285714 2.07142857142857 3.64285714285714 1.35714285714286 0
  1 24 1 0 14 0 1.71428571428571 3.28571428571429 2.14285714285714 0
  1 25 1 0 18 0 1.16666666666667 2.61111111111111 1.77777777777778 0
  1 26 1 0 14 0 1.64285714285714 2.42857142857143 3.07142857142857 0
  1 27 1 0 23 0 1.17391304347826 1.78260869565217 1.39130434782609 0
  1 28 1 0 14 0.0714285714285714 3.07142857142857 1.42857142857143 2.57142857142857 0
  1 29 1 0 17 0 1.47058823529412 2.35294117647059 2.05882352941176 0
  1 30 1 0 18 0.0555555555555556 1.5 1.94444444444444 2.05555555555556 0
  1 31 1 0 20 0.05 1.15 1.45 2.35 0
  1 32 1 0 10 0.1 1.7 3.4 4.8 0
  1 33 1 0 15 0 1 2 3.66666666666667 0
  1 34 1 0 18 0.0555555555555556 1.44444444444444 1.88888888888889 2.16666666666667 0
  1 35 1 0 8 0 3.25 3.375 5.875 0
  1 36 1 0 12 0.0833333333333333 1.66666666666667 2.25 4.33333333333333 0
  1 37 1 0 8 0 3.75 3.375 5.375 0
  1 38 1 0 16 0.0625 2.0625 1.625 2.5 0
  1 39 1 0 10 0 2.3 3 4.7 0
  1 40 1 0 10 0.1 3 3.7 3.2 0
  1 41 1 0 13 0 2.69230769230769 2.15384615384615 2.84615384615385 0
  1 42 1 0 8 0.375 4.5 3.375 4.25 0
  1 1 2 0 11 0 0 4.36363636363636 4.54545454545455 0.181818181818182
  1 4 2 0 1 0 0 62 38 0
  1 5 2 0 5 0 0 9.8 10.2 0
  1 6 2 0 1 0 3 56 41 0
  1 7 2 0 3 0 1 18.6666666666667 13.6666666666667 0
  1 8 2 0 4 0 1 13.25 10.75 0
  1 9 2 0 5 0 0 11.4 8.6 0
  1 10 2 0 10 0 0.6 4.8 4.6 0
  1 11 2 0 13 0 0 6.30769230769231 1.38461538461538 0
  1 12 2 0 15 0 0 4.86666666666667 1.8 0
  1 13 2 0 9 0 0 4.88888888888889 6.22222222222222 0
  1 14 2 0 6 0 0 5.66666666666667 11 0
  1 15 2 0 13 0 0.0769230769230769 2.61538461538462 5 0
  1 16 2 0 10 0 0 2.5 7.5 0
  1 17 2 0 10 0 0.5 2.5 7 0
  1 18 2 0 18 0 2.83333333333333 2.27777777777778 0.444444444444444 0
  1 19 2 0 27 0 0.037037037037037 3.62962962962963 0.037037037037037 0
  1 20 2 0 23 0 0 2.30434782608696 2.04347826086957 0
  1 21 2 0 25 0 0.28 1.56 2.16 0
  1 22 2 0 9 0 0 8.88888888888889 2.22222222222222 0
  1 23 2 0 8 0 0.375 7 5.125 0
  1 24 2 0 9 0 0.111111111111111 7.22222222222222 3.77777777777778 0
  1 25 2 0 14 0 0 3.07142857142857 4.07142857142857 0
  1 26 2 0 18 0 0.222222222222222 3.72222222222222 1.61111111111111 0
  1 27 2 0 16 0 0 4.1875 2.0625 0
  1 28 2 0 6 0 0 9.5 7.16666666666667 0
  1 29 2 0 8 0 0.5 5.125 6.875 0
  1 30 2 0 17 0 0 4.64705882352941 1.23529411764706 0
  1 31 2 0 9 0 0.222222222222222 6.11111111111111 4.77777777777778 0
  1 32 2 0 30 0 0.0666666666666667 2.7 0.566666666666667 0
  1 33 2 0 24 0 0.125 2.95833333333333 1.08333333333333 0
  1 34 2 0 25 0 0 3.16 0.84 0
  1 35 2 0 16 0 0.125 3.8125 2.3125 0
  1 36 2 0 13 0 0.0769230769230769 5.92307692307692 1.69230769230769 0
  1 37 2 0 8 0 0.125 6 6.375 0
  1 38 2 0 10 0 0.1 3.7 6.2 0
  1 39 2 0 13 0 0.0769230769230769 2.76923076923077 4.84615384615385 0
  1 40 2 0 8 0 0 2.25 10.25 0
  1 41 2 0 5 0 0 4.8 15.2 0
  1 42 2 0 17 0 0.176470588235294 2.70588235294118 3 0
  1 1 3 0 27 0.037037037037037 2.03703703703704 0.666666666666667 0.962962962962963 0
  1 2 3 0 13 0 7.15384615384615 0.307692307692308 0.230769230769231 0
  1 3 3 0 5 0 13.4 6.2 0.4 0
  1 4 3 0 2 0 18.5 30 1.5 0
  1 5 3 0 5 0 4.2 13.6 2.2 0
  1 6 3 0 1 0 21 65 14 0
  1 7 3 0 3 0 2.66666666666667 23 7.66666666666667 0
  1 8 3 0 3 0 3.33333333333333 20.6666666666667 9.33333333333333 0
  1 9 3 0 4 0 1.25 16.5 7.25 0
  1 10 3 0 4 0 3 15 7 0
  1 11 3 0 4 0.25 14.25 4.5 6 0
  1 12 3 0 2 0 16.5 26.5 7 0
  1 13 3 0 8 0 4.125 6.875 1.5 0
  1 14 3 0 19 0 1.15789473684211 3.31578947368421 0.789473684210526 0
  1 15 3 0 15 0 0.866666666666667 4.13333333333333 1.66666666666667 0
  1 16 3 0 12 0 0.916666666666667 5.25 2.16666666666667 0
  1 17 3 0 14 0 0.714285714285714 4.28571428571429 2.14285714285714 0
  1 18 3 0 14 0 1.71428571428571 3.14285714285714 2.28571428571429 0
  1 19 3 0 15 0 1.73333333333333 2.86666666666667 2.06666666666667 0
  1 20 3 0 17 0 1.17647058823529 3.23529411764706 1.47058823529412 0
  1 21 3 0 12 0 1.41666666666667 3.91666666666667 3 0
  1 22 3 0 11 0 6 1.63636363636364 1.45454545454545 0
  1 23 3 0 16 0 3.125 2.8125 0.3125 0
  1 24 3 0 15 0 1.93333333333333 4.13333333333333 0.6 0
  1 25 3 0 4 0 6.75 16.5 1.75 0
  1 26 3 0 14 0 0.857142857142857 4.5 1.78571428571429 0
  1 27 3 0 6 0 1.33333333333333 11.6666666666667 3.66666666666667 0
  1 28 3 0 4 0 3.5 14.5 7 0
  1 29 3 0 2 0 4.5 31 14.5 0
  1 30 3 0 10 0 0.7 4.7 4.6 0
  1 31 3 0 9 0 1.22222222222222 5.44444444444444 4.44444444444444 0
  1 32 3 0 12 0 1.16666666666667 4.08333333333333 3.08333333333333 0
  1 33 3 0 5 0 16.6 1.8 1.6 0
  1 34 3 0 9 0 6.33333333333333 4.55555555555556 0.222222222222222 0
  1 35 3 0 5 0 8.4 10.2 1.4 0
  1 36 3 0 5 0 3.6 13.6 2.8 0
  1 37 3 0 3 0 5.33333333333333 20 8 0
  1 38 3 0 15 0 1.66666666666667 3.73333333333333 1.26666666666667 0
  1 39 3 0 12 0 1 5 2.33333333333333 0
  1 40 3 0 9 0 2.44444444444444 6 2.66666666666667 0
  1 41 3 0 8 0 2.375 6.625 3.5 0
  1 42 3 0 12 0 2.16666666666667 3.75 2.41666666666667 0
  1 1 4 0 86 0.0697674418604651 0.186046511627907 0.848837209302326 0.0581395348837209 0
  1 2 4 0 100 0.07 0.45 0.43 0.05 0
  1 3 4 0 33 0.151515151515152 1.57575757575758 1 0.303030303030303 0
  1 4 4 0 44 0.227272727272727 1.20454545454545 0.75 0.0909090909090909 0
  1 5 4 0 34 0.176470588235294 1.91176470588235 0.705882352941177 0.147058823529412 0
  1 6 4 0 40 0.1 1.55 0.7 0.15 0
  1 7 4 0 39 0.179487179487179 1.61538461538462 0.692307692307692 0.0769230769230769 0
  1 8 4 0 49 0.102040816326531 1.53061224489796 0.326530612244898 0.0816326530612245 0
  1 9 4 0 36 0.138888888888889 1.94444444444444 0.611111111111111 0.0833333333333333 0
  1 10 4 0 43 0.0697674418604651 1.65116279069767 0.488372093023256 0.116279069767442 0
  1 11 4 0 41 0.121951219512195 1.60975609756098 0.560975609756098 0.146341463414634 0
  1 12 4 0 35 0.0571428571428571 1.77142857142857 0.914285714285714 0.114285714285714 0
  1 13 4 0 32 0.125 2.03125 0.71875 0.25 0
  1 14 4 0 21 0.0952380952380952 3.0952380952381 1.19047619047619 0.380952380952381 0
  1 15 4 0 30 0.1 2.5 0.666666666666667 0.0666666666666667 0
  1 16 4 0 19 0.157894736842105 3.42105263157895 1.47368421052632 0.210526315789474 0
  1 17 4 0 35 0.142857142857143 1.77142857142857 0.771428571428571 0.171428571428571 0
  1 18 4 0 27 0.037037037037037 2.59259259259259 1.03703703703704 0.037037037037037 0
  1 19 4 0 34 0.147058823529412 2 0.676470588235294 0.117647058823529 0
  1 20 4 0 42 0.119047619047619 1.35714285714286 0.833333333333333 0.0714285714285714 0
  1 21 4 0 41 0.195121951219512 1.51219512195122 0.609756097560976 0.121951219512195 0
  1 22 4 0 44 0.0909090909090909 1.29545454545455 0.681818181818182 0.204545454545455 0
  1 23 4 0 28 0.178571428571429 2.07142857142857 1 0.321428571428571 0
  1 24 4 0 34 0.0882352941176471 1.70588235294118 0.941176470588235 0.205882352941176 0
  1 25 4 0 36 0.0833333333333333 1.66666666666667 0.75 0.277777777777778 0
  1 26 4 0 31 0 1.70967741935484 1.09677419354839 0.419354838709677 0
  1 27 4 0 39 0.128205128205128 1.43589743589744 0.82051282051282 0.179487179487179 0
  1 28 4 0 38 0.0789473684210526 1.44736842105263 0.947368421052632 0.157894736842105 0
  1 29 4 0 48 0 1.14583333333333 0.75 0.1875 0
  1 30 4 0 38 0.210526315789474 1.36842105263158 0.789473684210526 0.263157894736842 0
  1 31 4 0 61 0.0655737704918033 0.967213114754098 0.524590163934426 0.0819672131147541 0
  1 32 4 0 48 0.104166666666667 1.22916666666667 0.5625 0.1875 0
  1 33 4 0 49 0.0612244897959184 0.979591836734694 0.653061224489796 0.346938775510204 0
  1 34 4 0 44 0.136363636363636 1.06818181818182 0.931818181818182 0.136363636363636 0
  1 35 4 0 61 0.0983606557377049 1.08196721311475 0.344262295081967 0.114754098360656 0
  1 36 4 0 67 0.104477611940299 0.805970149253731 0.373134328358209 0.208955223880597 0
  1 37 4 0 57 0.12280701754386 0.964912280701754 0.56140350877193 0.105263157894737 0
  1 38 4 0 38 0.105263157894737 1.57894736842105 0.815789473684211 0.131578947368421 0
  1 39 4 0 52 0.0576923076923077 1.23076923076923 0.538461538461538 0.0961538461538462 0
  1 40 4 0 43 0.0930232558139535 1.51162790697674 0.604651162790698 0.116279069767442 0
  1 41 4 0 42 0.166666666666667 1.4047619047619 0.714285714285714 0.0952380952380952 0
  1 42 4 0 61 0.114754098360656 0.786885245901639 0.672131147540984 0.0655737704918033 0
# end survey length observations 
#  
# Fishery catch data 
# Number of observations, init_int Ncatch_obs
  168
# init_matrix obs_catch_biomass(1,Ncatch_obs,1,6) 
# Fleet	Area	Year	Species	Catch(biomass t)	CV 
  1 1 1 1 19358.9216487528 0.05
  1 1 2 1 23854.0249501042 0.05
  1 1 3 1 22484.7131886795 0.05
  1 1 4 1 20520.0730538186 0.05
  1 1 5 1 21334.7358615293 0.05
  1 1 6 1 23079.6605008458 0.05
  1 1 7 1 23443.5306704259 0.05
  1 1 8 1 19465.3825199465 0.05
  1 1 9 1 20670.7749256719 0.05
  1 1 10 1 19980.7804778975 0.05
  1 1 11 1 19800.610776535 0.05
  1 1 12 1 21986.5077601032 0.05
  1 1 13 1 21520.3775949619 0.05
  1 1 14 1 18451.6362623234 0.05
  1 1 15 1 16299.6099057874 0.05
  1 1 16 1 13006.9426058139 0.05
  1 1 17 1 9341.59574651943 0.05
  1 1 18 1 7350.63685776482 0.05
  1 1 19 1 7638.43151289114 0.05
  1 1 20 1 9180.31411623246 0.05
  1 1 21 1 4152.57883744026 0.05
  1 1 22 1 4896.90866495409 0.05
  1 1 23 1 4979.38595499084 0.05
  1 1 24 1 5299.40233273417 0.05
  1 1 25 1 5012.41724748537 0.05
  1 1 26 1 4744.01084417038 0.05
  1 1 27 1 4469.54396389484 0.05
  1 1 28 1 3829.70316042194 0.05
  1 1 29 1 3425.06898459788 0.05
  1 1 30 1 3061.07373025512 0.05
  1 1 31 1 2826.02929147608 0.05
  1 1 32 1 2572.92456967996 0.05
  1 1 33 1 2247.19213560518 0.05
  1 1 34 1 1945.22406111571 0.05
  1 1 35 1 1653.15237020276 0.05
  1 1 36 1 1323.49729780537 0.05
  1 1 37 1 1299.24104814317 0.05
  1 1 38 1 1141.21627178587 0.05
  1 1 39 1 1002.75252619517 0.05
  1 1 40 1 822.022080506497 0.05
  1 1 41 1 754.170680301027 0.05
  1 1 42 1 610.770276971814 0.05
  1 1 1 4 6781.78637835903 0.05
  1 1 2 4 6153.80013091918 0.05
  1 1 3 4 6742.13848103246 0.05
  1 1 4 4 6900.11664870854 0.05
  1 1 5 4 6599.61760037326 0.05
  1 1 6 4 6635.55154119118 0.05
  1 1 7 4 6994.77969037043 0.05
  1 1 8 4 7490.32085360239 0.05
  1 1 9 4 7383.15681229697 0.05
  1 1 10 4 7902.71772242612 0.05
  1 1 11 4 8437.31487665976 0.05
  1 1 12 4 8752.46939526596 0.05
  1 1 13 4 9870.24946090305 0.05
  1 1 14 4 9862.29451527865 0.05
  1 1 15 4 9596.23513493238 0.05
  1 1 16 4 11989.2371448767 0.05
  1 1 17 4 9783.48151011176 0.05
  1 1 18 4 10986.0069348197 0.05
  1 1 19 4 11455.8996100596 0.05
  1 1 20 4 11658.0300332279 0.05
  1 1 21 4 4579.18643864151 0.05
  1 1 22 4 5081.67669180139 0.05
  1 1 23 4 4488.45937301331 0.05
  1 1 24 4 4381.36348763892 0.05
  1 1 25 4 4945.37546996383 0.05
  1 1 26 4 5366.81038607486 0.05
  1 1 27 4 4645.13454748807 0.05
  1 1 28 4 5179.57684567483 0.05
  1 1 29 4 4719.19213841294 0.05
  1 1 30 4 4373.13799286649 0.05
  1 1 31 4 4378.07779154149 0.05
  1 1 32 4 4506.56068158693 0.05
  1 1 33 4 4645.04524405878 0.05
  1 1 34 4 4448.98114557493 0.05
  1 1 35 4 4787.60426321954 0.05
  1 1 36 4 4508.35583374165 0.05
  1 1 37 4 4426.28652028031 0.05
  1 1 38 4 4385.15589894665 0.05
  1 1 39 4 4984.88835118231 0.05
  1 1 40 4 4151.78496703465 0.05
  1 1 41 4 4653.93987265159 0.05
  1 1 42 4 4613.40572161739 0.05
  2 1 1 2 1157.40672462544 0.05
  2 1 2 2 1242.41150071184 0.05
  2 1 3 2 958.376888433558 0.05
  2 1 4 2 784.237016834225 0.05
  2 1 5 2 1134.67652031413 0.05
  2 1 6 2 987.766770532598 0.05
  2 1 7 2 925.830304969262 0.05
  2 1 8 2 797.176233982893 0.05
  2 1 9 2 843.765380058215 0.05
  2 1 10 2 868.723319636901 0.05
  2 1 11 2 925.205139488458 0.05
  2 1 12 2 1365.5907711409 0.05
  2 1 13 2 2328.46625853632 0.05
  2 1 14 2 1948.00257278146 0.05
  2 1 15 2 1659.26593676771 0.05
  2 1 16 2 1021.52492594131 0.05
  2 1 17 2 679.900338083866 0.05
  2 1 18 2 487.048458440711 0.05
  2 1 19 2 1620.73865554427 0.05
  2 1 20 2 8197.76705790952 0.05
  2 1 21 2 14467.3566422573 0.05
  2 1 22 2 14633.7833667174 0.05
  2 1 23 2 14538.1399199788 0.05
  2 1 24 2 16565.2596694647 0.05
  2 1 25 2 14094.0590233726 0.05
  2 1 26 2 12720.3298466375 0.05
  2 1 27 2 10955.6143370495 0.05
  2 1 28 2 11941.2676132945 0.05
  2 1 29 2 11103.7531452148 0.05
  2 1 30 2 9232.43323074196 0.05
  2 1 31 2 10174.5530538383 0.05
  2 1 32 2 12835.1143559953 0.05
  2 1 33 2 13550.908014266 0.05
  2 1 34 2 19162.1356121877 0.05
  2 1 35 2 22513.0206898155 0.05
  2 1 36 2 20565.8450709212 0.05
  2 1 37 2 19944.4897353089 0.05
  2 1 38 2 16980.2543381796 0.05
  2 1 39 2 12453.4409112305 0.05
  2 1 40 2 7841.62675414231 0.05
  2 1 41 2 4540.81960357533 0.05
  2 1 42 2 2739.24336824692 0.05
  2 1 1 3 434.367829681297 0.05
  2 1 2 3 349.815722463066 0.05
  2 1 3 3 326.069305697431 0.05
  2 1 4 3 660.935056249609 0.05
  2 1 5 3 1633.12384595053 0.05
  2 1 6 3 2611.46306774456 0.05
  2 1 7 3 2809.14372785807 0.05
  2 1 8 3 2934.94797296548 0.05
  2 1 9 3 2920.51422821092 0.05
  2 1 10 3 2717.83467048173 0.05
  2 1 11 3 2402.45595463036 0.05
  2 1 12 3 1799.14693383203 0.05
  2 1 13 3 1649.99687745157 0.05
  2 1 14 3 1628.22534691629 0.05
  2 1 15 3 2016.84516755417 0.05
  2 1 16 3 1863.08793511756 0.05
  2 1 17 3 1724.01163728355 0.05
  2 1 18 3 1557.81319289641 0.05
  2 1 19 3 1240.12110176192 0.05
  2 1 20 3 1101.76608264886 0.05
  2 1 21 3 920.55817489598 0.05
  2 1 22 3 798.875675898973 0.05
  2 1 23 3 691.245719388684 0.05
  2 1 24 3 782.174976573893 0.05
  2 1 25 3 953.815739696192 0.05
  2 1 26 3 1170.98607609969 0.05
  2 1 27 3 1209.66379644914 0.05
  2 1 28 3 1110.96121648112 0.05
  2 1 29 3 1020.45004917146 0.05
  2 1 30 3 869.518921446169 0.05
  2 1 31 3 711.953755999666 0.05
  2 1 32 3 585.594049115039 0.05
  2 1 33 3 459.439317521797 0.05
  2 1 34 3 364.169965109883 0.05
  2 1 35 3 432.028950615629 0.05
  2 1 36 3 676.081794338662 0.05
  2 1 37 3 1139.27679649153 0.05
  2 1 38 3 1252.16497277397 0.05
  2 1 39 3 1107.98153250594 0.05
  2 1 40 3 985.327515441246 0.05
  2 1 41 3 20813.4809013222 0.05
  2 1 42 3 23461.1824765232 0.05
# end catch observations 
#  
# Fishery size comp data 
# Number of observations, init_int Ncatch_size_obs 
  168
# init_matrix obs_catch_size(1,Ncatch_size_obs,1,ncol) 
# Fleet Area  Year  Species Type (0=whole, 1=retained, 2=discard) InpN, proportion by size bin 
  1 1 1 1 0 81 0.037037037037037 0.753086419753086 0.432098765432099 0 0.0123456790123457
  1 1 2 1 0 73 0.0136986301369863 0.643835616438356 0.63013698630137 0.0821917808219178 0
  1 1 3 1 0 65 0.0615384615384615 0.4 0.692307692307692 0.384615384615385 0
  1 1 4 1 0 56 1.01785714285714 0.125 0.410714285714286 0.232142857142857 0
  1 1 5 1 0 120 0.266666666666667 0.316666666666667 0.116666666666667 0.133333333333333 0
  1 1 6 1 0 130 0.0615384615384615 0.284615384615385 0.3 0.123076923076923 0
  1 1 7 1 0 94 0.191489361702128 0.265957446808511 0.414893617021277 0.191489361702128 0
  1 1 8 1 0 94 0.0957446808510638 0.329787234042553 0.414893617021277 0.223404255319149 0
  1 1 9 1 0 82 0.841463414634146 0.146341463414634 0.121951219512195 0.109756097560976 0
  1 1 10 1 0 76 0.368421052631579 0.578947368421053 0.223684210526316 0.144736842105263 0
  1 1 11 1 0 74 0.202702702702703 0.621621621621622 0.351351351351351 0.175675675675676 0
  1 1 12 1 0 65 0.0615384615384615 0.615384615384615 0.615384615384615 0.246153846153846 0
  1 1 13 1 0 77 0.0909090909090909 0.350649350649351 0.584415584415584 0.272727272727273 0
  1 1 14 1 0 88 0.0454545454545455 0.238636363636364 0.579545454545455 0.272727272727273 0
  1 1 15 1 0 66 0.121212121212121 0.272727272727273 0.727272727272727 0.393939393939394 0
  1 1 16 1 0 69 0.0869565217391304 0.260869565217391 0.507246376811594 0.594202898550725 0
  1 1 17 1 0 43 0.511627906976744 0.302325581395349 0.720930232558139 0.790697674418605 0
  1 1 18 1 0 34 2.35294117647059 0.0882352941176471 0.176470588235294 0.323529411764706 0
  1 1 19 1 0 55 0.709090909090909 0.763636363636364 0.0727272727272727 0.272727272727273 0
  1 1 20 1 0 64 0.328125 0.78125 0.328125 0.125 0
  1 1 21 1 0 77 0.25974025974026 0.467532467532468 0.467532467532468 0.103896103896104 0
  1 1 22 1 0 67 0.223880597014925 0.462686567164179 0.492537313432836 0.313432835820896 0
  1 1 23 1 0 133 0.105263157894737 0.210526315789474 0.240601503759398 0.195488721804511 0
  1 1 24 1 0 98 0.0408163265306122 0.193877551020408 0.408163265306122 0.377551020408163 0
  1 1 25 1 0 91 0.043956043956044 0.153846153846154 0.395604395604396 0.505494505494505 0
  1 1 26 1 0 77 0.0909090909090909 0.12987012987013 0.428571428571429 0.649350649350649 0
  1 1 27 1 0 102 0.215686274509804 0.0882352941176471 0.264705882352941 0.411764705882353 0
  1 1 28 1 0 76 0.236842105263158 0.289473684210526 0.236842105263158 0.552631578947368 0
  1 1 29 1 0 110 0.0909090909090909 0.145454545454545 0.263636363636364 0.409090909090909 0
  1 1 30 1 0 100 0.1 0.2 0.24 0.46 0
  1 1 31 1 0 108 0.037037037037037 0.157407407407407 0.287037037037037 0.444444444444444 0
  1 1 32 1 0 118 0.0677966101694915 0.0847457627118644 0.245762711864407 0.449152542372881 0
  1 1 33 1 0 129 0.0387596899224806 0.0465116279069767 0.232558139534884 0.457364341085271 0
  1 1 34 1 0 90 0.111111111111111 0.122222222222222 0.277777777777778 0.6 0
  1 1 35 1 0 69 0.217391304347826 0.101449275362319 0.289855072463768 0.840579710144927 0
  1 1 36 1 0 80 0.1625 0.2375 0.275 0.575 0
  1 1 37 1 0 62 0.290322580645161 0.161290322580645 0.370967741935484 0.790322580645161 0
  1 1 38 1 0 94 0.138297872340426 0.202127659574468 0.191489361702128 0.531914893617021 0
  1 1 39 1 0 75 0.106666666666667 0.2 0.306666666666667 0.72 0
  1 1 40 1 0 75 0.146666666666667 0.28 0.373333333333333 0.533333333333333 0
  1 1 41 1 0 35 0.6 0.485714285714286 0.457142857142857 1.31428571428571 0
  1 1 42 1 0 22 1.36363636363636 0.545454545454545 0.818181818181818 1.81818181818182 0
  1 1 1 4 0 5 0 0 13.2 1 5.8
  1 1 2 4 0 5 4 0 5.6 9.4 1
  1 1 3 4 0 5 0.2 7.2 2 10.2 0.4
  1 1 4 4 0 5 0.6 2.2 10 7 0.2
  1 1 5 4 0 5 1 1.2 7.8 9.8 0.2
  1 1 6 4 0 5 0.6 1.8 5.6 12 0
  1 1 7 4 0 5 1 3 4 12 0
  1 1 8 4 0 5 1 3.6 6.6 8.8 0
  1 1 9 4 0 5 1.2 4 5.8 9 0
  1 1 10 4 0 5 4.8 2.6 6 6.6 0
  1 1 11 4 0 1 5 51 21 23 0
  1 1 12 4 0 5 0.2 3 13 3.8 0
  1 1 13 4 0 1 0 5 31 64 0
  1 1 14 4 0 2 0.5 2.5 18 29 0
  1 1 15 4 0 8 0 0.125 2.75 9.625 0
  1 1 16 4 0 3 0 0.333333333333333 3 30 0
  1 1 17 4 0 3 4.66666666666667 2.33333333333333 3.66666666666667 22.6666666666667 0
  1 1 18 4 0 1 88 6 0 6 0
  1 1 19 4 0 3 0.333333333333333 32 0.666666666666667 0.333333333333333 0
  1 1 20 4 0 3 0.333333333333333 4 27.6666666666667 1.33333333333333 0
  1 1 21 4 0 3 8 0 11.3333333333333 14 0
  1 1 22 4 0 2 0.5 22.5 8 19 0
  1 1 23 4 0 6 2 0.833333333333333 8.5 5.33333333333333 0
  1 1 24 4 0 1 2 22 28 48 0
  1 1 25 4 0 1 13 1 38 48 0
  1 1 26 4 0 2 6.5 8 11 24.5 0
  1 1 27 4 0 2 0.5 13 17.5 19 0
  1 1 28 4 0 4 0.5 1.25 12.75 10.5 0
  1 1 29 4 0 7 3.14285714285714 0.142857142857143 4.42857142857143 6.57142857142857 0
  1 1 30 4 0 6 0.166666666666667 7.5 2 7 0
  1 1 31 4 0 10 1.4 0.7 5.3 2.6 0
  1 1 32 4 0 7 2.42857142857143 3.85714285714286 2.57142857142857 5.42857142857143 0
  1 1 33 4 0 15 1.33333333333333 2.2 1.8 1.33333333333333 0
  1 1 34 4 0 19 0 2 2.05263157894737 1.21052631578947 0
  1 1 35 4 0 13 1.07692307692308 0.384615384615385 4.07692307692308 2.15384615384615 0
  1 1 36 4 0 23 0.0434782608695652 1.30434782608696 1.04347826086957 1.95652173913043 0
  1 1 37 4 0 7 0.142857142857143 0.571428571428571 8.28571428571429 5.28571428571429 0
  1 1 38 4 0 7 0.142857142857143 0.571428571428571 3.57142857142857 10 0
  1 1 39 4 0 19 0 0.157894736842105 1.36842105263158 3.73684210526316 0
  1 1 40 4 0 25 0 0.04 0.56 3.4 0
  1 1 41 4 0 31 0.0967741935483871 0.161290322580645 0.516129032258065 2.45161290322581 0
  1 1 42 4 0 31 0.67741935483871 0.129032258064516 0.387096774193548 2.03225806451613 0
  2 1 1 2 0 2 3.5 0 5 41.5 0
  2 1 2 2 0 5 8.4 1.2 0.6 9.8 0
  2 1 3 2 0 2 3.5 31 5 10.5 0
  2 1 4 2 0 5 0.8 5.8 12 1.4 0
  2 1 5 2 0 5 0.2 3.8 11 5 0
  2 1 6 2 0 5 0.2 1.4 9.2 9.2 0
  2 1 7 2 0 5 0 1 8.2 10.8 0
  2 1 8 2 0 1 0 4 30 66 0
  2 1 9 2 0 5 0 0.2 4 15.8 0
  2 1 10 2 0 5 0.2 0.2 2.4 17.2 0
  2 1 11 2 0 2 1.5 2 4.5 42 0
  2 1 12 2 0 5 0.4 3 2.2 14.4 0
  2 1 13 2 0 5 0.4 1.6 6.2 11.8 0
  2 1 14 2 0 5 0 1.2 7.2 11.6 0
  2 1 15 2 0 5 0 0.8 6.8 12.4 0
  2 1 16 2 0 5 0 0.8 6 13.2 0
  2 1 17 2 0 5 0.2 0.8 4.4 14.6 0
  2 1 18 2 0 5 0.4 0.2 4 15.4 0
  2 1 19 2 0 5 0 1.4 2.8 15.8 0
  2 1 20 2 0 30 0 0.0333333333333333 0.933333333333333 2.36666666666667 0
  2 1 21 2 0 46 0 0.0652173913043478 0.478260869565217 1.6304347826087 0
  2 1 22 2 0 10 1.1 0.2 1.8 6.9 0
  2 1 23 2 0 19 0.315789473684211 1.21052631578947 0.631578947368421 3.10526315789474 0
  2 1 24 2 0 61 0.0655737704918033 0.409836065573771 0.475409836065574 0.688524590163934 0
  2 1 25 2 0 29 0 0.310344827586207 1.20689655172414 1.93103448275862 0
  2 1 26 2 0 32 0 0.25 1.125 1.75 0
  2 1 27 2 0 16 0 0.125 2.125 4 0
  2 1 28 2 0 31 0 0.129032258064516 0.967741935483871 2.12903225806452 0
  2 1 29 2 0 44 0 0.0227272727272727 0.590909090909091 1.65909090909091 0
  2 1 30 2 0 29 0 0 0.689655172413793 2.75862068965517 0
  2 1 31 2 0 25 0 0 0.56 3.44 0
  2 1 32 2 0 22 0 0.0909090909090909 1.09090909090909 3.36363636363636 0
  2 1 33 2 0 35 0.685714285714286 0.0285714285714286 0.228571428571429 1.91428571428571 0
  2 1 34 2 0 28 0.214285714285714 1.28571428571429 0.428571428571429 1.64285714285714 0
  2 1 35 2 0 45 0.0222222222222222 0.622222222222222 1.06666666666667 0.511111111111111 0
  2 1 36 2 0 51 0.0196078431372549 0.274509803921569 0.92156862745098 0.745098039215686 0
  2 1 37 2 0 41 0 0.317073170731707 1.04878048780488 1.07317073170732 0
  2 1 38 2 0 36 0 0.222222222222222 1.13888888888889 1.41666666666667 0
  2 1 39 2 0 20 0.05 0.2 1.6 3.15 0
  2 1 40 2 0 14 0.0714285714285714 0.285714285714286 1.78571428571429 5 0
  2 1 41 2 0 17 0 0.176470588235294 1.29411764705882 4.41176470588235 0
  2 1 42 2 0 24 0 0.208333333333333 0.916666666666667 3.04166666666667 0
  2 1 1 3 0 1 37 0 63 0 0
  2 1 2 3 0 5 8.4 1.6 8.8 1.2 0
  2 1 3 3 0 5 9.4 4.8 4.8 1 0
  2 1 4 3 0 1 55 14 24 7 0
  2 1 5 3 0 6 9 3.5 3 1.16666666666667 0
  2 1 6 3 0 4 12.75 6 4.75 1.5 0
  2 1 7 3 0 5 11.4 5.4 2.2 1 0
  2 1 8 3 0 1 53 28 12 7 0
  2 1 9 3 0 1 50 26 20 4 0
  2 1 10 3 0 1 56 24 16 4 0
  2 1 11 3 0 2 24 16.5 7 2.5 0
  2 1 12 3 0 5 9.4 7 2.6 1 0
  2 1 13 3 0 4 12.25 9.25 3.25 0.25 0
  2 1 14 3 0 8 5 4.625 2.75 0.125 0
  2 1 15 3 0 11 4.09090909090909 2.54545454545455 1.90909090909091 0.545454545454545 0
  2 1 16 3 0 5 7.4 6.6 4.2 1.8 0
  2 1 17 3 0 5 5 10.8 2.4 1.8 0
  2 1 18 3 0 1 45 32 17 6 0
  2 1 19 3 0 1 51 24 18 7 0
  2 1 20 3 0 4 9.25 6 6.75 3 0
  2 1 21 3 0 3 13 8.33333333333333 8.33333333333333 3.66666666666667 0
  2 1 22 3 0 4 8.25 10.5 5.25 1 0
  2 1 23 3 0 3 12.6666666666667 11 7.33333333333333 2.33333333333333 0
  2 1 24 3 0 3 14 12.3333333333333 5 2 0
  2 1 25 3 0 2 16.5 17 12 4.5 0
  2 1 26 3 0 4 9 7.5 5.75 2.75 0
  2 1 27 3 0 5 8.2 4.8 4.4 2.6 0
  2 1 28 3 0 4 9 6 8 2 0
  2 1 29 3 0 4 8.5 7.75 5.75 3 0
  2 1 30 3 0 24 1.625 1.25 0.833333333333333 0.458333333333333 0
  2 1 31 3 0 10 3.6 2.6 2.7 1.1 0
  2 1 32 3 0 12 3.25 2 2.08333333333333 1 0
  2 1 33 3 0 4 11.5 5.25 5.5 2.75 0
  2 1 34 3 0 6 6.83333333333333 5 4.16666666666667 0.666666666666667 0
  2 1 35 3 0 2 19.5 15 12 3.5 0
  2 1 36 3 0 10 4.7 2.4 1.9 1 0
  2 1 37 3 0 9 4.22222222222222 3.77777777777778 1.77777777777778 1.33333333333333 0
  2 1 38 3 0 13 3.38461538461538 1.92307692307692 1.76923076923077 0.615384615384615 0
  2 1 39 3 0 16 1.9375 2.25 1.4375 0.625 0
  2 1 40 3 0 27 1.44444444444444 1.03703703703704 0.851851851851852 0.37037037037037 0
  2 1 41 3 0 15 3.13333333333333 1.53333333333333 1.26666666666667 0.733333333333333 0
  2 1 42 3 0 16 2.75 1.625 1.5 0.375 0
# end fishery length observations 
#  
# Survey diet proportion observations 
# Number of observations, init_int Ndietprop_obs 
  60
# init_matrix obs_dietprop(1,Ndietprop_obs,1,ncol) 
# Survey  Year  Predator  Predator_size InpN  wt_prey_1 wt_prey_2 wt_prey_3 wt_prey_4 wt_prey_5 wt_prey_6 wt_prey_7 wt_prey_8 wt_prey_9 wt_prey_10 wt_prey_11 other 
  1 12 1 2 100 0 0 0 0 1
  1 12 1 3 100 0.58 0 0 0 0.42
  1 13 1 3 100 0 0 0 0 1
  1 13 1 4 100 0 0.94 0 0 0.06
  1 15 1 2 100 0 0 0 0 1
  1 18 1 1 100 0.12 0 0 0 0.88
  1 18 1 2 100 0 0 0 0 1
  1 18 1 3 100 0 0.2 0 0 0.8
  1 19 1 2 100 0 0.45 0 0 0.55
  1 19 1 3 100 0 0.01 0 0 0.99
  1 20 1 3 100 0 0.08 0 0 0.92
  1 21 1 2 100 0 0.04 0 0 0.96
  1 21 1 3 100 0 0.22 0 0 0.78
  1 24 1 3 100 0 0 0 0 1
  1 25 1 3 100 0 0.2 0 0 0.8
  1 26 1 3 100 0 0.21 0.1 0 0.69
  1 27 1 3 100 0 0.38 0.14 0 0.48
  1 28 1 3 100 0 0.82 0 0 0.18
  1 33 1 3 100 0 0.06 0 0 0.94
  1 34 1 3 100 0 0.05 0 0 0.95
  1 35 1 3 100 0 0.49 0 0 0.51
  1 38 1 3 100 0 0.14 0 0 0.86
  1 39 1 3 100 0 0.3 0 0 0.7
  1 40 1 2 100 0 0.05 0 0 0.95
  1 41 1 2 100 0 0 0.46 0 0.54
  1 8 4 2 100 0.04 0 0 0 0.96
  1 8 4 3 100 0 0 0 0 1
  1 11 4 3 100 0 0 0 0 1
  1 13 4 2 100 0 0 0 0 1
  1 13 4 3 100 0 0.44 0 0 0.56
  1 13 4 4 100 0 0.32 0 0 0.68
  1 14 4 3 100 0 0 0 0 1
  1 15 4 3 100 0 0.32 0 0 0.68
  1 15 4 4 100 0 0.26 0 0 0.74
  1 16 4 3 100 0 0.56 0 0 0.44
  1 16 4 4 100 0 0.27 0 0 0.73
  1 17 4 3 100 0 0 0 0 1
  1 18 4 3 100 0 0.4 0 0 0.6
  1 19 4 2 100 0 0.02 0 0 0.98
  1 19 4 3 100 0 0.39 0 0 0.61
  1 20 4 2 100 0 0 0 0 1
  1 20 4 3 100 0 0 0 0 1
  1 21 4 3 100 0 0.48 0 0 0.52
  1 22 4 2 100 0 0 0.28 0 0.72
  1 23 4 3 100 0 0.08 0 0 0.92
  1 24 4 3 100 0 0 0 0 1
  1 25 4 3 100 0 0 0 0 1
  1 25 4 4 100 0 1 0 0 0
  1 26 4 3 100 0 0 0 0 1
  1 27 4 2 100 0 0.79 0 0 0.21
  1 27 4 3 100 0 0.5 0 0 0.5
  1 28 4 2 100 0 0 0.28 0 0.72
  1 28 4 3 100 0 0.42 0 0 0.58
  1 29 4 3 100 0 0.14 0 0 0.86
  1 31 4 3 100 0 0.3 0 0 0.7
  1 31 4 4 100 0 0.02 0 0 0.98
  1 34 4 3 100 0 0.3 0.11 0 0.59
  1 40 4 3 100 0 0 0.47 0 0.53
  1 40 4 4 100 0 0 0.7 0 0.3
  1 42 4 3 100 0 0.02 0 0 0.98
# end survey diet proportion observations 
#  
