# This file was created using the write_tsDatFile function and used all the simulated data from sim_dta.rds found in repo:Hydra-self-testing
# Survey index data 
# Number of observations, init_int Nsurvey_obs
  166
# init_matrix obs_survey_biomass(1,Nsurvey_obs,1,5)
# survey year spp value cv
  1 1 4 102835.268457778 0.212720515437525
  1 2 4 104279.094059479 0.222168779300385
  1 3 4 140126.073992106 0.394113240257454
  1 4 4 152938.371696823 0.310035034727007
  1 5 4 130635.180586564 0.378629084128514
  1 6 4 64045.9371001519 0.494427832556011
  1 7 4 29587.381036837 0.759062286891916
  1 8 4 118572.857216118 0.383150869515862
  1 9 4 148665.605786017 0.48934963094834
  1 10 4 164028.350626342 0.382452035825211
  1 11 4 460185.534019669 0.566792532611316
  1 12 4 83737.2354165168 0.381518572031255
  1 13 4 222045.090561806 0.438380584739347
  1 14 4 170243.439189225 0.482345652338289
  1 15 4 151923.357486753 0.420835086749712
  1 16 4 147529.309112206 0.515165860253858
  1 17 4 125144.939512216 0.559532625975744
  1 18 4 134507.305821739 0.479008946214672
  1 19 4 334546.05560887 0.429419179801904
  1 20 4 143257.261193092 0.477074256852948
  1 21 4 122887.852592376 0.410621521476155
  1 22 4 164597.700084801 0.294672690077384
  1 23 4 177901.5821527 0.477447511398437
  1 24 4 178836.13477716 0.384568504019134
  1 25 4 226886.796733936 0.333261603198005
  1 26 4 279772.322685448 0.685474246042822
  1 27 4 257352.970505958 0.286882992344226
  1 28 4 111555.769464796 0.371822434434906
  1 29 4 111178.35699588 0.592639130460935
  1 30 4 160207.53972028 0.374062101432949
  1 31 4 100217.229043925 0.304499664309564
  1 32 4 133087.867790993 0.233962995093855
  1 33 4 104560.938953123 0.270006842918168
  1 34 4 135343.909801345 0.350007507053818
  1 35 4 248395.203099054 0.34274593698132
  1 36 4 199124.724276246 0.261906583866089
  1 37 4 192002.495714321 0.417429035160016
  1 38 4 322179.476364105 0.441211421515246
  1 39 4 113841.081831127 0.495234601454268
  1 40 4 108686.568973621 0.237858203733512
  1 41 4 243396.796106612 0.327346172729995
  1 42 4 139775.467389199 0.368315456462939
  1 1 2 129.04346696165 0.601375663623589
  1 4 2 489.468125322427 1
  1 5 2 130.972589113305 0.611089023955187
  1 6 2 409.411674802658 0.702037850017464
  1 7 2 787.430687604741 0.948289691951521
  1 8 2 151.572974467313 0.544380631361087
  1 9 2 78.9163724089008 0.5393131982084
  1 10 2 101.200047185528 0.88095039530815
  1 11 2 676.349002085718 0.799987970388403
  1 12 2 3064.70631186014 0.774991903603438
  1 13 2 130.893431738952 0.863215133786584
  1 14 2 224.666636536929 0.704083892007286
  1 15 2 568.290064701205 0.457459057188701
  1 16 2 76.1863111198159 0.853197309912465
  1 17 2 39.037792721106 0.61116783920211
  1 18 2 133.443526544343 0.416775375911518
  1 19 2 1397.10191846543 0.69077510766454
  1 20 2 1284.19448753763 0.793751288508348
  1 21 2 4730.36299690882 0.339376634127756
  1 22 2 5264.72518693615 0.601950919776798
  1 23 2 934.656690723713 0.658556209578282
  1 24 2 4435.90504931897 0.637453135075156
  1 25 2 1675.205150973 0.510473149998029
  1 26 2 1004.29171836945 0.548437091427541
  1 27 2 1936.47533671076 0.492912195981742
  1 28 2 1615.30609935742 0.747597319880804
  1 29 2 3651.1688152686 0.451616070879294
  1 30 2 2957.01908003788 0.797269558848634
  1 31 2 1533.79513083242 0.666772556553203
  1 32 2 11913.1968508266 0.96787270074405
  1 33 2 5254.50071747761 0.404694020855087
  1 34 2 2722.3582465022 0.814873375751391
  1 35 2 3480.92304182293 0.533219898766676
  1 36 2 8320.15428905155 0.371953858881132
  1 37 2 1826.68760236813 0.791301167226987
  1 38 2 4900.65277827627 0.633364993316759
  1 39 2 1970.01015493862 0.827253682697507
  1 40 2 501.687890273443 0.900216415173481
  1 41 2 946.05594125459 0.957770995377006
  1 42 2 282.723076953243 0.55870584954739
  1 1 1 18301.0620473295 0.241799049430762
  1 2 1 19506.3836222931 0.142636213550947
  1 3 1 10307.4688910537 0.225478190042395
  1 4 1 11146.8962448777 0.323579734794357
  1 5 1 14112.7936051464 0.320666395151501
  1 6 1 11201.136586934 0.452044832991261
  1 7 1 11053.031448931 0.28209645893665
  1 8 1 8731.09432579834 0.414010381101596
  1 9 1 13714.3237652581 0.40638853202345
  1 10 1 16468.8359067511 0.290993157294119
  1 11 1 11246.180873578 0.324615016521962
  1 12 1 17583.780049012 0.294780938380682
  1 13 1 19330.8218698886 0.440402569626277
  1 14 1 20690.9186222507 0.372421878022742
  1 15 1 8548.34517157555 0.341871348717721
  1 16 1 6933.10002774159 0.416897355424411
  1 17 1 11874.8586928086 0.500820840736393
  1 18 1 4110.19782638225 0.389853340834037
  1 19 1 6765.01674141961 0.293941849282161
  1 20 1 8270.50232029269 0.525509720403112
  1 21 1 6413.87156516434 0.266433769579894
  1 22 1 10449.2667899708 0.374831371194202
  1 23 1 6999.11892706876 0.352011231642473
  1 24 1 5267.32164025339 0.34725908523047
  1 25 1 3582.34503151964 0.578696888706846
  1 26 1 5414.34500129022 0.459728456052307
  1 27 1 8908.80465566395 0.539982548576019
  1 28 1 5258.28413718507 0.364309332200766
  1 29 1 9967.75970192214 0.562793580097325
  1 30 1 2842.39436798247 0.420348818797864
  1 31 1 3788.95484744654 0.403753427903273
  1 32 1 957.357667660665 0.491331418922754
  1 33 1 2902.75633211564 0.537081122476055
  1 34 1 2920.05329702567 0.379030815152119
  1 35 1 1288.614917152 0.519511456600017
  1 36 1 1391.64077370408 0.556056214854877
  1 37 1 651.336165281143 0.588197671943964
  1 38 1 1634.81289747931 0.324588369174256
  1 39 1 2181.57467405881 0.501841796783066
  1 40 1 1050.36640615692 0.403101009292275
  1 41 1 611.172558014939 0.478602624152216
  1 42 1 492.71266794428 0.646634922078809
  1 1 3 88.4235613300333 0.499484636786782
  1 2 3 100.808286260228 0.358153914340203
  1 3 3 329.940933714085 0.678339172154909
  1 4 3 2405.98538444867 1
  1 5 3 825.353376818498 0.693225535250834
  1 6 3 317.700038064492 1
  1 7 3 198.050053532568 0.912293822979085
  1 8 3 584.209125247922 0.655734850091527
  1 9 3 155.544380740331 0.670809892238012
  1 10 3 547.582203172902 0.631102684426709
  1 11 3 325.83928608423 0.496475444687371
  1 12 3 752.828950894136 0.740682868109632
  1 13 3 338.166815234279 0.360862225436052
  1 14 3 515.734767812089 0.547901331396328
  1 15 3 244.498590428225 0.429608216382601
  1 16 3 610.857070007684 0.69118921143411
  1 17 3 293.202386600973 0.426971754606328
  1 18 3 190.55122754382 0.505524319387353
  1 19 3 63.3375896140298 0.644591984223249
  1 20 3 245.567022441386 0.899065435378594
  1 21 3 601.214436504594 0.543826822033971
  1 22 3 170.089292022866 0.88174616562504
  1 23 3 132.084055689758 0.408104676406013
  1 24 3 750.345516848747 0.92608255019157
  1 25 3 359.556351848469 0.648664057223823
  1 26 3 1211.27976641814 0.695927823776047
  1 27 3 407.860315350235 0.708713243925404
  1 28 3 208.073761274952 0.489543853646182
  1 29 3 179.410161429845 0.703511357168505
  1 30 3 356.404697881957 0.631659802692532
  1 31 3 256.349712170621 0.626570332091694
  1 32 3 44.8369894088195 0.661895735249442
  1 33 3 65.3993573321451 0.783155911787346
  1 34 3 219.1492854882 0.542775440757204
  1 35 3 927.466353530195 0.870542376054271
  1 36 3 549.731246648142 0.492193512682958
  1 37 3 365.516208338061 0.909630520329322
  1 38 3 376.103490515975 0.644773009949607
  1 39 3 326.911923360265 0.515045488987725
  1 40 3 233.164964932298 0.442573167063876
  1 41 3 89385.8126252665 0.88587618368699
  1 42 3 110289.837273169 0.983269433580366
# end survey index observations 
#  
# Survey size comp data 
# Number of observations, init_int Nsurvey_size_obs 
  166
# init_matrix obs_survey_size(1,Nsurvey_size_obs,1,ncol) 
# Survey  Year  Species Type (0=whole, 1=retained, 2=discard) InpN, proportion by length bin 
  1 1 1 0 57 0.0175438596491228 0.859649122807018 0.754385964912281 0.105263157894737 0.0175438596491228
  1 2 1 0 65 0 0.646153846153846 0.707692307692308 0.153846153846154 0.0307692307692308
  1 3 1 0 32 0 0.65625 1.59375 0.875 0
  1 4 1 0 32 0.0625 2.21875 0.5 0.34375 0
  1 5 1 0 21 0.0476190476190476 2.61904761904762 1.66666666666667 0.428571428571429 0
  1 6 1 0 18 0.0555555555555556 2.88888888888889 1.88888888888889 0.722222222222222 0
  1 7 1 0 25 0 1.52 1.84 0.64 0
  1 8 1 0 20 0 1.7 1.95 1.35 0
  1 9 1 0 16 0.0625 5.0625 0.625 0.5 0
  1 10 1 0 19 0 3.78947368421053 1.26315789473684 0.210526315789474 0
  1 11 1 0 20 0.05 2.85 1.6 0.5 0
  1 12 1 0 22 0.0454545454545455 1.90909090909091 2.40909090909091 0.181818181818182 0
  1 13 1 0 23 0 1.43478260869565 2.08695652173913 0.826086956521739 0
  1 14 1 0 14 0 1.71428571428571 3.35714285714286 2.07142857142857 0
  1 15 1 0 21 0 1.19047619047619 1.95238095238095 1.61904761904762 0
  1 16 1 0 14 0 1.92857142857143 2.78571428571429 2.42857142857143 0
  1 17 1 0 17 0 1.76470588235294 2.11764705882353 2 0
  1 18 1 0 19 0.0526315789473684 4.47368421052632 0.368421052631579 0.368421052631579 0
  1 19 1 0 18 0.0555555555555556 4.05555555555556 1.27777777777778 0.166666666666667 0
  1 20 1 0 15 0.0666666666666667 3.53333333333333 2.73333333333333 0.333333333333333 0
  1 21 1 0 21 0.0476190476190476 1.52380952380952 2.42857142857143 0.761904761904762 0
  1 22 1 0 13 0.0769230769230769 3.23076923076923 3.30769230769231 1.07692307692308 0
  1 23 1 0 14 0 1.64285714285714 3.78571428571429 1.71428571428571 0
  1 24 1 0 14 0 1.85714285714286 3.35714285714286 1.92857142857143 0
  1 25 1 0 18 0 1.22222222222222 2.38888888888889 1.94444444444444 0
  1 26 1 0 14 0.0714285714285714 1.78571428571429 2.28571428571429 3 0
  1 27 1 0 23 0.0869565217391304 1.60869565217391 0.826086956521739 1.82608695652174 0
  1 28 1 0 14 0 2.85714285714286 2.07142857142857 2.21428571428571 0
  1 29 1 0 17 0.0588235294117647 1.35294117647059 1.70588235294118 2.76470588235294 0
  1 30 1 0 18 0 1.33333333333333 2.05555555555556 2.16666666666667 0
  1 31 1 0 20 0 1.05 1.5 2.45 0
  1 32 1 0 10 0 1.5 2.6 5.9 0
  1 33 1 0 15 0 1.2 2.2 3.26666666666667 0
  1 34 1 0 18 0.0555555555555556 0.555555555555556 1.44444444444444 3.5 0
  1 35 1 0 8 0 3.5 2.875 6.125 0
  1 36 1 0 12 0.0833333333333333 3.5 1.91666666666667 2.83333333333333 0
  1 37 1 0 8 0.625 2.75 3.375 5.75 0
  1 38 1 0 16 0 2.5 1.4375 2.3125 0
  1 39 1 0 10 0 2.8 3.4 3.8 0
  1 40 1 0 10 0 2 3.3 4.7 0
  1 41 1 0 13 0 2.46153846153846 2.15384615384615 3.07692307692308 0
  1 42 1 0 8 0 5.125 2.375 5 0
  1 1 2 0 11 0 0 5 4 0.0909090909090909
  1 4 2 0 1 0 2 66 32 0
  1 5 2 0 5 0 0.4 9.2 10.4 0
  1 6 2 0 1 0 1 59 40 0
  1 7 2 0 3 0 1 24 8.33333333333333 0
  1 8 2 0 4 0 0 17.25 7.75 0
  1 9 2 0 5 0 0.2 12.6 7.2 0
  1 10 2 0 10 0 0.8 5.5 3.7 0
  1 11 2 0 13 0 0 6.76923076923077 0.923076923076923 0
  1 12 2 0 15 0 0.0666666666666667 4.46666666666667 2.13333333333333 0
  1 13 2 0 9 0 0.111111111111111 5.44444444444444 5.55555555555556 0
  1 14 2 0 6 0 0 5.16666666666667 11.5 0
  1 15 2 0 13 0 0 2 5.69230769230769 0
  1 16 2 0 10 0 0.1 1.8 8.1 0
  1 17 2 0 10 0 0.8 2.2 7 0
  1 18 2 0 18 0 2.61111111111111 2.55555555555556 0.388888888888889 0
  1 19 2 0 27 0 0 3.66666666666667 0.037037037037037 0
  1 20 2 0 23 0 0 2.39130434782609 1.95652173913043 0
  1 21 2 0 25 0 0.24 1.8 1.96 0
  1 22 2 0 9 0 0 9.44444444444444 1.66666666666667 0
  1 23 2 0 8 0 0.25 7.5 4.75 0
  1 24 2 0 9 0 0 7 4.11111111111111 0
  1 25 2 0 14 0 0.142857142857143 3.07142857142857 3.92857142857143 0
  1 26 2 0 18 0 0.111111111111111 3.94444444444444 1.5 0
  1 27 2 0 16 0 0.0625 4.8125 1.375 0
  1 28 2 0 6 0 0 8.33333333333333 8.33333333333333 0
  1 29 2 0 8 0 0.625 4.5 7.375 0
  1 30 2 0 17 0 0 5.29411764705882 0.588235294117647 0
  1 31 2 0 9 0 0.222222222222222 7.66666666666667 3.22222222222222 0
  1 32 2 0 30 0 0.266666666666667 2.13333333333333 0.933333333333333 0
  1 33 2 0 24 0 0.25 2.95833333333333 0.958333333333333 0
  1 34 2 0 25 0 0 3 1 0
  1 35 2 0 16 0 0.3125 3.0625 2.875 0
  1 36 2 0 13 0 0.0769230769230769 5.61538461538461 2 0
  1 37 2 0 8 0 0 5.75 6.75 0
  1 38 2 0 10 0 0 3.3 6.7 0
  1 39 2 0 13 0 0 2.07692307692308 5.61538461538461 0
  1 40 2 0 8 0 0 3.25 9.25 0
  1 41 2 0 5 0 0 5 15 0
  1 42 2 0 17 0 0.764705882352941 2.88235294117647 2.23529411764706 0
  1 1 3 0 27 0 2.37037037037037 0.444444444444444 0.888888888888889 0
  1 2 3 0 13 0 6.69230769230769 0.692307692307692 0.307692307692308 0
  1 3 3 0 5 0 11.4 8 0.6 0
  1 4 3 0 2 0 17 29 4 0
  1 5 3 0 5 0 4 14.2 1.8 0
  1 6 3 0 1 0 13 70 17 0
  1 7 3 0 3 0 5 20.3333333333333 8 0
  1 8 3 0 3 0 3 22.3333333333333 8 0
  1 9 3 0 4 0 1.75 14.25 9 0
  1 10 3 0 4 0 1.5 13 10.5 0
  1 11 3 0 4 0 15 4 6 0
  1 12 3 0 2 0 22.5 19 8.5 0
  1 13 3 0 8 0 4.375 6.75 1.375 0
  1 14 3 0 19 0 0.894736842105263 3.73684210526316 0.631578947368421 0
  1 15 3 0 15 0 1.33333333333333 4.06666666666667 1.26666666666667 0
  1 16 3 0 12 0 1.08333333333333 5.08333333333333 2.16666666666667 0
  1 17 3 0 14 0 1.28571428571429 3.14285714285714 2.71428571428571 0
  1 18 3 0 14 0 1.5 3.42857142857143 2.21428571428571 0
  1 19 3 0 15 0 1.73333333333333 2.66666666666667 2.26666666666667 0
  1 20 3 0 17 0 1.47058823529412 3.17647058823529 1.23529411764706 0
  1 21 3 0 12 0 1.83333333333333 3.91666666666667 2.58333333333333 0
  1 22 3 0 11 0.0909090909090909 6.36363636363636 1.54545454545455 1.09090909090909 0
  1 23 3 0 16 0 2.875 2.8125 0.5625 0
  1 24 3 0 15 0 2.06666666666667 3.86666666666667 0.733333333333333 0
  1 25 3 0 4 0 5.75 17 2.25 0
  1 26 3 0 14 0 1.57142857142857 4.85714285714286 0.714285714285714 0
  1 27 3 0 6 0 1.5 10.8333333333333 4.33333333333333 0
  1 28 3 0 4 0 2.75 11.75 10.5 0
  1 29 3 0 2 0 3 30 17 0
  1 30 3 0 10 0 0.8 5.1 4.1 0
  1 31 3 0 9 0 0.555555555555556 4.88888888888889 5.66666666666667 0
  1 32 3 0 12 0 0.583333333333333 3.41666666666667 4.33333333333333 0
  1 33 3 0 5 0 18 0.8 1.2 0
  1 34 3 0 9 0 6.11111111111111 4.55555555555556 0.444444444444444 0
  1 35 3 0 5 0 8 11 1 0
  1 36 3 0 5 0 6.8 10.8 2.4 0
  1 37 3 0 3 0 6.66666666666667 22.3333333333333 4.33333333333333 0
  1 38 3 0 15 0 0.6 4.46666666666667 1.6 0
  1 39 3 0 12 0 1.08333333333333 5.08333333333333 2.16666666666667 0
  1 40 3 0 9 0 2.33333333333333 6 2.77777777777778 0
  1 41 3 0 8 0 1.375 6.875 4.25 0
  1 42 3 0 12 0 1.75 4.41666666666667 2.16666666666667 0
  1 1 4 0 86 0.0348837209302326 0.186046511627907 0.906976744186046 0.0348837209302326 0
  1 2 4 0 100 0.06 0.31 0.52 0.11 0
  1 3 4 0 33 0.242424242424242 1.63636363636364 1 0.151515151515152 0
  1 4 4 0 44 0.204545454545455 1.25 0.636363636363636 0.181818181818182 0
  1 5 4 0 34 0.205882352941176 1.88235294117647 0.764705882352941 0.0882352941176471 0
  1 6 4 0 40 0.1 1.55 0.6 0.25 0
  1 7 4 0 39 0.230769230769231 1.76923076923077 0.487179487179487 0.0769230769230769 0
  1 8 4 0 49 0.102040816326531 1.48979591836735 0.346938775510204 0.102040816326531 0
  1 9 4 0 36 0.138888888888889 1.63888888888889 0.722222222222222 0.277777777777778 0
  1 10 4 0 43 0.0465116279069767 1.67441860465116 0.581395348837209 0.0232558139534884 0
  1 11 4 0 41 0.0731707317073171 1.60975609756098 0.682926829268293 0.0731707317073171 0
  1 12 4 0 35 0.171428571428571 1.71428571428571 0.742857142857143 0.228571428571429 0
  1 13 4 0 32 0.0625 2.15625 0.75 0.15625 0
  1 14 4 0 21 0.19047619047619 2.9047619047619 1.38095238095238 0.285714285714286 0
  1 15 4 0 30 0.166666666666667 2.3 0.8 0.0666666666666667 0
  1 16 4 0 19 0.263157894736842 3.31578947368421 1.52631578947368 0.157894736842105 0
  1 17 4 0 35 0.142857142857143 1.68571428571429 0.857142857142857 0.171428571428571 0
  1 18 4 0 27 0.296296296296296 2.03703703703704 1.22222222222222 0.148148148148148 0
  1 19 4 0 34 0.147058823529412 1.85294117647059 0.794117647058823 0.147058823529412 0
  1 20 4 0 42 0.142857142857143 1.4047619047619 0.738095238095238 0.0952380952380952 0
  1 21 4 0 41 0.0487804878048781 1.4390243902439 0.780487804878049 0.170731707317073 0
  1 22 4 0 44 0.0909090909090909 1.34090909090909 0.704545454545455 0.136363636363636 0
  1 23 4 0 28 0.142857142857143 2.21428571428571 0.964285714285714 0.25 0
  1 24 4 0 34 0.176470588235294 1.76470588235294 0.823529411764706 0.176470588235294 0
  1 25 4 0 36 0.138888888888889 1.61111111111111 0.805555555555556 0.222222222222222 0
  1 26 4 0 31 0.193548387096774 1.61290322580645 1.06451612903226 0.354838709677419 0
  1 27 4 0 39 0.0769230769230769 1.64102564102564 0.692307692307692 0.153846153846154 0
  1 28 4 0 38 0.0526315789473684 1.63157894736842 0.736842105263158 0.210526315789474 0
  1 29 4 0 48 0.0833333333333333 1.125 0.75 0.125 0
  1 30 4 0 38 0.184210526315789 1.07894736842105 1.13157894736842 0.236842105263158 0
  1 31 4 0 61 0.0819672131147541 0.934426229508197 0.491803278688525 0.131147540983607 0
  1 32 4 0 48 0.0833333333333333 1.3125 0.541666666666667 0.145833333333333 0
  1 33 4 0 49 0.0816326530612245 1.04081632653061 0.73469387755102 0.183673469387755 0
  1 34 4 0 44 0.113636363636364 1.31818181818182 0.659090909090909 0.181818181818182 0
  1 35 4 0 61 0.0655737704918033 0.836065573770492 0.60655737704918 0.131147540983607 0
  1 36 4 0 67 0.0149253731343284 0.91044776119403 0.477611940298507 0.0895522388059701 0
  1 37 4 0 57 0.0526315789473684 1.19298245614035 0.403508771929825 0.105263157894737 0
  1 38 4 0 38 0.105263157894737 1.55263157894737 0.789473684210526 0.184210526315789 0
  1 39 4 0 52 0.0576923076923077 1.23076923076923 0.442307692307692 0.192307692307692 0
  1 40 4 0 43 0.0930232558139535 1.37209302325581 0.767441860465116 0.0930232558139535 0
  1 41 4 0 42 0.0714285714285714 1.30952380952381 0.904761904761905 0.0952380952380952 0
  1 42 4 0 61 0.0819672131147541 0.885245901639344 0.524590163934426 0.147540983606557 0
# end survey length observations 
#  
# Fishery catch data 
# Number of observations, init_int Ncatch_obs
  168
# init_matrix obs_catch_biomass(1,Ncatch_obs,1,6) 
# Fleet	Area	Year	Species	Catch(biomass t)	CV 
  1 1 1 1 20112.8740143972 0.05
  1 1 2 1 25635.8470687306 0.05
  1 1 3 1 22830.4969087223 0.05
  1 1 4 1 20526.64371983 0.05
  1 1 5 1 21634.636383652 0.05
  1 1 6 1 21328.5690635882 0.05
  1 1 7 1 21890.5116494767 0.05
  1 1 8 1 18730.9037463305 0.05
  1 1 9 1 19935.7788577424 0.05
  1 1 10 1 19357.3212424162 0.05
  1 1 11 1 19662.3163962706 0.05
  1 1 12 1 22626.1501911107 0.05
  1 1 13 1 21184.3238724874 0.05
  1 1 14 1 19364.2638136544 0.05
  1 1 15 1 16434.744447311 0.05
  1 1 16 1 13369.528378541 0.05
  1 1 17 1 10180.8550193069 0.05
  1 1 18 1 7730.36850149309 0.05
  1 1 19 1 8060.56423017318 0.05
  1 1 20 1 9399.44307828067 0.05
  1 1 21 1 4254.06181364344 0.05
  1 1 22 1 4577.61244964688 0.05
  1 1 23 1 5262.65160156556 0.05
  1 1 24 1 5135.64570564601 0.05
  1 1 25 1 4951.14272869017 0.05
  1 1 26 1 4341.40069043397 0.05
  1 1 27 1 4069.43054478542 0.05
  1 1 28 1 4174.28109780091 0.05
  1 1 29 1 3575.45159845579 0.05
  1 1 30 1 3352.60988760235 0.05
  1 1 31 1 2810.16981921266 0.05
  1 1 32 1 2499.83141960027 0.05
  1 1 33 1 2111.95988961839 0.05
  1 1 34 1 1879.53751907176 0.05
  1 1 35 1 1698.73273875996 0.05
  1 1 36 1 1464.78614317465 0.05
  1 1 37 1 1261.75573365845 0.05
  1 1 38 1 1012.74071450657 0.05
  1 1 39 1 973.67842495487 0.05
  1 1 40 1 812.971968856526 0.05
  1 1 41 1 737.634195250455 0.05
  1 1 42 1 704.837003519385 0.05
  1 1 1 4 6826.2014692622 0.05
  1 1 2 4 6567.99410985173 0.05
  1 1 3 4 6525.49217078503 0.05
  1 1 4 4 6293.20133193552 0.05
  1 1 5 4 7065.27956743462 0.05
  1 1 6 4 6686.19061235025 0.05
  1 1 7 4 7342.19662677348 0.05
  1 1 8 4 7332.97701079823 0.05
  1 1 9 4 7785.20613814352 0.05
  1 1 10 4 8723.71593942858 0.05
  1 1 11 4 9388.32158571895 0.05
  1 1 12 4 9573.02923200728 0.05
  1 1 13 4 9213.11610228651 0.05
  1 1 14 4 9998.75255442139 0.05
  1 1 15 4 10835.5221885004 0.05
  1 1 16 4 10143.0289933472 0.05
  1 1 17 4 11469.595620425 0.05
  1 1 18 4 10000.729330698 0.05
  1 1 19 4 11925.379145909 0.05
  1 1 20 4 10899.9900880909 0.05
  1 1 21 4 4493.65017184105 0.05
  1 1 22 4 4572.03941795991 0.05
  1 1 23 4 4823.28984177756 0.05
  1 1 24 4 4552.62307333762 0.05
  1 1 25 4 5168.4741075856 0.05
  1 1 26 4 4495.82612588715 0.05
  1 1 27 4 4576.67571909149 0.05
  1 1 28 4 4376.84909915186 0.05
  1 1 29 4 4777.98899071852 0.05
  1 1 30 4 4359.14095306906 0.05
  1 1 31 4 4707.03442536249 0.05
  1 1 32 4 4426.42171946388 0.05
  1 1 33 4 4185.73027207691 0.05
  1 1 34 4 4217.80570900088 0.05
  1 1 35 4 4708.20944423146 0.05
  1 1 36 4 4359.70237991165 0.05
  1 1 37 4 4981.93388590957 0.05
  1 1 38 4 4800.78011045382 0.05
  1 1 39 4 4389.49825181371 0.05
  1 1 40 4 4247.91146185082 0.05
  1 1 41 4 4417.48398506627 0.05
  1 1 42 4 5102.15976966666 0.05
  2 1 1 2 1225.5269208199 0.05
  2 1 2 2 1239.98870423561 0.05
  2 1 3 2 952.415137999912 0.05
  2 1 4 2 876.914539760044 0.05
  2 1 5 2 1160.37926103088 0.05
  2 1 6 2 1077.71481623888 0.05
  2 1 7 2 946.116371361892 0.05
  2 1 8 2 830.557009351708 0.05
  2 1 9 2 866.941490354134 0.05
  2 1 10 2 866.563279495364 0.05
  2 1 11 2 916.395333397937 0.05
  2 1 12 2 1352.99967419547 0.05
  2 1 13 2 2066.17044843949 0.05
  2 1 14 2 1954.22657164253 0.05
  2 1 15 2 1528.14165084541 0.05
  2 1 16 2 1100.61936024486 0.05
  2 1 17 2 719.605615178223 0.05
  2 1 18 2 495.998074684143 0.05
  2 1 19 2 1603.53509338397 0.05
  2 1 20 2 8377.46489711337 0.05
  2 1 21 2 14217.5403591661 0.05
  2 1 22 2 14079.0099650014 0.05
  2 1 23 2 14607.1783052731 0.05
  2 1 24 2 18760.813697629 0.05
  2 1 25 2 14682.1503044847 0.05
  2 1 26 2 12824.142809494 0.05
  2 1 27 2 11522.2493533778 0.05
  2 1 28 2 11608.4241034511 0.05
  2 1 29 2 10495.7783471918 0.05
  2 1 30 2 9018.85624967507 0.05
  2 1 31 2 10038.7841968813 0.05
  2 1 32 2 13996.8480738159 0.05
  2 1 33 2 12870.9649857967 0.05
  2 1 34 2 17212.6980399144 0.05
  2 1 35 2 20870.0545056854 0.05
  2 1 36 2 20189.0228858901 0.05
  2 1 37 2 19684.2002977354 0.05
  2 1 38 2 16638.7012366482 0.05
  2 1 39 2 11599.3817943406 0.05
  2 1 40 2 7233.87868102226 0.05
  2 1 41 2 4607.02920303085 0.05
  2 1 42 2 2975.36069888025 0.05
  2 1 1 3 403.874035122857 0.05
  2 1 2 3 323.413093093389 0.05
  2 1 3 3 361.626042404786 0.05
  2 1 4 3 702.247748142385 0.05
  2 1 5 3 1551.55362557621 0.05
  2 1 6 3 2350.9548236144 0.05
  2 1 7 3 3125.7885221327 0.05
  2 1 8 3 3017.56140567075 0.05
  2 1 9 3 3059.41168077211 0.05
  2 1 10 3 2414.74768210178 0.05
  2 1 11 3 2340.85754845795 0.05
  2 1 12 3 1868.71664344858 0.05
  2 1 13 3 1575.57691877426 0.05
  2 1 14 3 1876.55339240022 0.05
  2 1 15 3 1904.00052217722 0.05
  2 1 16 3 1835.00641541823 0.05
  2 1 17 3 1891.60126022543 0.05
  2 1 18 3 1647.35786875607 0.05
  2 1 19 3 1437.42948362353 0.05
  2 1 20 3 1130.25260256206 0.05
  2 1 21 3 1003.55914712585 0.05
  2 1 22 3 832.416471790508 0.05
  2 1 23 3 710.804988338688 0.05
  2 1 24 3 771.877995827944 0.05
  2 1 25 3 866.685406865061 0.05
  2 1 26 3 1205.72825504849 0.05
  2 1 27 3 1142.91957391355 0.05
  2 1 28 3 1130.67581240547 0.05
  2 1 29 3 1115.57589187643 0.05
  2 1 30 3 869.936766142903 0.05
  2 1 31 3 733.836765617948 0.05
  2 1 32 3 575.162271738265 0.05
  2 1 33 3 444.942746788141 0.05
  2 1 34 3 387.815489706704 0.05
  2 1 35 3 418.037686455321 0.05
  2 1 36 3 691.445920310821 0.05
  2 1 37 3 1060.33552960344 0.05
  2 1 38 3 1137.33527745487 0.05
  2 1 39 3 1262.58175737179 0.05
  2 1 40 3 1101.65371859907 0.05
  2 1 41 3 19635.7031956198 0.05
  2 1 42 3 24034.6314523752 0.05
# end catch observations 
#  
# Fishery size comp data 
# Number of observations, init_int Ncatch_size_obs 
  168
# init_matrix obs_catch_size(1,Ncatch_size_obs,1,ncol) 
# Fleet Area  Year  Species Type (0=whole, 1=retained, 2=discard) InpN, proportion by size bin 
  1 1 1 1 0 81 0.0123456790123457 0.790123456790123 0.382716049382716 0.0123456790123457 0.037037037037037
  1 1 2 1 0 73 0.0821917808219178 0.520547945205479 0.616438356164384 0.136986301369863 0.0136986301369863
  1 1 3 1 0 65 0.138461538461538 0.430769230769231 0.615384615384615 0.353846153846154 0
  1 1 4 1 0 56 1.25 0.125 0.232142857142857 0.178571428571429 0
  1 1 5 1 0 120 0.208333333333333 0.416666666666667 0.1 0.108333333333333 0
  1 1 6 1 0 130 0.1 0.315384615384615 0.246153846153846 0.107692307692308 0
  1 1 7 1 0 94 0.212765957446809 0.265957446808511 0.361702127659574 0.223404255319149 0
  1 1 8 1 0 94 0.117021276595745 0.372340425531915 0.382978723404255 0.191489361702128 0
  1 1 9 1 0 82 0.731707317073171 0.182926829268293 0.182926829268293 0.121951219512195 0
  1 1 10 1 0 76 0.394736842105263 0.631578947368421 0.144736842105263 0.144736842105263 0
  1 1 11 1 0 74 0.175675675675676 0.648648648648649 0.432432432432432 0.0945945945945946 0
  1 1 12 1 0 65 0.261538461538462 0.430769230769231 0.707692307692308 0.138461538461538 0
  1 1 13 1 0 77 0.0649350649350649 0.324675324675325 0.727272727272727 0.181818181818182 0
  1 1 14 1 0 88 0.0681818181818182 0.261363636363636 0.488636363636364 0.318181818181818 0
  1 1 15 1 0 66 0.196969696969697 0.181818181818182 0.696969696969697 0.439393939393939 0
  1 1 16 1 0 69 0.0579710144927536 0.246376811594203 0.579710144927536 0.565217391304348 0
  1 1 17 1 0 43 0.27906976744186 0.395348837209302 0.906976744186046 0.744186046511628 0
  1 1 18 1 0 34 2.14705882352941 0.147058823529412 0.176470588235294 0.470588235294118 0
  1 1 19 1 0 55 0.6 0.854545454545454 0.2 0.163636363636364 0
  1 1 20 1 0 64 0.265625 0.796875 0.328125 0.171875 0
  1 1 21 1 0 77 0.194805194805195 0.454545454545455 0.454545454545455 0.194805194805195 0
  1 1 22 1 0 67 0.0597014925373134 0.477611940298507 0.671641791044776 0.283582089552239 0
  1 1 23 1 0 133 0.0676691729323308 0.172932330827068 0.308270676691729 0.203007518796992 0
  1 1 24 1 0 98 0.0408163265306122 0.183673469387755 0.397959183673469 0.397959183673469 0
  1 1 25 1 0 91 0.0989010989010989 0.175824175824176 0.32967032967033 0.494505494505495 0
  1 1 26 1 0 77 0.142857142857143 0.194805194805195 0.519480519480519 0.441558441558442 0
  1 1 27 1 0 102 0.166666666666667 0.107843137254902 0.264705882352941 0.441176470588235 0
  1 1 28 1 0 76 0.236842105263158 0.197368421052632 0.342105263157895 0.539473684210526 0
  1 1 29 1 0 110 0.109090909090909 0.136363636363636 0.2 0.463636363636364 0
  1 1 30 1 0 100 0.09 0.23 0.27 0.41 0
  1 1 31 1 0 108 0.0462962962962963 0.166666666666667 0.240740740740741 0.472222222222222 0
  1 1 32 1 0 118 0.0254237288135593 0.144067796610169 0.296610169491525 0.38135593220339 0
  1 1 33 1 0 129 0.062015503875969 0.0697674418604651 0.232558139534884 0.410852713178295 0
  1 1 34 1 0 90 0.1 0.133333333333333 0.222222222222222 0.655555555555556 0
  1 1 35 1 0 69 0.202898550724638 0.0579710144927536 0.289855072463768 0.898550724637681 0
  1 1 36 1 0 80 0.2625 0.1 0.275 0.6125 0
  1 1 37 1 0 62 0.274193548387097 0.241935483870968 0.225806451612903 0.870967741935484 0
  1 1 38 1 0 94 0.191489361702128 0.138297872340426 0.212765957446809 0.521276595744681 0
  1 1 39 1 0 75 0.0933333333333333 0.24 0.28 0.72 0
  1 1 40 1 0 75 0.0933333333333333 0.226666666666667 0.306666666666667 0.706666666666667 0
  1 1 41 1 0 35 0.171428571428571 0.428571428571429 0.514285714285714 1.74285714285714 0
  1 1 42 1 0 22 1.09090909090909 0.545454545454545 0.909090909090909 2 0
  1 1 1 4 0 5 0 0 14.4 1.6 4
  1 1 2 4 0 5 3 0 6.4 8.8 1.8
  1 1 3 4 0 5 0.6 7.4 1.4 9.4 1.2
  1 1 4 4 0 5 0.2 3.2 10 6 0.6
  1 1 5 4 0 5 1.2 2.2 7.6 9 0
  1 1 6 4 0 5 0.6 3.4 4.8 11.2 0
  1 1 7 4 0 5 1.6 2.4 6.4 9.6 0
  1 1 8 4 0 5 0.4 1.6 6.8 11.2 0
  1 1 9 4 0 5 0.4 4 7.2 8.4 0
  1 1 10 4 0 5 5.4 3.2 4.4 7 0
  1 1 11 4 0 1 3 51 15 31 0
  1 1 12 4 0 5 0 3.6 10.8 5.6 0
  1 1 13 4 0 1 0 3 39 58 0
  1 1 14 4 0 2 0 1 16 33 0
  1 1 15 4 0 8 0 0.125 2.125 10.25 0
  1 1 16 4 0 3 0 0.333333333333333 4.33333333333333 28.6666666666667 0
  1 1 17 4 0 3 5 0 2.66666666666667 25.6666666666667 0
  1 1 18 4 0 1 95 2 1 2 0
  1 1 19 4 0 3 0.333333333333333 31 0.666666666666667 1.33333333333333 0
  1 1 20 4 0 3 0.666666666666667 4.33333333333333 27.6666666666667 0.666666666666667 0
  1 1 21 4 0 3 8 1.33333333333333 9.33333333333333 14.6666666666667 0
  1 1 22 4 0 2 0 25 5.5 19.5 0
  1 1 23 4 0 6 2 1.5 8 5.16666666666667 0
  1 1 24 4 0 1 2 24 25 49 0
  1 1 25 4 0 1 7 13 36 44 0
  1 1 26 4 0 2 8.5 11 9 21.5 0
  1 1 27 4 0 2 0 16.5 14.5 19 0
  1 1 28 4 0 4 0.75 1.75 11.75 10.75 0
  1 1 29 4 0 7 3.14285714285714 0.857142857142857 3.57142857142857 6.71428571428571 0
  1 1 30 4 0 6 0 8.83333333333333 2.16666666666667 5.66666666666667 0
  1 1 31 4 0 10 2.3 1.1 4.3 2.3 0
  1 1 32 4 0 7 2.14285714285714 3.28571428571429 3.14285714285714 5.71428571428571 0
  1 1 33 4 0 15 1.8 1.53333333333333 1.6 1.73333333333333 0
  1 1 34 4 0 19 0 1.94736842105263 1.68421052631579 1.63157894736842 0
  1 1 35 4 0 13 1.46153846153846 0.153846153846154 3.53846153846154 2.53846153846154 0
  1 1 36 4 0 23 0.0869565217391304 1.52173913043478 0.739130434782609 2 0
  1 1 37 4 0 7 0.142857142857143 0.571428571428571 7.85714285714286 5.71428571428571 0
  1 1 38 4 0 7 0 0.285714285714286 4.42857142857143 9.57142857142857 0
  1 1 39 4 0 19 0 0.157894736842105 0.894736842105263 4.21052631578947 0
  1 1 40 4 0 25 0 0.04 0.72 3.24 0
  1 1 41 4 0 31 0.129032258064516 0.129032258064516 0.290322580645161 2.67741935483871 0
  1 1 42 4 0 31 0.806451612903226 0.32258064516129 0.258064516129032 1.83870967741935 0
  2 1 1 2 0 2 3 0 4.5 42.5 0
  2 1 2 2 0 5 9 1.6 0.4 9 0
  2 1 3 2 0 2 3.5 30.5 6 10 0
  2 1 4 2 0 5 0.8 6.8 11.4 1 0
  2 1 5 2 0 5 0 2.6 10.8 6.6 0
  2 1 6 2 0 5 0 1.8 8.4 9.8 0
  2 1 7 2 0 5 0.2 0.6 6.8 12.4 0
  2 1 8 2 0 1 0 4 23 73 0
  2 1 9 2 0 5 0 0.6 5.8 13.6 0
  2 1 10 2 0 5 0 0.4 3.4 16.2 0
  2 1 11 2 0 2 4 0 7 39 0
  2 1 12 2 0 5 0.6 2 3.4 14 0
  2 1 13 2 0 5 0 3 4.2 12.8 0
  2 1 14 2 0 5 0 2.8 7 10.2 0
  2 1 15 2 0 5 0.4 0.8 5.4 13.4 0
  2 1 16 2 0 5 0 0.8 5.8 13.4 0
  2 1 17 2 0 5 0 0.8 4.6 14.6 0
  2 1 18 2 0 5 0 0.4 4 15.6 0
  2 1 19 2 0 5 0.2 1.2 4.2 14.4 0
  2 1 20 2 0 30 0.0333333333333333 0.133333333333333 0.766666666666667 2.4 0
  2 1 21 2 0 46 0.0217391304347826 0.108695652173913 0.391304347826087 1.65217391304348 0
  2 1 22 2 0 10 0.9 0.4 2 6.7 0
  2 1 23 2 0 19 0.315789473684211 1.05263157894737 1.15789473684211 2.73684210526316 0
  2 1 24 2 0 61 0.0327868852459016 0.229508196721311 0.688524590163934 0.688524590163934 0
  2 1 25 2 0 29 0.0344827586206897 0.517241379310345 1.31034482758621 1.58620689655172 0
  2 1 26 2 0 32 0 0.3125 1.1875 1.625 0
  2 1 27 2 0 16 0 0.25 1.9375 4.0625 0
  2 1 28 2 0 31 0.032258064516129 0.0967741935483871 0.967741935483871 2.12903225806452 0
  2 1 29 2 0 44 0 0.0454545454545455 0.477272727272727 1.75 0
  2 1 30 2 0 29 0 0.0689655172413793 0.758620689655172 2.62068965517241 0
  2 1 31 2 0 25 0 0.04 0.76 3.2 0
  2 1 32 2 0 22 0.0454545454545455 0 0.681818181818182 3.81818181818182 0
  2 1 33 2 0 35 0.485714285714286 0.0857142857142857 0.2 2.08571428571429 0
  2 1 34 2 0 28 0.321428571428571 1.39285714285714 0.178571428571429 1.67857142857143 0
  2 1 35 2 0 45 0 0.622222222222222 1.02222222222222 0.577777777777778 0
  2 1 36 2 0 51 0.0588235294117647 0.372549019607843 1 0.529411764705882 0
  2 1 37 2 0 41 0 0.219512195121951 0.804878048780488 1.41463414634146 0
  2 1 38 2 0 36 0 0.0555555555555556 1 1.72222222222222 0
  2 1 39 2 0 20 0.05 0.15 1.6 3.2 0
  2 1 40 2 0 14 0.0714285714285714 0.142857142857143 1.57142857142857 5.35714285714286 0
  2 1 41 2 0 17 0 0.235294117647059 1.41176470588235 4.23529411764706 0
  2 1 42 2 0 24 0.125 0.0833333333333333 1 2.95833333333333 0
  2 1 1 3 0 1 43 0 55 2 0
  2 1 2 3 0 5 12 1 6.6 0.4 0
  2 1 3 3 0 5 11.4 2.2 5.4 1 0
  2 1 4 3 0 1 47 23 24 6 0
  2 1 5 3 0 6 10.1666666666667 3.33333333333333 1.83333333333333 1.33333333333333 0
  2 1 6 3 0 4 14.25 8 2 0.75 0
  2 1 7 3 0 5 10 7.2 2.4 0.4 0
  2 1 8 3 0 1 51 30 12 7 0
  2 1 9 3 0 1 50 27 19 4 0
  2 1 10 3 0 1 48 30 15 7 0
  2 1 11 3 0 2 25 15 9 1 0
  2 1 12 3 0 5 8.8 7.6 2.8 0.8 0
  2 1 13 3 0 4 10 8.75 4.75 1.5 0
  2 1 14 3 0 8 5.625 4.75 1.875 0.25 0
  2 1 15 3 0 11 4.63636363636364 2.45454545454545 1.36363636363636 0.636363636363636 0
  2 1 16 3 0 5 9.2 6.6 3.4 0.8 0
  2 1 17 3 0 5 10 7.4 2.2 0.4 0
  2 1 18 3 0 1 46 27 20 7 0
  2 1 19 3 0 1 49 29 16 6 0
  2 1 20 3 0 4 10.25 6 6.5 2.25 0
  2 1 21 3 0 3 15.6666666666667 9.33333333333333 4.66666666666667 3.66666666666667 0
  2 1 22 3 0 4 11.5 6.5 5.25 1.75 0
  2 1 23 3 0 3 13 11.3333333333333 7.66666666666667 1.33333333333333 0
  2 1 24 3 0 3 11.6666666666667 13.3333333333333 7 1.33333333333333 0
  2 1 25 3 0 2 19.5 15.5 11 4 0
  2 1 26 3 0 4 9.25 7.25 6 2.5 0
  2 1 27 3 0 5 9 4.2 5.6 1.2 0
  2 1 28 3 0 4 6.75 8.5 8 1.75 0
  2 1 29 3 0 4 9.5 7.25 5.5 2.75 0
  2 1 30 3 0 24 1.70833333333333 1.125 0.791666666666667 0.541666666666667 0
  2 1 31 3 0 10 4 3.1 1.9 1 0
  2 1 32 3 0 12 3.41666666666667 2.75 1.25 0.916666666666667 0
  2 1 33 3 0 4 12.5 6 5.25 1.25 0
  2 1 34 3 0 6 7.83333333333333 4 3.83333333333333 1 0
  2 1 35 3 0 2 23.5 15 8.5 3 0
  2 1 36 3 0 10 5.1 2.8 1.6 0.5 0
  2 1 37 3 0 9 4.88888888888889 3.44444444444444 1.88888888888889 0.888888888888889 0
  2 1 38 3 0 13 3.15384615384615 2.30769230769231 1.46153846153846 0.769230769230769 0
  2 1 39 3 0 16 2 2.1875 1.375 0.6875 0
  2 1 40 3 0 27 1.14814814814815 1.2962962962963 0.888888888888889 0.37037037037037 0
  2 1 41 3 0 15 2.2 1.86666666666667 1.93333333333333 0.666666666666667 0
  2 1 42 3 0 16 2.375 1.9375 1.375 0.5625 0
# end fishery length observations 
#  
# Survey diet proportion observations 
# Number of observations, init_int Ndietprop_obs 
  60
# init_matrix obs_dietprop(1,Ndietprop_obs,1,ncol) 
# Survey  Year  Predator  Predator_size InpN  wt_prey_1 wt_prey_2 wt_prey_3 wt_prey_4 wt_prey_5 wt_prey_6 wt_prey_7 wt_prey_8 wt_prey_9 wt_prey_10 wt_prey_11 other 
  1 12 1 2 100 0 0 0 0 1
  1 12 1 3 100 0.78 0 0 0 0.22
  1 13 1 3 100 0 0 0 0 1
  1 13 1 4 100 0 1 0 0 0
  1 15 1 2 100 0 0 0 0 1
  1 18 1 1 100 0.25 0 0 0 0.75
  1 18 1 2 100 0 0 0 0 1
  1 18 1 3 100 0 0.27 0 0 0.73
  1 19 1 2 100 0 0.56 0 0 0.44
  1 19 1 3 100 0 0 0 0 1
  1 20 1 3 100 0 0.11 0 0 0.89
  1 21 1 2 100 0 0.05 0 0 0.95
  1 21 1 3 100 0 0.59 0 0 0.41
  1 24 1 3 100 0 0 0 0 1
  1 25 1 3 100 0 0.03 0 0 0.97
  1 26 1 3 100 0 0.43 0.02 0 0.55
  1 27 1 3 100 0 0.47 0 0 0.53
  1 28 1 3 100 0 0.59 0 0 0.41
  1 33 1 3 100 0 0 0 0 1
  1 34 1 3 100 0 0 0 0 1
  1 35 1 3 100 0 0.3 0 0 0.7
  1 38 1 3 100 0 0.1 0 0 0.9
  1 39 1 3 100 0 0.56 0 0 0.44
  1 40 1 2 100 0 0 0 0 1
  1 41 1 2 100 0 0 0.77 0 0.23
  1 8 4 2 100 0 0 0 0 1
  1 8 4 3 100 0 0 0 0 1
  1 11 4 3 100 0 0 0 0 1
  1 13 4 2 100 0 0 0 0 1
  1 13 4 3 100 0 0.79 0 0 0.21
  1 13 4 4 100 0 0.33 0 0 0.67
  1 14 4 3 100 0 0 0 0 1
  1 15 4 3 100 0 0.39 0 0 0.61
  1 15 4 4 100 0 0.01 0 0 0.99
  1 16 4 3 100 0 0.74 0 0 0.26
  1 16 4 4 100 0 0.5 0 0 0.5
  1 17 4 3 100 0 0 0 0 1
  1 18 4 3 100 0 0 0 0 1
  1 19 4 2 100 0 0 0 0 1
  1 19 4 3 100 0 0.8 0 0 0.2
  1 20 4 2 100 0 0 0 0 1
  1 20 4 3 100 0 0 0 0 1
  1 21 4 3 100 0 0.48 0 0 0.52
  1 22 4 2 100 0 0 0 0 1
  1 23 4 3 100 0 0.05 0 0 0.95
  1 24 4 3 100 0 0 0 0 1
  1 25 4 3 100 0 0 0 0 1
  1 25 4 4 100 0 1 0 0 0
  1 26 4 3 100 0 0 0 0 1
  1 27 4 2 100 0 1 0 0 0
  1 27 4 3 100 0 0.82 0 0 0.18
  1 28 4 2 100 0 0 0 0 1
  1 28 4 3 100 0 0.6 0 0 0.4
  1 29 4 3 100 0 0.13 0 0 0.87
  1 31 4 3 100 0 0.54 0 0 0.46
  1 31 4 4 100 0 0 0 0 1
  1 34 4 3 100 0 0.23 0.21 0 0.56
  1 40 4 3 100 0 0 0.3 0 0.7
  1 40 4 4 100 0 0 0.81 0 0.19
  1 42 4 3 100 0 0 0 0 1
# end survey diet proportion observations 
#  
