# This file was created using the write_tsDatFile function and used all the simulated data from sim_dta.rds found in repo:Hydra-self-testing
# Survey index data 
# Number of observations, init_int Nsurvey_obs
  166
# init_matrix obs_survey_biomass(1,Nsurvey_obs,1,5)
# survey year spp value cv
  1 1 4 101735.259357888 0.212720515437525
  1 2 4 77977.5670020814 0.222168779300385
  1 3 4 125953.080412705 0.394113240257454
  1 4 4 168533.168074381 0.310035034727007
  1 5 4 88387.4966034715 0.378629084128514
  1 6 4 117839.37363517 0.494427832556011
  1 7 4 73998.8456621995 0.759062286891916
  1 8 4 101860.569672554 0.383150869515862
  1 9 4 326083.170644427 0.48934963094834
  1 10 4 132777.726612185 0.382452035825211
  1 11 4 229395.727566994 0.566792532611316
  1 12 4 129076.897317233 0.381518572031255
  1 13 4 109023.08905005 0.438380584739347
  1 14 4 217072.291813231 0.482345652338289
  1 15 4 214922.153952781 0.420835086749712
  1 16 4 279966.909987928 0.515165860253858
  1 17 4 133861.166889627 0.559532625975744
  1 18 4 137313.081911699 0.479008946214672
  1 19 4 270720.018230503 0.429419179801904
  1 20 4 135704.565254315 0.477074256852948
  1 21 4 216565.040437065 0.410621521476155
  1 22 4 241487.156727816 0.294672690077384
  1 23 4 261203.671491742 0.477447511398437
  1 24 4 327381.78700819 0.384568504019134
  1 25 4 153071.034418792 0.333261603198005
  1 26 4 219620.783479141 0.685474246042822
  1 27 4 183203.768299349 0.286882992344226
  1 28 4 163743.517328547 0.371822434434906
  1 29 4 232735.789878268 0.592639130460935
  1 30 4 172800.253020455 0.374062101432949
  1 31 4 147768.857046505 0.304499664309564
  1 32 4 131279.244283122 0.233962995093855
  1 33 4 174021.559790884 0.270006842918168
  1 34 4 94279.0798177067 0.350007507053818
  1 35 4 229012.416485774 0.34274593698132
  1 36 4 193520.241733674 0.261906583866089
  1 37 4 200275.724377196 0.417429035160016
  1 38 4 158941.500465963 0.441211421515246
  1 39 4 170667.646527249 0.495234601454268
  1 40 4 213604.860372443 0.237858203733512
  1 41 4 140278.596090496 0.327346172729995
  1 42 4 116711.223649353 0.368315456462939
  1 1 2 230.905398266613 0.601375663623589
  1 4 2 1244.15761778186 1
  1 5 2 295.46339290658 0.611089023955187
  1 6 2 444.703315306509 0.702037850017464
  1 7 2 609.248311851297 0.948289691951521
  1 8 2 358.629828956308 0.544380631361087
  1 9 2 144.210555979998 0.5393131982084
  1 10 2 77.9285610110421 0.88095039530815
  1 11 2 296.403757691186 0.799987970388403
  1 12 2 725.797838031246 0.774991903603438
  1 13 2 173.612409096617 0.863215133786584
  1 14 2 303.767571758264 0.704083892007286
  1 15 2 201.980609912572 0.457459057188701
  1 16 2 139.652742150605 0.853197309912465
  1 17 2 220.142729175251 0.61116783920211
  1 18 2 117.605738420877 0.416775375911518
  1 19 2 1671.30710591611 0.69077510766454
  1 20 2 1110.73562589643 0.793751288508348
  1 21 2 2583.54661947005 0.339376634127756
  1 22 2 17341.2889402165 0.601950919776798
  1 23 2 4832.38710703665 0.658556209578282
  1 24 2 2275.45207279899 0.637453135075156
  1 25 2 2164.33751393653 0.510473149998029
  1 26 2 3088.01861465658 0.548437091427541
  1 27 2 4310.17327102641 0.492912195981742
  1 28 2 5935.06759938971 0.747597319880804
  1 29 2 2378.01687584858 0.451616070879294
  1 30 2 6058.21194629305 0.797269558848634
  1 31 2 9170.95711820684 0.666772556553203
  1 32 2 3925.48600092779 0.96787270074405
  1 33 2 4928.96617773539 0.404694020855087
  1 34 2 3599.9362836003 0.814873375751391
  1 35 2 4239.98393871528 0.533219898766676
  1 36 2 9011.36943898908 0.371953858881132
  1 37 2 6975.89137562243 0.791301167226987
  1 38 2 2574.54020653499 0.633364993316759
  1 39 2 1515.71244629768 0.827253682697507
  1 40 2 1905.25628753246 0.900216415173481
  1 41 2 1508.68764713998 0.957770995377006
  1 42 2 768.045743536812 0.55870584954739
  1 1 1 24993.7585052287 0.241799049430762
  1 2 1 15011.9448952578 0.142636213550947
  1 3 1 12889.4422897088 0.225478190042395
  1 4 1 13090.9572671934 0.323579734794357
  1 5 1 25792.0772182841 0.320666395151501
  1 6 1 12001.3636499396 0.452044832991261
  1 7 1 20862.0299808752 0.28209645893665
  1 8 1 9135.95955204485 0.414010381101596
  1 9 1 21351.4698804768 0.40638853202345
  1 10 1 15830.2070184535 0.290993157294119
  1 11 1 15640.0336077964 0.324615016521962
  1 12 1 17845.5597418734 0.294780938380682
  1 13 1 20056.8167120409 0.440402569626277
  1 14 1 15010.0363819175 0.372421878022742
  1 15 1 8451.29601924714 0.341871348717721
  1 16 1 12777.231883658 0.416897355424411
  1 17 1 2353.05022475597 0.500820840736393
  1 18 1 10266.5819807859 0.389853340834037
  1 19 1 6508.50053366075 0.293941849282161
  1 20 1 10486.6693015559 0.525509720403112
  1 21 1 8487.13143169887 0.266433769579894
  1 22 1 15913.7095542316 0.374831371194202
  1 23 1 8041.57173065429 0.352011231642473
  1 24 1 7275.59611617248 0.34725908523047
  1 25 1 4425.07843302715 0.578696888706846
  1 26 1 6230.25480230886 0.459728456052307
  1 27 1 4800.25614487707 0.539982548576019
  1 28 1 2699.18926420818 0.364309332200766
  1 29 1 3078.23952027941 0.562793580097325
  1 30 1 5418.17441185883 0.420348818797864
  1 31 1 2256.8484730474 0.403753427903273
  1 32 1 7634.58530051206 0.491331418922754
  1 33 1 1383.59761489643 0.537081122476055
  1 34 1 2664.05810774156 0.379030815152119
  1 35 1 772.699825836509 0.519511456600017
  1 36 1 532.008775437292 0.556056214854877
  1 37 1 1719.25594581594 0.588197671943964
  1 38 1 874.513402813554 0.324588369174256
  1 39 1 1043.84460572996 0.501841796783066
  1 40 1 1022.45962521043 0.403101009292275
  1 41 1 1760.79535503511 0.478602624152216
  1 42 1 623.49878218514 0.646634922078809
  1 1 3 110.514171119411 0.499484636786782
  1 2 3 109.109283742083 0.358153914340203
  1 3 3 597.667005141477 0.678339172154909
  1 4 3 684.034341901657 1
  1 5 3 1182.16435820051 0.693225535250834
  1 6 3 2199.44907273921 1
  1 7 3 1305.92452708243 0.912293822979085
  1 8 3 643.270911033754 0.655734850091527
  1 9 3 670.373921625408 0.670809892238012
  1 10 3 731.669872794091 0.631102684426709
  1 11 3 316.229619044441 0.496475444687371
  1 12 3 772.67366928107 0.740682868109632
  1 13 3 499.654496167269 0.360862225436052
  1 14 3 244.35690438442 0.547901331396328
  1 15 3 355.715925806172 0.429608216382601
  1 16 3 544.689779284479 0.69118921143411
  1 17 3 563.466070775524 0.426971754606328
  1 18 3 252.122685132436 0.505524319387353
  1 19 3 437.533454936126 0.644591984223249
  1 20 3 109.872138461916 0.899065435378594
  1 21 3 256.429573253359 0.543826822033971
  1 22 3 89.8447924179159 0.88174616562504
  1 23 3 354.029986221404 0.408104676406013
  1 24 3 808.462501577245 0.92608255019157
  1 25 3 802.5373184867 0.648664057223823
  1 26 3 27.9326843621364 0.695927823776047
  1 27 3 454.984581776611 0.708713243925404
  1 28 3 78.6186051868053 0.489543853646182
  1 29 3 301.470772160583 0.703511357168505
  1 30 3 594.224000214077 0.631659802692532
  1 31 3 103.705982935634 0.626570332091694
  1 32 3 137.178931634121 0.661895735249442
  1 33 3 129.932899860304 0.783155911787346
  1 34 3 330.908610701007 0.542775440757204
  1 35 3 52.071826725072 0.870542376054271
  1 36 3 373.79218296115 0.492193512682958
  1 37 3 260.755161373714 0.909630520329322
  1 38 3 325.8313161381 0.644773009949607
  1 39 3 379.653220144689 0.515045488987725
  1 40 3 94.678913991072 0.442573167063876
  1 41 3 101958.316767975 0.88587618368699
  1 42 3 141371.448334373 0.983269433580366
# end survey index observations 
#  
# Survey size comp data 
# Number of observations, init_int Nsurvey_size_obs 
  166
# init_matrix obs_survey_size(1,Nsurvey_size_obs,1,ncol) 
# Survey  Year  Species Type (0=whole, 1=retained, 2=discard) InpN, proportion by length bin 
  1 1 1 0 57 0 0.894736842105263 0.754385964912281 0.087719298245614 0.0175438596491228
  1 2 1 0 65 0 0.507692307692308 0.861538461538462 0.153846153846154 0.0153846153846154
  1 3 1 0 32 0 0.9375 1.375 0.8125 0
  1 4 1 0 32 0.09375 2.09375 0.65625 0.28125 0
  1 5 1 0 21 0.0476190476190476 2.9047619047619 1.47619047619048 0.333333333333333 0
  1 6 1 0 18 0 3.11111111111111 1.94444444444444 0.5 0
  1 7 1 0 25 0.04 1.44 2.16 0.36 0
  1 8 1 0 20 0 1.85 2.4 0.75 0
  1 9 1 0 16 0.25 4.625 0.8125 0.5625 0
  1 10 1 0 19 0.0526315789473684 3.31578947368421 1.31578947368421 0.578947368421053 0
  1 11 1 0 20 0.05 2.5 1.85 0.6 0
  1 12 1 0 22 0 1.81818181818182 2.27272727272727 0.454545454545455 0
  1 13 1 0 23 0.0434782608695652 1.47826086956522 1.73913043478261 1.08695652173913 0
  1 14 1 0 14 0 1.71428571428571 2.85714285714286 2.57142857142857 0
  1 15 1 0 21 0 1 2.23809523809524 1.52380952380952 0
  1 16 1 0 14 0 1.07142857142857 3.35714285714286 2.71428571428571 0
  1 17 1 0 17 0 1.41176470588235 2.70588235294118 1.76470588235294 0
  1 18 1 0 19 0.263157894736842 4.15789473684211 0.631578947368421 0.210526315789474 0
  1 19 1 0 18 0.111111111111111 3.5 1.61111111111111 0.333333333333333 0
  1 20 1 0 15 0 3.53333333333333 2.53333333333333 0.6 0
  1 21 1 0 21 0.0476190476190476 2.52380952380952 1.61904761904762 0.571428571428571 0
  1 22 1 0 13 0 3.38461538461538 3.07692307692308 1.23076923076923 0
  1 23 1 0 14 0.0714285714285714 2.35714285714286 2.85714285714286 1.85714285714286 0
  1 24 1 0 14 0 2.21428571428571 2.57142857142857 2.35714285714286 0
  1 25 1 0 18 0.111111111111111 1.22222222222222 2.16666666666667 2.05555555555556 0
  1 26 1 0 14 0 1.35714285714286 2.57142857142857 3.21428571428571 0
  1 27 1 0 23 0 1.60869565217391 1.26086956521739 1.47826086956522 0
  1 28 1 0 14 0.0714285714285714 2.5 2.07142857142857 2.5 0
  1 29 1 0 17 0 1.88235294117647 1.70588235294118 2.29411764705882 0
  1 30 1 0 18 0 1.27777777777778 1.5 2.77777777777778 0
  1 31 1 0 20 0.05 0.9 1.95 2.1 0
  1 32 1 0 10 0 1.8 4 4.2 0
  1 33 1 0 15 0 0.866666666666667 2.73333333333333 3.06666666666667 0
  1 34 1 0 18 0.0555555555555556 0.888888888888889 1.38888888888889 3.22222222222222 0
  1 35 1 0 8 0 3.375 2.875 6.25 0
  1 36 1 0 12 0.0833333333333333 3.08333333333333 1.75 3.41666666666667 0
  1 37 1 0 8 0 4.25 3.875 4.375 0
  1 38 1 0 16 0 1.9375 1.5625 2.75 0
  1 39 1 0 10 0.2 2.8 2.4 4.6 0
  1 40 1 0 10 0 2.5 3.8 3.7 0
  1 41 1 0 13 0.0769230769230769 2.07692307692308 2.23076923076923 3.30769230769231 0
  1 42 1 0 8 0.25 5.375 3.125 3.75 0
  1 1 2 0 11 0 0 4.63636363636364 4.18181818181818 0.272727272727273
  1 4 2 0 1 0 0 60 40 0
  1 5 2 0 5 0 0.2 9.8 10 0
  1 6 2 0 1 0 1 55 44 0
  1 7 2 0 3 0 0.333333333333333 22 11 0
  1 8 2 0 4 0 0 16.5 8.5 0
  1 9 2 0 5 0 0 9.8 10.2 0
  1 10 2 0 10 0 0.6 6.2 3.2 0
  1 11 2 0 13 0 0.153846153846154 6.69230769230769 0.846153846153846 0
  1 12 2 0 15 0 0.0666666666666667 4.73333333333333 1.86666666666667 0
  1 13 2 0 9 0 0 5.55555555555556 5.55555555555556 0
  1 14 2 0 6 0 0 5.5 11.1666666666667 0
  1 15 2 0 13 0 0 2.15384615384615 5.53846153846154 0
  1 16 2 0 10 0 0 2.1 7.9 0
  1 17 2 0 10 0 0.6 2.8 6.6 0
  1 18 2 0 18 0 2.94444444444444 2.22222222222222 0.388888888888889 0
  1 19 2 0 27 0 0.0740740740740741 3.59259259259259 0.037037037037037 0
  1 20 2 0 23 0 0 3.17391304347826 1.17391304347826 0
  1 21 2 0 25 0 0.2 1.68 2.12 0
  1 22 2 0 9 0 0 8.66666666666667 2.44444444444444 0
  1 23 2 0 8 0 0.625 7.5 4.375 0
  1 24 2 0 9 0 0 7 4.11111111111111 0
  1 25 2 0 14 0 0.214285714285714 3.42857142857143 3.5 0
  1 26 2 0 18 0 0.166666666666667 3.5 1.88888888888889 0
  1 27 2 0 16 0 0 4.0625 2.1875 0
  1 28 2 0 6 0 0 9.5 7.16666666666667 0
  1 29 2 0 8 0 0.5 5 7 0
  1 30 2 0 17 0 0 5.29411764705882 0.588235294117647 0
  1 31 2 0 9 0 0.666666666666667 6.66666666666667 3.77777777777778 0
  1 32 2 0 30 0 0.166666666666667 2.53333333333333 0.633333333333333 0
  1 33 2 0 24 0 0.125 3.29166666666667 0.75 0
  1 34 2 0 25 0 0 3.24 0.76 0
  1 35 2 0 16 0 0.0625 3.375 2.8125 0
  1 36 2 0 13 0 0.0769230769230769 5.23076923076923 2.38461538461538 0
  1 37 2 0 8 0 0.125 5.125 7.25 0
  1 38 2 0 10 0 0 3.6 6.4 0
  1 39 2 0 13 0 0 2.69230769230769 5 0
  1 40 2 0 8 0 0 3.125 9.375 0
  1 41 2 0 5 0 0 7.2 12.8 0
  1 42 2 0 17 0 0.294117647058824 2.29411764705882 3.29411764705882 0
  1 1 3 0 27 0 2.7037037037037 0.407407407407407 0.592592592592593 0
  1 2 3 0 13 0 7 0.461538461538462 0.230769230769231 0
  1 3 3 0 5 0 11.2 8.2 0.6 0
  1 4 3 0 2 0 20.5 26.5 3 0
  1 5 3 0 5 0 4.2 13.2 2.6 0
  1 6 3 0 1 0 13 67 20 0
  1 7 3 0 3 0 5.33333333333333 19.6666666666667 8.33333333333333 0
  1 8 3 0 3 0 2.66666666666667 17.3333333333333 13.3333333333333 0
  1 9 3 0 4 0 2 14.25 8.75 0
  1 10 3 0 4 0 2.25 13.5 9.25 0
  1 11 3 0 4 0 14 7.5 3.5 0
  1 12 3 0 2 0 20.5 22 7.5 0
  1 13 3 0 8 0 3.625 7.75 1.125 0
  1 14 3 0 19 0 1.21052631578947 3.10526315789474 0.947368421052632 0
  1 15 3 0 15 0 1 4.2 1.46666666666667 0
  1 16 3 0 12 0 1.58333333333333 4.75 2 0
  1 17 3 0 14 0 0.857142857142857 4 2.28571428571429 0
  1 18 3 0 14 0 1.71428571428571 3.14285714285714 2.28571428571429 0
  1 19 3 0 15 0 1.53333333333333 3.4 1.73333333333333 0
  1 20 3 0 17 0 1.70588235294118 2.94117647058824 1.23529411764706 0
  1 21 3 0 12 0 1.41666666666667 5 1.91666666666667 0
  1 22 3 0 11 0 6.36363636363636 1.72727272727273 1 0
  1 23 3 0 16 0 3.125 2.8125 0.3125 0
  1 24 3 0 15 0 2.13333333333333 3.66666666666667 0.866666666666667 0
  1 25 3 0 4 0 5.5 16.5 3 0
  1 26 3 0 14 0 1.42857142857143 4.5 1.21428571428571 0
  1 27 3 0 6 0 3 9 4.66666666666667 0
  1 28 3 0 4 0 2 15 8 0
  1 29 3 0 2 0 5.5 27.5 17 0
  1 30 3 0 10 0 0.6 5.8 3.6 0
  1 31 3 0 9 0 1.22222222222222 6 3.88888888888889 0
  1 32 3 0 12 0 0.666666666666667 3 4.66666666666667 0
  1 33 3 0 5 0 16.8 1.8 1.4 0
  1 34 3 0 9 0 5.88888888888889 5.11111111111111 0.111111111111111 0
  1 35 3 0 5 0 7.6 11 1.4 0
  1 36 3 0 5 0 5.4 12.6 2 0
  1 37 3 0 3 0 5.33333333333333 22.6666666666667 5.33333333333333 0
  1 38 3 0 15 0 0.6 4.53333333333333 1.53333333333333 0
  1 39 3 0 12 0 1.16666666666667 5.08333333333333 2.08333333333333 0
  1 40 3 0 9 0 2.77777777777778 5.66666666666667 2.66666666666667 0
  1 41 3 0 8 0 2.875 6.625 3 0
  1 42 3 0 12 0 1.58333333333333 4.08333333333333 2.66666666666667 0
  1 1 4 0 86 0.0813953488372093 0.325581395348837 0.720930232558139 0.0348837209302326 0
  1 2 4 0 100 0.05 0.48 0.36 0.11 0
  1 3 4 0 33 0.181818181818182 1.6969696969697 1.03030303030303 0.121212121212121 0
  1 4 4 0 44 0.159090909090909 1.59090909090909 0.340909090909091 0.181818181818182 0
  1 5 4 0 34 0.147058823529412 1.64705882352941 0.911764705882353 0.235294117647059 0
  1 6 4 0 40 0.15 1.4 0.8 0.15 0
  1 7 4 0 39 0.153846153846154 1.69230769230769 0.615384615384615 0.102564102564103 0
  1 8 4 0 49 0.102040816326531 1.24489795918367 0.571428571428571 0.122448979591837 0
  1 9 4 0 36 0.138888888888889 2.22222222222222 0.416666666666667 0 0
  1 10 4 0 43 0.209302325581395 1.51162790697674 0.465116279069767 0.13953488372093 0
  1 11 4 0 41 0.146341463414634 1.68292682926829 0.560975609756098 0.0487804878048781 0
  1 12 4 0 35 0.0285714285714286 1.94285714285714 0.8 0.0857142857142857 0
  1 13 4 0 32 0.1875 1.90625 0.9375 0.09375 0
  1 14 4 0 21 0.238095238095238 3 1.38095238095238 0.142857142857143 0
  1 15 4 0 30 0.133333333333333 2.26666666666667 0.8 0.133333333333333 0
  1 16 4 0 19 0.368421052631579 3.36842105263158 1.42105263157895 0.105263157894737 0
  1 17 4 0 35 0.114285714285714 1.68571428571429 0.885714285714286 0.171428571428571 0
  1 18 4 0 27 0.222222222222222 2.11111111111111 1.25925925925926 0.111111111111111 0
  1 19 4 0 34 0.147058823529412 1.88235294117647 0.617647058823529 0.294117647058824 0
  1 20 4 0 42 0.0714285714285714 1.42857142857143 0.761904761904762 0.119047619047619 0
  1 21 4 0 41 0.0731707317073171 1.70731707317073 0.560975609756098 0.0975609756097561 0
  1 22 4 0 44 0.113636363636364 1.59090909090909 0.431818181818182 0.136363636363636 0
  1 23 4 0 28 0.107142857142857 2.17857142857143 0.928571428571429 0.357142857142857 0
  1 24 4 0 34 0.117647058823529 1.79411764705882 0.911764705882353 0.117647058823529 0
  1 25 4 0 36 0.111111111111111 1.66666666666667 0.75 0.25 0
  1 26 4 0 31 0.258064516129032 1.67741935483871 0.935483870967742 0.354838709677419 0
  1 27 4 0 39 0.0512820512820513 1.51282051282051 0.794871794871795 0.205128205128205 0
  1 28 4 0 38 0.105263157894737 1.57894736842105 0.789473684210526 0.157894736842105 0
  1 29 4 0 48 0.0833333333333333 1.20833333333333 0.541666666666667 0.25 0
  1 30 4 0 38 0.184210526315789 1.42105263157895 0.894736842105263 0.131578947368421 0
  1 31 4 0 61 0.0327868852459016 1.01639344262295 0.524590163934426 0.0655737704918033 0
  1 32 4 0 48 0.125 1.125 0.6875 0.145833333333333 0
  1 33 4 0 49 0.102040816326531 1.18367346938776 0.551020408163265 0.204081632653061 0
  1 34 4 0 44 0.181818181818182 1.18181818181818 0.75 0.159090909090909 0
  1 35 4 0 61 0.0327868852459016 1.0327868852459 0.426229508196721 0.147540983606557 0
  1 36 4 0 67 0.0447761194029851 1.07462686567164 0.298507462686567 0.0746268656716418 0
  1 37 4 0 57 0.087719298245614 1.10526315789474 0.421052631578947 0.140350877192982 0
  1 38 4 0 38 0.184210526315789 1.5 0.684210526315789 0.263157894736842 0
  1 39 4 0 52 0.0769230769230769 1.23076923076923 0.403846153846154 0.211538461538462 0
  1 40 4 0 43 0.116279069767442 1.44186046511628 0.651162790697674 0.116279069767442 0
  1 41 4 0 42 0 1.35714285714286 0.80952380952381 0.214285714285714 0
  1 42 4 0 61 0.0819672131147541 0.885245901639344 0.573770491803279 0.0983606557377049 0
# end survey length observations 
#  
# Fishery catch data 
# Number of observations, init_int Ncatch_obs
  168
# init_matrix obs_catch_biomass(1,Ncatch_obs,1,6) 
# Fleet	Area	Year	Species	Catch(biomass t)	CV 
  1 1 1 1 17998.2309742859 0.05
  1 1 2 1 24859.931307744 0.05
  1 1 3 1 25348.31994164 0.05
  1 1 4 1 21396.5161857274 0.05
  1 1 5 1 23154.2399441534 0.05
  1 1 6 1 21191.2646140146 0.05
  1 1 7 1 22720.9394006639 0.05
  1 1 8 1 19977.3492391464 0.05
  1 1 9 1 19778.1708268197 0.05
  1 1 10 1 19579.4231641357 0.05
  1 1 11 1 22438.1912050301 0.05
  1 1 12 1 24479.7674365431 0.05
  1 1 13 1 21976.7101034517 0.05
  1 1 14 1 18913.7532085908 0.05
  1 1 15 1 15136.0006739873 0.05
  1 1 16 1 12821.900023177 0.05
  1 1 17 1 9416.67445168277 0.05
  1 1 18 1 8081.79442851588 0.05
  1 1 19 1 8087.59326758391 0.05
  1 1 20 1 8843.06107093021 0.05
  1 1 21 1 4437.67601678304 0.05
  1 1 22 1 4711.38326719404 0.05
  1 1 23 1 5320.33258384603 0.05
  1 1 24 1 5776.63549912637 0.05
  1 1 25 1 4959.16355009726 0.05
  1 1 26 1 4360.51217893686 0.05
  1 1 27 1 4462.90577874124 0.05
  1 1 28 1 3816.33550357517 0.05
  1 1 29 1 3227.39911506106 0.05
  1 1 30 1 3166.49490425827 0.05
  1 1 31 1 2888.56808097786 0.05
  1 1 32 1 2482.09514977094 0.05
  1 1 33 1 2375.12223736141 0.05
  1 1 34 1 1968.17742793398 0.05
  1 1 35 1 1547.88329858791 0.05
  1 1 36 1 1343.16822722366 0.05
  1 1 37 1 1237.40580236103 0.05
  1 1 38 1 1059.79559014825 0.05
  1 1 39 1 946.839405611733 0.05
  1 1 40 1 855.854057263988 0.05
  1 1 41 1 778.742111382731 0.05
  1 1 42 1 691.513453009921 0.05
  1 1 1 4 7085.82045562512 0.05
  1 1 2 4 6924.58089658246 0.05
  1 1 3 4 6315.41127498022 0.05
  1 1 4 4 7050.1876514073 0.05
  1 1 5 4 7026.6743412182 0.05
  1 1 6 4 7967.00970224139 0.05
  1 1 7 4 6889.28260434689 0.05
  1 1 8 4 7773.86938227668 0.05
  1 1 9 4 8758.89399607895 0.05
  1 1 10 4 8776.64244387002 0.05
  1 1 11 4 8651.92671291012 0.05
  1 1 12 4 9412.2368740006 0.05
  1 1 13 4 9708.92279831102 0.05
  1 1 14 4 9181.81942694436 0.05
  1 1 15 4 9962.03976911795 0.05
  1 1 16 4 10874.8903546435 0.05
  1 1 17 4 11286.7487116946 0.05
  1 1 18 4 10762.7442199739 0.05
  1 1 19 4 10339.5360848955 0.05
  1 1 20 4 10887.4269542838 0.05
  1 1 21 4 4599.22096076805 0.05
  1 1 22 4 4659.98722691226 0.05
  1 1 23 4 4300.19775636626 0.05
  1 1 24 4 4666.12379516985 0.05
  1 1 25 4 4612.12440102845 0.05
  1 1 26 4 4909.05805825269 0.05
  1 1 27 4 4743.98381381582 0.05
  1 1 28 4 4867.09341385579 0.05
  1 1 29 4 4909.42104295301 0.05
  1 1 30 4 4708.6683828742 0.05
  1 1 31 4 4718.69810612724 0.05
  1 1 32 4 4760.50661019731 0.05
  1 1 33 4 4293.42043697773 0.05
  1 1 34 4 4618.16978802324 0.05
  1 1 35 4 4551.06675655812 0.05
  1 1 36 4 4487.08784097468 0.05
  1 1 37 4 4230.14347291881 0.05
  1 1 38 4 4452.0448044915 0.05
  1 1 39 4 4261.0004500147 0.05
  1 1 40 4 4473.55689289372 0.05
  1 1 41 4 4994.01565643118 0.05
  1 1 42 4 4802.87263828141 0.05
  2 1 1 2 1354.33467456318 0.05
  2 1 2 2 1307.33422747081 0.05
  2 1 3 2 855.700750670731 0.05
  2 1 4 2 842.20713193414 0.05
  2 1 5 2 1201.7258816722 0.05
  2 1 6 2 1094.50437764801 0.05
  2 1 7 2 1018.3702254809 0.05
  2 1 8 2 859.331680334596 0.05
  2 1 9 2 908.519240858207 0.05
  2 1 10 2 945.517796508622 0.05
  2 1 11 2 983.561707860126 0.05
  2 1 12 2 1267.94520423731 0.05
  2 1 13 2 2132.64007196538 0.05
  2 1 14 2 2100.48512498341 0.05
  2 1 15 2 1634.29731856024 0.05
  2 1 16 2 1067.43445535845 0.05
  2 1 17 2 716.398469132507 0.05
  2 1 18 2 488.764535837624 0.05
  2 1 19 2 1611.93969718993 0.05
  2 1 20 2 7549.97010373916 0.05
  2 1 21 2 15664.0703175918 0.05
  2 1 22 2 13368.4175874648 0.05
  2 1 23 2 13520.247930686 0.05
  2 1 24 2 16439.7307305379 0.05
  2 1 25 2 16063.1847442771 0.05
  2 1 26 2 12959.1848654712 0.05
  2 1 27 2 10729.4118932392 0.05
  2 1 28 2 12036.6898525402 0.05
  2 1 29 2 12156.8609662159 0.05
  2 1 30 2 9328.92451971718 0.05
  2 1 31 2 10495.692479114 0.05
  2 1 32 2 13237.9067689627 0.05
  2 1 33 2 13351.1450603169 0.05
  2 1 34 2 16962.9604685621 0.05
  2 1 35 2 21289.9915315643 0.05
  2 1 36 2 24834.599282685 0.05
  2 1 37 2 17815.2537915921 0.05
  2 1 38 2 16524.1689921271 0.05
  2 1 39 2 11822.6345112015 0.05
  2 1 40 2 7977.92513742998 0.05
  2 1 41 2 4468.16781482882 0.05
  2 1 42 2 2985.8513684961 0.05
  2 1 1 3 400.536714762036 0.05
  2 1 2 3 323.977183866127 0.05
  2 1 3 3 340.298222555848 0.05
  2 1 4 3 639.656526240913 0.05
  2 1 5 3 1584.7431247088 0.05
  2 1 6 3 2441.21213523102 0.05
  2 1 7 3 2899.30724440951 0.05
  2 1 8 3 3162.82223816271 0.05
  2 1 9 3 2961.2842959736 0.05
  2 1 10 3 2751.32096312063 0.05
  2 1 11 3 2268.88369080745 0.05
  2 1 12 3 1761.88158460941 0.05
  2 1 13 3 1628.58369087483 0.05
  2 1 14 3 1861.99659030418 0.05
  2 1 15 3 1838.51651134561 0.05
  2 1 16 3 2060.39330507444 0.05
  2 1 17 3 1808.55693122117 0.05
  2 1 18 3 1688.25833953682 0.05
  2 1 19 3 1427.30360616362 0.05
  2 1 20 3 1112.99391635542 0.05
  2 1 21 3 921.905895114399 0.05
  2 1 22 3 776.458476904204 0.05
  2 1 23 3 670.28473209413 0.05
  2 1 24 3 770.498050862887 0.05
  2 1 25 3 967.514707504406 0.05
  2 1 26 3 988.998669761382 0.05
  2 1 27 3 1223.80946851131 0.05
  2 1 28 3 1298.37401059546 0.05
  2 1 29 3 1048.51347454208 0.05
  2 1 30 3 906.755613858389 0.05
  2 1 31 3 675.982257291697 0.05
  2 1 32 3 603.551658724362 0.05
  2 1 33 3 451.438887195715 0.05
  2 1 34 3 387.664240211544 0.05
  2 1 35 3 405.218500836225 0.05
  2 1 36 3 745.055272686841 0.05
  2 1 37 3 1009.66052347626 0.05
  2 1 38 3 1102.95343715933 0.05
  2 1 39 3 1230.89267514679 0.05
  2 1 40 3 1211.07700626256 0.05
  2 1 41 3 20451.4588140731 0.05
  2 1 42 3 23864.9530031272 0.05
# end catch observations 
#  
# Fishery size comp data 
# Number of observations, init_int Ncatch_size_obs 
  168
# init_matrix obs_catch_size(1,Ncatch_size_obs,1,ncol) 
# Fleet Area  Year  Species Type (0=whole, 1=retained, 2=discard) InpN, proportion by size bin 
  1 1 1 1 0 81 0.0493827160493827 0.641975308641975 0.518518518518518 0.0123456790123457 0.0123456790123457
  1 1 2 1 0 73 0.0821917808219178 0.602739726027397 0.561643835616438 0.10958904109589 0.0136986301369863
  1 1 3 1 0 65 0.0461538461538462 0.369230769230769 0.907692307692308 0.215384615384615 0
  1 1 4 1 0 56 1.03571428571429 0.0892857142857143 0.428571428571429 0.232142857142857 0
  1 1 5 1 0 120 0.291666666666667 0.358333333333333 0.0916666666666667 0.0916666666666667 0
  1 1 6 1 0 130 0.123076923076923 0.3 0.192307692307692 0.153846153846154 0
  1 1 7 1 0 94 0.308510638297872 0.265957446808511 0.319148936170213 0.170212765957447 0
  1 1 8 1 0 94 0.148936170212766 0.340425531914894 0.372340425531915 0.202127659574468 0
  1 1 9 1 0 82 0.695121951219512 0.0853658536585366 0.24390243902439 0.195121951219512 0
  1 1 10 1 0 76 0.5 0.434210526315789 0.223684210526316 0.157894736842105 0
  1 1 11 1 0 74 0.27027027027027 0.72972972972973 0.310810810810811 0.0405405405405405 0
  1 1 12 1 0 65 0.123076923076923 0.707692307692308 0.538461538461538 0.169230769230769 0
  1 1 13 1 0 77 0.142857142857143 0.415584415584416 0.519480519480519 0.220779220779221 0
  1 1 14 1 0 88 0.0568181818181818 0.25 0.465909090909091 0.363636363636364 0
  1 1 15 1 0 66 0.0909090909090909 0.287878787878788 0.606060606060606 0.53030303030303 0
  1 1 16 1 0 69 0.0579710144927536 0.144927536231884 0.63768115942029 0.608695652173913 0
  1 1 17 1 0 43 0.255813953488372 0.441860465116279 0.813953488372093 0.813953488372093 0
  1 1 18 1 0 34 2.20588235294118 0.294117647058824 0.147058823529412 0.294117647058824 0
  1 1 19 1 0 55 0.618181818181818 0.909090909090909 0.145454545454545 0.145454545454545 0
  1 1 20 1 0 64 0.359375 0.703125 0.359375 0.140625 0
  1 1 21 1 0 77 0.142857142857143 0.480519480519481 0.558441558441558 0.116883116883117 0
  1 1 22 1 0 67 0.134328358208955 0.358208955223881 0.716417910447761 0.283582089552239 0
  1 1 23 1 0 133 0.075187969924812 0.203007518796992 0.345864661654135 0.12781954887218 0
  1 1 24 1 0 98 0.102040816326531 0.193877551020408 0.36734693877551 0.357142857142857 0
  1 1 25 1 0 91 0.10989010989011 0.120879120879121 0.417582417582418 0.450549450549451 0
  1 1 26 1 0 77 0.103896103896104 0.220779220779221 0.467532467532468 0.506493506493506 0
  1 1 27 1 0 102 0.196078431372549 0.0490196078431373 0.294117647058824 0.441176470588235 0
  1 1 28 1 0 76 0.236842105263158 0.223684210526316 0.236842105263158 0.618421052631579 0
  1 1 29 1 0 110 0.136363636363636 0.181818181818182 0.209090909090909 0.381818181818182 0
  1 1 30 1 0 100 0.09 0.16 0.24 0.51 0
  1 1 31 1 0 108 0.101851851851852 0.111111111111111 0.259259259259259 0.453703703703704 0
  1 1 32 1 0 118 0.0254237288135593 0.110169491525424 0.220338983050847 0.491525423728814 0
  1 1 33 1 0 129 0.0465116279069767 0.0775193798449612 0.209302325581395 0.441860465116279 0
  1 1 34 1 0 90 0.122222222222222 0.0777777777777778 0.277777777777778 0.633333333333333 0
  1 1 35 1 0 69 0.159420289855072 0.159420289855072 0.304347826086957 0.826086956521739 0
  1 1 36 1 0 80 0.2375 0.25 0.2625 0.5 0
  1 1 37 1 0 62 0.258064516129032 0.209677419354839 0.274193548387097 0.870967741935484 0
  1 1 38 1 0 94 0.117021276595745 0.223404255319149 0.180851063829787 0.542553191489362 0
  1 1 39 1 0 75 0.133333333333333 0.133333333333333 0.36 0.706666666666667 0
  1 1 40 1 0 75 0.16 0.32 0.293333333333333 0.56 0
  1 1 41 1 0 35 0.428571428571429 0.485714285714286 0.485714285714286 1.45714285714286 0
  1 1 42 1 0 22 1.09090909090909 0.909090909090909 0.636363636363636 1.90909090909091 0
  1 1 1 4 0 5 0 0 14.2 0.6 5.2
  1 1 2 4 0 5 2.8 0 6.4 9.8 1
  1 1 3 4 0 5 0.6 5 3 11.2 0.2
  1 1 4 4 0 5 0.2 3.2 11 5.6 0
  1 1 5 4 0 5 0.2 1.8 6.6 11.4 0
  1 1 6 4 0 5 1.2 1.8 7 10 0
  1 1 7 4 0 5 1 4.6 5.4 9 0
  1 1 8 4 0 5 1.2 2.8 5.4 10.6 0
  1 1 9 4 0 5 0.8 3.8 5.4 10 0
  1 1 10 4 0 5 5.6 2.6 4.6 7.2 0
  1 1 11 4 0 1 6 53 8 33 0
  1 1 12 4 0 5 0.2 4.6 10.4 4.8 0
  1 1 13 4 0 1 0 10 35 55 0
  1 1 14 4 0 2 0 3.5 12.5 34 0
  1 1 15 4 0 8 0 0 2.375 10.125 0
  1 1 16 4 0 3 0.666666666666667 1.66666666666667 2.66666666666667 28.3333333333333 0
  1 1 17 4 0 3 4.66666666666667 0.333333333333333 2 26.3333333333333 0
  1 1 18 4 0 1 87 6 2 5 0
  1 1 19 4 0 3 0 32 1 0.333333333333333 0
  1 1 20 4 0 3 0.666666666666667 5 27.3333333333333 0.333333333333333 0
  1 1 21 4 0 3 9.33333333333333 0.666666666666667 8.66666666666667 14.6666666666667 0
  1 1 22 4 0 2 1 27.5 8 13.5 0
  1 1 23 4 0 6 1.66666666666667 2.16666666666667 9.83333333333333 3 0
  1 1 24 4 0 1 0 19 28 53 0
  1 1 25 4 0 1 7 2 50 41 0
  1 1 26 4 0 2 4 8.5 11.5 26 0
  1 1 27 4 0 2 0.5 16.5 17.5 15.5 0
  1 1 28 4 0 4 0.25 2 12.25 10.5 0
  1 1 29 4 0 7 3.85714285714286 0.142857142857143 3.85714285714286 6.42857142857143 0
  1 1 30 4 0 6 0 7.83333333333333 2 6.83333333333333 0
  1 1 31 4 0 10 2.5 0.6 4.1 2.8 0
  1 1 32 4 0 7 3.14285714285714 4.28571428571429 2 4.85714285714286 0
  1 1 33 4 0 15 1.26666666666667 2.06666666666667 2.13333333333333 1.2 0
  1 1 34 4 0 19 0.105263157894737 1.94736842105263 2 1.21052631578947 0
  1 1 35 4 0 13 0.923076923076923 0.384615384615385 3.76923076923077 2.61538461538462 0
  1 1 36 4 0 23 0.0434782608695652 1.39130434782609 0.869565217391304 2.04347826086957 0
  1 1 37 4 0 7 0.142857142857143 0.714285714285714 7.14285714285714 6.28571428571429 0
  1 1 38 4 0 7 0 0 4.14285714285714 10.1428571428571 0
  1 1 39 4 0 19 0.0526315789473684 0.0526315789473684 1.10526315789474 4.05263157894737 0
  1 1 40 4 0 25 0.08 0.08 0.4 3.44 0
  1 1 41 4 0 31 0.129032258064516 0.0645161290322581 0.516129032258065 2.51612903225806 0
  1 1 42 4 0 31 0.709677419354839 0.258064516129032 0.193548387096774 2.06451612903226 0
  2 1 1 2 0 2 2 0 2.5 45.5 0
  2 1 2 2 0 5 8 2.2 0.8 9 0
  2 1 3 2 0 2 5.5 26.5 4.5 13.5 0
  2 1 4 2 0 5 0.2 6.8 11 2 0
  2 1 5 2 0 5 0 3 10.6 6.4 0
  2 1 6 2 0 5 0 1.8 9.4 8.8 0
  2 1 7 2 0 5 0 0.6 7.4 12 0
  2 1 8 2 0 1 0 4 25 71 0
  2 1 9 2 0 5 0 0.2 3.8 16 0
  2 1 10 2 0 5 0 0 4.8 15.2 0
  2 1 11 2 0 2 2.5 0.5 11.5 35.5 0
  2 1 12 2 0 5 1 1.4 1.4 16.2 0
  2 1 13 2 0 5 0.4 2 6.6 11 0
  2 1 14 2 0 5 0.2 2.4 5.6 11.8 0
  2 1 15 2 0 5 0 0.8 7.4 11.8 0
  2 1 16 2 0 5 0.2 0.4 6.6 12.8 0
  2 1 17 2 0 5 0 0.4 3 16.6 0
  2 1 18 2 0 5 0.4 0 2.6 17 0
  2 1 19 2 0 5 0 0.4 3.8 15.8 0
  2 1 20 2 0 30 0.0333333333333333 0.133333333333333 0.633333333333333 2.53333333333333 0
  2 1 21 2 0 46 0 0.0652173913043478 0.434782608695652 1.67391304347826 0
  2 1 22 2 0 10 0.6 0.3 2 7.1 0
  2 1 23 2 0 19 0.315789473684211 1.57894736842105 0.578947368421053 2.78947368421053 0
  2 1 24 2 0 61 0.0491803278688525 0.19672131147541 0.590163934426229 0.80327868852459 0
  2 1 25 2 0 29 0 0.448275862068966 1.37931034482759 1.62068965517241 0
  2 1 26 2 0 32 0 0.15625 1.25 1.71875 0
  2 1 27 2 0 16 0 0.1875 1.4375 4.625 0
  2 1 28 2 0 31 0 0.129032258064516 0.967741935483871 2.12903225806452 0
  2 1 29 2 0 44 0 0.0227272727272727 0.568181818181818 1.68181818181818 0
  2 1 30 2 0 29 0 0.137931034482759 0.482758620689655 2.82758620689655 0
  2 1 31 2 0 25 0 0 0.72 3.28 0
  2 1 32 2 0 22 0 0.0909090909090909 0.681818181818182 3.77272727272727 0
  2 1 33 2 0 35 0.6 0.0857142857142857 0.371428571428571 1.8 0
  2 1 34 2 0 28 0.25 1.32142857142857 0.178571428571429 1.82142857142857 0
  2 1 35 2 0 45 0.0222222222222222 0.688888888888889 1.22222222222222 0.288888888888889 0
  2 1 36 2 0 51 0 0.294117647058824 1.03921568627451 0.627450980392157 0
  2 1 37 2 0 41 0 0.195121951219512 1.19512195121951 1.04878048780488 0
  2 1 38 2 0 36 0 0.305555555555556 0.861111111111111 1.61111111111111 0
  2 1 39 2 0 20 0.1 0.15 1.25 3.5 0
  2 1 40 2 0 14 0.0714285714285714 0.285714285714286 1.85714285714286 4.92857142857143 0
  2 1 41 2 0 17 0 0.235294117647059 0.823529411764706 4.82352941176471 0
  2 1 42 2 0 24 0 0.25 0.916666666666667 3 0
  2 1 1 3 0 1 42 0 56 2 0
  2 1 2 3 0 5 9.6 1.6 8.2 0.6 0
  2 1 3 3 0 5 10 2.6 7.2 0.2 0
  2 1 4 3 0 1 49 22 23 6 0
  2 1 5 3 0 6 9.16666666666667 3.66666666666667 2.5 1.33333333333333 0
  2 1 6 3 0 4 14 5.5 4.5 1 0
  2 1 7 3 0 5 9.4 7 3 0.6 0
  2 1 8 3 0 1 55 29 13 3 0
  2 1 9 3 0 1 44 33 19 4 0
  2 1 10 3 0 1 48 35 16 1 0
  2 1 11 3 0 2 27 15 7 1 0
  2 1 12 3 0 5 9.6 5 3.4 2 0
  2 1 13 3 0 4 12 6.25 5.5 1.25 0
  2 1 14 3 0 8 5.375 4.25 2 0.875 0
  2 1 15 3 0 11 3.90909090909091 3.27272727272727 1.18181818181818 0.727272727272727 0
  2 1 16 3 0 5 10.8 5.4 3 0.8 0
  2 1 17 3 0 5 7 6.6 4.8 1.6 0
  2 1 18 3 0 1 47 21 23 9 0
  2 1 19 3 0 1 41 31 21 7 0
  2 1 20 3 0 4 9 9 6.25 0.75 0
  2 1 21 3 0 3 13.6666666666667 10.6666666666667 7.66666666666667 1.33333333333333 0
  2 1 22 3 0 4 9.75 10.25 2.75 2.25 0
  2 1 23 3 0 3 12.6666666666667 9.33333333333333 8.66666666666667 2.66666666666667 0
  2 1 24 3 0 3 11.6666666666667 10.3333333333333 9 2.33333333333333 0
  2 1 25 3 0 2 17 16.5 12.5 4 0
  2 1 26 3 0 4 11.5 5.5 6 2 0
  2 1 27 3 0 5 6.4 6.2 5.6 1.8 0
  2 1 28 3 0 4 9.25 7.25 5.5 3 0
  2 1 29 3 0 4 9.75 7 5.75 2.5 0
  2 1 30 3 0 24 1.41666666666667 1 1.04166666666667 0.708333333333333 0
  2 1 31 3 0 10 3.9 3.1 2 1 0
  2 1 32 3 0 12 3.25 2.08333333333333 1.83333333333333 1.16666666666667 0
  2 1 33 3 0 4 12.5 7 4 1.5 0
  2 1 34 3 0 6 8.66666666666667 3.83333333333333 2.5 1.66666666666667 0
  2 1 35 3 0 2 23 13 8.5 5.5 0
  2 1 36 3 0 10 4.1 2.9 2.4 0.6 0
  2 1 37 3 0 9 5.33333333333333 3.11111111111111 1.88888888888889 0.777777777777778 0
  2 1 38 3 0 13 3.38461538461538 2.61538461538462 1.07692307692308 0.615384615384615 0
  2 1 39 3 0 16 2.5 1.9375 1.0625 0.75 0
  2 1 40 3 0 27 1.51851851851852 1.03703703703704 0.851851851851852 0.296296296296296 0
  2 1 41 3 0 15 2.86666666666667 2.4 0.866666666666667 0.533333333333333 0
  2 1 42 3 0 16 3 1.5625 1.3125 0.375 0
# end fishery length observations 
#  
# Survey diet proportion observations 
# Number of observations, init_int Ndietprop_obs 
  60
# init_matrix obs_dietprop(1,Ndietprop_obs,1,ncol) 
# Survey  Year  Predator  Predator_size InpN  wt_prey_1 wt_prey_2 wt_prey_3 wt_prey_4 wt_prey_5 wt_prey_6 wt_prey_7 wt_prey_8 wt_prey_9 wt_prey_10 wt_prey_11 other 
  1 12 1 2 100 0 0 0 0 1
  1 12 1 3 100 0.68 0 0 0 0.32
  1 13 1 3 100 0 0 0 0 1
  1 13 1 4 100 0 1 0 0 0
  1 15 1 2 100 0 0 0 0 1
  1 18 1 1 100 0.67 0 0 0 0.33
  1 18 1 2 100 0 0 0 0 1
  1 18 1 3 100 0 0.46 0 0 0.54
  1 19 1 2 100 0 0 0 0 1
  1 19 1 3 100 0 0 0 0 1
  1 20 1 3 100 0 0 0 0 1
  1 21 1 2 100 0 0.15 0 0 0.85
  1 21 1 3 100 0 0.5 0 0 0.5
  1 24 1 3 100 0 0 0 0 1
  1 25 1 3 100 0 0 0 0 1
  1 26 1 3 100 0 0.91 0 0 0.09
  1 27 1 3 100 0 0.77 0 0 0.23
  1 28 1 3 100 0 0.34 0 0 0.66
  1 33 1 3 100 0 0 0 0 1
  1 34 1 3 100 0 0 0 0 1
  1 35 1 3 100 0 0.42 0 0 0.58
  1 38 1 3 100 0 0 0 0 1
  1 39 1 3 100 0 0.82 0 0 0.18
  1 40 1 2 100 0 0 0 0 1
  1 41 1 2 100 0 0 1 0 0
  1 8 4 2 100 0 0 0 0 1
  1 8 4 3 100 0 0 0 0 1
  1 11 4 3 100 0 0 0 0 1
  1 13 4 2 100 0 0 0 0 1
  1 13 4 3 100 0 0.61 0 0 0.39
  1 13 4 4 100 0 0.5 0 0 0.5
  1 14 4 3 100 0 0 0 0 1
  1 15 4 3 100 0 0.51 0 0 0.49
  1 15 4 4 100 0 0 0 0 1
  1 16 4 3 100 0 0.99 0 0 0.01
  1 16 4 4 100 0 0.64 0 0 0.36
  1 17 4 3 100 0 0 0 0 1
  1 18 4 3 100 0 0 0 0 1
  1 19 4 2 100 0 0 0 0 1
  1 19 4 3 100 0 0.94 0 0 0.06
  1 20 4 2 100 0 0 0 0 1
  1 20 4 3 100 0 0 0 0 1
  1 21 4 3 100 0 0.19 0 0 0.81
  1 22 4 2 100 0 0 0 0 1
  1 23 4 3 100 0 0 0 0 1
  1 24 4 3 100 0 0 0 0 1
  1 25 4 3 100 0 0 0 0 1
  1 25 4 4 100 0 1 0 0 0
  1 26 4 3 100 0 0 0 0 1
  1 27 4 2 100 0 1 0 0 0
  1 27 4 3 100 0 1 0 0 0
  1 28 4 2 100 0 0 0 0 1
  1 28 4 3 100 0 0.84 0 0 0.16
  1 29 4 3 100 0 0 0 0 1
  1 31 4 3 100 0 0.52 0 0 0.48
  1 31 4 4 100 0 0 0 0 1
  1 34 4 3 100 0 0.03 0.53 0 0.44
  1 40 4 3 100 0 0 0.33 0 0.67
  1 40 4 4 100 0 0 0.96 0 0.04
  1 42 4 3 100 0 0 0 0 1
# end survey diet proportion observations 
#  
