# This file was created using the write_tsDatFile function and used all the simulated data from sim_dta.rds found in repo:Hydra-self-testing
# Survey index data 
# Number of observations, init_int Nsurvey_obs
  166
# init_matrix obs_survey_biomass(1,Nsurvey_obs,1,5)
# survey year spp value cv
  1 1 4 94266.7188769094 0.212720515437525
  1 2 4 147708.708443826 0.222168779300385
  1 3 4 73766.7004697791 0.394113240257454
  1 4 4 87805.3268677885 0.310035034727007
  1 5 4 90324.3842782671 0.378629084128514
  1 6 4 128780.858919315 0.494427832556011
  1 7 4 78706.2463603444 0.759062286891916
  1 8 4 111619.335119981 0.383150869515862
  1 9 4 79386.0590635805 0.48934963094834
  1 10 4 86197.4590787476 0.382452035825211
  1 11 4 109296.050292005 0.566792532611316
  1 12 4 201106.194986488 0.381518572031255
  1 13 4 233644.764656078 0.438380584739347
  1 14 4 262726.154378363 0.482345652338289
  1 15 4 141089.715043731 0.420835086749712
  1 16 4 119229.121982164 0.515165860253858
  1 17 4 446146.575199672 0.559532625975744
  1 18 4 136727.102816279 0.479008946214672
  1 19 4 264373.84641349 0.429419179801904
  1 20 4 187380.354193066 0.477074256852948
  1 21 4 111400.285297971 0.410621521476155
  1 22 4 168041.658164941 0.294672690077384
  1 23 4 291739.263783156 0.477447511398437
  1 24 4 247947.74155759 0.384568504019134
  1 25 4 213436.505624871 0.333261603198005
  1 26 4 323188.040168804 0.685474246042822
  1 27 4 154827.990646381 0.286882992344226
  1 28 4 261504.324260714 0.371822434434906
  1 29 4 213765.679946305 0.592639130460935
  1 30 4 233928.927819334 0.374062101432949
  1 31 4 101124.308257277 0.304499664309564
  1 32 4 166456.469448377 0.233962995093855
  1 33 4 192700.818261481 0.270006842918168
  1 34 4 233551.201825223 0.350007507053818
  1 35 4 252933.884655338 0.34274593698132
  1 36 4 172585.286444416 0.261906583866089
  1 37 4 85136.2742202741 0.417429035160016
  1 38 4 79016.3547645922 0.441211421515246
  1 39 4 191716.597860943 0.495234601454268
  1 40 4 177926.188128785 0.237858203733512
  1 41 4 283509.110274288 0.327346172729995
  1 42 4 154193.837050652 0.368315456462939
  1 1 2 110.047262926036 0.601375663623589
  1 4 2 264.848883383822 1
  1 5 2 329.41899230069 0.611089023955187
  1 6 2 325.389506153241 0.702037850017464
  1 7 2 266.547886404629 0.948289691951521
  1 8 2 429.97216084097 0.544380631361087
  1 9 2 299.47817799318 0.5393131982084
  1 10 2 418.496921626875 0.88095039530815
  1 11 2 134.474383376019 0.799987970388403
  1 12 2 1027.38434344843 0.774991903603438
  1 13 2 410.227104527953 0.863215133786584
  1 14 2 377.932763673786 0.704083892007286
  1 15 2 312.63810607048 0.457459057188701
  1 16 2 349.73913033905 0.853197309912465
  1 17 2 96.3645264057314 0.61116783920211
  1 18 2 111.873735640573 0.416775375911518
  1 19 2 998.823280384982 0.69077510766454
  1 20 2 3394.73192852507 0.793751288508348
  1 21 2 3267.64655420776 0.339376634127756
  1 22 2 1960.06249532014 0.601950919776798
  1 23 2 5591.46962414105 0.658556209578282
  1 24 2 3040.22697126823 0.637453135075156
  1 25 2 4897.77739564313 0.510473149998029
  1 26 2 2237.30892773978 0.548437091427541
  1 27 2 2639.303157609 0.492912195981742
  1 28 2 1836.62431119903 0.747597319880804
  1 29 2 2571.96384671674 0.451616070879294
  1 30 2 769.43101799966 0.797269558848634
  1 31 2 1497.7940049772 0.666772556553203
  1 32 2 4326.17632018086 0.96787270074405
  1 33 2 5537.09708613471 0.404694020855087
  1 34 2 2424.24151601469 0.814873375751391
  1 35 2 4545.51634665397 0.533219898766676
  1 36 2 3628.52294192359 0.371953858881132
  1 37 2 3228.27561477933 0.791301167226987
  1 38 2 1051.0555198621 0.633364993316759
  1 39 2 1129.92840417213 0.827253682697507
  1 40 2 1286.66525441697 0.900216415173481
  1 41 2 215.114064815887 0.957770995377006
  1 42 2 796.871079593759 0.55870584954739
  1 1 1 21201.3853290167 0.241799049430762
  1 2 1 13280.6553718685 0.142636213550947
  1 3 1 10035.4043707828 0.225478190042395
  1 4 1 15199.7368512113 0.323579734794357
  1 5 1 13698.8440825522 0.320666395151501
  1 6 1 10710.3617322319 0.452044832991261
  1 7 1 13364.4081526147 0.28209645893665
  1 8 1 18886.5866573629 0.414010381101596
  1 9 1 13465.5338261531 0.40638853202345
  1 10 1 21521.6641703085 0.290993157294119
  1 11 1 28141.7021649213 0.324615016521962
  1 12 1 11535.9356108296 0.294780938380682
  1 13 1 9234.71256893643 0.440402569626277
  1 14 1 7892.68802981446 0.372421878022742
  1 15 1 12867.8294768307 0.341871348717721
  1 16 1 4855.64067108645 0.416897355424411
  1 17 1 8112.27485970861 0.500820840736393
  1 18 1 7047.80794281248 0.389853340834037
  1 19 1 9741.3270965704 0.293941849282161
  1 20 1 9785.31505513823 0.525509720403112
  1 21 1 13213.5243152078 0.266433769579894
  1 22 1 3686.5915324546 0.374831371194202
  1 23 1 6431.85492234266 0.352011231642473
  1 24 1 6328.61854924419 0.34725908523047
  1 25 1 6496.59699066266 0.578696888706846
  1 26 1 8580.10985347276 0.459728456052307
  1 27 1 6600.95734415987 0.539982548576019
  1 28 1 6816.49252533671 0.364309332200766
  1 29 1 3068.29780431145 0.562793580097325
  1 30 1 4802.62748786961 0.420348818797864
  1 31 1 3455.46296061157 0.403753427903273
  1 32 1 4138.26975774665 0.491331418922754
  1 33 1 2035.91768746377 0.537081122476055
  1 34 1 1931.41903798489 0.379030815152119
  1 35 1 771.709323469092 0.519511456600017
  1 36 1 2940.57035228935 0.556056214854877
  1 37 1 2022.95399474071 0.588197671943964
  1 38 1 865.48570363332 0.324588369174256
  1 39 1 1798.43721769615 0.501841796783066
  1 40 1 1190.91105887998 0.403101009292275
  1 41 1 651.585978808401 0.478602624152216
  1 42 1 987.531294320329 0.646634922078809
  1 1 3 36.5129431667101 0.499484636786782
  1 2 3 175.483528916098 0.358153914340203
  1 3 3 122.214072314353 0.678339172154909
  1 4 3 3794.7751942191 1
  1 5 3 715.536777608346 0.693225535250834
  1 6 3 1782.41172221285 1
  1 7 3 174.583976289204 0.912293822979085
  1 8 3 428.750562625193 0.655734850091527
  1 9 3 385.021677792192 0.670809892238012
  1 10 3 411.281553277021 0.631102684426709
  1 11 3 512.514586258565 0.496475444687371
  1 12 3 415.971054885301 0.740682868109632
  1 13 3 488.796182289894 0.360862225436052
  1 14 3 678.567124899778 0.547901331396328
  1 15 3 384.312012838743 0.429608216382601
  1 16 3 411.019598341939 0.69118921143411
  1 17 3 146.594906551218 0.426971754606328
  1 18 3 222.523793291125 0.505524319387353
  1 19 3 194.091786994503 0.644591984223249
  1 20 3 234.392636491436 0.899065435378594
  1 21 3 280.011430974179 0.543826822033971
  1 22 3 130.517584115075 0.88174616562504
  1 23 3 310.284627458849 0.408104676406013
  1 24 3 285.071339290084 0.92608255019157
  1 25 3 178.074422311683 0.648664057223823
  1 26 3 184.183137209481 0.695927823776047
  1 27 3 596.916634410044 0.708713243925404
  1 28 3 174.81734581801 0.489543853646182
  1 29 3 143.755624883824 0.703511357168505
  1 30 3 126.978035024879 0.631659802692532
  1 31 3 267.712376254975 0.626570332091694
  1 32 3 119.595401332573 0.661895735249442
  1 33 3 47.4338274014178 0.783155911787346
  1 34 3 279.340618352623 0.542775440757204
  1 35 3 99.8731414797334 0.870542376054271
  1 36 3 295.404986613834 0.492193512682958
  1 37 3 269.116463129631 0.909630520329322
  1 38 3 328.429944725368 0.644773009949607
  1 39 3 65.4299653145692 0.515045488987725
  1 40 3 393.468240356457 0.442573167063876
  1 41 3 78481.6755079968 0.88587618368699
  1 42 3 118154.264898921 0.983269433580366
# end survey index observations 
#  
# Survey size comp data 
# Number of observations, init_int Nsurvey_size_obs 
  166
# init_matrix obs_survey_size(1,Nsurvey_size_obs,1,ncol) 
# Survey  Year  Species Type (0=whole, 1=retained, 2=discard) InpN, proportion by length bin 
  1 1 1 0 57 0 1.03508771929825 0.649122807017544 0.0701754385964912 0
  1 2 1 0 65 0 0.507692307692308 0.784615384615385 0.246153846153846 0
  1 3 1 0 32 0 0.96875 1.5625 0.59375 0
  1 4 1 0 32 0.03125 2.21875 0.40625 0.46875 0
  1 5 1 0 21 0.0952380952380952 3.14285714285714 0.952380952380952 0.571428571428571 0
  1 6 1 0 18 0 2.88888888888889 2.11111111111111 0.555555555555556 0
  1 7 1 0 25 0.04 1.36 2.12 0.48 0
  1 8 1 0 20 0 1.8 2 1.2 0
  1 9 1 0 16 0.3125 4.5 1.0625 0.375 0
  1 10 1 0 19 0 3.10526315789474 1.78947368421053 0.368421052631579 0
  1 11 1 0 20 0 2.75 1.7 0.55 0
  1 12 1 0 22 0 2 1.81818181818182 0.727272727272727 0
  1 13 1 0 23 0 1.21739130434783 2.1304347826087 1 0
  1 14 1 0 14 0 1.92857142857143 3.42857142857143 1.78571428571429 0
  1 15 1 0 21 0 1.28571428571429 2.28571428571429 1.19047619047619 0
  1 16 1 0 14 0.142857142857143 1.57142857142857 2.92857142857143 2.5 0
  1 17 1 0 17 0 1.58823529411765 2.41176470588235 1.88235294117647 0
  1 18 1 0 19 0 3.94736842105263 0.631578947368421 0.684210526315789 0
  1 19 1 0 18 0.111111111111111 3.72222222222222 1.44444444444444 0.277777777777778 0
  1 20 1 0 15 0 3.6 2.53333333333333 0.533333333333333 0
  1 21 1 0 21 0.0476190476190476 2.14285714285714 2.14285714285714 0.428571428571429 0
  1 22 1 0 13 0 2.30769230769231 3.76923076923077 1.61538461538462 0
  1 23 1 0 14 0.0714285714285714 2.78571428571429 2.85714285714286 1.42857142857143 0
  1 24 1 0 14 0 2.57142857142857 2.5 2.07142857142857 0
  1 25 1 0 18 0 1.33333333333333 2.05555555555556 2.16666666666667 0
  1 26 1 0 14 0 1.42857142857143 2.57142857142857 3.14285714285714 0
  1 27 1 0 23 0 1.52173913043478 1.17391304347826 1.65217391304348 0
  1 28 1 0 14 0.0714285714285714 1.92857142857143 2.35714285714286 2.78571428571429 0
  1 29 1 0 17 0 2.05882352941176 1.64705882352941 2.17647058823529 0
  1 30 1 0 18 0 1.5 1.88888888888889 2.16666666666667 0
  1 31 1 0 20 0.05 1.65 1.05 2.25 0
  1 32 1 0 10 0 1.6 3.3 5.1 0
  1 33 1 0 15 0 1.26666666666667 2.33333333333333 3.06666666666667 0
  1 34 1 0 18 0.0555555555555556 0.722222222222222 1.61111111111111 3.16666666666667 0
  1 35 1 0 8 0 4 2.25 6.25 0
  1 36 1 0 12 0.25 2 2.66666666666667 3.41666666666667 0
  1 37 1 0 8 0 2.75 2.625 7.125 0
  1 38 1 0 16 0 2.25 1.875 2.125 0
  1 39 1 0 10 0.3 2.8 2.7 4.2 0
  1 40 1 0 10 0 2.2 4 3.8 0
  1 41 1 0 13 0 2.84615384615385 2.07692307692308 2.76923076923077 0
  1 42 1 0 8 0.125 5.5 2.75 4.125 0
  1 1 2 0 11 0 0 5.45454545454545 3.45454545454545 0.181818181818182
  1 4 2 0 1 0 0 62 38 0
  1 5 2 0 5 0 0 11.4 8.6 0
  1 6 2 0 1 0 2 50 48 0
  1 7 2 0 3 0 0 21.6666666666667 11.6666666666667 0
  1 8 2 0 4 0 0 17 8 0
  1 9 2 0 5 0 0 12.2 7.8 0
  1 10 2 0 10 0 0.6 5.5 3.9 0
  1 11 2 0 13 0 0 6.53846153846154 1.15384615384615 0
  1 12 2 0 15 0 0 4.66666666666667 2 0
  1 13 2 0 9 0 0 5.88888888888889 5.22222222222222 0
  1 14 2 0 6 0 0 6.16666666666667 10.5 0
  1 15 2 0 13 0 0 2.23076923076923 5.46153846153846 0
  1 16 2 0 10 0 0 2.6 7.4 0
  1 17 2 0 10 0 0.7 2.6 6.7 0
  1 18 2 0 18 0 3.22222222222222 1.72222222222222 0.611111111111111 0
  1 19 2 0 27 0 0.0740740740740741 3.62962962962963 0 0
  1 20 2 0 23 0 0 2.69565217391304 1.65217391304348 0
  1 21 2 0 25 0 0.24 1.72 2.04 0
  1 22 2 0 9 0 0.222222222222222 9.22222222222222 1.66666666666667 0
  1 23 2 0 8 0 0.25 8.5 3.75 0
  1 24 2 0 9 0 0.111111111111111 7.55555555555556 3.44444444444444 0
  1 25 2 0 14 0 0.0714285714285714 3.64285714285714 3.42857142857143 0
  1 26 2 0 18 0 0.111111111111111 3.55555555555556 1.88888888888889 0
  1 27 2 0 16 0 0 4.6875 1.5625 0
  1 28 2 0 6 0 0.166666666666667 7 9.5 0
  1 29 2 0 8 0 0.75 4.5 7.25 0
  1 30 2 0 17 0 0.0588235294117647 4.76470588235294 1.05882352941176 0
  1 31 2 0 9 0 0.222222222222222 6.55555555555556 4.33333333333333 0
  1 32 2 0 30 0 0.0666666666666667 2.3 0.966666666666667 0
  1 33 2 0 24 0 0.208333333333333 3.04166666666667 0.916666666666667 0
  1 34 2 0 25 0 0 3.28 0.72 0
  1 35 2 0 16 0 0.125 3.3125 2.8125 0
  1 36 2 0 13 0 0 5.69230769230769 2 0
  1 37 2 0 8 0 0.125 6.625 5.75 0
  1 38 2 0 10 0 0 3.4 6.6 0
  1 39 2 0 13 0 0 1.61538461538462 6.07692307692308 0
  1 40 2 0 8 0 0 3 9.5 0
  1 41 2 0 5 0 0 5.2 14.8 0
  1 42 2 0 17 0 0.294117647058824 2.70588235294118 2.88235294117647 0
  1 1 3 0 27 0 2.40740740740741 0.407407407407407 0.888888888888889 0
  1 2 3 0 13 0 7.07692307692308 0.461538461538462 0.153846153846154 0
  1 3 3 0 5 0 10.4 9.4 0.2 0
  1 4 3 0 2 0 21 24.5 4.5 0
  1 5 3 0 5 0 4.4 13.2 2.4 0
  1 6 3 0 1 0 18 68 14 0
  1 7 3 0 3 0 2.33333333333333 24.6666666666667 6.33333333333333 0
  1 8 3 0 3 0 2.66666666666667 19.3333333333333 11.3333333333333 0
  1 9 3 0 4 0 1.75 13.75 9.5 0
  1 10 3 0 4 0 2 13.5 9.5 0
  1 11 3 0 4 0 14.25 6.25 4.5 0
  1 12 3 0 2 0 18.5 24.5 7 0
  1 13 3 0 8 0 3.75 7.125 1.625 0
  1 14 3 0 19 0 1.05263157894737 3.31578947368421 0.894736842105263 0
  1 15 3 0 15 0 1 4.73333333333333 0.933333333333333 0
  1 16 3 0 12 0 1 5 2.33333333333333 0
  1 17 3 0 14 0 0.928571428571429 4.92857142857143 1.28571428571429 0
  1 18 3 0 14 0 1.64285714285714 3.5 2 0
  1 19 3 0 15 0 1.53333333333333 3.13333333333333 2 0
  1 20 3 0 17 0 1.17647058823529 2.70588235294118 2 0
  1 21 3 0 12 0 1.58333333333333 4.08333333333333 2.66666666666667 0
  1 22 3 0 11 0 7.09090909090909 1.09090909090909 0.909090909090909 0
  1 23 3 0 16 0 2.75 2.8125 0.6875 0
  1 24 3 0 15 0 2.53333333333333 3.66666666666667 0.466666666666667 0
  1 25 3 0 4 0 4 17 4 0
  1 26 3 0 14 0 1.57142857142857 3.64285714285714 1.92857142857143 0
  1 27 3 0 6 0 0.833333333333333 11.5 4.33333333333333 0
  1 28 3 0 4 0 3.5 13.5 8 0
  1 29 3 0 2 0 4 26.5 19.5 0
  1 30 3 0 10 0 0.6 5.5 3.9 0
  1 31 3 0 9 0 0.444444444444444 6.11111111111111 4.55555555555556 0
  1 32 3 0 12 0 0.666666666666667 3.91666666666667 3.75 0
  1 33 3 0 5 0 18.2 0.6 1.2 0
  1 34 3 0 9 0 6.22222222222222 4.55555555555556 0.333333333333333 0
  1 35 3 0 5 0 7.8 11.4 0.8 0
  1 36 3 0 5 0 4.8 13.4 1.8 0
  1 37 3 0 3 0 8.66666666666667 20.3333333333333 4.33333333333333 0
  1 38 3 0 15 0 1.33333333333333 3.8 1.53333333333333 0
  1 39 3 0 12 0 1.5 4.75 2.08333333333333 0
  1 40 3 0 9 0 2.11111111111111 4.88888888888889 4.11111111111111 0
  1 41 3 0 8 0 2.625 7.375 2.5 0
  1 42 3 0 12 0 2 4.58333333333333 1.75 0
  1 1 4 0 86 0.0232558139534884 0.267441860465116 0.790697674418605 0.0813953488372093 0
  1 2 4 0 100 0.06 0.48 0.42 0.04 0
  1 3 4 0 33 0.121212121212121 1.66666666666667 1.03030303030303 0.212121212121212 0
  1 4 4 0 44 0.0909090909090909 1.61363636363636 0.454545454545455 0.113636363636364 0
  1 5 4 0 34 0.117647058823529 1.94117647058824 0.676470588235294 0.205882352941176 0
  1 6 4 0 40 0.075 1.625 0.675 0.125 0
  1 7 4 0 39 0.205128205128205 1.41025641025641 0.743589743589744 0.205128205128205 0
  1 8 4 0 49 0.122448979591837 1.44897959183673 0.36734693877551 0.102040816326531 0
  1 9 4 0 36 0.194444444444444 1.61111111111111 0.888888888888889 0.0833333333333333 0
  1 10 4 0 43 0.116279069767442 1.3953488372093 0.581395348837209 0.232558139534884 0
  1 11 4 0 41 0.0731707317073171 1.92682926829268 0.414634146341463 0.024390243902439 0
  1 12 4 0 35 0.228571428571429 1.97142857142857 0.6 0.0571428571428571 0
  1 13 4 0 32 0.09375 2.125 0.8125 0.09375 0
  1 14 4 0 21 0.142857142857143 3.14285714285714 1.0952380952381 0.380952380952381 0
  1 15 4 0 30 0.333333333333333 1.96666666666667 0.766666666666667 0.266666666666667 0
  1 16 4 0 19 0.210526315789474 3.68421052631579 1.31578947368421 0.0526315789473684 0
  1 17 4 0 35 0.114285714285714 2.11428571428571 0.514285714285714 0.114285714285714 0
  1 18 4 0 27 0.333333333333333 2.22222222222222 0.962962962962963 0.185185185185185 0
  1 19 4 0 34 0.176470588235294 1.97058823529412 0.588235294117647 0.205882352941176 0
  1 20 4 0 42 0.0714285714285714 1.5 0.69047619047619 0.119047619047619 0
  1 21 4 0 41 0.0731707317073171 1.5609756097561 0.634146341463415 0.170731707317073 0
  1 22 4 0 44 0.0454545454545455 1.38636363636364 0.636363636363636 0.204545454545455 0
  1 23 4 0 28 0.142857142857143 2.32142857142857 0.928571428571429 0.178571428571429 0
  1 24 4 0 34 0.147058823529412 1.61764705882353 0.764705882352941 0.411764705882353 0
  1 25 4 0 36 0.111111111111111 1.5 0.888888888888889 0.277777777777778 0
  1 26 4 0 31 0.0645161290322581 1.93548387096774 1 0.225806451612903 0
  1 27 4 0 39 0.128205128205128 1.38461538461538 0.871794871794872 0.179487179487179 0
  1 28 4 0 38 0.131578947368421 1.31578947368421 0.921052631578947 0.263157894736842 0
  1 29 4 0 48 0.0416666666666667 1.375 0.520833333333333 0.145833333333333 0
  1 30 4 0 38 0.157894736842105 1.57894736842105 0.710526315789474 0.184210526315789 0
  1 31 4 0 61 0.114754098360656 0.967213114754098 0.475409836065574 0.0819672131147541 0
  1 32 4 0 48 0.0625 1.3125 0.520833333333333 0.1875 0
  1 33 4 0 49 0.0816326530612245 1.16326530612245 0.653061224489796 0.142857142857143 0
  1 34 4 0 44 0.136363636363636 1.31818181818182 0.704545454545455 0.113636363636364 0
  1 35 4 0 61 0.0327868852459016 1.13114754098361 0.377049180327869 0.0983606557377049 0
  1 36 4 0 67 0.104477611940299 1.05970149253731 0.223880597014925 0.104477611940299 0
  1 37 4 0 57 0.0701754385964912 1.01754385964912 0.421052631578947 0.245614035087719 0
  1 38 4 0 38 0.131578947368421 1.73684210526316 0.710526315789474 0.0526315789473684 0
  1 39 4 0 52 0.0576923076923077 1.17307692307692 0.519230769230769 0.173076923076923 0
  1 40 4 0 43 0.0465116279069767 1.46511627906977 0.697674418604651 0.116279069767442 0
  1 41 4 0 42 0.0238095238095238 1.47619047619048 0.69047619047619 0.19047619047619 0
  1 42 4 0 61 0.0819672131147541 0.918032786885246 0.475409836065574 0.163934426229508 0
# end survey length observations 
#  
# Fishery catch data 
# Number of observations, init_int Ncatch_obs
  168
# init_matrix obs_catch_biomass(1,Ncatch_obs,1,6) 
# Fleet	Area	Year	Species	Catch(biomass t)	CV 
  1 1 1 1 19933.5338915228 0.05
  1 1 2 1 24384.2105871793 0.05
  1 1 3 1 24568.8893529681 0.05
  1 1 4 1 22452.7037454423 0.05
  1 1 5 1 21594.9451450297 0.05
  1 1 6 1 22866.846039509 0.05
  1 1 7 1 20308.5802628018 0.05
  1 1 8 1 20894.2959501277 0.05
  1 1 9 1 20222.7873460863 0.05
  1 1 10 1 20469.6281926996 0.05
  1 1 11 1 20036.3127148711 0.05
  1 1 12 1 23037.1423963075 0.05
  1 1 13 1 22334.21843911 0.05
  1 1 14 1 19023.2205425858 0.05
  1 1 15 1 15169.2489792618 0.05
  1 1 16 1 11566.5010294148 0.05
  1 1 17 1 9702.73831136879 0.05
  1 1 18 1 8710.13593213922 0.05
  1 1 19 1 8386.87327058078 0.05
  1 1 20 1 9363.00119863065 0.05
  1 1 21 1 4196.69831780034 0.05
  1 1 22 1 4631.10701030657 0.05
  1 1 23 1 5095.56593604141 0.05
  1 1 24 1 4869.39198097562 0.05
  1 1 25 1 5213.04873976608 0.05
  1 1 26 1 4352.48064893358 0.05
  1 1 27 1 4482.57015835327 0.05
  1 1 28 1 3830.17016826922 0.05
  1 1 29 1 3803.43402754716 0.05
  1 1 30 1 3174.44249188704 0.05
  1 1 31 1 2994.90002195052 0.05
  1 1 32 1 2407.42621700653 0.05
  1 1 33 1 2062.14171856518 0.05
  1 1 34 1 1969.37707564224 0.05
  1 1 35 1 1651.27407336948 0.05
  1 1 36 1 1270.38511549356 0.05
  1 1 37 1 1184.42283617773 0.05
  1 1 38 1 1020.9508698706 0.05
  1 1 39 1 890.053897563763 0.05
  1 1 40 1 874.512138313128 0.05
  1 1 41 1 726.146385579745 0.05
  1 1 42 1 642.527634125625 0.05
  1 1 1 4 7234.25237881673 0.05
  1 1 2 4 6230.53926823364 0.05
  1 1 3 4 6567.90335945077 0.05
  1 1 4 4 7602.3523866249 0.05
  1 1 5 4 6705.6569348643 0.05
  1 1 6 4 7187.45221291283 0.05
  1 1 7 4 7124.0127493009 0.05
  1 1 8 4 8044.41232154301 0.05
  1 1 9 4 8428.21692378647 0.05
  1 1 10 4 8798.97429343832 0.05
  1 1 11 4 9385.44301702923 0.05
  1 1 12 4 8950.917969437 0.05
  1 1 13 4 10411.6707314361 0.05
  1 1 14 4 10085.9457827832 0.05
  1 1 15 4 9849.34542784691 0.05
  1 1 16 4 10706.2603617974 0.05
  1 1 17 4 11853.962704416 0.05
  1 1 18 4 10252.9201437861 0.05
  1 1 19 4 11773.7602414925 0.05
  1 1 20 4 12262.5475772338 0.05
  1 1 21 4 4189.26576954998 0.05
  1 1 22 4 4367.91927383938 0.05
  1 1 23 4 4638.0068537398 0.05
  1 1 24 4 4991.94650822144 0.05
  1 1 25 4 4841.65744897786 0.05
  1 1 26 4 4912.72729921499 0.05
  1 1 27 4 4483.75754637734 0.05
  1 1 28 4 4726.6591099649 0.05
  1 1 29 4 4983.89576628246 0.05
  1 1 30 4 4548.37236950077 0.05
  1 1 31 4 4656.00476191398 0.05
  1 1 32 4 4592.36328036776 0.05
  1 1 33 4 4741.07892300252 0.05
  1 1 34 4 4934.52368173991 0.05
  1 1 35 4 4614.32101418736 0.05
  1 1 36 4 4586.36046972094 0.05
  1 1 37 4 4535.24606851225 0.05
  1 1 38 4 4722.18658456551 0.05
  1 1 39 4 3961.29255878548 0.05
  1 1 40 4 4714.88284184547 0.05
  1 1 41 4 4506.55833817326 0.05
  1 1 42 4 4536.6093415313 0.05
  2 1 1 2 1198.64594788354 0.05
  2 1 2 2 1184.60710070836 0.05
  2 1 3 2 965.726626240641 0.05
  2 1 4 2 852.003307093936 0.05
  2 1 5 2 1086.45587339295 0.05
  2 1 6 2 1189.42321795972 0.05
  2 1 7 2 964.343413684754 0.05
  2 1 8 2 931.909799478589 0.05
  2 1 9 2 835.252329763026 0.05
  2 1 10 2 821.019294123189 0.05
  2 1 11 2 882.88359004858 0.05
  2 1 12 2 1545.87483967625 0.05
  2 1 13 2 2043.86331818249 0.05
  2 1 14 2 1977.60303697522 0.05
  2 1 15 2 1737.15575596525 0.05
  2 1 16 2 1135.44559892916 0.05
  2 1 17 2 686.659010578874 0.05
  2 1 18 2 494.569254269776 0.05
  2 1 19 2 1564.81442328073 0.05
  2 1 20 2 8006.6246586665 0.05
  2 1 21 2 14854.4251018031 0.05
  2 1 22 2 13409.2367771971 0.05
  2 1 23 2 14221.0455373816 0.05
  2 1 24 2 17222.6867122445 0.05
  2 1 25 2 13288.97275796 0.05
  2 1 26 2 12512.4605895961 0.05
  2 1 27 2 11500.4273557033 0.05
  2 1 28 2 12564.7634472593 0.05
  2 1 29 2 10851.764434665 0.05
  2 1 30 2 9678.0778544254 0.05
  2 1 31 2 9519.08773440263 0.05
  2 1 32 2 13413.6398110624 0.05
  2 1 33 2 13790.7162072789 0.05
  2 1 34 2 17802.7181248262 0.05
  2 1 35 2 22058.7873578633 0.05
  2 1 36 2 20845.6469461431 0.05
  2 1 37 2 17729.945514491 0.05
  2 1 38 2 17365.9197154588 0.05
  2 1 39 2 12115.8722299257 0.05
  2 1 40 2 7415.78473660645 0.05
  2 1 41 2 4714.03380675472 0.05
  2 1 42 2 2827.53644083319 0.05
  2 1 1 3 423.008139079993 0.05
  2 1 2 3 332.39389087271 0.05
  2 1 3 3 302.744026132104 0.05
  2 1 4 3 741.53333220254 0.05
  2 1 5 3 1508.36632311463 0.05
  2 1 6 3 2219.3261981078 0.05
  2 1 7 3 2800.99164384629 0.05
  2 1 8 3 3302.24899737626 0.05
  2 1 9 3 2905.21995085388 0.05
  2 1 10 3 2572.88006844012 0.05
  2 1 11 3 2335.32821483958 0.05
  2 1 12 3 1825.73639707264 0.05
  2 1 13 3 1598.58997063156 0.05
  2 1 14 3 1740.12279990634 0.05
  2 1 15 3 1860.80003647074 0.05
  2 1 16 3 1939.93604404487 0.05
  2 1 17 3 1762.4825914401 0.05
  2 1 18 3 1485.77481122536 0.05
  2 1 19 3 1383.29579181549 0.05
  2 1 20 3 1209.45947351701 0.05
  2 1 21 3 972.8905870326 0.05
  2 1 22 3 803.361506555389 0.05
  2 1 23 3 708.448573199173 0.05
  2 1 24 3 687.34468514208 0.05
  2 1 25 3 1010.67466765779 0.05
  2 1 26 3 1083.84169307472 0.05
  2 1 27 3 1295.92785758611 0.05
  2 1 28 3 1242.0768087419 0.05
  2 1 29 3 1028.23446496649 0.05
  2 1 30 3 870.895500395444 0.05
  2 1 31 3 727.526012971635 0.05
  2 1 32 3 594.442140416475 0.05
  2 1 33 3 453.092540503019 0.05
  2 1 34 3 349.290211362656 0.05
  2 1 35 3 406.636792618816 0.05
  2 1 36 3 704.70212373436 0.05
  2 1 37 3 1060.87528186329 0.05
  2 1 38 3 1239.26737177623 0.05
  2 1 39 3 1208.77439906319 0.05
  2 1 40 3 1032.21079550178 0.05
  2 1 41 3 20149.0947243309 0.05
  2 1 42 3 20576.8336286221 0.05
# end catch observations 
#  
# Fishery size comp data 
# Number of observations, init_int Ncatch_size_obs 
  168
# init_matrix obs_catch_size(1,Ncatch_size_obs,1,ncol) 
# Fleet Area  Year  Species Type (0=whole, 1=retained, 2=discard) InpN, proportion by size bin 
  1 1 1 1 0 81 0.0740740740740741 0.765432098765432 0.382716049382716 0 0.0123456790123457
  1 1 2 1 0 73 0 0.657534246575342 0.547945205479452 0.164383561643836 0
  1 1 3 1 0 65 0.0615384615384615 0.415384615384615 0.769230769230769 0.276923076923077 0.0153846153846154
  1 1 4 1 0 56 1.08928571428571 0.142857142857143 0.392857142857143 0.160714285714286 0
  1 1 5 1 0 120 0.3 0.35 0.108333333333333 0.075 0
  1 1 6 1 0 130 0.153846153846154 0.284615384615385 0.230769230769231 0.1 0
  1 1 7 1 0 94 0.180851063829787 0.468085106382979 0.223404255319149 0.180851063829787 0.0106382978723404
  1 1 8 1 0 94 0.106382978723404 0.329787234042553 0.382978723404255 0.24468085106383 0
  1 1 9 1 0 82 0.768292682926829 0.121951219512195 0.24390243902439 0.0853658536585366 0
  1 1 10 1 0 76 0.394736842105263 0.684210526315789 0.144736842105263 0.0921052631578947 0
  1 1 11 1 0 74 0.283783783783784 0.540540540540541 0.337837837837838 0.189189189189189 0
  1 1 12 1 0 65 0.0923076923076923 0.738461538461539 0.430769230769231 0.276923076923077 0
  1 1 13 1 0 77 0.051948051948052 0.285714285714286 0.623376623376623 0.337662337662338 0
  1 1 14 1 0 88 0.0454545454545455 0.238636363636364 0.488636363636364 0.363636363636364 0
  1 1 15 1 0 66 0.0909090909090909 0.196969696969697 0.696969696969697 0.53030303030303 0
  1 1 16 1 0 69 0.072463768115942 0.260869565217391 0.594202898550725 0.521739130434783 0
  1 1 17 1 0 43 0.372093023255814 0.232558139534884 0.744186046511628 0.976744186046512 0
  1 1 18 1 0 34 2.20588235294118 0.176470588235294 0.205882352941176 0.352941176470588 0
  1 1 19 1 0 55 0.745454545454545 0.672727272727273 0.2 0.2 0
  1 1 20 1 0 64 0.34375 0.734375 0.421875 0.0625 0
  1 1 21 1 0 77 0.194805194805195 0.545454545454545 0.402597402597403 0.155844155844156 0
  1 1 22 1 0 67 0.164179104477612 0.373134328358209 0.656716417910448 0.298507462686567 0
  1 1 23 1 0 133 0.0902255639097744 0.142857142857143 0.315789473684211 0.203007518796992 0
  1 1 24 1 0 98 0.0612244897959184 0.183673469387755 0.36734693877551 0.408163265306122 0
  1 1 25 1 0 91 0.032967032967033 0.175824175824176 0.373626373626374 0.516483516483517 0
  1 1 26 1 0 77 0.12987012987013 0.168831168831169 0.402597402597403 0.597402597402597 0
  1 1 27 1 0 102 0.127450980392157 0.137254901960784 0.284313725490196 0.431372549019608 0
  1 1 28 1 0 76 0.144736842105263 0.236842105263158 0.394736842105263 0.539473684210526 0
  1 1 29 1 0 110 0.0272727272727273 0.227272727272727 0.272727272727273 0.381818181818182 0
  1 1 30 1 0 100 0.08 0.17 0.19 0.56 0
  1 1 31 1 0 108 0.0555555555555556 0.0833333333333333 0.277777777777778 0.509259259259259 0
  1 1 32 1 0 118 0.0169491525423729 0.076271186440678 0.279661016949153 0.474576271186441 0
  1 1 33 1 0 129 0.00775193798449612 0.10077519379845 0.209302325581395 0.457364341085271 0
  1 1 34 1 0 90 0.0888888888888889 0.0888888888888889 0.3 0.633333333333333 0
  1 1 35 1 0 69 0.260869565217391 0.173913043478261 0.260869565217391 0.753623188405797 0
  1 1 36 1 0 80 0.2625 0.1375 0.1875 0.6625 0
  1 1 37 1 0 62 0.241935483870968 0.258064516129032 0.354838709677419 0.758064516129032 0
  1 1 38 1 0 94 0.138297872340426 0.170212765957447 0.265957446808511 0.48936170212766 0
  1 1 39 1 0 75 0.106666666666667 0.226666666666667 0.32 0.68 0
  1 1 40 1 0 75 0.146666666666667 0.226666666666667 0.306666666666667 0.653333333333333 0
  1 1 41 1 0 35 0.485714285714286 0.371428571428571 0.714285714285714 1.28571428571429 0
  1 1 42 1 0 22 1.36363636363636 0.681818181818182 1 1.5 0
  1 1 1 4 0 5 0 0 11.6 1.4 7
  1 1 2 4 0 5 2.6 0 5.8 9.2 2.4
  1 1 3 4 0 5 0.2 8.4 2.2 9.2 0
  1 1 4 4 0 5 0.2 2.6 10.6 6 0.6
  1 1 5 4 0 5 0.2 2 8 9.6 0.2
  1 1 6 4 0 5 1.4 1.8 5 11.8 0
  1 1 7 4 0 5 1 2.8 5.2 11 0
  1 1 8 4 0 5 1 3.4 6.6 9 0
  1 1 9 4 0 5 1.2 2 7.2 9.6 0
  1 1 10 4 0 5 5.6 1.2 5.2 8 0
  1 1 11 4 0 1 5 52 22 21 0
  1 1 12 4 0 5 0.4 3.6 11.6 4.4 0
  1 1 13 4 0 1 0 7 36 57 0
  1 1 14 4 0 2 0 0.5 13 36.5 0
  1 1 15 4 0 8 0 0.25 3.125 9.125 0
  1 1 16 4 0 3 0 0.666666666666667 5.66666666666667 27 0
  1 1 17 4 0 3 6 1.33333333333333 2.66666666666667 23.3333333333333 0
  1 1 18 4 0 1 90 5 1 4 0
  1 1 19 4 0 3 0 32 1 0.333333333333333 0
  1 1 20 4 0 3 0.333333333333333 3 28.6666666666667 1.33333333333333 0
  1 1 21 4 0 3 8.66666666666667 0.666666666666667 9 15 0
  1 1 22 4 0 2 0.5 19.5 8.5 21.5 0
  1 1 23 4 0 6 2.5 0.833333333333333 9.16666666666667 4.16666666666667 0
  1 1 24 4 0 1 0 20 23 57 0
  1 1 25 4 0 1 13 8 35 44 0
  1 1 26 4 0 2 3.5 9.5 8.5 28.5 0
  1 1 27 4 0 2 1 14 15 20 0
  1 1 28 4 0 4 1 1.25 12.25 10.5 0
  1 1 29 4 0 7 3 0.285714285714286 3.28571428571429 7.71428571428571 0
  1 1 30 4 0 6 0 9.16666666666667 2.5 5 0
  1 1 31 4 0 10 2.2 0.8 4.9 2.1 0
  1 1 32 4 0 7 2.42857142857143 3.85714285714286 3.14285714285714 4.85714285714286 0
  1 1 33 4 0 15 1.6 1.6 1.86666666666667 1.6 0
  1 1 34 4 0 19 0.0526315789473684 1.63157894736842 1.89473684210526 1.68421052631579 0
  1 1 35 4 0 13 1.38461538461538 0.538461538461538 3.76923076923077 2 0
  1 1 36 4 0 23 0.130434782608696 1.26086956521739 0.739130434782609 2.21739130434783 0
  1 1 37 4 0 7 0 0.571428571428571 5.71428571428571 8 0
  1 1 38 4 0 7 0.142857142857143 0.571428571428571 3.42857142857143 10.1428571428571 0
  1 1 39 4 0 19 0 0.105263157894737 1 4.15789473684211 0
  1 1 40 4 0 25 0 0.04 0.68 3.28 0
  1 1 41 4 0 31 0.193548387096774 0.032258064516129 0.258064516129032 2.74193548387097 0
  1 1 42 4 0 31 0.548387096774194 0.161290322580645 0.193548387096774 2.32258064516129 0
  2 1 1 2 0 2 1.5 0 1.5 47 0
  2 1 2 2 0 5 7.2 1 1.4 10.4 0
  2 1 3 2 0 2 4.5 31 6 8.5 0
  2 1 4 2 0 5 0.8 6.2 11.2 1.8 0
  2 1 5 2 0 5 0 3.2 10.2 6.6 0
  2 1 6 2 0 5 0.2 1 8 10.8 0
  2 1 7 2 0 5 0 1.6 7.8 10.6 0
  2 1 8 2 0 1 0 1 28 71 0
  2 1 9 2 0 5 0 0.6 3.4 16 0
  2 1 10 2 0 5 0 0.2 5.6 14.2 0
  2 1 11 2 0 2 4.5 0.5 8.5 36.5 0
  2 1 12 2 0 5 0.4 2.2 3.8 13.6 0
  2 1 13 2 0 5 0.2 2.4 5 12.4 0
  2 1 14 2 0 5 0 1.6 7.2 11.2 0
  2 1 15 2 0 5 0 0.4 6.4 13.2 0
  2 1 16 2 0 5 0 1.4 5.4 13.2 0
  2 1 17 2 0 5 0 0.4 4.8 14.8 0
  2 1 18 2 0 5 0 0.4 3.4 16.2 0
  2 1 19 2 0 5 0.4 0.6 2.6 16.4 0
  2 1 20 2 0 30 0.0666666666666667 0.133333333333333 0.733333333333333 2.4 0
  2 1 21 2 0 46 0.0217391304347826 0.0869565217391304 0.369565217391304 1.69565217391304 0
  2 1 22 2 0 10 1.3 0.3 1.7 6.7 0
  2 1 23 2 0 19 0.368421052631579 1.42105263157895 0.789473684210526 2.68421052631579 0
  2 1 24 2 0 61 0.0327868852459016 0.278688524590164 0.704918032786885 0.622950819672131 0
  2 1 25 2 0 29 0.0344827586206897 0.206896551724138 1.27586206896552 1.93103448275862 0
  2 1 26 2 0 32 0 0.25 1.0625 1.8125 0
  2 1 27 2 0 16 0.0625 0.1875 2.3125 3.6875 0
  2 1 28 2 0 31 0 0 0.935483870967742 2.29032258064516 0
  2 1 29 2 0 44 0 0.0227272727272727 0.545454545454545 1.70454545454545 0
  2 1 30 2 0 29 0 0.0689655172413793 0.724137931034483 2.6551724137931 0
  2 1 31 2 0 25 0 0.12 0.6 3.28 0
  2 1 32 2 0 22 0 0.0454545454545455 0.636363636363636 3.86363636363636 0
  2 1 33 2 0 35 0.742857142857143 0 0.342857142857143 1.77142857142857 0
  2 1 34 2 0 28 0.25 1.78571428571429 0.107142857142857 1.42857142857143 0
  2 1 35 2 0 45 0.0222222222222222 0.377777777777778 1.15555555555556 0.666666666666667 0
  2 1 36 2 0 51 0 0.235294117647059 1 0.725490196078431 0
  2 1 37 2 0 41 0.0487804878048781 0.24390243902439 0.975609756097561 1.17073170731707 0
  2 1 38 2 0 36 0 0.0833333333333333 0.944444444444444 1.75 0
  2 1 39 2 0 20 0 0.1 1.4 3.5 0
  2 1 40 2 0 14 0 0.285714285714286 2 4.85714285714286 0
  2 1 41 2 0 17 0 0.235294117647059 1.47058823529412 4.17647058823529 0
  2 1 42 2 0 24 0 0.208333333333333 0.916666666666667 3.04166666666667 0
  2 1 1 3 0 1 44 0 53 3 0
  2 1 2 3 0 5 11.4 1.2 6.8 0.6 0
  2 1 3 3 0 5 9.2 3.8 5.2 1.8 0
  2 1 4 3 0 1 65 12 18 5 0
  2 1 5 3 0 6 8 4.66666666666667 3.33333333333333 0.666666666666667 0
  2 1 6 3 0 4 13.5 5.75 4.25 1.5 0
  2 1 7 3 0 5 9.4 5.8 4 0.8 0
  2 1 8 3 0 1 48 25 20 7 0
  2 1 9 3 0 1 42 37 12 9 0
  2 1 10 3 0 1 55 35 10 0 0
  2 1 11 3 0 2 23.5 15 9.5 2 0
  2 1 12 3 0 5 11 6.4 2.2 0.4 0
  2 1 13 3 0 4 9 9 5 2 0
  2 1 14 3 0 8 5.875 3.75 2.625 0.25 0
  2 1 15 3 0 11 3.36363636363636 2.63636363636364 2.45454545454545 0.636363636363636 0
  2 1 16 3 0 5 9.6 5.8 3.8 0.8 0
  2 1 17 3 0 5 7.8 6.4 5.4 0.4 0
  2 1 18 3 0 1 55 26 17 2 0
  2 1 19 3 0 1 46 27 21 6 0
  2 1 20 3 0 4 11.5 6.25 5.5 1.75 0
  2 1 21 3 0 3 14 10.3333333333333 7 2 0
  2 1 22 3 0 4 9 7.25 6.5 2.25 0
  2 1 23 3 0 3 12.6666666666667 11.3333333333333 7 2.33333333333333 0
  2 1 24 3 0 3 11.3333333333333 10.3333333333333 9 2.66666666666667 0
  2 1 25 3 0 2 16 19.5 10.5 4 0
  2 1 26 3 0 4 9 6.75 6.25 3 0
  2 1 27 3 0 5 6 6.4 4.8 2.8 0
  2 1 28 3 0 4 10.25 7 4.25 3.5 0
  2 1 29 3 0 4 10 4.75 6.75 3.5 0
  2 1 30 3 0 24 1.58333333333333 1.29166666666667 0.75 0.541666666666667 0
  2 1 31 3 0 10 3.5 2.9 2.5 1.1 0
  2 1 32 3 0 12 3.25 2.25 1.83333333333333 1 0
  2 1 33 3 0 4 9.75 6.5 6.25 2.5 0
  2 1 34 3 0 6 6.33333333333333 4.66666666666667 3.83333333333333 1.83333333333333 0
  2 1 35 3 0 2 23 13.5 9 4.5 0
  2 1 36 3 0 10 2.8 3.3 3 0.9 0
  2 1 37 3 0 9 4.88888888888889 3.44444444444444 2 0.777777777777778 0
  2 1 38 3 0 13 2.84615384615385 1.84615384615385 2 1 0
  2 1 39 3 0 16 2.8125 2.0625 0.875 0.5 0
  2 1 40 3 0 27 1.37037037037037 1.11111111111111 0.851851851851852 0.37037037037037 0
  2 1 41 3 0 15 2.46666666666667 1.73333333333333 1.66666666666667 0.8 0
  2 1 42 3 0 16 2.375 1.9375 1.375 0.5625 0
# end fishery length observations 
#  
# Survey diet proportion observations 
# Number of observations, init_int Ndietprop_obs 
  60
# init_matrix obs_dietprop(1,Ndietprop_obs,1,ncol) 
# Survey  Year  Predator  Predator_size InpN  wt_prey_1 wt_prey_2 wt_prey_3 wt_prey_4 wt_prey_5 wt_prey_6 wt_prey_7 wt_prey_8 wt_prey_9 wt_prey_10 wt_prey_11 other 
  1 12 1 2 100 0 0 0 0 1
  1 12 1 3 100 0.78 0 0 0 0.22
  1 13 1 3 100 0 0 0 0 1
  1 13 1 4 100 0 1 0 0 0
  1 15 1 2 100 0 0 0 0 1
  1 18 1 1 100 0.25 0 0 0 0.75
  1 18 1 2 100 0 0 0 0 1
  1 18 1 3 100 0 0.16 0 0 0.84
  1 19 1 2 100 0 0.49 0 0 0.51
  1 19 1 3 100 0 0 0 0 1
  1 20 1 3 100 0 0.13 0 0 0.87
  1 21 1 2 100 0 0.08 0 0 0.92
  1 21 1 3 100 0 0.61 0 0 0.39
  1 24 1 3 100 0 0 0 0 1
  1 25 1 3 100 0 0.03 0 0 0.97
  1 26 1 3 100 0 0.42 0.05 0 0.53
  1 27 1 3 100 0 0.35 0 0 0.65
  1 28 1 3 100 0 0.66 0 0 0.34
  1 33 1 3 100 0 0 0 0 1
  1 34 1 3 100 0 0 0 0 1
  1 35 1 3 100 0 0.29 0 0 0.71
  1 38 1 3 100 0 0.1 0 0 0.9
  1 39 1 3 100 0 0.48 0 0 0.52
  1 40 1 2 100 0 0 0 0 1
  1 41 1 2 100 0 0 0.82 0 0.18
  1 8 4 2 100 0 0 0 0 1
  1 8 4 3 100 0 0 0 0 1
  1 11 4 3 100 0 0 0 0 1
  1 13 4 2 100 0 0 0 0 1
  1 13 4 3 100 0 0.78 0 0 0.22
  1 13 4 4 100 0 0.4 0 0 0.6
  1 14 4 3 100 0 0 0 0 1
  1 15 4 3 100 0 0.43 0 0 0.57
  1 15 4 4 100 0 0.07 0 0 0.93
  1 16 4 3 100 0 0.68 0 0 0.32
  1 16 4 4 100 0 0.45 0 0 0.55
  1 17 4 3 100 0 0 0 0 1
  1 18 4 3 100 0 0.05 0 0 0.95
  1 19 4 2 100 0 0 0 0 1
  1 19 4 3 100 0 0.79 0 0 0.21
  1 20 4 2 100 0 0 0 0 1
  1 20 4 3 100 0 0 0 0 1
  1 21 4 3 100 0 0.52 0 0 0.48
  1 22 4 2 100 0 0 0 0 1
  1 23 4 3 100 0 0.05 0 0 0.95
  1 24 4 3 100 0 0 0 0 1
  1 25 4 3 100 0 0 0 0 1
  1 25 4 4 100 0 1 0 0 0
  1 26 4 3 100 0 0 0 0 1
  1 27 4 2 100 0 1 0 0 0
  1 27 4 3 100 0 0.81 0 0 0.19
  1 28 4 2 100 0 0 0 0 1
  1 28 4 3 100 0 0.7 0 0 0.3
  1 29 4 3 100 0 0.05 0 0 0.95
  1 31 4 3 100 0 0.45 0 0 0.55
  1 31 4 4 100 0 0 0 0 1
  1 34 4 3 100 0 0.25 0.28 0 0.47
  1 40 4 3 100 0 0 0.38 0 0.62
  1 40 4 4 100 0 0 0.77 0 0.23
  1 42 4 3 100 0 0 0 0 1
# end survey diet proportion observations 
#  
