# This file was created using the write_tsDatFile function and used all the simulated data from sim_dta.rds found in repo:Hydra-self-testing
# Survey index data 
# Number of observations, init_int Nsurvey_obs
  166
# init_matrix obs_survey_biomass(1,Nsurvey_obs,1,5)
# survey year spp value cv
  1 1 4 71689.8920612884 0.212720515437525
  1 2 4 86902.5586712736 0.222168779300385
  1 3 4 64253.0140548145 0.394113240257454
  1 4 4 155382.592219617 0.310035034727007
  1 5 4 73714.0020461778 0.378629084128514
  1 6 4 78056.5849189 0.494427832556011
  1 7 4 39194.907259709 0.759062286891916
  1 8 4 318377.533868612 0.383150869515862
  1 9 4 94976.2531173826 0.48934963094834
  1 10 4 125235.416759106 0.382452035825211
  1 11 4 158644.371828699 0.566792532611316
  1 12 4 248893.073752641 0.381518572031255
  1 13 4 365209.755939424 0.438380584739347
  1 14 4 276219.047752887 0.482345652338289
  1 15 4 197809.866618656 0.420835086749712
  1 16 4 349699.629832319 0.515165860253858
  1 17 4 458819.574660951 0.559532625975744
  1 18 4 78485.4855661507 0.479008946214672
  1 19 4 201494.143738346 0.429419179801904
  1 20 4 217008.808531441 0.477074256852948
  1 21 4 253528.423240687 0.410621521476155
  1 22 4 172270.830951867 0.294672690077384
  1 23 4 124323.811458676 0.477447511398437
  1 24 4 213041.138434454 0.384568504019134
  1 25 4 89967.7013066564 0.333261603198005
  1 26 4 201857.998733753 0.685474246042822
  1 27 4 209537.92585168 0.286882992344226
  1 28 4 99671.1187754876 0.371822434434906
  1 29 4 244753.150992113 0.592639130460935
  1 30 4 249502.833263929 0.374062101432949
  1 31 4 199634.471148529 0.304499664309564
  1 32 4 162417.512665788 0.233962995093855
  1 33 4 135422.063116424 0.270006842918168
  1 34 4 243405.511564163 0.350007507053818
  1 35 4 181656.081887729 0.34274593698132
  1 36 4 215040.045640691 0.261906583866089
  1 37 4 204025.010606859 0.417429035160016
  1 38 4 204776.299148045 0.441211421515246
  1 39 4 258184.093978321 0.495234601454268
  1 40 4 193050.964518701 0.237858203733512
  1 41 4 242716.664441889 0.327346172729995
  1 42 4 172461.067532339 0.368315456462939
  1 1 2 227.912263797084 0.601375663623589
  1 4 2 365.151724237297 1
  1 5 2 284.628427502627 0.611089023955187
  1 6 2 186.701767713458 0.702037850017464
  1 7 2 35.3621142016286 0.948289691951521
  1 8 2 168.771353621887 0.544380631361087
  1 9 2 224.025420675545 0.5393131982084
  1 10 2 168.792412628089 0.88095039530815
  1 11 2 335.828144084528 0.799987970388403
  1 12 2 277.573078554993 0.774991903603438
  1 13 2 128.522509758256 0.863215133786584
  1 14 2 186.673203861576 0.704083892007286
  1 15 2 272.157897030459 0.457459057188701
  1 16 2 64.8615401655089 0.853197309912465
  1 17 2 215.351879222978 0.61116783920211
  1 18 2 111.409419568977 0.416775375911518
  1 19 2 2997.15701630111 0.69077510766454
  1 20 2 6697.54919962537 0.793751288508348
  1 21 2 2728.29752995044 0.339376634127756
  1 22 2 14923.3036224704 0.601950919776798
  1 23 2 1937.20166070177 0.658556209578282
  1 24 2 8190.23979870391 0.637453135075156
  1 25 2 4413.53619113098 0.510473149998029
  1 26 2 2682.83284005982 0.548437091427541
  1 27 2 2242.06800066024 0.492912195981742
  1 28 2 12088.6064746313 0.747597319880804
  1 29 2 2416.63132473919 0.451616070879294
  1 30 2 1247.44188737989 0.797269558848634
  1 31 2 1991.35365553644 0.666772556553203
  1 32 2 2876.37848121921 0.96787270074405
  1 33 2 5928.81355175989 0.404694020855087
  1 34 2 1423.96060222276 0.814873375751391
  1 35 2 8627.74990723865 0.533219898766676
  1 36 2 3856.12548766355 0.371953858881132
  1 37 2 3493.39439181157 0.791301167226987
  1 38 2 441.189539301235 0.633364993316759
  1 39 2 1481.77382462701 0.827253682697507
  1 40 2 1049.02812112119 0.900216415173481
  1 41 2 671.318072212123 0.957770995377006
  1 42 2 354.168226744494 0.55870584954739
  1 1 1 16146.1255366334 0.241799049430762
  1 2 1 14884.9118146042 0.142636213550947
  1 3 1 11539.3250675744 0.225478190042395
  1 4 1 12943.4629745813 0.323579734794357
  1 5 1 11438.2063644574 0.320666395151501
  1 6 1 12312.4778535319 0.452044832991261
  1 7 1 11437.3983612538 0.28209645893665
  1 8 1 17382.6171673635 0.414010381101596
  1 9 1 8138.88796688644 0.40638853202345
  1 10 1 13752.4846771183 0.290993157294119
  1 11 1 16702.1593488896 0.324615016521962
  1 12 1 14145.2118526532 0.294780938380682
  1 13 1 13861.8883088968 0.440402569626277
  1 14 1 13138.9990132232 0.372421878022742
  1 15 1 17604.6240298163 0.341871348717721
  1 16 1 3651.09985870593 0.416897355424411
  1 17 1 2531.63087740862 0.500820840736393
  1 18 1 4708.9655840439 0.389853340834037
  1 19 1 7325.57324172856 0.293941849282161
  1 20 1 5541.75683864322 0.525509720403112
  1 21 1 5692.66311377134 0.266433769579894
  1 22 1 7168.17498450858 0.374831371194202
  1 23 1 5803.81139858537 0.352011231642473
  1 24 1 8122.20924752522 0.34725908523047
  1 25 1 12120.9139990619 0.578696888706846
  1 26 1 4192.08848535043 0.459728456052307
  1 27 1 4692.4778635873 0.539982548576019
  1 28 1 3521.81092815675 0.364309332200766
  1 29 1 5226.89288965882 0.562793580097325
  1 30 1 4628.87624208455 0.420348818797864
  1 31 1 2164.40433343767 0.403753427903273
  1 32 1 4346.61839698443 0.491331418922754
  1 33 1 1542.32923016344 0.537081122476055
  1 34 1 2801.5267414349 0.379030815152119
  1 35 1 1583.5389469646 0.519511456600017
  1 36 1 1456.1672905444 0.556056214854877
  1 37 1 596.984495448352 0.588197671943964
  1 38 1 875.304744688228 0.324588369174256
  1 39 1 564.566981528435 0.501841796783066
  1 40 1 1233.65243097498 0.403101009292275
  1 41 1 627.082140901796 0.478602624152216
  1 42 1 1117.85574295263 0.646634922078809
  1 1 3 41.2747314077368 0.499484636786782
  1 2 3 150.017658562148 0.358153914340203
  1 3 3 276.082492943683 0.678339172154909
  1 4 3 346.101970521275 1
  1 5 3 1907.44702036167 0.693225535250834
  1 6 3 1622.51629948755 1
  1 7 3 1140.60419088624 0.912293822979085
  1 8 3 437.920500493043 0.655734850091527
  1 9 3 374.251675625624 0.670809892238012
  1 10 3 1232.30352478982 0.631102684426709
  1 11 3 252.473145180031 0.496475444687371
  1 12 3 843.942574089752 0.740682868109632
  1 13 3 538.676560876676 0.360862225436052
  1 14 3 440.937148841994 0.547901331396328
  1 15 3 598.875150810605 0.429608216382601
  1 16 3 533.964487468241 0.69118921143411
  1 17 3 238.907692945698 0.426971754606328
  1 18 3 272.143795974172 0.505524319387353
  1 19 3 360.228329577755 0.644591984223249
  1 20 3 70.1995794145352 0.899065435378594
  1 21 3 203.963866825038 0.543826822033971
  1 22 3 248.294685256031 0.88174616562504
  1 23 3 602.982136126023 0.408104676406013
  1 24 3 317.511041375638 0.92608255019157
  1 25 3 522.009210378022 0.648664057223823
  1 26 3 895.374344229066 0.695927823776047
  1 27 3 343.482958507215 0.708713243925404
  1 28 3 192.905702748346 0.489543853646182
  1 29 3 103.652728554616 0.703511357168505
  1 30 3 107.971528649062 0.631659802692532
  1 31 3 98.6852030848613 0.626570332091694
  1 32 3 49.3265448637438 0.661895735249442
  1 33 3 87.6990179233468 0.783155911787346
  1 34 3 172.32650463636 0.542775440757204
  1 35 3 577.771405027527 0.870542376054271
  1 36 3 133.75644104762 0.492193512682958
  1 37 3 255.95125755586 0.909630520329322
  1 38 3 371.740483082929 0.644773009949607
  1 39 3 244.808868162397 0.515045488987725
  1 40 3 287.288690987294 0.442573167063876
  1 41 3 118108.551565515 0.88587618368699
  1 42 3 85702.0882436089 0.983269433580366
# end survey index observations 
#  
# Survey size comp data 
# Number of observations, init_int Nsurvey_size_obs 
  166
# init_matrix obs_survey_size(1,Nsurvey_size_obs,1,ncol) 
# Survey  Year  Species Type (0=whole, 1=retained, 2=discard) InpN, proportion by length bin 
  1 1 1 0 57 0.0350877192982456 0.771929824561403 0.719298245614035 0.228070175438596 0
  1 2 1 0 65 0 0.584615384615385 0.692307692307692 0.261538461538462 0
  1 3 1 0 32 0.03125 1.1875 1.40625 0.5 0
  1 4 1 0 32 0.09375 2.1875 0.53125 0.3125 0
  1 5 1 0 21 0 2.76190476190476 1.52380952380952 0.476190476190476 0
  1 6 1 0 18 0.111111111111111 2.66666666666667 2.11111111111111 0.666666666666667 0
  1 7 1 0 25 0.04 2.04 1.64 0.28 0
  1 8 1 0 20 0.05 2.1 2.15 0.7 0
  1 9 1 0 16 0.125 4.75 1 0.375 0
  1 10 1 0 19 0.210526315789474 3.31578947368421 1.31578947368421 0.421052631578947 0
  1 11 1 0 20 0.1 2.4 1.9 0.6 0
  1 12 1 0 22 0 1.59090909090909 2.27272727272727 0.681818181818182 0
  1 13 1 0 23 0 1.60869565217391 1.95652173913043 0.782608695652174 0
  1 14 1 0 14 0.0714285714285714 2 3.28571428571429 1.78571428571429 0
  1 15 1 0 21 0.0476190476190476 1 1.85714285714286 1.85714285714286 0
  1 16 1 0 14 0 1.64285714285714 3.14285714285714 2.35714285714286 0
  1 17 1 0 17 0.0588235294117647 1.70588235294118 2.05882352941176 2.05882352941176 0
  1 18 1 0 19 0.210526315789474 4.36842105263158 0.421052631578947 0.263157894736842 0
  1 19 1 0 18 0.111111111111111 3.94444444444444 1.27777777777778 0.222222222222222 0
  1 20 1 0 15 0.133333333333333 3.4 2.26666666666667 0.866666666666667 0
  1 21 1 0 21 0.0476190476190476 1.85714285714286 2.0952380952381 0.761904761904762 0
  1 22 1 0 13 0.0769230769230769 2.76923076923077 3.46153846153846 1.38461538461538 0
  1 23 1 0 14 0.0714285714285714 2 3.35714285714286 1.71428571428571 0
  1 24 1 0 14 0.0714285714285714 1.85714285714286 3.5 1.71428571428571 0
  1 25 1 0 18 0.0555555555555556 1.11111111111111 2.5 1.88888888888889 0
  1 26 1 0 14 0 1.64285714285714 2.21428571428571 3.28571428571429 0
  1 27 1 0 23 0 1.39130434782609 1.21739130434783 1.73913043478261 0
  1 28 1 0 14 0.0714285714285714 2.14285714285714 2.5 2.42857142857143 0
  1 29 1 0 17 0 1.82352941176471 2.05882352941176 2 0
  1 30 1 0 18 0 1.38888888888889 1.88888888888889 2.27777777777778 0
  1 31 1 0 20 0.1 1.35 1.25 2.3 0
  1 32 1 0 10 0 2 3.6 4.4 0
  1 33 1 0 15 0 1.13333333333333 2.06666666666667 3.46666666666667 0
  1 34 1 0 18 0 1.27777777777778 1.38888888888889 2.88888888888889 0
  1 35 1 0 8 0.25 1.75 3.375 7.125 0
  1 36 1 0 12 0.0833333333333333 2.66666666666667 1.91666666666667 3.66666666666667 0
  1 37 1 0 8 0.375 3.875 3.375 4.875 0
  1 38 1 0 16 0 1.625 1.8125 2.8125 0
  1 39 1 0 10 0 3.1 2.8 4.1 0
  1 40 1 0 10 0.1 3.3 3.3 3.3 0
  1 41 1 0 13 0 2.53846153846154 2.30769230769231 2.84615384615385 0
  1 42 1 0 8 0.25 4.625 2.5 5.125 0
  1 1 2 0 11 0 0 4.36363636363636 4.45454545454545 0.272727272727273
  1 4 2 0 1 0 0 67 33 0
  1 5 2 0 5 0 0 10 10 0
  1 6 2 0 1 0 3 53 44 0
  1 7 2 0 3 0 0.666666666666667 18.3333333333333 14.3333333333333 0
  1 8 2 0 4 0 0.5 12.75 11.75 0
  1 9 2 0 5 0 0.2 13.8 6 0
  1 10 2 0 10 0 1 5.3 3.7 0
  1 11 2 0 13 0 0.153846153846154 6.15384615384615 1.38461538461538 0
  1 12 2 0 15 0 0 4.13333333333333 2.53333333333333 0
  1 13 2 0 9 0 0 5.55555555555556 5.55555555555556 0
  1 14 2 0 6 0 0 6.83333333333333 9.83333333333333 0
  1 15 2 0 13 0 0.0769230769230769 2.61538461538462 5 0
  1 16 2 0 10 0 0.1 2.5 7.4 0
  1 17 2 0 10 0 0.3 2.5 7.2 0
  1 18 2 0 18 0 3.05555555555556 1.66666666666667 0.833333333333333 0
  1 19 2 0 27 0 0.037037037037037 3.62962962962963 0.037037037037037 0
  1 20 2 0 23 0 0 3.08695652173913 1.26086956521739 0
  1 21 2 0 25 0 0.24 2.04 1.72 0
  1 22 2 0 9 0 0.111111111111111 9 2 0
  1 23 2 0 8 0 0.25 6.5 5.75 0
  1 24 2 0 9 0 0 7.22222222222222 3.88888888888889 0
  1 25 2 0 14 0 0.0714285714285714 3.57142857142857 3.5 0
  1 26 2 0 18 0 0.166666666666667 3.27777777777778 2.11111111111111 0
  1 27 2 0 16 0 0 4.75 1.5 0
  1 28 2 0 6 0 0 8.5 8.16666666666667 0
  1 29 2 0 8 0 0.375 4.75 7.375 0
  1 30 2 0 17 0 0.0588235294117647 4.47058823529412 1.35294117647059 0
  1 31 2 0 9 0 0.222222222222222 7.88888888888889 3 0
  1 32 2 0 30 0 0.1 2.23333333333333 1 0
  1 33 2 0 24 0 0.208333333333333 3.33333333333333 0.625 0
  1 34 2 0 25 0 0 3.16 0.84 0
  1 35 2 0 16 0 0.25 3.375 2.625 0
  1 36 2 0 13 0 0.0769230769230769 5.15384615384615 2.46153846153846 0
  1 37 2 0 8 0 0.125 6.125 6.25 0
  1 38 2 0 10 0 0 3.2 6.8 0
  1 39 2 0 13 0 0 2.30769230769231 5.38461538461539 0
  1 40 2 0 8 0 0 3.125 9.375 0
  1 41 2 0 5 0 0 5.6 14.4 0
  1 42 2 0 17 0 0.647058823529412 2.47058823529412 2.76470588235294 0
  1 1 3 0 27 0 2.40740740740741 0.37037037037037 0.925925925925926 0
  1 2 3 0 13 0 6.92307692307692 0.461538461538462 0.307692307692308 0
  1 3 3 0 5 0 13.6 6 0.4 0
  1 4 3 0 2 0 17.5 28 4.5 0
  1 5 3 0 5 0 5.2 12 2.8 0
  1 6 3 0 1 0 17 62 21 0
  1 7 3 0 3 0 5.66666666666667 24.6666666666667 3 0
  1 8 3 0 3 0 1 20.6666666666667 11.6666666666667 0
  1 9 3 0 4 0 2.5 13.75 8.75 0
  1 10 3 0 4 0 1.25 11.75 12 0
  1 11 3 0 4 0 12.5 5.75 6.75 0
  1 12 3 0 2 0 25.5 19 5.5 0
  1 13 3 0 8 0 4.125 7.125 1.25 0
  1 14 3 0 19 0 0.947368421052632 3.63157894736842 0.684210526315789 0
  1 15 3 0 15 0 1.06666666666667 4.2 1.4 0
  1 16 3 0 12 0 1.33333333333333 5.33333333333333 1.66666666666667 0
  1 17 3 0 14 0 1.21428571428571 4.28571428571429 1.64285714285714 0
  1 18 3 0 14 0 1.85714285714286 3.07142857142857 2.21428571428571 0
  1 19 3 0 15 0 1.8 2.8 2.06666666666667 0
  1 20 3 0 17 0 1.47058823529412 2.82352941176471 1.58823529411765 0
  1 21 3 0 12 0 1.58333333333333 4.08333333333333 2.66666666666667 0
  1 22 3 0 11 0 6.72727272727273 1.63636363636364 0.727272727272727 0
  1 23 3 0 16 0 3.0625 2.8125 0.375 0
  1 24 3 0 15 0 2.06666666666667 3.8 0.8 0
  1 25 3 0 4 0 6.5 16.25 2.25 0
  1 26 3 0 14 0 1.28571428571429 4.42857142857143 1.42857142857143 0
  1 27 3 0 6 0 2.33333333333333 11.1666666666667 3.16666666666667 0
  1 28 3 0 4 0 2.25 14.25 8.5 0
  1 29 3 0 2 0 2 34 14 0
  1 30 3 0 10 0 0.5 4.9 4.6 0
  1 31 3 0 9 0 1.33333333333333 4.77777777777778 5 0
  1 32 3 0 12 0 0.916666666666667 3.58333333333333 3.83333333333333 0
  1 33 3 0 5 0 17.2 1.2 1.6 0
  1 34 3 0 9 0.111111111111111 6.11111111111111 4.11111111111111 0.777777777777778 0
  1 35 3 0 5 0 6.8 12.4 0.8 0
  1 36 3 0 5 0 3.6 14.6 1.8 0
  1 37 3 0 3 0 8 15.3333333333333 10 0
  1 38 3 0 15 0 0.733333333333333 4.06666666666667 1.86666666666667 0
  1 39 3 0 12 0 1.5 5.08333333333333 1.75 0
  1 40 3 0 9 0 2.22222222222222 5.77777777777778 3.11111111111111 0
  1 41 3 0 8 0 2.5 7.125 2.875 0
  1 42 3 0 12 0 1.25 4.83333333333333 2.25 0
  1 1 4 0 86 0.0697674418604651 0.337209302325581 0.686046511627907 0.0697674418604651 0
  1 2 4 0 100 0.08 0.44 0.42 0.06 0
  1 3 4 0 33 0.242424242424242 1.48484848484848 1.06060606060606 0.242424242424242 0
  1 4 4 0 44 0.113636363636364 1.22727272727273 0.772727272727273 0.159090909090909 0
  1 5 4 0 34 0.0588235294117647 2.05882352941176 0.705882352941177 0.117647058823529 0
  1 6 4 0 40 0.175 1.725 0.5 0.1 0
  1 7 4 0 39 0.102564102564103 1.71794871794872 0.564102564102564 0.179487179487179 0
  1 8 4 0 49 0.163265306122449 1.40816326530612 0.448979591836735 0.0204081632653061 0
  1 9 4 0 36 0.166666666666667 1.97222222222222 0.444444444444444 0.194444444444444 0
  1 10 4 0 43 0 1.67441860465116 0.558139534883721 0.0930232558139535 0
  1 11 4 0 41 0.219512195121951 1.58536585365854 0.585365853658537 0.0487804878048781 0
  1 12 4 0 35 0.114285714285714 1.85714285714286 0.742857142857143 0.142857142857143 0
  1 13 4 0 32 0.09375 2.03125 0.8125 0.1875 0
  1 14 4 0 21 0.19047619047619 3.28571428571429 1.0952380952381 0.19047619047619 0
  1 15 4 0 30 0.133333333333333 2.1 0.9 0.2 0
  1 16 4 0 19 0.157894736842105 3.47368421052632 1.47368421052632 0.157894736842105 0
  1 17 4 0 35 0.171428571428571 1.85714285714286 0.714285714285714 0.114285714285714 0
  1 18 4 0 27 0.222222222222222 2.18518518518519 1.03703703703704 0.259259259259259 0
  1 19 4 0 34 0.147058823529412 1.67647058823529 0.852941176470588 0.264705882352941 0
  1 20 4 0 42 0.0476190476190476 1.47619047619048 0.642857142857143 0.214285714285714 0
  1 21 4 0 41 0.0975609756097561 1.36585365853659 0.75609756097561 0.219512195121951 0
  1 22 4 0 44 0.113636363636364 1.45454545454545 0.636363636363636 0.0681818181818182 0
  1 23 4 0 28 0.0714285714285714 2.57142857142857 0.857142857142857 0.0714285714285714 0
  1 24 4 0 34 0.117647058823529 1.58823529411765 1 0.235294117647059 0
  1 25 4 0 36 0.138888888888889 1.66666666666667 0.861111111111111 0.111111111111111 0
  1 26 4 0 31 0.032258064516129 1.87096774193548 1.03225806451613 0.290322580645161 0
  1 27 4 0 39 0.128205128205128 1.43589743589744 0.769230769230769 0.230769230769231 0
  1 28 4 0 38 0.184210526315789 1.28947368421053 0.921052631578947 0.236842105263158 0
  1 29 4 0 48 0.104166666666667 1.29166666666667 0.5 0.1875 0
  1 30 4 0 38 0.236842105263158 1.34210526315789 0.684210526315789 0.368421052631579 0
  1 31 4 0 61 0.0491803278688525 0.852459016393443 0.590163934426229 0.147540983606557 0
  1 32 4 0 48 0.145833333333333 1.39583333333333 0.4375 0.104166666666667 0
  1 33 4 0 49 0.0612244897959184 1.28571428571429 0.551020408163265 0.142857142857143 0
  1 34 4 0 44 0 1.22727272727273 0.818181818181818 0.227272727272727 0
  1 35 4 0 61 0.0491803278688525 0.950819672131147 0.540983606557377 0.0983606557377049 0
  1 36 4 0 67 0.0597014925373134 0.91044776119403 0.402985074626866 0.119402985074627 0
  1 37 4 0 57 0.0526315789473684 1.14035087719298 0.43859649122807 0.12280701754386 0
  1 38 4 0 38 0.157894736842105 1.73684210526316 0.657894736842105 0.0789473684210526 0
  1 39 4 0 52 0.0769230769230769 1.09615384615385 0.538461538461538 0.211538461538462 0
  1 40 4 0 43 0.0930232558139535 1.44186046511628 0.674418604651163 0.116279069767442 0
  1 41 4 0 42 0.0476190476190476 1.66666666666667 0.476190476190476 0.19047619047619 0
  1 42 4 0 61 0.0163934426229508 0.950819672131147 0.491803278688525 0.180327868852459 0
# end survey length observations 
#  
# Fishery catch data 
# Number of observations, init_int Ncatch_obs
  168
# init_matrix obs_catch_biomass(1,Ncatch_obs,1,6) 
# Fleet	Area	Year	Species	Catch(biomass t)	CV 
  1 1 1 1 19228.9602009797 0.05
  1 1 2 1 22978.4996835561 0.05
  1 1 3 1 25530.3253587651 0.05
  1 1 4 1 20481.4667036079 0.05
  1 1 5 1 20458.3336111478 0.05
  1 1 6 1 20894.1265573563 0.05
  1 1 7 1 22219.5070084901 0.05
  1 1 8 1 22835.2570134149 0.05
  1 1 9 1 20364.9146703857 0.05
  1 1 10 1 20583.8180322231 0.05
  1 1 11 1 21141.6637183374 0.05
  1 1 12 1 23559.8918286759 0.05
  1 1 13 1 21421.34256896 0.05
  1 1 14 1 18943.67975684 0.05
  1 1 15 1 16106.4083367033 0.05
  1 1 16 1 13705.7033933405 0.05
  1 1 17 1 9610.31793517876 0.05
  1 1 18 1 8102.81511696738 0.05
  1 1 19 1 7681.20414414754 0.05
  1 1 20 1 9126.86793693296 0.05
  1 1 21 1 3894.17958186334 0.05
  1 1 22 1 5022.77660865709 0.05
  1 1 23 1 4965.14579803877 0.05
  1 1 24 1 5375.41996114739 0.05
  1 1 25 1 4930.47534938027 0.05
  1 1 26 1 4813.50910762752 0.05
  1 1 27 1 4180.68120136753 0.05
  1 1 28 1 3732.05392716682 0.05
  1 1 29 1 3447.00949585885 0.05
  1 1 30 1 3202.25023312235 0.05
  1 1 31 1 2812.72970483324 0.05
  1 1 32 1 2271.43880282185 0.05
  1 1 33 1 2008.15093949687 0.05
  1 1 34 1 2056.02626991762 0.05
  1 1 35 1 1564.99926485001 0.05
  1 1 36 1 1385.64679443753 0.05
  1 1 37 1 1170.46640268477 0.05
  1 1 38 1 1088.53484671996 0.05
  1 1 39 1 980.769302981668 0.05
  1 1 40 1 904.194647500166 0.05
  1 1 41 1 752.533353352487 0.05
  1 1 42 1 654.620535094355 0.05
  1 1 1 4 6634.28424535514 0.05
  1 1 2 4 6505.75721939466 0.05
  1 1 3 4 6751.9698459619 0.05
  1 1 4 4 6436.55989835087 0.05
  1 1 5 4 6937.65280632177 0.05
  1 1 6 4 7497.49041555716 0.05
  1 1 7 4 7087.43315539822 0.05
  1 1 8 4 7642.58266624686 0.05
  1 1 9 4 7759.95701668678 0.05
  1 1 10 4 9813.135818267 0.05
  1 1 11 4 8734.43911662099 0.05
  1 1 12 4 9527.2864887814 0.05
  1 1 13 4 9626.20778936808 0.05
  1 1 14 4 10585.5940519313 0.05
  1 1 15 4 10691.0586672453 0.05
  1 1 16 4 11401.2315133858 0.05
  1 1 17 4 10848.8349895728 0.05
  1 1 18 4 11434.2596956057 0.05
  1 1 19 4 10453.8284531995 0.05
  1 1 20 4 10324.9835763061 0.05
  1 1 21 4 4675.83305553352 0.05
  1 1 22 4 4274.2640707132 0.05
  1 1 23 4 4485.33524341563 0.05
  1 1 24 4 4861.31309662731 0.05
  1 1 25 4 4682.57062673269 0.05
  1 1 26 4 4823.42937994793 0.05
  1 1 27 4 4586.83358345743 0.05
  1 1 28 4 4439.5217017703 0.05
  1 1 29 4 4645.86265586747 0.05
  1 1 30 4 4493.51897281751 0.05
  1 1 31 4 4668.03479643495 0.05
  1 1 32 4 4131.34919213275 0.05
  1 1 33 4 4379.6235778063 0.05
  1 1 34 4 4678.16516013279 0.05
  1 1 35 4 4416.90351078783 0.05
  1 1 36 4 4447.66812995367 0.05
  1 1 37 4 4405.50044052618 0.05
  1 1 38 4 4326.9040292577 0.05
  1 1 39 4 4973.4158197288 0.05
  1 1 40 4 4851.82316663457 0.05
  1 1 41 4 4557.25623920473 0.05
  1 1 42 4 4315.55375810345 0.05
  2 1 1 2 1367.73650557177 0.05
  2 1 2 2 1216.49314964438 0.05
  2 1 3 2 940.588156646371 0.05
  2 1 4 2 896.800302778228 0.05
  2 1 5 2 1048.35728241009 0.05
  2 1 6 2 1066.08431189328 0.05
  2 1 7 2 1059.30284834333 0.05
  2 1 8 2 808.109436312249 0.05
  2 1 9 2 877.192118401871 0.05
  2 1 10 2 917.752758091965 0.05
  2 1 11 2 949.167770718503 0.05
  2 1 12 2 1379.29290273473 0.05
  2 1 13 2 2247.81133957296 0.05
  2 1 14 2 2073.18681114127 0.05
  2 1 15 2 1504.50033317363 0.05
  2 1 16 2 1050.52355110799 0.05
  2 1 17 2 671.54098544548 0.05
  2 1 18 2 498.716151970745 0.05
  2 1 19 2 1911.78766787393 0.05
  2 1 20 2 7219.29771491935 0.05
  2 1 21 2 15332.6812856863 0.05
  2 1 22 2 12955.9902905058 0.05
  2 1 23 2 14625.3064225414 0.05
  2 1 24 2 16490.1651834204 0.05
  2 1 25 2 14721.6624637663 0.05
  2 1 26 2 12745.8152918513 0.05
  2 1 27 2 11127.0866635735 0.05
  2 1 28 2 11810.9109556372 0.05
  2 1 29 2 11289.9993096391 0.05
  2 1 30 2 9237.25281340514 0.05
  2 1 31 2 9679.84320522293 0.05
  2 1 32 2 13471.215670332 0.05
  2 1 33 2 15764.4442502503 0.05
  2 1 34 2 16921.0830647101 0.05
  2 1 35 2 21713.2946706762 0.05
  2 1 36 2 20294.1443963492 0.05
  2 1 37 2 17290.0589732947 0.05
  2 1 38 2 17875.6399851288 0.05
  2 1 39 2 11962.3592903805 0.05
  2 1 40 2 7288.75835332786 0.05
  2 1 41 2 4897.75771993664 0.05
  2 1 42 2 3150.53351216107 0.05
  2 1 1 3 437.713834438161 0.05
  2 1 2 3 333.633775495904 0.05
  2 1 3 3 321.144327186914 0.05
  2 1 4 3 701.10825078688 0.05
  2 1 5 3 1653.63018025687 0.05
  2 1 6 3 2275.90236602213 0.05
  2 1 7 3 2762.55599232968 0.05
  2 1 8 3 3160.51001161308 0.05
  2 1 9 3 2992.72633145266 0.05
  2 1 10 3 2550.9674097029 0.05
  2 1 11 3 2199.79363679726 0.05
  2 1 12 3 1871.49076284587 0.05
  2 1 13 3 1679.6052836332 0.05
  2 1 14 3 1738.90577865838 0.05
  2 1 15 3 1729.91728588918 0.05
  2 1 16 3 1874.60878709549 0.05
  2 1 17 3 1878.15278589296 0.05
  2 1 18 3 1601.75871131857 0.05
  2 1 19 3 1298.34546019841 0.05
  2 1 20 3 1108.21970265097 0.05
  2 1 21 3 996.095488246408 0.05
  2 1 22 3 761.804476251615 0.05
  2 1 23 3 745.853613154003 0.05
  2 1 24 3 748.598549894571 0.05
  2 1 25 3 945.69619596484 0.05
  2 1 26 3 1061.25333323465 0.05
  2 1 27 3 1153.51820606181 0.05
  2 1 28 3 1221.59371135954 0.05
  2 1 29 3 1222.23291374577 0.05
  2 1 30 3 943.207525984428 0.05
  2 1 31 3 777.732991805335 0.05
  2 1 32 3 630.999713823947 0.05
  2 1 33 3 482.136176547193 0.05
  2 1 34 3 369.62940059528 0.05
  2 1 35 3 427.76969545699 0.05
  2 1 36 3 800.387911022184 0.05
  2 1 37 3 975.238420384712 0.05
  2 1 38 3 1179.25873729741 0.05
  2 1 39 3 1133.04166780959 0.05
  2 1 40 3 1179.33267551789 0.05
  2 1 41 3 18199.4383457146 0.05
  2 1 42 3 23866.1761133349 0.05
# end catch observations 
#  
# Fishery size comp data 
# Number of observations, init_int Ncatch_size_obs 
  168
# init_matrix obs_catch_size(1,Ncatch_size_obs,1,ncol) 
# Fleet Area  Year  Species Type (0=whole, 1=retained, 2=discard) InpN, proportion by size bin 
  1 1 1 1 0 81 0.0617283950617284 0.716049382716049 0.444444444444444 0 0.0123456790123457
  1 1 2 1 0 73 0.0136986301369863 0.616438356164384 0.616438356164384 0.123287671232877 0
  1 1 3 1 0 65 0.0923076923076923 0.492307692307692 0.661538461538462 0.261538461538462 0.0307692307692308
  1 1 4 1 0 56 1.19642857142857 0.178571428571429 0.25 0.160714285714286 0
  1 1 5 1 0 120 0.258333333333333 0.341666666666667 0.141666666666667 0.0916666666666667 0
  1 1 6 1 0 130 0.130769230769231 0.338461538461538 0.184615384615385 0.115384615384615 0
  1 1 7 1 0 94 0.223404255319149 0.234042553191489 0.446808510638298 0.159574468085106 0
  1 1 8 1 0 94 0.0851063829787234 0.340425531914894 0.457446808510638 0.180851063829787 0
  1 1 9 1 0 82 0.817073170731707 0.121951219512195 0.170731707317073 0.109756097560976 0
  1 1 10 1 0 76 0.342105263157895 0.618421052631579 0.157894736842105 0.197368421052632 0
  1 1 11 1 0 74 0.216216216216216 0.716216216216216 0.337837837837838 0.0810810810810811 0
  1 1 12 1 0 65 0.230769230769231 0.538461538461538 0.553846153846154 0.215384615384615 0
  1 1 13 1 0 77 0.103896103896104 0.363636363636364 0.545454545454545 0.285714285714286 0
  1 1 14 1 0 88 0.102272727272727 0.159090909090909 0.431818181818182 0.443181818181818 0
  1 1 15 1 0 66 0.106060606060606 0.242424242424242 0.681818181818182 0.484848484848485 0
  1 1 16 1 0 69 0.159420289855072 0.289855072463768 0.434782608695652 0.565217391304348 0
  1 1 17 1 0 43 0.372093023255814 0.209302325581395 0.720930232558139 1.02325581395349 0
  1 1 18 1 0 34 2.32352941176471 0.0882352941176471 0.264705882352941 0.264705882352941 0
  1 1 19 1 0 55 0.6 0.872727272727273 0.127272727272727 0.218181818181818 0
  1 1 20 1 0 64 0.296875 0.703125 0.40625 0.15625 0
  1 1 21 1 0 77 0.168831168831169 0.415584415584416 0.597402597402597 0.116883116883117 0
  1 1 22 1 0 67 0.0746268656716418 0.537313432835821 0.537313432835821 0.343283582089552 0
  1 1 23 1 0 133 0.0676691729323308 0.203007518796992 0.24812030075188 0.233082706766917 0
  1 1 24 1 0 98 0.0306122448979592 0.173469387755102 0.428571428571429 0.387755102040816 0
  1 1 25 1 0 91 0.0549450549450549 0.208791208791209 0.395604395604396 0.43956043956044 0
  1 1 26 1 0 77 0.116883116883117 0.168831168831169 0.467532467532468 0.545454545454545 0
  1 1 27 1 0 102 0.147058823529412 0.107843137254902 0.284313725490196 0.441176470588235 0
  1 1 28 1 0 76 0.144736842105263 0.276315789473684 0.381578947368421 0.513157894736842 0
  1 1 29 1 0 110 0.1 0.209090909090909 0.181818181818182 0.418181818181818 0
  1 1 30 1 0 100 0.03 0.22 0.26 0.49 0
  1 1 31 1 0 108 0.037037037037037 0.185185185185185 0.314814814814815 0.388888888888889 0
  1 1 32 1 0 118 0.0254237288135593 0.144067796610169 0.245762711864407 0.432203389830508 0
  1 1 33 1 0 129 0.0387596899224806 0.0930232558139535 0.201550387596899 0.441860465116279 0
  1 1 34 1 0 90 0.0888888888888889 0.0777777777777778 0.3 0.644444444444444 0
  1 1 35 1 0 69 0.289855072463768 0.0869565217391304 0.347826086956522 0.72463768115942 0
  1 1 36 1 0 80 0.2125 0.2 0.2375 0.6 0
  1 1 37 1 0 62 0.193548387096774 0.209677419354839 0.290322580645161 0.919354838709677 0
  1 1 38 1 0 94 0.0957446808510638 0.180851063829787 0.372340425531915 0.414893617021277 0
  1 1 39 1 0 75 0.146666666666667 0.293333333333333 0.28 0.613333333333333 0
  1 1 40 1 0 75 0.16 0.186666666666667 0.346666666666667 0.64 0
  1 1 41 1 0 35 0.514285714285714 0.314285714285714 0.657142857142857 1.37142857142857 0
  1 1 42 1 0 22 0.909090909090909 0.909090909090909 0.818181818181818 1.90909090909091 0
  1 1 1 4 0 5 0 0 14.6 1.2 4.2
  1 1 2 4 0 5 3 0 5.4 9.6 2
  1 1 3 4 0 5 0.2 6.2 2.4 10.4 0.8
  1 1 4 4 0 5 0.4 3.4 11.4 4 0.8
  1 1 5 4 0 5 1.2 1.6 6.8 10.4 0
  1 1 6 4 0 5 1 0.8 6.2 12 0
  1 1 7 4 0 5 0.6 2.6 6.8 10 0
  1 1 8 4 0 5 0.8 2.8 5.6 10.8 0
  1 1 9 4 0 5 0.8 3.2 8 8 0
  1 1 10 4 0 5 4.6 2.6 5.4 7.4 0
  1 1 11 4 0 1 10 51 17 22 0
  1 1 12 4 0 5 0.6 4 12.2 3.2 0
  1 1 13 4 0 1 0 2 45 53 0
  1 1 14 4 0 2 0 2 15 33 0
  1 1 15 4 0 8 0 0.25 2.875 9.375 0
  1 1 16 4 0 3 0 0.333333333333333 4.33333333333333 28.6666666666667 0
  1 1 17 4 0 3 5.33333333333333 0.333333333333333 3.66666666666667 24 0
  1 1 18 4 0 1 82 6 1 11 0
  1 1 19 4 0 3 2 29.6666666666667 1.33333333333333 0.333333333333333 0
  1 1 20 4 0 3 1 5.33333333333333 26.6666666666667 0.333333333333333 0
  1 1 21 4 0 3 9 0.333333333333333 12.6666666666667 11.3333333333333 0
  1 1 22 4 0 2 0.5 21 7.5 21 0
  1 1 23 4 0 6 2.66666666666667 1.16666666666667 8.5 4.33333333333333 0
  1 1 24 4 0 1 1 21 36 42 0
  1 1 25 4 0 1 15 7 33 45 0
  1 1 26 4 0 2 4 8 12 26 0
  1 1 27 4 0 2 0 15.5 12 22.5 0
  1 1 28 4 0 4 0.75 2.25 11.75 10.25 0
  1 1 29 4 0 7 2.28571428571429 1 3.57142857142857 7.42857142857143 0
  1 1 30 4 0 6 0.166666666666667 7 2.5 7 0
  1 1 31 4 0 10 1.9 0.7 5.2 2.2 0
  1 1 32 4 0 7 1.85714285714286 4.57142857142857 3.28571428571429 4.57142857142857 0
  1 1 33 4 0 15 1.46666666666667 1.53333333333333 1.93333333333333 1.73333333333333 0
  1 1 34 4 0 19 0 2.26315789473684 1.63157894736842 1.36842105263158 0
  1 1 35 4 0 13 1.38461538461538 0.692307692307692 3.61538461538462 2 0
  1 1 36 4 0 23 0.0434782608695652 1.39130434782609 0.782608695652174 2.1304347826087 0
  1 1 37 4 0 7 0 0.714285714285714 7.42857142857143 6.14285714285714 0
  1 1 38 4 0 7 0 0.428571428571429 5.57142857142857 8.28571428571429 0
  1 1 39 4 0 19 0 0.157894736842105 1.21052631578947 3.89473684210526 0
  1 1 40 4 0 25 0 0.12 0.52 3.36 0
  1 1 41 4 0 31 0 0.193548387096774 0.451612903225806 2.58064516129032 0
  1 1 42 4 0 31 0.741935483870968 0.258064516129032 0.225806451612903 2 0
  2 1 1 2 0 2 2.5 0 4.5 43 0
  2 1 2 2 0 5 7.2 1.6 0.4 10.8 0
  2 1 3 2 0 2 7 25 6.5 11.5 0
  2 1 4 2 0 5 0.6 6.2 11.4 1.8 0
  2 1 5 2 0 5 0 3 10 7 0
  2 1 6 2 0 5 0 1 9 10 0
  2 1 7 2 0 5 0 2.2 7 10.8 0
  2 1 8 2 0 1 0 3 27 70 0
  2 1 9 2 0 5 0 0.2 4.4 15.4 0
  2 1 10 2 0 5 0.2 0.2 4.8 14.8 0
  2 1 11 2 0 2 4.5 1 8 36.5 0
  2 1 12 2 0 5 0.4 2.6 3.2 13.8 0
  2 1 13 2 0 5 0 2.8 6 11.2 0
  2 1 14 2 0 5 0.2 1.4 6.4 12 0
  2 1 15 2 0 5 0 1.6 6.4 12 0
  2 1 16 2 0 5 0 0.4 7.2 12.4 0
  2 1 17 2 0 5 0 0.6 5.4 14 0
  2 1 18 2 0 5 0.2 0.4 4.2 15.2 0
  2 1 19 2 0 5 0.4 0.4 3.8 15.4 0
  2 1 20 2 0 30 0 0.133333333333333 0.666666666666667 2.53333333333333 0
  2 1 21 2 0 46 0 0.0652173913043478 0.347826086956522 1.76086956521739 0
  2 1 22 2 0 10 1.2 0.2 1.9 6.7 0
  2 1 23 2 0 19 0.157894736842105 1.21052631578947 0.631578947368421 3.26315789473684 0
  2 1 24 2 0 61 0.0655737704918033 0.327868852459016 0.80327868852459 0.442622950819672 0
  2 1 25 2 0 29 0 0.344827586206897 1.10344827586207 2 0
  2 1 26 2 0 32 0 0.15625 1.15625 1.8125 0
  2 1 27 2 0 16 0.125 0.1875 1.875 4.0625 0
  2 1 28 2 0 31 0 0.0645161290322581 0.774193548387097 2.38709677419355 0
  2 1 29 2 0 44 0 0 0.454545454545455 1.81818181818182 0
  2 1 30 2 0 29 0 0.103448275862069 0.689655172413793 2.6551724137931 0
  2 1 31 2 0 25 0 0 0.76 3.24 0
  2 1 32 2 0 22 0.0454545454545455 0.0909090909090909 0.863636363636364 3.54545454545455 0
  2 1 33 2 0 35 0.485714285714286 0.0285714285714286 0.314285714285714 2.02857142857143 0
  2 1 34 2 0 28 0.285714285714286 1.39285714285714 0.285714285714286 1.60714285714286 0
  2 1 35 2 0 45 0.0444444444444444 0.777777777777778 0.844444444444444 0.555555555555556 0
  2 1 36 2 0 51 0 0.294117647058824 0.882352941176471 0.784313725490196 0
  2 1 37 2 0 41 0.024390243902439 0.0975609756097561 1.1219512195122 1.19512195121951 0
  2 1 38 2 0 36 0 0.0555555555555556 1.13888888888889 1.58333333333333 0
  2 1 39 2 0 20 0.05 0.2 1.6 3.15 0
  2 1 40 2 0 14 0 0.285714285714286 1.42857142857143 5.42857142857143 0
  2 1 41 2 0 17 0 0.0588235294117647 1.58823529411765 4.23529411764706 0
  2 1 42 2 0 24 0.0416666666666667 0.0833333333333333 1.33333333333333 2.70833333333333 0
  2 1 1 3 0 1 41 0 58 1 0
  2 1 2 3 0 5 9.6 1.2 9 0.2 0
  2 1 3 3 0 5 12.2 2.2 4.6 1 0
  2 1 4 3 0 1 57 18 18 7 0
  2 1 5 3 0 6 8.66666666666667 5.5 1.83333333333333 0.666666666666667 0
  2 1 6 3 0 4 12.25 7.5 3.75 1.5 0
  2 1 7 3 0 5 9.8 5.8 3.4 1 0
  2 1 8 3 0 1 40 39 15 6 0
  2 1 9 3 0 1 45 37 15 3 0
  2 1 10 3 0 1 44 36 18 2 0
  2 1 11 3 0 2 25 13.5 7.5 4 0
  2 1 12 3 0 5 10.2 6.8 2.8 0.2 0
  2 1 13 3 0 4 10.5 10.5 3 1 0
  2 1 14 3 0 8 5 4.625 2 0.875 0
  2 1 15 3 0 11 3.63636363636364 3 2 0.454545454545455 0
  2 1 16 3 0 5 9.2 5.6 4 1.2 0
  2 1 17 3 0 5 9.2 5.6 4.2 1 0
  2 1 18 3 0 1 41 34 21 4 0
  2 1 19 3 0 1 52 33 9 6 0
  2 1 20 3 0 4 10 8.25 4.5 2.25 0
  2 1 21 3 0 3 18 9.33333333333333 5 1 0
  2 1 22 3 0 4 10.5 9.25 3.25 2 0
  2 1 23 3 0 3 13.6666666666667 10 8 1.66666666666667 0
  2 1 24 3 0 3 13 8 8.66666666666667 3.66666666666667 0
  2 1 25 3 0 2 19.5 15.5 9.5 5.5 0
  2 1 26 3 0 4 6.25 8.25 6.75 3.75 0
  2 1 27 3 0 5 6.2 7.4 4.4 2 0
  2 1 28 3 0 4 8.5 6.5 7.5 2.5 0
  2 1 29 3 0 4 9.5 6 6.5 3 0
  2 1 30 3 0 24 1.625 1.08333333333333 1.04166666666667 0.416666666666667 0
  2 1 31 3 0 10 3.6 3.3 1.9 1.2 0
  2 1 32 3 0 12 4.16666666666667 2.08333333333333 1.58333333333333 0.5 0
  2 1 33 3 0 4 10.75 6.25 6.5 1.5 0
  2 1 34 3 0 6 5.16666666666667 6.33333333333333 3.83333333333333 1.33333333333333 0
  2 1 35 3 0 2 17 17.5 10 5.5 0
  2 1 36 3 0 10 3.8 2.7 2 1.5 0
  2 1 37 3 0 9 5.33333333333333 3.66666666666667 1.33333333333333 0.777777777777778 0
  2 1 38 3 0 13 3 2 2.30769230769231 0.384615384615385 0
  2 1 39 3 0 16 2.1875 2.1875 1.3125 0.5625 0
  2 1 40 3 0 27 1.44444444444444 1.37037037037037 0.555555555555556 0.333333333333333 0
  2 1 41 3 0 15 2.33333333333333 2.4 1.2 0.733333333333333 0
  2 1 42 3 0 16 2.4375 2 1 0.8125 0
# end fishery length observations 
#  
# Survey diet proportion observations 
# Number of observations, init_int Ndietprop_obs 
  60
# init_matrix obs_dietprop(1,Ndietprop_obs,1,ncol) 
# Survey  Year  Predator  Predator_size InpN  wt_prey_1 wt_prey_2 wt_prey_3 wt_prey_4 wt_prey_5 wt_prey_6 wt_prey_7 wt_prey_8 wt_prey_9 wt_prey_10 wt_prey_11 other 
  1 12 1 2 100 0 0 0 0 1
  1 12 1 3 100 0.71 0 0 0 0.29
  1 13 1 3 100 0 0 0 0 1
  1 13 1 4 100 0 1 0 0 0
  1 15 1 2 100 0 0 0 0 1
  1 18 1 1 100 0.82 0 0 0 0.18
  1 18 1 2 100 0 0 0 0 1
  1 18 1 3 100 0 0.41 0 0 0.59
  1 19 1 2 100 0 0 0 0 1
  1 19 1 3 100 0 0 0 0 1
  1 20 1 3 100 0 0 0 0 1
  1 21 1 2 100 0 0.15 0 0 0.85
  1 21 1 3 100 0 0.59 0 0 0.41
  1 24 1 3 100 0 0 0 0 1
  1 25 1 3 100 0 0 0 0 1
  1 26 1 3 100 0 0.89 0 0 0.11
  1 27 1 3 100 0 0.81 0 0 0.19
  1 28 1 3 100 0 0.36 0 0 0.64
  1 33 1 3 100 0 0 0 0 1
  1 34 1 3 100 0 0 0 0 1
  1 35 1 3 100 0 0.3 0 0 0.7
  1 38 1 3 100 0 0 0 0 1
  1 39 1 3 100 0 0.82 0 0 0.18
  1 40 1 2 100 0 0 0 0 1
  1 41 1 2 100 0 0 1 0 0
  1 8 4 2 100 0 0 0 0 1
  1 8 4 3 100 0 0 0 0 1
  1 11 4 3 100 0 0 0 0 1
  1 13 4 2 100 0 0 0 0 1
  1 13 4 3 100 0 0.52 0 0 0.48
  1 13 4 4 100 0 0.49 0 0 0.51
  1 14 4 3 100 0 0 0 0 1
  1 15 4 3 100 0 0.51 0 0 0.49
  1 15 4 4 100 0 0 0 0 1
  1 16 4 3 100 0 0.99 0 0 0.01
  1 16 4 4 100 0 0.58 0 0 0.42
  1 17 4 3 100 0 0 0 0 1
  1 18 4 3 100 0 0 0 0 1
  1 19 4 2 100 0 0 0 0 1
  1 19 4 3 100 0 0.92 0 0 0.08
  1 20 4 2 100 0 0 0 0 1
  1 20 4 3 100 0 0 0 0 1
  1 21 4 3 100 0 0.16 0 0 0.84
  1 22 4 2 100 0 0 0 0 1
  1 23 4 3 100 0 0 0 0 1
  1 24 4 3 100 0 0 0 0 1
  1 25 4 3 100 0 0 0 0 1
  1 25 4 4 100 0 1 0 0 0
  1 26 4 3 100 0 0 0 0 1
  1 27 4 2 100 0 1 0 0 0
  1 27 4 3 100 0 1 0 0 0
  1 28 4 2 100 0 0 0 0 1
  1 28 4 3 100 0 0.87 0 0 0.13
  1 29 4 3 100 0 0 0 0 1
  1 31 4 3 100 0 0.59 0 0 0.41
  1 31 4 4 100 0 0 0 0 1
  1 34 4 3 100 0 0.01 0.62 0 0.37
  1 40 4 3 100 0 0 0.23 0 0.77
  1 40 4 4 100 0 0 0.94 0 0.06
  1 42 4 3 100 0 0 0 0 1
# end survey diet proportion observations 
#  
