# This file was created using the write_tsDatFile function and used all the simulated data from sim_dta.rds found in repo:Hydra-self-testing
# Survey index data 
# Number of observations, init_int Nsurvey_obs
  166
# init_matrix obs_survey_biomass(1,Nsurvey_obs,1,5)
# survey year spp value cv
  1 1 4 93889.6194731536 0.212720515437525
  1 2 4 127693.665030818 0.222168779300385
  1 3 4 82935.2798517503 0.394113240257454
  1 4 4 93666.4061227488 0.310035034727007
  1 5 4 49708.3658575787 0.378629084128514
  1 6 4 97493.0387414514 0.494427832556011
  1 7 4 29068.1511925315 0.759062286891916
  1 8 4 118982.587033866 0.383150869515862
  1 9 4 160559.392179303 0.48934963094834
  1 10 4 147382.777323835 0.382452035825211
  1 11 4 134968.951091432 0.566792532611316
  1 12 4 152958.148115209 0.381518572031255
  1 13 4 502803.99199774 0.438380584739347
  1 14 4 196767.207672404 0.482345652338289
  1 15 4 171825.399281857 0.420835086749712
  1 16 4 212090.089859127 0.515165860253858
  1 17 4 327806.086183937 0.559532625975744
  1 18 4 176108.220086527 0.479008946214672
  1 19 4 405030.153490438 0.429419179801904
  1 20 4 318533.466198822 0.477074256852948
  1 21 4 114933.010756364 0.410621521476155
  1 22 4 257260.031468863 0.294672690077384
  1 23 4 184021.169921579 0.477447511398437
  1 24 4 192729.531934833 0.384568504019134
  1 25 4 247435.002699623 0.333261603198005
  1 26 4 337883.292470824 0.685474246042822
  1 27 4 232366.882376749 0.286882992344226
  1 28 4 153723.264085426 0.371822434434906
  1 29 4 98327.1815873424 0.592639130460935
  1 30 4 236024.126256575 0.374062101432949
  1 31 4 142743.443288235 0.304499664309564
  1 32 4 155683.929413232 0.233962995093855
  1 33 4 186280.592150602 0.270006842918168
  1 34 4 195014.863325686 0.350007507053818
  1 35 4 161354.842232872 0.34274593698132
  1 36 4 189739.002679264 0.261906583866089
  1 37 4 130581.063335211 0.417429035160016
  1 38 4 150821.917378187 0.441211421515246
  1 39 4 190037.137098305 0.495234601454268
  1 40 4 171350.738306351 0.237858203733512
  1 41 4 181307.488025561 0.327346172729995
  1 42 4 246616.743190488 0.368315456462939
  1 1 2 174.266033067792 0.601375663623589
  1 4 2 862.172567654369 1
  1 5 2 310.764078277954 0.611089023955187
  1 6 2 199.700422216585 0.702037850017464
  1 7 2 197.136966634372 0.948289691951521
  1 8 2 158.007289272695 0.544380631361087
  1 9 2 78.5904064678505 0.5393131982084
  1 10 2 177.185023197349 0.88095039530815
  1 11 2 514.908290094321 0.799987970388403
  1 12 2 156.84669308045 0.774991903603438
  1 13 2 152.931481059855 0.863215133786584
  1 14 2 397.526272188314 0.704083892007286
  1 15 2 137.212107080501 0.457459057188701
  1 16 2 65.3316974479295 0.853197309912465
  1 17 2 111.470816020869 0.61116783920211
  1 18 2 209.620812276523 0.416775375911518
  1 19 2 2307.16651574698 0.69077510766454
  1 20 2 3290.54602187641 0.793751288508348
  1 21 2 3098.10021383497 0.339376634127756
  1 22 2 1960.82470521344 0.601950919776798
  1 23 2 5447.21658084454 0.658556209578282
  1 24 2 4745.31191152036 0.637453135075156
  1 25 2 1212.33967081648 0.510473149998029
  1 26 2 2045.40412600489 0.548437091427541
  1 27 2 2277.95016511566 0.492912195981742
  1 28 2 4304.20516571131 0.747597319880804
  1 29 2 1352.95027630006 0.451616070879294
  1 30 2 1463.97046934511 0.797269558848634
  1 31 2 2386.54261951369 0.666772556553203
  1 32 2 4334.1659033575 0.96787270074405
  1 33 2 3964.63473442753 0.404694020855087
  1 34 2 2531.27676643637 0.814873375751391
  1 35 2 3082.47769127325 0.533219898766676
  1 36 2 6386.61536089303 0.371953858881132
  1 37 2 3947.50249911193 0.791301167226987
  1 38 2 2262.16685123624 0.633364993316759
  1 39 2 4666.87324929696 0.827253682697507
  1 40 2 385.234633188273 0.900216415173481
  1 41 2 2298.05950486027 0.957770995377006
  1 42 2 218.170703281785 0.55870584954739
  1 1 1 15873.4850699414 0.241799049430762
  1 2 1 15787.1378904568 0.142636213550947
  1 3 1 12070.7448339957 0.225478190042395
  1 4 1 18156.2365232787 0.323579734794357
  1 5 1 14975.2884990378 0.320666395151501
  1 6 1 11993.1438436075 0.452044832991261
  1 7 1 10943.7914206065 0.28209645893665
  1 8 1 7246.25446857472 0.414010381101596
  1 9 1 13224.0963190132 0.40638853202345
  1 10 1 20015.5425656274 0.290993157294119
  1 11 1 10258.5146647916 0.324615016521962
  1 12 1 11044.6561819751 0.294780938380682
  1 13 1 9552.84647878469 0.440402569626277
  1 14 1 12303.2681477151 0.372421878022742
  1 15 1 10635.9769678611 0.341871348717721
  1 16 1 6920.17323243371 0.416897355424411
  1 17 1 3531.17900491605 0.500820840736393
  1 18 1 3827.41971671559 0.389853340834037
  1 19 1 7484.55987773999 0.293941849282161
  1 20 1 9282.89325992292 0.525509720403112
  1 21 1 4978.24586291093 0.266433769579894
  1 22 1 6889.85387540746 0.374831371194202
  1 23 1 4334.09139826718 0.352011231642473
  1 24 1 3594.21987082219 0.34725908523047
  1 25 1 5786.29634538527 0.578696888706846
  1 26 1 1754.83671128605 0.459728456052307
  1 27 1 2675.10403886883 0.539982548576019
  1 28 1 6497.23531455178 0.364309332200766
  1 29 1 1923.47822461975 0.562793580097325
  1 30 1 3626.50539265962 0.420348818797864
  1 31 1 3389.53449491985 0.403753427903273
  1 32 1 4528.25369002196 0.491331418922754
  1 33 1 2667.31348947715 0.537081122476055
  1 34 1 1510.9809533933 0.379030815152119
  1 35 1 1665.40956139356 0.519511456600017
  1 36 1 1632.66737113458 0.556056214854877
  1 37 1 910.496700292994 0.588197671943964
  1 38 1 1055.43357500627 0.324588369174256
  1 39 1 954.218458689784 0.501841796783066
  1 40 1 732.149258914018 0.403101009292275
  1 41 1 808.642145484521 0.478602624152216
  1 42 1 1965.9206503188 0.646634922078809
  1 1 3 126.602423843597 0.499484636786782
  1 2 3 191.694789051523 0.358153914340203
  1 3 3 778.577273034355 0.678339172154909
  1 4 3 407.665197841417 1
  1 5 3 422.316681260851 0.693225535250834
  1 6 3 2149.2832965792 1
  1 7 3 760.928957219605 0.912293822979085
  1 8 3 398.588404647688 0.655734850091527
  1 9 3 594.472969465799 0.670809892238012
  1 10 3 210.489499797741 0.631102684426709
  1 11 3 441.482817424825 0.496475444687371
  1 12 3 573.471470510745 0.740682868109632
  1 13 3 530.851794457985 0.360862225436052
  1 14 3 555.415536196457 0.547901331396328
  1 15 3 1115.90614101846 0.429608216382601
  1 16 3 246.786441320135 0.69118921143411
  1 17 3 271.407246853304 0.426971754606328
  1 18 3 730.81190496472 0.505524319387353
  1 19 3 365.557790899995 0.644591984223249
  1 20 3 161.107886971668 0.899065435378594
  1 21 3 142.101938879451 0.543826822033971
  1 22 3 586.080422436234 0.88174616562504
  1 23 3 235.539586053195 0.408104676406013
  1 24 3 1050.08466045743 0.92608255019157
  1 25 3 296.880057902439 0.648664057223823
  1 26 3 170.666795750117 0.695927823776047
  1 27 3 612.900840497791 0.708713243925404
  1 28 3 212.803421822501 0.489543853646182
  1 29 3 276.441056611478 0.703511357168505
  1 30 3 89.9656213548395 0.631659802692532
  1 31 3 106.43432712479 0.626570332091694
  1 32 3 127.208652392351 0.661895735249442
  1 33 3 162.262885130589 0.783155911787346
  1 34 3 653.863943108974 0.542775440757204
  1 35 3 189.60516175216 0.870542376054271
  1 36 3 399.631766873125 0.492193512682958
  1 37 3 130.575573201559 0.909630520329322
  1 38 3 259.840473704088 0.644773009949607
  1 39 3 465.505289180593 0.515045488987725
  1 40 3 82.0257067673784 0.442573167063876
  1 41 3 96864.4838956429 0.88587618368699
  1 42 3 106987.621295142 0.983269433580366
# end survey index observations 
#  
# Survey size comp data 
# Number of observations, init_int Nsurvey_size_obs 
  166
# init_matrix obs_survey_size(1,Nsurvey_size_obs,1,ncol) 
# Survey  Year  Species Type (0=whole, 1=retained, 2=discard) InpN, proportion by length bin 
  1 1 1 0 57 0 0.824561403508772 0.824561403508772 0.087719298245614 0.0175438596491228
  1 2 1 0 65 0.0307692307692308 0.584615384615385 0.707692307692308 0.2 0.0153846153846154
  1 3 1 0 32 0.03125 0.6875 1.875 0.53125 0
  1 4 1 0 32 0.03125 2.0625 0.59375 0.4375 0
  1 5 1 0 21 0.0476190476190476 3 1.38095238095238 0.333333333333333 0
  1 6 1 0 18 0 2.83333333333333 2.11111111111111 0.611111111111111 0
  1 7 1 0 25 0 1.76 1.84 0.4 0
  1 8 1 0 20 0.05 2 1.95 1 0
  1 9 1 0 16 0.0625 4.75 0.875 0.5625 0
  1 10 1 0 19 0.105263157894737 3.10526315789474 1.78947368421053 0.263157894736842 0
  1 11 1 0 20 0.1 2.65 1.75 0.5 0
  1 12 1 0 22 0.0454545454545455 1.77272727272727 1.90909090909091 0.818181818181818 0
  1 13 1 0 23 0.0434782608695652 1.26086956521739 1.8695652173913 1.17391304347826 0
  1 14 1 0 14 0.0714285714285714 1.78571428571429 3.14285714285714 2.14285714285714 0
  1 15 1 0 21 0.0476190476190476 1.0952380952381 2 1.61904761904762 0
  1 16 1 0 14 0.0714285714285714 1.64285714285714 2.78571428571429 2.64285714285714 0
  1 17 1 0 17 0.117647058823529 1.64705882352941 1.94117647058824 2.17647058823529 0
  1 18 1 0 19 0.157894736842105 4.15789473684211 0.578947368421053 0.368421052631579 0
  1 19 1 0 18 0.111111111111111 3.88888888888889 1.27777777777778 0.277777777777778 0
  1 20 1 0 15 0.133333333333333 3.8 2.06666666666667 0.666666666666667 0
  1 21 1 0 21 0 2.28571428571429 1.95238095238095 0.523809523809524 0
  1 22 1 0 13 0.0769230769230769 3.30769230769231 3 1.30769230769231 0
  1 23 1 0 14 0 2.85714285714286 2.71428571428571 1.57142857142857 0
  1 24 1 0 14 0.0714285714285714 1.78571428571429 3.28571428571429 2 0
  1 25 1 0 18 0 1.22222222222222 2.05555555555556 2.27777777777778 0
  1 26 1 0 14 0.0714285714285714 1.64285714285714 2.07142857142857 3.35714285714286 0
  1 27 1 0 23 0 1.26086956521739 1.21739130434783 1.8695652173913 0
  1 28 1 0 14 0 2.92857142857143 1.85714285714286 2.35714285714286 0
  1 29 1 0 17 0 1.58823529411765 2.29411764705882 2 0
  1 30 1 0 18 0 1.94444444444444 1.66666666666667 1.94444444444444 0
  1 31 1 0 20 0.05 0.65 1.5 2.8 0
  1 32 1 0 10 0 1.8 3.3 4.9 0
  1 33 1 0 15 0 1.4 2.26666666666667 3 0
  1 34 1 0 18 0 1.11111111111111 1.55555555555556 2.88888888888889 0
  1 35 1 0 8 0 2.5 3.625 6.375 0
  1 36 1 0 12 0.0833333333333333 2.66666666666667 1.91666666666667 3.66666666666667 0
  1 37 1 0 8 0.125 4.125 2.625 5.625 0
  1 38 1 0 16 0.0625 1.8125 1.375 3 0
  1 39 1 0 10 0 3.1 2.8 4.1 0
  1 40 1 0 10 0 2.5 2.8 4.7 0
  1 41 1 0 13 0 2.38461538461538 2.53846153846154 2.76923076923077 0
  1 42 1 0 8 0 4.875 3.375 4.25 0
  1 1 2 0 11 0 0 5.36363636363636 3.54545454545455 0.181818181818182
  1 4 2 0 1 0 0 59 41 0
  1 5 2 0 5 0 0.4 8.6 11 0
  1 6 2 0 1 0 1 47 52 0
  1 7 2 0 3 0 0 21.3333333333333 12 0
  1 8 2 0 4 0 0.5 14.25 10.25 0
  1 9 2 0 5 0 0.2 12 7.8 0
  1 10 2 0 10 0 0.7 5.6 3.7 0
  1 11 2 0 13 0 0.153846153846154 6.53846153846154 1 0
  1 12 2 0 15 0 0 4.53333333333333 2.13333333333333 0
  1 13 2 0 9 0 0.111111111111111 6.11111111111111 4.88888888888889 0
  1 14 2 0 6 0 0 5.16666666666667 11.5 0
  1 15 2 0 13 0 0 2.92307692307692 4.76923076923077 0
  1 16 2 0 10 0 0 2.6 7.4 0
  1 17 2 0 10 0 0.8 3.5 5.7 0
  1 18 2 0 18 0 2.5 2.83333333333333 0.222222222222222 0
  1 19 2 0 27 0 0 3.62962962962963 0.0740740740740741 0
  1 20 2 0 23 0 0 2.34782608695652 2 0
  1 21 2 0 25 0 0.4 1.64 1.96 0
  1 22 2 0 9 0 0 10.1111111111111 1 0
  1 23 2 0 8 0 0.25 7.75 4.5 0
  1 24 2 0 9 0 0 8 3.11111111111111 0
  1 25 2 0 14 0 0.285714285714286 3.35714285714286 3.5 0
  1 26 2 0 18 0 0 3.05555555555556 2.5 0
  1 27 2 0 16 0 0.0625 4.375 1.8125 0
  1 28 2 0 6 0 0 7.83333333333333 8.83333333333333 0
  1 29 2 0 8 0 1.75 5 5.75 0
  1 30 2 0 17 0 0.0588235294117647 4.70588235294118 1.11764705882353 0
  1 31 2 0 9 0 0.333333333333333 6.77777777777778 4 0
  1 32 2 0 30 0 0.0333333333333333 2.33333333333333 0.966666666666667 0
  1 33 2 0 24 0 0.0833333333333333 3.16666666666667 0.916666666666667 0
  1 34 2 0 25 0 0 3.28 0.72 0
  1 35 2 0 16 0 0.3125 3.0625 2.875 0
  1 36 2 0 13 0 0 5.61538461538461 2.07692307692308 0
  1 37 2 0 8 0 0 5.875 6.625 0
  1 38 2 0 10 0 0 3.5 6.5 0
  1 39 2 0 13 0 0.0769230769230769 2.53846153846154 5.07692307692308 0
  1 40 2 0 8 0 0 3 9.5 0
  1 41 2 0 5 0 0 7.8 12.2 0
  1 42 2 0 17 0 0.411764705882353 2.47058823529412 3 0
  1 1 3 0 27 0 2.03703703703704 0.62962962962963 1.03703703703704 0
  1 2 3 0 13 0 7 0.461538461538462 0.230769230769231 0
  1 3 3 0 5 0 13 6.6 0.4 0
  1 4 3 0 2 0 20 27.5 2.5 0
  1 5 3 0 5 0 5.4 13 1.6 0
  1 6 3 0 1 0 19 67 14 0
  1 7 3 0 3 0 2.33333333333333 23 8 0
  1 8 3 0 3 0 3.33333333333333 17.3333333333333 12.6666666666667 0
  1 9 3 0 4 0 2.5 14 8.5 0
  1 10 3 0 4 0 3.5 12.25 9.25 0
  1 11 3 0 4 0 16 3.75 5.25 0
  1 12 3 0 2 0 24.5 20.5 5 0
  1 13 3 0 8 0 4.125 6.625 1.75 0
  1 14 3 0 19 0 1.15789473684211 2.94736842105263 1.15789473684211 0
  1 15 3 0 15 0 1.06666666666667 4.26666666666667 1.33333333333333 0
  1 16 3 0 12 0 1.58333333333333 4.5 2.25 0
  1 17 3 0 14 0 0.642857142857143 4.28571428571429 2.21428571428571 0
  1 18 3 0 14 0 1.21428571428571 3.42857142857143 2.5 0
  1 19 3 0 15 0 1.4 3.33333333333333 1.93333333333333 0
  1 20 3 0 17 0 1.41176470588235 2.88235294117647 1.58823529411765 0
  1 21 3 0 12 0 1.66666666666667 4.5 2.16666666666667 0
  1 22 3 0 11 0 6.72727272727273 1.72727272727273 0.636363636363636 0
  1 23 3 0 16 0 3.3125 2.3125 0.625 0
  1 24 3 0 15 0 2.46666666666667 3.8 0.4 0
  1 25 3 0 4 0 3.25 16.75 5 0
  1 26 3 0 14 0 1.42857142857143 4.28571428571429 1.42857142857143 0
  1 27 3 0 6 0 1.5 10 5.16666666666667 0
  1 28 3 0 4 0 2.25 15.25 7.5 0
  1 29 3 0 2 0 2 29.5 18.5 0
  1 30 3 0 10 0 0.5 5.6 3.9 0
  1 31 3 0 9 0 0.666666666666667 5.44444444444444 5 0
  1 32 3 0 12 0 1 3.75 3.58333333333333 0
  1 33 3 0 5 0 17.4 1 1.6 0
  1 34 3 0 9 0 5.77777777777778 4.44444444444444 0.888888888888889 0
  1 35 3 0 5 0 7.8 11.6 0.6 0
  1 36 3 0 5 0 4.8 13.2 2 0
  1 37 3 0 3 0 4.66666666666667 22.6666666666667 6 0
  1 38 3 0 15 0 1.46666666666667 3.73333333333333 1.46666666666667 0
  1 39 3 0 12 0 1.83333333333333 4.5 2 0
  1 40 3 0 9 0 2.55555555555556 4.88888888888889 3.66666666666667 0
  1 41 3 0 8 0 3.25 6.125 3.125 0
  1 42 3 0 12 0 1.75 4.41666666666667 2.16666666666667 0
  1 1 4 0 86 0.0581395348837209 0.290697674418605 0.732558139534884 0.0813953488372093 0
  1 2 4 0 100 0.07 0.34 0.53 0.06 0
  1 3 4 0 33 0.212121212121212 1.57575757575758 1.09090909090909 0.151515151515152 0
  1 4 4 0 44 0.113636363636364 1.45454545454545 0.522727272727273 0.181818181818182 0
  1 5 4 0 34 0.0294117647058824 2.02941176470588 0.647058823529412 0.235294117647059 0
  1 6 4 0 40 0.15 1.75 0.525 0.075 0
  1 7 4 0 39 0.102564102564103 1.61538461538462 0.743589743589744 0.102564102564103 0
  1 8 4 0 49 0.0816326530612245 1.3469387755102 0.571428571428571 0.0408163265306122 0
  1 9 4 0 36 0.0833333333333333 1.88888888888889 0.611111111111111 0.194444444444444 0
  1 10 4 0 43 0.0465116279069767 1.58139534883721 0.534883720930233 0.162790697674419 0
  1 11 4 0 41 0.0487804878048781 1.75609756097561 0.51219512195122 0.121951219512195 0
  1 12 4 0 35 0.0857142857142857 2.02857142857143 0.6 0.142857142857143 0
  1 13 4 0 32 0.125 2.25 0.65625 0.09375 0
  1 14 4 0 21 0.19047619047619 3.04761904761905 1.23809523809524 0.285714285714286 0
  1 15 4 0 30 0.0666666666666667 1.9 1.3 0.0666666666666667 0
  1 16 4 0 19 0.368421052631579 3.42105263157895 1.31578947368421 0.157894736842105 0
  1 17 4 0 35 0.0571428571428571 1.82857142857143 0.885714285714286 0.0857142857142857 0
  1 18 4 0 27 0.0740740740740741 2.03703703703704 1.25925925925926 0.333333333333333 0
  1 19 4 0 34 0.147058823529412 1.88235294117647 0.823529411764706 0.0882352941176471 0
  1 20 4 0 42 0.0714285714285714 1.47619047619048 0.761904761904762 0.0714285714285714 0
  1 21 4 0 41 0.121951219512195 1.5609756097561 0.634146341463415 0.121951219512195 0
  1 22 4 0 44 0.181818181818182 1.25 0.659090909090909 0.181818181818182 0
  1 23 4 0 28 0.178571428571429 2.14285714285714 1.10714285714286 0.142857142857143 0
  1 24 4 0 34 0.0882352941176471 1.55882352941176 1.20588235294118 0.0882352941176471 0
  1 25 4 0 36 0.111111111111111 1.77777777777778 0.75 0.138888888888889 0
  1 26 4 0 31 0.0645161290322581 1.83870967741935 0.838709677419355 0.483870967741935 0
  1 27 4 0 39 0.0512820512820513 1.35897435897436 0.948717948717949 0.205128205128205 0
  1 28 4 0 38 0.0789473684210526 1.42105263157895 0.894736842105263 0.236842105263158 0
  1 29 4 0 48 0.0833333333333333 1.3125 0.5625 0.125 0
  1 30 4 0 38 0.0789473684210526 1.42105263157895 0.894736842105263 0.236842105263158 0
  1 31 4 0 61 0.0655737704918033 1.08196721311475 0.377049180327869 0.114754098360656 0
  1 32 4 0 48 0.0625 1.33333333333333 0.5 0.1875 0
  1 33 4 0 49 0.0816326530612245 1.16326530612245 0.591836734693878 0.204081632653061 0
  1 34 4 0 44 0.113636363636364 1.29545454545455 0.727272727272727 0.136363636363636 0
  1 35 4 0 61 0.0983606557377049 0.901639344262295 0.459016393442623 0.180327868852459 0
  1 36 4 0 67 0.0746268656716418 0.955223880597015 0.358208955223881 0.104477611940299 0
  1 37 4 0 57 0.087719298245614 1.14035087719298 0.403508771929825 0.12280701754386 0
  1 38 4 0 38 0.131578947368421 1.31578947368421 0.868421052631579 0.315789473684211 0
  1 39 4 0 52 0.0769230769230769 1.05769230769231 0.653846153846154 0.134615384615385 0
  1 40 4 0 43 0.186046511627907 1.32558139534884 0.558139534883721 0.255813953488372 0
  1 41 4 0 42 0.0476190476190476 1.47619047619048 0.595238095238095 0.261904761904762 0
  1 42 4 0 61 0.0655737704918033 1.0327868852459 0.39344262295082 0.147540983606557 0
# end survey length observations 
#  
# Fishery catch data 
# Number of observations, init_int Ncatch_obs
  168
# init_matrix obs_catch_biomass(1,Ncatch_obs,1,6) 
# Fleet	Area	Year	Species	Catch(biomass t)	CV 
  1 1 1 1 18933.9566939123 0.05
  1 1 2 1 23963.1915279971 0.05
  1 1 3 1 22459.0075465436 0.05
  1 1 4 1 24005.5514094838 0.05
  1 1 5 1 20454.4359299383 0.05
  1 1 6 1 21225.3475355742 0.05
  1 1 7 1 23245.5318515859 0.05
  1 1 8 1 20758.3753945452 0.05
  1 1 9 1 19661.5261237842 0.05
  1 1 10 1 18710.0111261261 0.05
  1 1 11 1 21464.2633681457 0.05
  1 1 12 1 20858.422724531 0.05
  1 1 13 1 19506.418463423 0.05
  1 1 14 1 18344.6016828685 0.05
  1 1 15 1 14881.4678899206 0.05
  1 1 16 1 13496.408700361 0.05
  1 1 17 1 9247.23725917173 0.05
  1 1 18 1 8619.29581850999 0.05
  1 1 19 1 7603.05571022372 0.05
  1 1 20 1 9253.14170266145 0.05
  1 1 21 1 4264.22984317279 0.05
  1 1 22 1 4757.28205660799 0.05
  1 1 23 1 5354.96824664895 0.05
  1 1 24 1 5223.28326944887 0.05
  1 1 25 1 5009.64721593872 0.05
  1 1 26 1 4334.13479511035 0.05
  1 1 27 1 4685.96458132982 0.05
  1 1 28 1 3991.45391027453 0.05
  1 1 29 1 3302.23018698179 0.05
  1 1 30 1 3153.87458926837 0.05
  1 1 31 1 2715.74340910084 0.05
  1 1 32 1 2292.95537306411 0.05
  1 1 33 1 2214.75272420382 0.05
  1 1 34 1 1810.73802427486 0.05
  1 1 35 1 1658.48321865878 0.05
  1 1 36 1 1360.48405525215 0.05
  1 1 37 1 1181.21436510286 0.05
  1 1 38 1 1062.58257997491 0.05
  1 1 39 1 981.156415439824 0.05
  1 1 40 1 787.245200173613 0.05
  1 1 41 1 784.29584672567 0.05
  1 1 42 1 736.3232498673 0.05
  1 1 1 4 6772.32821988253 0.05
  1 1 2 4 6714.15595054915 0.05
  1 1 3 4 6348.93767662468 0.05
  1 1 4 4 6478.52778325603 0.05
  1 1 5 4 6782.49363892346 0.05
  1 1 6 4 6723.74505196735 0.05
  1 1 7 4 6689.04931710518 0.05
  1 1 8 4 7727.87731390123 0.05
  1 1 9 4 8994.8947918077 0.05
  1 1 10 4 8592.83943736161 0.05
  1 1 11 4 9657.7532029291 0.05
  1 1 12 4 9424.15284915117 0.05
  1 1 13 4 10018.6364207212 0.05
  1 1 14 4 9315.77869433338 0.05
  1 1 15 4 11098.0004343502 0.05
  1 1 16 4 10793.9241335468 0.05
  1 1 17 4 11568.0007672244 0.05
  1 1 18 4 10127.3211978282 0.05
  1 1 19 4 10523.4162567272 0.05
  1 1 20 4 11217.9535116124 0.05
  1 1 21 4 4433.01228949242 0.05
  1 1 22 4 5049.0658847637 0.05
  1 1 23 4 4723.40798480324 0.05
  1 1 24 4 4734.20474387525 0.05
  1 1 25 4 5182.6193716459 0.05
  1 1 26 4 5382.95960303316 0.05
  1 1 27 4 4383.17882241466 0.05
  1 1 28 4 4801.52697348478 0.05
  1 1 29 4 5041.49337816154 0.05
  1 1 30 4 4672.09341412991 0.05
  1 1 31 4 4497.14133473507 0.05
  1 1 32 4 4840.95314748632 0.05
  1 1 33 4 4580.56092984067 0.05
  1 1 34 4 4411.79993014212 0.05
  1 1 35 4 4293.60550839748 0.05
  1 1 36 4 4416.23442466487 0.05
  1 1 37 4 4475.84850433285 0.05
  1 1 38 4 4552.58965490394 0.05
  1 1 39 4 4947.32280326196 0.05
  1 1 40 4 4361.33460105395 0.05
  1 1 41 4 4065.5541359252 0.05
  1 1 42 4 4517.98769534073 0.05
  2 1 1 2 1288.14251739298 0.05
  2 1 2 2 1307.44818903533 0.05
  2 1 3 2 982.787285589557 0.05
  2 1 4 2 872.868927542384 0.05
  2 1 5 2 1155.44826352001 0.05
  2 1 6 2 984.632760677777 0.05
  2 1 7 2 906.438533070384 0.05
  2 1 8 2 816.862237324309 0.05
  2 1 9 2 920.942886265486 0.05
  2 1 10 2 811.581749700274 0.05
  2 1 11 2 953.490301534043 0.05
  2 1 12 2 1473.08994535464 0.05
  2 1 13 2 2311.90436035043 0.05
  2 1 14 2 1927.14793707337 0.05
  2 1 15 2 1519.69754993197 0.05
  2 1 16 2 1066.26417287976 0.05
  2 1 17 2 720.60969925806 0.05
  2 1 18 2 474.050463921963 0.05
  2 1 19 2 1657.37163403985 0.05
  2 1 20 2 8102.08179648572 0.05
  2 1 21 2 14569.8058917153 0.05
  2 1 22 2 14620.6248760089 0.05
  2 1 23 2 12813.9422221697 0.05
  2 1 24 2 16930.9603499529 0.05
  2 1 25 2 14941.1019327312 0.05
  2 1 26 2 13555.79890623 0.05
  2 1 27 2 11734.808772368 0.05
  2 1 28 2 11811.9036038183 0.05
  2 1 29 2 11151.6389575597 0.05
  2 1 30 2 9153.97502491077 0.05
  2 1 31 2 10174.6317056957 0.05
  2 1 32 2 12269.6483290607 0.05
  2 1 33 2 13689.3920308525 0.05
  2 1 34 2 17018.6453028041 0.05
  2 1 35 2 21302.3869581375 0.05
  2 1 36 2 22812.2923299469 0.05
  2 1 37 2 17530.4869837559 0.05
  2 1 38 2 16657.5554452382 0.05
  2 1 39 2 12272.6570735959 0.05
  2 1 40 2 8171.93503827243 0.05
  2 1 41 2 4617.90677798941 0.05
  2 1 42 2 2923.21439816668 0.05
  2 1 1 3 419.015411848835 0.05
  2 1 2 3 328.557929569523 0.05
  2 1 3 3 301.79216772613 0.05
  2 1 4 3 689.687188537791 0.05
  2 1 5 3 1552.95896703919 0.05
  2 1 6 3 2581.6692032986 0.05
  2 1 7 3 2513.45960493537 0.05
  2 1 8 3 3139.12581824384 0.05
  2 1 9 3 3103.25798496666 0.05
  2 1 10 3 2633.81410608788 0.05
  2 1 11 3 2184.924261069 0.05
  2 1 12 3 1878.8164011302 0.05
  2 1 13 3 1619.79386497855 0.05
  2 1 14 3 1785.93177890899 0.05
  2 1 15 3 1722.65126566139 0.05
  2 1 16 3 1898.74978606895 0.05
  2 1 17 3 1904.72425883653 0.05
  2 1 18 3 1544.49303149226 0.05
  2 1 19 3 1419.0503215073 0.05
  2 1 20 3 1141.24963959124 0.05
  2 1 21 3 943.341789056707 0.05
  2 1 22 3 866.946171599222 0.05
  2 1 23 3 762.501250052667 0.05
  2 1 24 3 777.69662583238 0.05
  2 1 25 3 891.723041401566 0.05
  2 1 26 3 1242.96202528375 0.05
  2 1 27 3 1171.04873190631 0.05
  2 1 28 3 1168.84355264369 0.05
  2 1 29 3 1107.24201872267 0.05
  2 1 30 3 847.026517285196 0.05
  2 1 31 3 769.120599718537 0.05
  2 1 32 3 593.454498916604 0.05
  2 1 33 3 470.226669474256 0.05
  2 1 34 3 359.932480227593 0.05
  2 1 35 3 399.716992095785 0.05
  2 1 36 3 702.3539791566 0.05
  2 1 37 3 928.739242983086 0.05
  2 1 38 3 1164.68884578868 0.05
  2 1 39 3 1227.5924370192 0.05
  2 1 40 3 1110.45193262854 0.05
  2 1 41 3 18850.7715474789 0.05
  2 1 42 3 21476.8388679718 0.05
# end catch observations 
#  
# Fishery size comp data 
# Number of observations, init_int Ncatch_size_obs 
  168
# init_matrix obs_catch_size(1,Ncatch_size_obs,1,ncol) 
# Fleet Area  Year  Species Type (0=whole, 1=retained, 2=discard) InpN, proportion by size bin 
  1 1 1 1 0 81 0.0493827160493827 0.740740740740741 0.432098765432099 0 0.0123456790123457
  1 1 2 1 0 73 0.0547945205479452 0.506849315068493 0.671232876712329 0.136986301369863 0
  1 1 3 1 0 65 0.0615384615384615 0.461538461538462 0.630769230769231 0.353846153846154 0.0307692307692308
  1 1 4 1 0 56 1.08928571428571 0.160714285714286 0.321428571428571 0.214285714285714 0
  1 1 5 1 0 120 0.308333333333333 0.3 0.158333333333333 0.0666666666666667 0
  1 1 6 1 0 130 0.123076923076923 0.353846153846154 0.207692307692308 0.0846153846153846 0
  1 1 7 1 0 94 0.191489361702128 0.329787234042553 0.329787234042553 0.202127659574468 0.0106382978723404
  1 1 8 1 0 94 0.106382978723404 0.414893617021277 0.287234042553192 0.24468085106383 0.0106382978723404
  1 1 9 1 0 82 0.74390243902439 0.158536585365854 0.219512195121951 0.0975609756097561 0
  1 1 10 1 0 76 0.355263157894737 0.671052631578947 0.144736842105263 0.144736842105263 0
  1 1 11 1 0 74 0.202702702702703 0.554054054054054 0.418918918918919 0.175675675675676 0
  1 1 12 1 0 65 0.153846153846154 0.415384615384615 0.676923076923077 0.292307692307692 0
  1 1 13 1 0 77 0.116883116883117 0.324675324675325 0.532467532467532 0.324675324675325 0
  1 1 14 1 0 88 0.0909090909090909 0.193181818181818 0.454545454545455 0.397727272727273 0
  1 1 15 1 0 66 0.0909090909090909 0.272727272727273 0.5 0.651515151515151 0
  1 1 16 1 0 69 0.115942028985507 0.159420289855072 0.550724637681159 0.623188405797101 0
  1 1 17 1 0 43 0.395348837209302 0.395348837209302 0.813953488372093 0.720930232558139 0
  1 1 18 1 0 34 2.14705882352941 0.147058823529412 0.323529411764706 0.323529411764706 0
  1 1 19 1 0 55 0.781818181818182 0.836363636363636 0.0727272727272727 0.127272727272727 0
  1 1 20 1 0 64 0.421875 0.640625 0.375 0.125 0
  1 1 21 1 0 77 0.207792207792208 0.376623376623377 0.571428571428571 0.142857142857143 0
  1 1 22 1 0 67 0.149253731343284 0.522388059701492 0.522388059701492 0.298507462686567 0
  1 1 23 1 0 133 0.037593984962406 0.210526315789474 0.360902255639098 0.142857142857143 0
  1 1 24 1 0 98 0.102040816326531 0.142857142857143 0.428571428571429 0.346938775510204 0
  1 1 25 1 0 91 0.032967032967033 0.120879120879121 0.472527472527473 0.472527472527473 0
  1 1 26 1 0 77 0.155844155844156 0.220779220779221 0.441558441558442 0.480519480519481 0
  1 1 27 1 0 102 0.166666666666667 0.156862745098039 0.245098039215686 0.411764705882353 0
  1 1 28 1 0 76 0.171052631578947 0.276315789473684 0.447368421052632 0.421052631578947 0
  1 1 29 1 0 110 0.0818181818181818 0.172727272727273 0.227272727272727 0.427272727272727 0
  1 1 30 1 0 100 0.12 0.14 0.25 0.49 0
  1 1 31 1 0 108 0.0462962962962963 0.166666666666667 0.240740740740741 0.472222222222222 0
  1 1 32 1 0 118 0.0338983050847458 0.0847457627118644 0.245762711864407 0.483050847457627 0
  1 1 33 1 0 129 0.0465116279069767 0.0465116279069767 0.178294573643411 0.503875968992248 0
  1 1 34 1 0 90 0.1 0.0666666666666667 0.233333333333333 0.711111111111111 0
  1 1 35 1 0 69 0.231884057971014 0.173913043478261 0.246376811594203 0.797101449275362 0
  1 1 36 1 0 80 0.15 0.125 0.25 0.725 0
  1 1 37 1 0 62 0.290322580645161 0.290322580645161 0.241935483870968 0.790322580645161 0
  1 1 38 1 0 94 0.159574468085106 0.170212765957447 0.223404255319149 0.51063829787234 0
  1 1 39 1 0 75 0.2 0.186666666666667 0.32 0.626666666666667 0
  1 1 40 1 0 75 0.186666666666667 0.213333333333333 0.226666666666667 0.706666666666667 0
  1 1 41 1 0 35 0.457142857142857 0.257142857142857 0.742857142857143 1.4 0
  1 1 42 1 0 22 1.04545454545455 0.409090909090909 1.40909090909091 1.68181818181818 0
  1 1 1 4 0 5 0 0 11.8 1.6 6.6
  1 1 2 4 0 5 3.2 0 4.6 9.8 2.4
  1 1 3 4 0 5 0.6 7.6 1.6 9.2 1
  1 1 4 4 0 5 0.4 3.2 10.2 5.6 0.6
  1 1 5 4 0 5 0.6 1.6 9.2 8.6 0
  1 1 6 4 0 5 1.2 3 3.6 12.2 0
  1 1 7 4 0 5 1.2 4.4 6.4 8 0
  1 1 8 4 0 5 2.6 3.2 5.6 8.6 0
  1 1 9 4 0 5 1 2.4 7 9.6 0
  1 1 10 4 0 5 5.2 2 5.4 7.4 0
  1 1 11 4 0 1 6 41 24 29 0
  1 1 12 4 0 5 0 4.8 11 4.2 0
  1 1 13 4 0 1 2 2 54 42 0
  1 1 14 4 0 2 0 2 14.5 33.5 0
  1 1 15 4 0 8 0 0.125 2.5 9.875 0
  1 1 16 4 0 3 0.333333333333333 0 4.33333333333333 28.6666666666667 0
  1 1 17 4 0 3 8.33333333333333 0.666666666666667 2.33333333333333 22 0
  1 1 18 4 0 1 87 4 1 8 0
  1 1 19 4 0 3 0.666666666666667 30.6666666666667 2 0 0
  1 1 20 4 0 3 0 3.33333333333333 29.3333333333333 0.666666666666667 0
  1 1 21 4 0 3 9.33333333333333 0.333333333333333 8.33333333333333 15.3333333333333 0
  1 1 22 4 0 2 0 26 6.5 17.5 0
  1 1 23 4 0 6 2.33333333333333 0.666666666666667 10.3333333333333 3.33333333333333 0
  1 1 24 4 0 1 1 22 25 52 0
  1 1 25 4 0 1 6 5 41 48 0
  1 1 26 4 0 2 10 8 9.5 22.5 0
  1 1 27 4 0 2 1 16 12.5 20.5 0
  1 1 28 4 0 4 0.25 1.5 12.75 10.5 0
  1 1 29 4 0 7 3.42857142857143 0.428571428571429 4.14285714285714 6.28571428571429 0
  1 1 30 4 0 6 0.333333333333333 6.5 2 7.83333333333333 0
  1 1 31 4 0 10 1.1 1.3 5.6 2 0
  1 1 32 4 0 7 1.71428571428571 3.85714285714286 3.85714285714286 4.85714285714286 0
  1 1 33 4 0 15 1.6 2.2 1.66666666666667 1.2 0
  1 1 34 4 0 19 0.0526315789473684 2.47368421052632 1.89473684210526 0.842105263157895 0
  1 1 35 4 0 13 1.61538461538462 0.307692307692308 3.76923076923077 2 0
  1 1 36 4 0 23 0 1.39130434782609 0.826086956521739 2.1304347826087 0
  1 1 37 4 0 7 0.428571428571429 0.857142857142857 6.14285714285714 6.85714285714286 0
  1 1 38 4 0 7 0.142857142857143 0.285714285714286 6.14285714285714 7.71428571428571 0
  1 1 39 4 0 19 0 0.0526315789473684 1.31578947368421 3.89473684210526 0
  1 1 40 4 0 25 0.08 0.04 0.68 3.2 0
  1 1 41 4 0 31 0.032258064516129 0.0967741935483871 0.354838709677419 2.74193548387097 0
  1 1 42 4 0 31 0.709677419354839 0.032258064516129 0.258064516129032 2.2258064516129 0
  2 1 1 2 0 2 4 0 3 43 0
  2 1 2 2 0 5 8.2 1.6 0.4 9.8 0
  2 1 3 2 0 2 3 33 6 8 0
  2 1 4 2 0 5 0.8 5 11.4 2.8 0
  2 1 5 2 0 5 0 4 9.8 6.2 0
  2 1 6 2 0 5 0 1.2 8.2 10.6 0
  2 1 7 2 0 5 0 0.8 7.6 11.6 0
  2 1 8 2 0 1 0 2 23 75 0
  2 1 9 2 0 5 0 0.4 3.4 16.2 0
  2 1 10 2 0 5 0 0.8 4.6 14.6 0
  2 1 11 2 0 2 2.5 0 7 40.5 0
  2 1 12 2 0 5 0.6 2.2 3 14.2 0
  2 1 13 2 0 5 0.2 2.8 7 10 0
  2 1 14 2 0 5 0.4 2.4 7.8 9.4 0
  2 1 15 2 0 5 0 1.2 5.6 13.2 0
  2 1 16 2 0 5 0 0.4 6 13.6 0
  2 1 17 2 0 5 0 0.4 4 15.6 0
  2 1 18 2 0 5 0.4 0 4.8 14.8 0
  2 1 19 2 0 5 0.4 1 4.2 14.4 0
  2 1 20 2 0 30 0.0333333333333333 0.2 0.366666666666667 2.73333333333333 0
  2 1 21 2 0 46 0.0217391304347826 0.130434782608696 0.434782608695652 1.58695652173913 0
  2 1 22 2 0 10 0.9 0.6 1.5 7 0
  2 1 23 2 0 19 0.315789473684211 0.842105263157895 0.947368421052632 3.15789473684211 0
  2 1 24 2 0 61 0.0491803278688525 0.229508196721311 0.590163934426229 0.770491803278688 0
  2 1 25 2 0 29 0.0689655172413793 0.379310344827586 1.24137931034483 1.75862068965517 0
  2 1 26 2 0 32 0 0.28125 1.1875 1.65625 0
  2 1 27 2 0 16 0 0.125 1.9375 4.1875 0
  2 1 28 2 0 31 0 0.032258064516129 0.741935483870968 2.45161290322581 0
  2 1 29 2 0 44 0 0.0681818181818182 0.5 1.70454545454545 0
  2 1 30 2 0 29 0 0.103448275862069 0.517241379310345 2.82758620689655 0
  2 1 31 2 0 25 0 0.08 0.52 3.4 0
  2 1 32 2 0 22 0 0.0454545454545455 0.681818181818182 3.81818181818182 0
  2 1 33 2 0 35 0.571428571428571 0.0285714285714286 0.285714285714286 1.97142857142857 0
  2 1 34 2 0 28 0.464285714285714 1.67857142857143 0.142857142857143 1.28571428571429 0
  2 1 35 2 0 45 0.0444444444444444 0.733333333333333 0.933333333333333 0.511111111111111 0
  2 1 36 2 0 51 0.0784313725490196 0.156862745098039 1.03921568627451 0.686274509803922 0
  2 1 37 2 0 41 0.024390243902439 0.170731707317073 1.02439024390244 1.21951219512195 0
  2 1 38 2 0 36 0.0277777777777778 0.138888888888889 0.916666666666667 1.69444444444444 0
  2 1 39 2 0 20 0 0.2 1.9 2.9 0
  2 1 40 2 0 14 0 0.214285714285714 1.64285714285714 5.28571428571429 0
  2 1 41 2 0 17 0 0.294117647058824 1.17647058823529 4.41176470588235 0
  2 1 42 2 0 24 0 0.125 0.666666666666667 3.375 0
  2 1 1 3 0 1 32 0 64 4 0
  2 1 2 3 0 5 11.2 1 7.6 0.2 0
  2 1 3 3 0 5 10.8 3.8 4 1.4 0
  2 1 4 3 0 1 51 24 18 7 0
  2 1 5 3 0 6 8.66666666666667 3.83333333333333 3.66666666666667 0.5 0
  2 1 6 3 0 4 12.5 8.25 3.5 0.75 0
  2 1 7 3 0 5 9.2 5.4 4.4 1 0
  2 1 8 3 0 1 48 32 15 5 0
  2 1 9 3 0 1 55 31 10 4 0
  2 1 10 3 0 1 45 42 8 5 0
  2 1 11 3 0 2 21.5 16 10.5 2 0
  2 1 12 3 0 5 9.6 6.2 3.2 1 0
  2 1 13 3 0 4 9.75 8 6.75 0.5 0
  2 1 14 3 0 8 5.75 3.375 2.125 1.25 0
  2 1 15 3 0 11 4 3.18181818181818 1.36363636363636 0.545454545454545 0
  2 1 16 3 0 5 8.8 6 3.8 1.4 0
  2 1 17 3 0 5 10 4.8 3.8 1.4 0
  2 1 18 3 0 1 47 29 23 1 0
  2 1 19 3 0 1 39 37 17 7 0
  2 1 20 3 0 4 9.75 9.5 4.75 1 0
  2 1 21 3 0 3 12.6666666666667 12.3333333333333 6 2.33333333333333 0
  2 1 22 3 0 4 10 7.5 6.5 1 0
  2 1 23 3 0 3 12.6666666666667 10.3333333333333 7.66666666666667 2.66666666666667 0
  2 1 24 3 0 3 11.3333333333333 10.3333333333333 9.33333333333333 2.33333333333333 0
  2 1 25 3 0 2 23 14 10 3 0
  2 1 26 3 0 4 9 7 6.75 2.25 0
  2 1 27 3 0 5 7.8 6 4.4 1.8 0
  2 1 28 3 0 4 9.5 6.75 6.75 2 0
  2 1 29 3 0 4 12 6.25 4.5 2.25 0
  2 1 30 3 0 24 1.83333333333333 1.125 0.833333333333333 0.375 0
  2 1 31 3 0 10 3.5 3.1 2.2 1.2 0
  2 1 32 3 0 12 2.75 2.75 2.08333333333333 0.75 0
  2 1 33 3 0 4 12.5 6.75 4.75 1 0
  2 1 34 3 0 6 8 3.66666666666667 3.66666666666667 1.33333333333333 0
  2 1 35 3 0 2 19.5 13 11 6.5 0
  2 1 36 3 0 10 5.4 2.2 1.6 0.8 0
  2 1 37 3 0 9 4.44444444444444 4 2 0.666666666666667 0
  2 1 38 3 0 13 2.76923076923077 2.69230769230769 1.84615384615385 0.384615384615385 0
  2 1 39 3 0 16 2.1875 1.8125 1.625 0.625 0
  2 1 40 3 0 27 1.74074074074074 0.814814814814815 0.888888888888889 0.259259259259259 0
  2 1 41 3 0 15 2.26666666666667 2.93333333333333 0.933333333333333 0.533333333333333 0
  2 1 42 3 0 16 2.375 1.875 1.625 0.375 0
# end fishery length observations 
#  
# Survey diet proportion observations 
# Number of observations, init_int Ndietprop_obs 
  60
# init_matrix obs_dietprop(1,Ndietprop_obs,1,ncol) 
# Survey  Year  Predator  Predator_size InpN  wt_prey_1 wt_prey_2 wt_prey_3 wt_prey_4 wt_prey_5 wt_prey_6 wt_prey_7 wt_prey_8 wt_prey_9 wt_prey_10 wt_prey_11 other 
  1 12 1 2 100 0 0 0 0 1
  1 12 1 3 100 0.67 0 0 0 0.33
  1 13 1 3 100 0 0 0 0 1
  1 13 1 4 100 0 1 0 0 0
  1 15 1 2 100 0 0 0 0 1
  1 18 1 1 100 0.7 0 0 0 0.3
  1 18 1 2 100 0 0 0 0 1
  1 18 1 3 100 0 0.42 0 0 0.58
  1 19 1 2 100 0 0.2 0 0 0.8
  1 19 1 3 100 0 0 0 0 1
  1 20 1 3 100 0 0 0 0 1
  1 21 1 2 100 0 0.09 0 0 0.91
  1 21 1 3 100 0 0.55 0 0 0.45
  1 24 1 3 100 0 0 0 0 1
  1 25 1 3 100 0 0 0 0 1
  1 26 1 3 100 0 0.72 0 0 0.28
  1 27 1 3 100 0 0.56 0 0 0.44
  1 28 1 3 100 0 0.29 0 0 0.71
  1 33 1 3 100 0 0 0 0 1
  1 34 1 3 100 0 0 0 0 1
  1 35 1 3 100 0 0.15 0 0 0.85
  1 38 1 3 100 0 0.06 0 0 0.94
  1 39 1 3 100 0 0.73 0 0 0.27
  1 40 1 2 100 0 0 0 0 1
  1 41 1 2 100 0 0 1 0 0
  1 8 4 2 100 0 0 0 0 1
  1 8 4 3 100 0 0 0 0 1
  1 11 4 3 100 0 0 0 0 1
  1 13 4 2 100 0 0 0 0 1
  1 13 4 3 100 0 0.55 0 0 0.45
  1 13 4 4 100 0 0.56 0 0 0.44
  1 14 4 3 100 0 0 0 0 1
  1 15 4 3 100 0 0.51 0 0 0.49
  1 15 4 4 100 0 0 0 0 1
  1 16 4 3 100 0 0.89 0 0 0.11
  1 16 4 4 100 0 0.58 0 0 0.42
  1 17 4 3 100 0 0 0 0 1
  1 18 4 3 100 0 0 0 0 1
  1 19 4 2 100 0 0 0 0 1
  1 19 4 3 100 0 0.85 0 0 0.15
  1 20 4 2 100 0 0 0 0 1
  1 20 4 3 100 0 0 0 0 1
  1 21 4 3 100 0 0.39 0 0 0.61
  1 22 4 2 100 0 0 0 0 1
  1 23 4 3 100 0 0 0 0 1
  1 24 4 3 100 0 0 0 0 1
  1 25 4 3 100 0 0 0 0 1
  1 25 4 4 100 0 1 0 0 0
  1 26 4 3 100 0 0 0 0 1
  1 27 4 2 100 0 1 0 0 0
  1 27 4 3 100 0 1 0 0 0
  1 28 4 2 100 0 0 0 0 1
  1 28 4 3 100 0 0.69 0 0 0.31
  1 29 4 3 100 0 0 0 0 1
  1 31 4 3 100 0 0.55 0 0 0.45
  1 31 4 4 100 0 0 0 0 1
  1 34 4 3 100 0 0.05 0.23 0 0.72
  1 40 4 3 100 0 0 0.23 0 0.77
  1 40 4 4 100 0 0 0.91 0 0.09
  1 42 4 3 100 0 0 0 0 1
# end survey diet proportion observations 
#  
