# This file was created using the write_tsDatFile function and used all the simulated data from sim_dta.rds found in repo:Hydra-self-testing
# Survey index data 
# Number of observations, init_int Nsurvey_obs
  166
# init_matrix obs_survey_biomass(1,Nsurvey_obs,1,5)
# survey year spp value cv
  1 1 4 124982.538179431 0.212720515437525
  1 2 4 134839.909878538 0.222168779300385
  1 3 4 68314.1298985315 0.394113240257454
  1 4 4 100011.364263151 0.310035034727007
  1 5 4 107132.100617119 0.378629084128514
  1 6 4 269002.318972631 0.494427832556011
  1 7 4 84506.7288194154 0.759062286891916
  1 8 4 170345.502428017 0.383150869515862
  1 9 4 256508.142603556 0.48934963094834
  1 10 4 179778.244326783 0.382452035825211
  1 11 4 167723.242591744 0.566792532611316
  1 12 4 158353.494155885 0.381518572031255
  1 13 4 320469.773067984 0.438380584739347
  1 14 4 118348.488990397 0.482345652338289
  1 15 4 74089.7421276644 0.420835086749712
  1 16 4 142894.759641924 0.515165860253858
  1 17 4 221637.891609541 0.559532625975744
  1 18 4 53337.6708218485 0.479008946214672
  1 19 4 138857.596936752 0.429419179801904
  1 20 4 189292.197495505 0.477074256852948
  1 21 4 252005.364433602 0.410621521476155
  1 22 4 288712.862343744 0.294672690077384
  1 23 4 246179.048736547 0.477447511398437
  1 24 4 111224.553581625 0.384568504019134
  1 25 4 82902.6729696827 0.333261603198005
  1 26 4 90151.7710974471 0.685474246042822
  1 27 4 118774.191694096 0.286882992344226
  1 28 4 284717.897094279 0.371822434434906
  1 29 4 82842.358060897 0.592639130460935
  1 30 4 120182.269720024 0.374062101432949
  1 31 4 121701.062839322 0.304499664309564
  1 32 4 214584.026221095 0.233962995093855
  1 33 4 199018.658858042 0.270006842918168
  1 34 4 181805.686075832 0.350007507053818
  1 35 4 257515.107662261 0.34274593698132
  1 36 4 219356.941505214 0.261906583866089
  1 37 4 147389.86285104 0.417429035160016
  1 38 4 215733.933786064 0.441211421515246
  1 39 4 68680.4465122348 0.495234601454268
  1 40 4 206969.642899141 0.237858203733512
  1 41 4 178523.647447463 0.327346172729995
  1 42 4 232222.182503266 0.368315456462939
  1 1 2 110.18618435426 0.601375663623589
  1 4 2 1412.10189138806 1
  1 5 2 60.2668619330089 0.611089023955187
  1 6 2 167.011640609831 0.702037850017464
  1 7 2 603.298332097203 0.948289691951521
  1 8 2 265.121101811085 0.544380631361087
  1 9 2 368.517691501495 0.5393131982084
  1 10 2 131.804699979402 0.88095039530815
  1 11 2 33.2467646401475 0.799987970388403
  1 12 2 355.909831034962 0.774991903603438
  1 13 2 212.005791620365 0.863215133786584
  1 14 2 948.389517711453 0.704083892007286
  1 15 2 590.382408178026 0.457459057188701
  1 16 2 43.8892539939294 0.853197309912465
  1 17 2 66.501238395066 0.61116783920211
  1 18 2 107.035484654472 0.416775375911518
  1 19 2 2424.26736045681 0.69077510766454
  1 20 2 2642.42299170775 0.793751288508348
  1 21 2 2644.85584332095 0.339376634127756
  1 22 2 1060.52344874251 0.601950919776798
  1 23 2 4857.73769619063 0.658556209578282
  1 24 2 2327.78969937942 0.637453135075156
  1 25 2 3252.59939539386 0.510473149998029
  1 26 2 2265.86180121213 0.548437091427541
  1 27 2 2226.69005179402 0.492912195981742
  1 28 2 3674.40269124711 0.747597319880804
  1 29 2 2899.78623133905 0.451616070879294
  1 30 2 2354.42287397312 0.797269558848634
  1 31 2 2794.9057463375 0.666772556553203
  1 32 2 1271.70914902404 0.96787270074405
  1 33 2 3877.60889694548 0.404694020855087
  1 34 2 4010.05191702196 0.814873375751391
  1 35 2 3637.56971151988 0.533219898766676
  1 36 2 2603.409686205 0.371953858881132
  1 37 2 8060.97423519732 0.791301167226987
  1 38 2 3330.69622454056 0.633364993316759
  1 39 2 2013.403843641 0.827253682697507
  1 40 2 1341.68155460038 0.900216415173481
  1 41 2 276.24198206074 0.957770995377006
  1 42 2 686.450149921612 0.55870584954739
  1 1 1 14802.5965796787 0.241799049430762
  1 2 1 14740.3553534476 0.142636213550947
  1 3 1 11102.9006951782 0.225478190042395
  1 4 1 16362.003066216 0.323579734794357
  1 5 1 13378.9724991166 0.320666395151501
  1 6 1 26889.5667515729 0.452044832991261
  1 7 1 14680.9308878361 0.28209645893665
  1 8 1 9859.95607233378 0.414010381101596
  1 9 1 10234.1699427492 0.40638853202345
  1 10 1 14042.2252887077 0.290993157294119
  1 11 1 17988.6555347404 0.324615016521962
  1 12 1 12243.3006705413 0.294780938380682
  1 13 1 8566.07885426289 0.440402569626277
  1 14 1 16683.1298672843 0.372421878022742
  1 15 1 8017.89827199798 0.341871348717721
  1 16 1 6211.47921545125 0.416897355424411
  1 17 1 4991.78721692029 0.500820840736393
  1 18 1 4876.64750280659 0.389853340834037
  1 19 1 4856.70950678486 0.293941849282161
  1 20 1 12602.3375543717 0.525509720403112
  1 21 1 4940.26410996199 0.266433769579894
  1 22 1 4619.3539550322 0.374831371194202
  1 23 1 9344.54466862557 0.352011231642473
  1 24 1 7494.84768647851 0.34725908523047
  1 25 1 11284.715625346 0.578696888706846
  1 26 1 5261.98666690485 0.459728456052307
  1 27 1 5818.68421397937 0.539982548576019
  1 28 1 4863.3847311938 0.364309332200766
  1 29 1 8526.14080028118 0.562793580097325
  1 30 1 5129.56116736968 0.420348818797864
  1 31 1 3125.05604001445 0.403753427903273
  1 32 1 4475.03461220607 0.491331418922754
  1 33 1 4035.61216753607 0.537081122476055
  1 34 1 1973.29253015424 0.379030815152119
  1 35 1 2301.9533902882 0.519511456600017
  1 36 1 2717.08712293086 0.556056214854877
  1 37 1 1266.16679948804 0.588197671943964
  1 38 1 675.577717321086 0.324588369174256
  1 39 1 1225.50040974965 0.501841796783066
  1 40 1 1365.18796525498 0.403101009292275
  1 41 1 843.770122006983 0.478602624152216
  1 42 1 328.409575043903 0.646634922078809
  1 1 3 60.3130691871759 0.499484636786782
  1 2 3 209.919820736091 0.358153914340203
  1 3 3 631.815619965656 0.678339172154909
  1 4 3 1032.24840279267 1
  1 5 3 1266.70673966876 0.693225535250834
  1 6 3 3740.88755135518 1
  1 7 3 718.262101568394 0.912293822979085
  1 8 3 1078.14312502216 0.655734850091527
  1 9 3 138.394260815484 0.670809892238012
  1 10 3 261.063314622597 0.631102684426709
  1 11 3 337.986141934603 0.496475444687371
  1 12 3 814.983626519303 0.740682868109632
  1 13 3 610.246906541737 0.360862225436052
  1 14 3 301.870796759302 0.547901331396328
  1 15 3 369.08777137183 0.429608216382601
  1 16 3 216.34750531494 0.69118921143411
  1 17 3 465.993115027378 0.426971754606328
  1 18 3 88.8428804333444 0.505524319387353
  1 19 3 368.314559662519 0.644591984223249
  1 20 3 773.217384546657 0.899065435378594
  1 21 3 275.189500409303 0.543826822033971
  1 22 3 375.264767942333 0.88174616562504
  1 23 3 158.071320944919 0.408104676406013
  1 24 3 235.896578845076 0.92608255019157
  1 25 3 170.819717117056 0.648664057223823
  1 26 3 352.900558345772 0.695927823776047
  1 27 3 441.903607180785 0.708713243925404
  1 28 3 125.252951366604 0.489543853646182
  1 29 3 131.697285130685 0.703511357168505
  1 30 3 148.970399838551 0.631659802692532
  1 31 3 113.523376285516 0.626570332091694
  1 32 3 40.639659374017 0.661895735249442
  1 33 3 199.089400177353 0.783155911787346
  1 34 3 407.259369329138 0.542775440757204
  1 35 3 401.94497762511 0.870542376054271
  1 36 3 321.785307675647 0.492193512682958
  1 37 3 144.431425282707 0.909630520329322
  1 38 3 238.087360335528 0.644773009949607
  1 39 3 477.423459311532 0.515045488987725
  1 40 3 268.29730758553 0.442573167063876
  1 41 3 141153.469182361 0.88587618368699
  1 42 3 114224.800763745 0.983269433580366
# end survey index observations 
#  
# Survey size comp data 
# Number of observations, init_int Nsurvey_size_obs 
  166
# init_matrix obs_survey_size(1,Nsurvey_size_obs,1,ncol) 
# Survey  Year  Species Type (0=whole, 1=retained, 2=discard) InpN, proportion by length bin 
  1 1 1 0 57 0 0.824561403508772 0.824561403508772 0.105263157894737 0
  1 2 1 0 65 0.0153846153846154 0.584615384615385 0.676923076923077 0.261538461538462 0
  1 3 1 0 32 0 0.96875 1.5625 0.5625 0.03125
  1 4 1 0 32 0.09375 2.1875 0.5 0.34375 0
  1 5 1 0 21 0.0476190476190476 2.57142857142857 1.76190476190476 0.380952380952381 0
  1 6 1 0 18 0 2.55555555555556 2.61111111111111 0.388888888888889 0
  1 7 1 0 25 0 1.8 1.48 0.72 0
  1 8 1 0 20 0 1.9 2.05 1.05 0
  1 9 1 0 16 0.0625 4.625 0.8125 0.75 0
  1 10 1 0 19 0.105263157894737 3.26315789473684 1.42105263157895 0.473684210526316 0
  1 11 1 0 20 0 2.4 2.1 0.5 0
  1 12 1 0 22 0.0454545454545455 1.04545454545455 2.77272727272727 0.681818181818182 0
  1 13 1 0 23 0 1.39130434782609 2.39130434782609 0.565217391304348 0
  1 14 1 0 14 0 1.71428571428571 3.35714285714286 2.07142857142857 0
  1 15 1 0 21 0 1.23809523809524 2.0952380952381 1.42857142857143 0
  1 16 1 0 14 0 1.57142857142857 2.71428571428571 2.85714285714286 0
  1 17 1 0 17 0 1.82352941176471 2.58823529411765 1.47058823529412 0
  1 18 1 0 19 0.263157894736842 4 0.578947368421053 0.421052631578947 0
  1 19 1 0 18 0.0555555555555556 3.55555555555556 1.44444444444444 0.5 0
  1 20 1 0 15 0 4 2.2 0.466666666666667 0
  1 21 1 0 21 0.0476190476190476 2.19047619047619 1.80952380952381 0.714285714285714 0
  1 22 1 0 13 0 2.53846153846154 3.76923076923077 1.38461538461538 0
  1 23 1 0 14 0.0714285714285714 1.85714285714286 3.14285714285714 2.07142857142857 0
  1 24 1 0 14 0 2.28571428571429 2.07142857142857 2.78571428571429 0
  1 25 1 0 18 0.0555555555555556 1 2.94444444444444 1.55555555555556 0
  1 26 1 0 14 0 1.28571428571429 2.85714285714286 3 0
  1 27 1 0 23 0 1.60869565217391 1.17391304347826 1.56521739130435 0
  1 28 1 0 14 0 2 2.92857142857143 2.21428571428571 0
  1 29 1 0 17 0 1.64705882352941 2.05882352941176 2.17647058823529 0
  1 30 1 0 18 0.0555555555555556 1.22222222222222 1.61111111111111 2.66666666666667 0
  1 31 1 0 20 0.05 1.2 1.6 2.15 0
  1 32 1 0 10 0 0.8 4.4 4.8 0
  1 33 1 0 15 0 1.06666666666667 2.4 3.2 0
  1 34 1 0 18 0 1.11111111111111 1.44444444444444 3 0
  1 35 1 0 8 0.25 2.875 2.875 6.5 0
  1 36 1 0 12 0.0833333333333333 2.91666666666667 2.08333333333333 3.25 0
  1 37 1 0 8 0 4.125 3.5 4.875 0
  1 38 1 0 16 0.0625 1.8125 2.125 2.25 0
  1 39 1 0 10 0 3.1 3.1 3.8 0
  1 40 1 0 10 0 2.6 3.1 4.3 0
  1 41 1 0 13 0 2.07692307692308 2.53846153846154 3.07692307692308 0
  1 42 1 0 8 0 5.375 2.5 4.625 0
  1 1 2 0 11 0 0 4.90909090909091 3.90909090909091 0.272727272727273
  1 4 2 0 1 0 1 62 37 0
  1 5 2 0 5 0 0.2 8.6 11.2 0
  1 6 2 0 1 0 4 54 42 0
  1 7 2 0 3 0 0 18.6666666666667 14.6666666666667 0
  1 8 2 0 4 0 0.5 12.5 12 0
  1 9 2 0 5 0 0.4 13 6.6 0
  1 10 2 0 10 0 0.4 6 3.6 0
  1 11 2 0 13 0 0.0769230769230769 6 1.61538461538462 0
  1 12 2 0 15 0 0 3.93333333333333 2.73333333333333 0
  1 13 2 0 9 0 0 5 6.11111111111111 0
  1 14 2 0 6 0 0 5.83333333333333 10.8333333333333 0
  1 15 2 0 13 0 0 2.69230769230769 5 0
  1 16 2 0 10 0 0.1 2.5 7.4 0
  1 17 2 0 10 0 0.5 2.5 7 0
  1 18 2 0 18 0 3 2.05555555555556 0.5 0
  1 19 2 0 27 0 0 3.66666666666667 0.037037037037037 0
  1 20 2 0 23 0 0 2.95652173913043 1.39130434782609 0
  1 21 2 0 25 0 0.24 1.64 2.12 0
  1 22 2 0 9 0 0.111111111111111 9.44444444444444 1.55555555555556 0
  1 23 2 0 8 0 0.125 7 5.375 0
  1 24 2 0 9 0 0 8.44444444444444 2.66666666666667 0
  1 25 2 0 14 0 0.0714285714285714 3.5 3.57142857142857 0
  1 26 2 0 18 0 0.0555555555555556 3.61111111111111 1.88888888888889 0
  1 27 2 0 16 0 0 4.125 2.125 0
  1 28 2 0 6 0 0.166666666666667 9.5 7 0
  1 29 2 0 8 0 1.125 4.625 6.75 0
  1 30 2 0 17 0 0.117647058823529 4.88235294117647 0.882352941176471 0
  1 31 2 0 9 0 0.333333333333333 6.77777777777778 4 0
  1 32 2 0 30 0 0.1 2.53333333333333 0.7 0
  1 33 2 0 24 0 0.208333333333333 3.125 0.833333333333333 0
  1 34 2 0 25 0 0 3.04 0.96 0
  1 35 2 0 16 0 0.1875 3.3125 2.75 0
  1 36 2 0 13 0 0.153846153846154 5.46153846153846 2.07692307692308 0
  1 37 2 0 8 0 0 5.75 6.75 0
  1 38 2 0 10 0 0 3.4 6.6 0
  1 39 2 0 13 0 0.0769230769230769 1.69230769230769 5.92307692307692 0
  1 40 2 0 8 0 0 2.875 9.625 0
  1 41 2 0 5 0 0 5.2 14.8 0
  1 42 2 0 17 0 0.176470588235294 2.17647058823529 3.52941176470588 0
  1 1 3 0 27 0 2.51851851851852 0.296296296296296 0.888888888888889 0
  1 2 3 0 13 0 6.76923076923077 0.615384615384615 0.307692307692308 0
  1 3 3 0 5 0 11.6 8.4 0 0
  1 4 3 0 2 0 21.5 26.5 2 0
  1 5 3 0 5 0 5.6 12.4 2 0
  1 6 3 0 1 0 16 64 20 0
  1 7 3 0 3 0 1.66666666666667 23.6666666666667 8 0
  1 8 3 0 3 0 3 19.3333333333333 11 0
  1 9 3 0 4 0 1.75 16.75 6.5 0
  1 10 3 0 4 0 3.25 12.5 9.25 0
  1 11 3 0 4 0 14.75 5.25 5 0
  1 12 3 0 2 0 24 17 9 0
  1 13 3 0 8 0 4 7 1.5 0
  1 14 3 0 19 0 1.05263157894737 3.42105263157895 0.789473684210526 0
  1 15 3 0 15 0 1.26666666666667 4.13333333333333 1.26666666666667 0
  1 16 3 0 12 0 0.916666666666667 4.66666666666667 2.75 0
  1 17 3 0 14 0 0.642857142857143 4.71428571428571 1.78571428571429 0
  1 18 3 0 14 0 1.57142857142857 4.07142857142857 1.5 0
  1 19 3 0 15 0 1.73333333333333 2.86666666666667 2.06666666666667 0
  1 20 3 0 17 0 1 3.11764705882353 1.76470588235294 0
  1 21 3 0 12 0 1.75 4.16666666666667 2.41666666666667 0
  1 22 3 0 11 0 6.63636363636364 1.54545454545455 0.909090909090909 0
  1 23 3 0 16 0 3.1875 2.75 0.3125 0
  1 24 3 0 15 0 2.33333333333333 3.86666666666667 0.466666666666667 0
  1 25 3 0 4 0 5.25 15.5 4.25 0
  1 26 3 0 14 0 1.14285714285714 5 1 0
  1 27 3 0 6 0 2.66666666666667 11.1666666666667 2.83333333333333 0
  1 28 3 0 4 0 1.75 17.5 5.75 0
  1 29 3 0 2 0 4 26.5 19.5 0
  1 30 3 0 10 0 0.8 5.4 3.8 0
  1 31 3 0 9 0 1.11111111111111 4.66666666666667 5.33333333333333 0
  1 32 3 0 12 0 1 3.75 3.58333333333333 0
  1 33 3 0 5 0 17.6 1 1.4 0
  1 34 3 0 9 0 6.22222222222222 4.66666666666667 0.222222222222222 0
  1 35 3 0 5 0 7 10.8 2.2 0
  1 36 3 0 5 0 4.6 12.6 2.8 0
  1 37 3 0 3 0 4 22 7.33333333333333 0
  1 38 3 0 15 0 1.2 3.53333333333333 1.93333333333333 0
  1 39 3 0 12 0 1.08333333333333 5 2.25 0
  1 40 3 0 9 0 2.66666666666667 5.55555555555556 2.88888888888889 0
  1 41 3 0 8 0 2.375 7.25 2.875 0
  1 42 3 0 12 0 2 4.25 2.08333333333333 0
  1 1 4 0 86 0.0348837209302326 0.313953488372093 0.779069767441861 0.0348837209302326 0
  1 2 4 0 100 0.06 0.4 0.48 0.06 0
  1 3 4 0 33 0.272727272727273 1.54545454545455 0.909090909090909 0.303030303030303 0
  1 4 4 0 44 0.113636363636364 1.34090909090909 0.613636363636364 0.204545454545455 0
  1 5 4 0 34 0.0882352941176471 1.85294117647059 0.794117647058823 0.205882352941176 0
  1 6 4 0 40 0.15 1.55 0.725 0.075 0
  1 7 4 0 39 0.128205128205128 1.87179487179487 0.461538461538462 0.102564102564103 0
  1 8 4 0 49 0.102040816326531 1.48979591836735 0.36734693877551 0.0816326530612245 0
  1 9 4 0 36 0.25 1.61111111111111 0.777777777777778 0.138888888888889 0
  1 10 4 0 43 0.116279069767442 1.65116279069767 0.465116279069767 0.0930232558139535 0
  1 11 4 0 41 0.268292682926829 1.46341463414634 0.682926829268293 0.024390243902439 0
  1 12 4 0 35 0.0857142857142857 1.88571428571429 0.828571428571429 0.0571428571428571 0
  1 13 4 0 32 0.03125 1.9375 0.875 0.28125 0
  1 14 4 0 21 0.285714285714286 2.76190476190476 1.47619047619048 0.238095238095238 0
  1 15 4 0 30 0.233333333333333 2.13333333333333 0.8 0.166666666666667 0
  1 16 4 0 19 0.157894736842105 3.47368421052632 1.15789473684211 0.473684210526316 0
  1 17 4 0 35 0.228571428571429 1.8 0.742857142857143 0.0857142857142857 0
  1 18 4 0 27 0.185185185185185 2.33333333333333 0.962962962962963 0.222222222222222 0
  1 19 4 0 34 0.0588235294117647 1.91176470588235 0.852941176470588 0.117647058823529 0
  1 20 4 0 42 0.119047619047619 1.5952380952381 0.619047619047619 0.0476190476190476 0
  1 21 4 0 41 0.170731707317073 1.65853658536585 0.560975609756098 0.0487804878048781 0
  1 22 4 0 44 0.204545454545455 1.36363636363636 0.545454545454545 0.159090909090909 0
  1 23 4 0 28 0.178571428571429 2.14285714285714 0.928571428571429 0.321428571428571 0
  1 24 4 0 34 0.117647058823529 1.76470588235294 0.882352941176471 0.176470588235294 0
  1 25 4 0 36 0.0555555555555556 1.58333333333333 1.05555555555556 0.0833333333333333 0
  1 26 4 0 31 0.0967741935483871 1.87096774193548 1.06451612903226 0.193548387096774 0
  1 27 4 0 39 0.205128205128205 1.41025641025641 0.641025641025641 0.307692307692308 0
  1 28 4 0 38 0.105263157894737 1.63157894736842 0.710526315789474 0.184210526315789 0
  1 29 4 0 48 0.104166666666667 0.854166666666667 0.854166666666667 0.270833333333333 0
  1 30 4 0 38 0.157894736842105 1.42105263157895 0.605263157894737 0.447368421052632 0
  1 31 4 0 61 0.0819672131147541 0.967213114754098 0.508196721311475 0.0819672131147541 0
  1 32 4 0 48 0.0208333333333333 1.1875 0.708333333333333 0.166666666666667 0
  1 33 4 0 49 0.0612244897959184 1.26530612244898 0.551020408163265 0.163265306122449 0
  1 34 4 0 44 0.0909090909090909 1.22727272727273 0.704545454545455 0.25 0
  1 35 4 0 61 0.0491803278688525 0.950819672131147 0.540983606557377 0.0983606557377049 0
  1 36 4 0 67 0.0597014925373134 0.940298507462687 0.343283582089552 0.149253731343284 0
  1 37 4 0 57 0.087719298245614 1.05263157894737 0.526315789473684 0.087719298245614 0
  1 38 4 0 38 0.105263157894737 1.81578947368421 0.552631578947368 0.157894736842105 0
  1 39 4 0 52 0.0769230769230769 1.17307692307692 0.423076923076923 0.25 0
  1 40 4 0 43 0.0465116279069767 1.44186046511628 0.651162790697674 0.186046511627907 0
  1 41 4 0 42 0.0952380952380952 1.28571428571429 0.714285714285714 0.285714285714286 0
  1 42 4 0 61 0.0327868852459016 0.950819672131147 0.540983606557377 0.114754098360656 0
# end survey length observations 
#  
# Fishery catch data 
# Number of observations, init_int Ncatch_obs
  168
# init_matrix obs_catch_biomass(1,Ncatch_obs,1,6) 
# Fleet	Area	Year	Species	Catch(biomass t)	CV 
  1 1 1 1 17505.5462215087 0.05
  1 1 2 1 23008.3719413364 0.05
  1 1 3 1 24349.9829406862 0.05
  1 1 4 1 22486.890181337 0.05
  1 1 5 1 20265.385596765 0.05
  1 1 6 1 22308.1883560221 0.05
  1 1 7 1 21363.0111238517 0.05
  1 1 8 1 22224.9283355497 0.05
  1 1 9 1 19168.9705677489 0.05
  1 1 10 1 21177.039893348 0.05
  1 1 11 1 20946.2758643405 0.05
  1 1 12 1 23223.1847594182 0.05
  1 1 13 1 21926.0854785598 0.05
  1 1 14 1 21277.0522032236 0.05
  1 1 15 1 16329.6527942643 0.05
  1 1 16 1 13707.5698757615 0.05
  1 1 17 1 10285.0130313157 0.05
  1 1 18 1 9116.61794801729 0.05
  1 1 19 1 7639.04162086294 0.05
  1 1 20 1 9678.42572479987 0.05
  1 1 21 1 4050.88093206392 0.05
  1 1 22 1 5049.15507496599 0.05
  1 1 23 1 5185.28512992333 0.05
  1 1 24 1 5485.31858349452 0.05
  1 1 25 1 4950.72451663671 0.05
  1 1 26 1 4679.60585546876 0.05
  1 1 27 1 4096.65956384936 0.05
  1 1 28 1 3902.61168388613 0.05
  1 1 29 1 3458.0524912295 0.05
  1 1 30 1 3163.29687887585 0.05
  1 1 31 1 2983.8290042649 0.05
  1 1 32 1 2391.85524820439 0.05
  1 1 33 1 2158.4659464373 0.05
  1 1 34 1 1758.65464992396 0.05
  1 1 35 1 1555.69447529583 0.05
  1 1 36 1 1313.28349565657 0.05
  1 1 37 1 1285.68741650313 0.05
  1 1 38 1 1192.39277745315 0.05
  1 1 39 1 922.445472178977 0.05
  1 1 40 1 814.133572673039 0.05
  1 1 41 1 730.334753471868 0.05
  1 1 42 1 696.250138983088 0.05
  1 1 1 4 7084.54416173923 0.05
  1 1 2 4 6366.62826066105 0.05
  1 1 3 4 6319.62872719046 0.05
  1 1 4 4 6704.94589770541 0.05
  1 1 5 4 6471.68934790069 0.05
  1 1 6 4 6646.8200239731 0.05
  1 1 7 4 7390.50849464018 0.05
  1 1 8 4 7614.03313881789 0.05
  1 1 9 4 8119.37299176073 0.05
  1 1 10 4 9001.37751685841 0.05
  1 1 11 4 8572.60680439838 0.05
  1 1 12 4 8938.22305449847 0.05
  1 1 13 4 10311.1292036943 0.05
  1 1 14 4 10706.6744771254 0.05
  1 1 15 4 10691.80324205 0.05
  1 1 16 4 10270.0907305697 0.05
  1 1 17 4 10629.0785516471 0.05
  1 1 18 4 10213.9419689597 0.05
  1 1 19 4 10886.3496136094 0.05
  1 1 20 4 10843.8580459855 0.05
  1 1 21 4 4565.61435672372 0.05
  1 1 22 4 4380.19224911868 0.05
  1 1 23 4 4971.67351644692 0.05
  1 1 24 4 4500.02408002256 0.05
  1 1 25 4 4573.88764368992 0.05
  1 1 26 4 4996.89883944505 0.05
  1 1 27 4 4789.61903721273 0.05
  1 1 28 4 4721.63419272919 0.05
  1 1 29 4 5065.64031502157 0.05
  1 1 30 4 4643.32889056745 0.05
  1 1 31 4 4477.8397302138 0.05
  1 1 32 4 4300.41063248827 0.05
  1 1 33 4 4584.60796630632 0.05
  1 1 34 4 4580.0723069838 0.05
  1 1 35 4 4111.58155767963 0.05
  1 1 36 4 4378.00721607127 0.05
  1 1 37 4 4205.31026221441 0.05
  1 1 38 4 4577.11299475013 0.05
  1 1 39 4 4408.76890637037 0.05
  1 1 40 4 4378.99470597065 0.05
  1 1 41 4 4514.34419472766 0.05
  1 1 42 4 4492.04241791034 0.05
  2 1 1 2 1240.70839300392 0.05
  2 1 2 2 1360.21980313651 0.05
  2 1 3 2 950.503435501194 0.05
  2 1 4 2 947.519065873808 0.05
  2 1 5 2 1146.07523229011 0.05
  2 1 6 2 1072.44720451904 0.05
  2 1 7 2 924.989109066971 0.05
  2 1 8 2 873.243303525969 0.05
  2 1 9 2 887.641201739301 0.05
  2 1 10 2 822.622983831396 0.05
  2 1 11 2 920.480567488596 0.05
  2 1 12 2 1439.4341124399 0.05
  2 1 13 2 2277.50791279737 0.05
  2 1 14 2 2148.64766392843 0.05
  2 1 15 2 1514.62528115201 0.05
  2 1 16 2 1067.3378680705 0.05
  2 1 17 2 719.26227664152 0.05
  2 1 18 2 491.21952504545 0.05
  2 1 19 2 1743.11960147177 0.05
  2 1 20 2 7444.60834539216 0.05
  2 1 21 2 15474.2200736005 0.05
  2 1 22 2 13763.4234212278 0.05
  2 1 23 2 13787.8464892805 0.05
  2 1 24 2 16934.6323848266 0.05
  2 1 25 2 13846.1160264949 0.05
  2 1 26 2 12537.0308384883 0.05
  2 1 27 2 10865.6943362633 0.05
  2 1 28 2 12140.32028471 0.05
  2 1 29 2 11829.4094964353 0.05
  2 1 30 2 9519.23470235641 0.05
  2 1 31 2 8899.67815371217 0.05
  2 1 32 2 12438.7603263287 0.05
  2 1 33 2 13897.4232492674 0.05
  2 1 34 2 18147.6288204883 0.05
  2 1 35 2 23155.3679457306 0.05
  2 1 36 2 20130.4604596258 0.05
  2 1 37 2 18917.9580850224 0.05
  2 1 38 2 17634.0156556444 0.05
  2 1 39 2 11551.4307988376 0.05
  2 1 40 2 7999.84965407011 0.05
  2 1 41 2 4706.66241059026 0.05
  2 1 42 2 2883.5767268424 0.05
  2 1 1 3 404.553301836943 0.05
  2 1 2 3 331.558689733162 0.05
  2 1 3 3 294.338848463009 0.05
  2 1 4 3 663.826083113569 0.05
  2 1 5 3 1406.45991052152 0.05
  2 1 6 3 2435.49511972043 0.05
  2 1 7 3 3047.38728012745 0.05
  2 1 8 3 3140.7895433411 0.05
  2 1 9 3 2897.89331512993 0.05
  2 1 10 3 2799.10257600066 0.05
  2 1 11 3 2219.96080720286 0.05
  2 1 12 3 1899.18289146234 0.05
  2 1 13 3 1546.78243155109 0.05
  2 1 14 3 1754.57163199774 0.05
  2 1 15 3 1982.5365288411 0.05
  2 1 16 3 1938.59192738861 0.05
  2 1 17 3 1857.81246864274 0.05
  2 1 18 3 1665.58805439533 0.05
  2 1 19 3 1361.4493328308 0.05
  2 1 20 3 1091.97326992155 0.05
  2 1 21 3 928.427189650941 0.05
  2 1 22 3 872.794282328088 0.05
  2 1 23 3 785.594403880508 0.05
  2 1 24 3 769.496864459448 0.05
  2 1 25 3 907.56685376278 0.05
  2 1 26 3 1151.65934519636 0.05
  2 1 27 3 1254.99596681706 0.05
  2 1 28 3 1149.32821996459 0.05
  2 1 29 3 1042.28229608454 0.05
  2 1 30 3 967.641185218433 0.05
  2 1 31 3 756.382942317104 0.05
  2 1 32 3 622.874321209318 0.05
  2 1 33 3 462.35311549909 0.05
  2 1 34 3 388.370819724424 0.05
  2 1 35 3 412.386715796026 0.05
  2 1 36 3 687.157874269278 0.05
  2 1 37 3 1010.85743021442 0.05
  2 1 38 3 1155.14407690679 0.05
  2 1 39 3 1142.14997664323 0.05
  2 1 40 3 1172.40522425738 0.05
  2 1 41 3 19845.311955028 0.05
  2 1 42 3 23134.670175563 0.05
# end catch observations 
#  
# Fishery size comp data 
# Number of observations, init_int Ncatch_size_obs 
  168
# init_matrix obs_catch_size(1,Ncatch_size_obs,1,ncol) 
# Fleet Area  Year  Species Type (0=whole, 1=retained, 2=discard) InpN, proportion by size bin 
  1 1 1 1 0 81 0.0123456790123457 0.790123456790123 0.358024691358025 0.0123456790123457 0.0617283950617284
  1 1 2 1 0 73 0.0410958904109589 0.520547945205479 0.726027397260274 0.0684931506849315 0.0136986301369863
  1 1 3 1 0 65 0 0.369230769230769 0.907692307692308 0.261538461538462 0
  1 1 4 1 0 56 1.05357142857143 0.160714285714286 0.392857142857143 0.160714285714286 0.0178571428571429
  1 1 5 1 0 120 0.216666666666667 0.316666666666667 0.166666666666667 0.133333333333333 0
  1 1 6 1 0 130 0.0692307692307692 0.330769230769231 0.192307692307692 0.176923076923077 0
  1 1 7 1 0 94 0.24468085106383 0.308510638297872 0.361702127659574 0.148936170212766 0
  1 1 8 1 0 94 0.138297872340426 0.329787234042553 0.372340425531915 0.223404255319149 0
  1 1 9 1 0 82 0.768292682926829 0.146341463414634 0.0975609756097561 0.207317073170732 0
  1 1 10 1 0 76 0.381578947368421 0.657894736842105 0.184210526315789 0.0921052631578947 0
  1 1 11 1 0 74 0.162162162162162 0.608108108108108 0.405405405405405 0.175675675675676 0
  1 1 12 1 0 65 0.0461538461538462 0.723076923076923 0.6 0.169230769230769 0
  1 1 13 1 0 77 0.0779220779220779 0.454545454545455 0.467532467532468 0.298701298701299 0
  1 1 14 1 0 88 0.0909090909090909 0.284090909090909 0.454545454545455 0.306818181818182 0
  1 1 15 1 0 66 0.0909090909090909 0.348484848484849 0.590909090909091 0.484848484848485 0
  1 1 16 1 0 69 0.0579710144927536 0.246376811594203 0.492753623188406 0.652173913043478 0
  1 1 17 1 0 43 0.302325581395349 0.511627906976744 0.837209302325581 0.674418604651163 0
  1 1 18 1 0 34 1.94117647058824 0.147058823529412 0.352941176470588 0.5 0
  1 1 19 1 0 55 0.709090909090909 0.909090909090909 0.0909090909090909 0.109090909090909 0
  1 1 20 1 0 64 0.34375 0.703125 0.421875 0.09375 0
  1 1 21 1 0 77 0.116883116883117 0.623376623376623 0.311688311688312 0.246753246753247 0
  1 1 22 1 0 67 0.134328358208955 0.552238805970149 0.522388059701492 0.283582089552239 0
  1 1 23 1 0 133 0.037593984962406 0.157894736842105 0.293233082706767 0.263157894736842 0
  1 1 24 1 0 98 0.0510204081632653 0.142857142857143 0.459183673469388 0.36734693877551 0
  1 1 25 1 0 91 0.0549450549450549 0.197802197802198 0.417582417582418 0.428571428571429 0
  1 1 26 1 0 77 0.0649350649350649 0.168831168831169 0.402597402597403 0.662337662337662 0
  1 1 27 1 0 102 0.196078431372549 0.107843137254902 0.254901960784314 0.42156862745098 0
  1 1 28 1 0 76 0.144736842105263 0.25 0.355263157894737 0.565789473684211 0
  1 1 29 1 0 110 0.0727272727272727 0.190909090909091 0.263636363636364 0.381818181818182 0
  1 1 30 1 0 100 0.06 0.19 0.23 0.52 0
  1 1 31 1 0 108 0.0185185185185185 0.175925925925926 0.268518518518519 0.462962962962963 0
  1 1 32 1 0 118 0.0254237288135593 0.0932203389830508 0.271186440677966 0.457627118644068 0
  1 1 33 1 0 129 0.0232558139534884 0.0542635658914729 0.255813953488372 0.441860465116279 0
  1 1 34 1 0 90 0.0333333333333333 0.122222222222222 0.3 0.655555555555556 0
  1 1 35 1 0 69 0.217391304347826 0.115942028985507 0.376811594202899 0.739130434782609 0
  1 1 36 1 0 80 0.225 0.1875 0.25 0.5875 0
  1 1 37 1 0 62 0.274193548387097 0.306451612903226 0.306451612903226 0.725806451612903 0
  1 1 38 1 0 94 0.148936170212766 0.191489361702128 0.202127659574468 0.521276595744681 0
  1 1 39 1 0 75 0.08 0.146666666666667 0.386666666666667 0.72 0
  1 1 40 1 0 75 0.213333333333333 0.16 0.24 0.72 0
  1 1 41 1 0 35 0.285714285714286 0.285714285714286 0.714285714285714 1.57142857142857 0
  1 1 42 1 0 22 0.909090909090909 0.5 1.36363636363636 1.77272727272727 0
  1 1 1 4 0 5 0 0 14 1.4 4.6
  1 1 2 4 0 5 3 0 5 9.6 2.4
  1 1 3 4 0 5 0.2 7.2 2.2 9 1.4
  1 1 4 4 0 5 0.6 3 11.2 5.2 0
  1 1 5 4 0 5 0.6 1.2 9 9.2 0
  1 1 6 4 0 5 0.6 1.2 5.8 12.4 0
  1 1 7 4 0 5 1.4 2.4 6.2 9.8 0.2
  1 1 8 4 0 5 0.6 2.8 6.2 10.4 0
  1 1 9 4 0 5 2.2 2 6.4 9.4 0
  1 1 10 4 0 5 6 1.8 5.6 6.6 0
  1 1 11 4 0 1 5 49 23 23 0
  1 1 12 4 0 5 0.2 3.2 12.6 4 0
  1 1 13 4 0 1 0 7 51 42 0
  1 1 14 4 0 2 0 0 16 34 0
  1 1 15 4 0 8 0 0.125 3 9.375 0
  1 1 16 4 0 3 0 0 6 27.3333333333333 0
  1 1 17 4 0 3 4 0.666666666666667 2.66666666666667 26 0
  1 1 18 4 0 1 92 2 1 5 0
  1 1 19 4 0 3 0.666666666666667 30 0.666666666666667 2 0
  1 1 20 4 0 3 0 3.33333333333333 30 0 0
  1 1 21 4 0 3 6.66666666666667 0 9 17.6666666666667 0
  1 1 22 4 0 2 0.5 25.5 4.5 19.5 0
  1 1 23 4 0 6 1.83333333333333 1.66666666666667 9.33333333333333 3.83333333333333 0
  1 1 24 4 0 1 1 15 30 54 0
  1 1 25 4 0 1 10 5 36 49 0
  1 1 26 4 0 2 9 7.5 8.5 25 0
  1 1 27 4 0 2 0 16.5 11 22.5 0
  1 1 28 4 0 4 0.5 1 12 11.5 0
  1 1 29 4 0 7 3.28571428571429 0.857142857142857 3.85714285714286 6.28571428571429 0
  1 1 30 4 0 6 0.166666666666667 6.5 3 7 0
  1 1 31 4 0 10 2 0.8 4.9 2.3 0
  1 1 32 4 0 7 2.42857142857143 3 3.28571428571429 5.57142857142857 0
  1 1 33 4 0 15 2.06666666666667 1.46666666666667 1.73333333333333 1.4 0
  1 1 34 4 0 19 0 2.52631578947368 1.68421052631579 1.05263157894737 0
  1 1 35 4 0 13 1.15384615384615 0.692307692307692 3.30769230769231 2.53846153846154 0
  1 1 36 4 0 23 0 1.39130434782609 1.04347826086957 1.91304347826087 0
  1 1 37 4 0 7 0.285714285714286 0.142857142857143 7.85714285714286 6 0
  1 1 38 4 0 7 0.142857142857143 0.285714285714286 3.57142857142857 10.2857142857143 0
  1 1 39 4 0 19 0.0526315789473684 0.157894736842105 0.842105263157895 4.21052631578947 0
  1 1 40 4 0 25 0.08 0 0.52 3.4 0
  1 1 41 4 0 31 0.161290322580645 0.161290322580645 0.451612903225806 2.45161290322581 0
  1 1 42 4 0 31 0.645161290322581 0.290322580645161 0.258064516129032 2.03225806451613 0
  2 1 1 2 0 2 3.5 0 3.5 43 0
  2 1 2 2 0 5 9.4 1.6 1.2 7.8 0
  2 1 3 2 0 2 3 31 4 12 0
  2 1 4 2 0 5 1 6 11.2 1.8 0
  2 1 5 2 0 5 0 2.4 10.6 7 0
  2 1 6 2 0 5 0 1.2 9.4 9.4 0
  2 1 7 2 0 5 0.2 1 7.8 11 0
  2 1 8 2 0 1 0 3 26 71 0
  2 1 9 2 0 5 0 0 5.4 14.6 0
  2 1 10 2 0 5 0 0.2 4.4 15.4 0
  2 1 11 2 0 2 2.5 1 4.5 42 0
  2 1 12 2 0 5 0.6 3 2.8 13.6 0
  2 1 13 2 0 5 0 2.8 5.6 11.6 0
  2 1 14 2 0 5 0.4 1.4 8 10.2 0
  2 1 15 2 0 5 0.4 1.4 5 13.2 0
  2 1 16 2 0 5 0 0.8 6.6 12.6 0
  2 1 17 2 0 5 0 0.2 5.2 14.6 0
  2 1 18 2 0 5 0 0.4 4.2 15.4 0
  2 1 19 2 0 5 0.2 1.6 3.8 14.4 0
  2 1 20 2 0 30 0 0 0.733333333333333 2.6 0
  2 1 21 2 0 46 0 0.108695652173913 0.369565217391304 1.69565217391304 0
  2 1 22 2 0 10 1.2 0.8 1.3 6.7 0
  2 1 23 2 0 19 0.210526315789474 1.42105263157895 0.947368421052632 2.68421052631579 0
  2 1 24 2 0 61 0.0327868852459016 0.360655737704918 0.622950819672131 0.622950819672131 0
  2 1 25 2 0 29 0.0344827586206897 0.137931034482759 1.55172413793103 1.72413793103448 0
  2 1 26 2 0 32 0 0.21875 1 1.90625 0
  2 1 27 2 0 16 0 0.25 2 4 0
  2 1 28 2 0 31 0 0.0645161290322581 0.741935483870968 2.41935483870968 0
  2 1 29 2 0 44 0 0.0454545454545455 0.477272727272727 1.75 0
  2 1 30 2 0 29 0.0344827586206897 0.0344827586206897 0.448275862068966 2.93103448275862 0
  2 1 31 2 0 25 0 0.08 0.8 3.12 0
  2 1 32 2 0 22 0 0 0.636363636363636 3.90909090909091 0
  2 1 33 2 0 35 0.771428571428571 0.0571428571428571 0.2 1.82857142857143 0
  2 1 34 2 0 28 0.25 1.46428571428571 0.285714285714286 1.57142857142857 0
  2 1 35 2 0 45 0.0666666666666667 0.733333333333333 1 0.422222222222222 0
  2 1 36 2 0 51 0 0.333333333333333 0.823529411764706 0.803921568627451 0
  2 1 37 2 0 41 0 0.170731707317073 0.951219512195122 1.31707317073171 0
  2 1 38 2 0 36 0 0.0277777777777778 1.02777777777778 1.72222222222222 0
  2 1 39 2 0 20 0 0.25 1.35 3.4 0
  2 1 40 2 0 14 0.0714285714285714 0.214285714285714 2 4.85714285714286 0
  2 1 41 2 0 17 0 0.235294117647059 1.11764705882353 4.52941176470588 0
  2 1 42 2 0 24 0.0416666666666667 0.166666666666667 0.791666666666667 3.16666666666667 0
  2 1 1 3 0 1 37 0 62 1 0
  2 1 2 3 0 5 8 1.2 10 0.8 0
  2 1 3 3 0 5 10.2 2 7 0.8 0
  2 1 4 3 0 1 54 23 17 6 0
  2 1 5 3 0 6 8.66666666666667 4.16666666666667 3 0.833333333333333 0
  2 1 6 3 0 4 12.25 9 2.5 1.25 0
  2 1 7 3 0 5 10.2 5.8 3.2 0.8 0
  2 1 8 3 0 1 49 35 12 4 0
  2 1 9 3 0 1 44 36 18 2 0
  2 1 10 3 0 1 49 32 14 5 0
  2 1 11 3 0 2 24.5 19 5.5 1 0
  2 1 12 3 0 5 8.6 5.6 4.4 1.4 0
  2 1 13 3 0 4 10.25 9.25 4 1.5 0
  2 1 14 3 0 8 5.375 3.75 2.875 0.5 0
  2 1 15 3 0 11 3.45454545454545 2.81818181818182 2.27272727272727 0.545454545454545 0
  2 1 16 3 0 5 10 5 4.4 0.6 0
  2 1 17 3 0 5 8 6.2 4.4 1.4 0
  2 1 18 3 0 1 46 29 20 5 0
  2 1 19 3 0 1 43 30 21 6 0
  2 1 20 3 0 4 10.5 8.25 4.5 1.75 0
  2 1 21 3 0 3 13.6666666666667 12 6 1.66666666666667 0
  2 1 22 3 0 4 9 9.25 5.25 1.5 0
  2 1 23 3 0 3 11.6666666666667 9 9.33333333333333 3.33333333333333 0
  2 1 24 3 0 3 10 12 9.66666666666667 1.66666666666667 0
  2 1 25 3 0 2 18.5 15 12.5 4 0
  2 1 26 3 0 4 9.5 7 6.25 2.25 0
  2 1 27 3 0 5 7.2 5.6 5.8 1.4 0
  2 1 28 3 0 4 10.5 6.25 5.75 2.5 0
  2 1 29 3 0 4 9.5 7 5.75 2.75 0
  2 1 30 3 0 24 1.83333333333333 1.29166666666667 0.708333333333333 0.333333333333333 0
  2 1 31 3 0 10 3.8 2.5 2.9 0.8 0
  2 1 32 3 0 12 3.25 1.91666666666667 2 1.16666666666667 0
  2 1 33 3 0 4 12.75 4.75 5.75 1.75 0
  2 1 34 3 0 6 6 4.83333333333333 4.5 1.33333333333333 0
  2 1 35 3 0 2 23.5 12.5 9 5 0
  2 1 36 3 0 10 3.8 3.5 1.8 0.9 0
  2 1 37 3 0 9 4.66666666666667 3.22222222222222 1.55555555555556 1.66666666666667 0
  2 1 38 3 0 13 2.76923076923077 2.53846153846154 1.46153846153846 0.923076923076923 0
  2 1 39 3 0 16 2.875 1.8125 0.75 0.8125 0
  2 1 40 3 0 27 1.51851851851852 1.22222222222222 0.814814814814815 0.148148148148148 0
  2 1 41 3 0 15 2.73333333333333 1.93333333333333 1.53333333333333 0.466666666666667 0
  2 1 42 3 0 16 2.875 1.625 1.125 0.625 0
# end fishery length observations 
#  
# Survey diet proportion observations 
# Number of observations, init_int Ndietprop_obs 
  60
# init_matrix obs_dietprop(1,Ndietprop_obs,1,ncol) 
# Survey  Year  Predator  Predator_size InpN  wt_prey_1 wt_prey_2 wt_prey_3 wt_prey_4 wt_prey_5 wt_prey_6 wt_prey_7 wt_prey_8 wt_prey_9 wt_prey_10 wt_prey_11 other 
  1 12 1 2 100 0 0 0 0 1
  1 12 1 3 100 0.4 0 0 0 0.6
  1 13 1 3 100 0 0 0 0 1
  1 13 1 4 100 0 1 0 0 0
  1 15 1 2 100 0 0 0 0 1
  1 18 1 1 100 0.9 0 0 0 0.1
  1 18 1 2 100 0 0 0 0 1
  1 18 1 3 100 0 0.5 0 0 0.5
  1 19 1 2 100 0 0 0 0 1
  1 19 1 3 100 0 0 0 0 1
  1 20 1 3 100 0 0 0 0 1
  1 21 1 2 100 0 0.06 0 0 0.94
  1 21 1 3 100 0 0.37 0 0 0.63
  1 24 1 3 100 0 0 0 0 1
  1 25 1 3 100 0 0 0 0 1
  1 26 1 3 100 0 0.88 0 0 0.12
  1 27 1 3 100 0 0.72 0 0 0.28
  1 28 1 3 100 0 0.13 0 0 0.87
  1 33 1 3 100 0 0 0 0 1
  1 34 1 3 100 0 0 0 0 1
  1 35 1 3 100 0 0.24 0 0 0.76
  1 38 1 3 100 0 0 0 0 1
  1 39 1 3 100 0 0.98 0 0 0.02
  1 40 1 2 100 0 0 0 0 1
  1 41 1 2 100 0 0 1 0 0
  1 8 4 2 100 0 0 0 0 1
  1 8 4 3 100 0 0 0 0 1
  1 11 4 3 100 0 0 0 0 1
  1 13 4 2 100 0 0 0 0 1
  1 13 4 3 100 0 0.67 0 0 0.33
  1 13 4 4 100 0 0.4 0 0 0.6
  1 14 4 3 100 0 0 0 0 1
  1 15 4 3 100 0 0.6 0 0 0.4
  1 15 4 4 100 0 0 0 0 1
  1 16 4 3 100 0 1 0 0 0
  1 16 4 4 100 0 0.53 0 0 0.47
  1 17 4 3 100 0 0 0 0 1
  1 18 4 3 100 0 0 0 0 1
  1 19 4 2 100 0 0 0 0 1
  1 19 4 3 100 0 0.98 0 0 0.02
  1 20 4 2 100 0 0 0 0 1
  1 20 4 3 100 0 0 0 0 1
  1 21 4 3 100 0 0.24 0 0 0.76
  1 22 4 2 100 0 0 0 0 1
  1 23 4 3 100 0 0 0 0 1
  1 24 4 3 100 0 0 0 0 1
  1 25 4 3 100 0 0 0 0 1
  1 25 4 4 100 0 1 0 0 0
  1 26 4 3 100 0 0 0 0 1
  1 27 4 2 100 0 1 0 0 0
  1 27 4 3 100 0 1 0 0 0
  1 28 4 2 100 0 0 0 0 1
  1 28 4 3 100 0 0.94 0 0 0.06
  1 29 4 3 100 0 0 0 0 1
  1 31 4 3 100 0 0.75 0 0 0.25
  1 31 4 4 100 0 0 0 0 1
  1 34 4 3 100 0 0 0.62 0 0.38
  1 40 4 3 100 0 0 0.24 0 0.76
  1 40 4 4 100 0 0 0.87 0 0.13
  1 42 4 3 100 0 0 0 0 1
# end survey diet proportion observations 
#  
