# This file was created using the write_tsDatFile function and used all the simulated data from sim_dta.rds found in repo:Hydra-self-testing
# Survey index data 
# Number of observations, init_int Nsurvey_obs
  166
# init_matrix obs_survey_biomass(1,Nsurvey_obs,1,5)
# survey year spp value cv
  1 1 4 77648.0430046184 0.212720515437525
  1 2 4 90796.468702596 0.222168779300385
  1 3 4 65992.5136511252 0.394113240257454
  1 4 4 88892.1953577357 0.310035034727007
  1 5 4 144004.816383378 0.378629084128514
  1 6 4 71420.5709669209 0.494427832556011
  1 7 4 124244.75960407 0.759062286891916
  1 8 4 83224.9409309198 0.383150869515862
  1 9 4 241947.662853285 0.48934963094834
  1 10 4 357788.815801211 0.382452035825211
  1 11 4 166123.074413416 0.566792532611316
  1 12 4 229692.001533011 0.381518572031255
  1 13 4 275176.844887529 0.438380584739347
  1 14 4 222639.508779156 0.482345652338289
  1 15 4 192608.963682022 0.420835086749712
  1 16 4 301947.234368995 0.515165860253858
  1 17 4 178330.886430356 0.559532625975744
  1 18 4 111162.185389297 0.479008946214672
  1 19 4 194314.696145873 0.429419179801904
  1 20 4 100065.838409862 0.477074256852948
  1 21 4 103767.864182916 0.410621521476155
  1 22 4 185253.291461242 0.294672690077384
  1 23 4 160181.366048572 0.477447511398437
  1 24 4 115448.723280146 0.384568504019134
  1 25 4 265554.914574751 0.333261603198005
  1 26 4 128351.10385408 0.685474246042822
  1 27 4 152990.743518644 0.286882992344226
  1 28 4 78305.1070729857 0.371822434434906
  1 29 4 176770.890276214 0.592639130460935
  1 30 4 279489.478263466 0.374062101432949
  1 31 4 233676.270368872 0.304499664309564
  1 32 4 159123.332188163 0.233962995093855
  1 33 4 248931.705696224 0.270006842918168
  1 34 4 124977.922048136 0.350007507053818
  1 35 4 218508.555226041 0.34274593698132
  1 36 4 164347.491557573 0.261906583866089
  1 37 4 126972.336209942 0.417429035160016
  1 38 4 159596.16224144 0.441211421515246
  1 39 4 132293.940866355 0.495234601454268
  1 40 4 173558.092540221 0.237858203733512
  1 41 4 177591.986226807 0.327346172729995
  1 42 4 144757.146237347 0.368315456462939
  1 1 2 176.757363137269 0.601375663623589
  1 4 2 370.163940858191 1
  1 5 2 182.65391087583 0.611089023955187
  1 6 2 103.828312922627 0.702037850017464
  1 7 2 286.407136654189 0.948289691951521
  1 8 2 196.256604040082 0.544380631361087
  1 9 2 214.620258947579 0.5393131982084
  1 10 2 178.273548090787 0.88095039530815
  1 11 2 509.733812050358 0.799987970388403
  1 12 2 820.132408428697 0.774991903603438
  1 13 2 486.294133955954 0.863215133786584
  1 14 2 226.504006036591 0.704083892007286
  1 15 2 164.506220819541 0.457459057188701
  1 16 2 66.6678617825228 0.853197309912465
  1 17 2 92.8414235738969 0.61116783920211
  1 18 2 70.554426857915 0.416775375911518
  1 19 2 4365.06323796259 0.69077510766454
  1 20 2 7118.3757099463 0.793751288508348
  1 21 2 1778.23351467948 0.339376634127756
  1 22 2 3712.95187677374 0.601950919776798
  1 23 2 4741.68105604874 0.658556209578282
  1 24 2 3383.93384642913 0.637453135075156
  1 25 2 3245.08024961398 0.510473149998029
  1 26 2 4786.87451810383 0.548437091427541
  1 27 2 4794.58229371211 0.492912195981742
  1 28 2 11904.9657976733 0.747597319880804
  1 29 2 1433.30068493814 0.451616070879294
  1 30 2 4023.08999814595 0.797269558848634
  1 31 2 602.438003114788 0.666772556553203
  1 32 2 3831.89837176753 0.96787270074405
  1 33 2 11560.34638204 0.404694020855087
  1 34 2 11844.3848188428 0.814873375751391
  1 35 2 4865.46621963828 0.533219898766676
  1 36 2 8561.2651268663 0.371953858881132
  1 37 2 1298.04990002152 0.791301167226987
  1 38 2 1200.59031730386 0.633364993316759
  1 39 2 1507.64307837063 0.827253682697507
  1 40 2 1433.61069154843 0.900216415173481
  1 41 2 251.575703690244 0.957770995377006
  1 42 2 163.503264361968 0.55870584954739
  1 1 1 20328.6276827146 0.241799049430762
  1 2 1 16657.6833470457 0.142636213550947
  1 3 1 18877.1725028446 0.225478190042395
  1 4 1 13485.8983389613 0.323579734794357
  1 5 1 16468.4631679336 0.320666395151501
  1 6 1 4885.20827654137 0.452044832991261
  1 7 1 13566.0697732846 0.28209645893665
  1 8 1 7519.37789379684 0.414010381101596
  1 9 1 7418.44497651137 0.40638853202345
  1 10 1 14447.9465935653 0.290993157294119
  1 11 1 12956.860541646 0.324615016521962
  1 12 1 8154.95912019837 0.294780938380682
  1 13 1 8963.07618488037 0.440402569626277
  1 14 1 15684.9131593036 0.372421878022742
  1 15 1 8703.93243502163 0.341871348717721
  1 16 1 6008.06399019846 0.416897355424411
  1 17 1 3077.3447776849 0.500820840736393
  1 18 1 3407.1178898858 0.389853340834037
  1 19 1 6856.97694636782 0.293941849282161
  1 20 1 9650.78173282101 0.525509720403112
  1 21 1 5739.29555809838 0.266433769579894
  1 22 1 11006.1333508486 0.374831371194202
  1 23 1 10274.1307740785 0.352011231642473
  1 24 1 7078.38789714948 0.34725908523047
  1 25 1 6588.66933186191 0.578696888706846
  1 26 1 2717.82647488775 0.459728456052307
  1 27 1 11857.0739524952 0.539982548576019
  1 28 1 3721.97328972694 0.364309332200766
  1 29 1 3028.59048950569 0.562793580097325
  1 30 1 3857.90781203943 0.420348818797864
  1 31 1 4112.23904671428 0.403753427903273
  1 32 1 4153.38471090008 0.491331418922754
  1 33 1 2784.97889744784 0.537081122476055
  1 34 1 2944.34968609233 0.379030815152119
  1 35 1 1236.90693227387 0.519511456600017
  1 36 1 2820.70487974931 0.556056214854877
  1 37 1 726.355765980016 0.588197671943964
  1 38 1 1711.37432476984 0.324588369174256
  1 39 1 1005.58875593903 0.501841796783066
  1 40 1 1194.99331185658 0.403101009292275
  1 41 1 1029.03389872144 0.478602624152216
  1 42 1 756.450770098091 0.646634922078809
  1 1 3 35.1795960604599 0.499484636786782
  1 2 3 231.118067270887 0.358153914340203
  1 3 3 190.944877274764 0.678339172154909
  1 4 3 243.860294261091 1
  1 5 3 1425.78235460763 0.693225535250834
  1 6 3 424.148625292247 1
  1 7 3 426.777045300181 0.912293822979085
  1 8 3 438.776230995411 0.655734850091527
  1 9 3 252.153940611664 0.670809892238012
  1 10 3 603.36951861001 0.631102684426709
  1 11 3 625.578672572096 0.496475444687371
  1 12 3 324.74283381454 0.740682868109632
  1 13 3 425.522246370494 0.360862225436052
  1 14 3 372.221216113326 0.547901331396328
  1 15 3 372.219398907917 0.429608216382601
  1 16 3 329.151660398463 0.69118921143411
  1 17 3 227.088268588988 0.426971754606328
  1 18 3 554.574864219638 0.505524319387353
  1 19 3 210.12933160343 0.644591984223249
  1 20 3 157.516843759364 0.899065435378594
  1 21 3 193.533863639522 0.543826822033971
  1 22 3 36.4930393658179 0.88174616562504
  1 23 3 161.900463323134 0.408104676406013
  1 24 3 91.4128634283171 0.92608255019157
  1 25 3 206.279381681729 0.648664057223823
  1 26 3 745.151492084299 0.695927823776047
  1 27 3 189.292486272708 0.708713243925404
  1 28 3 253.208496637429 0.489543853646182
  1 29 3 140.970044471069 0.703511357168505
  1 30 3 121.809355850172 0.631659802692532
  1 31 3 181.133338494988 0.626570332091694
  1 32 3 35.8490894169648 0.661895735249442
  1 33 3 194.311286890841 0.783155911787346
  1 34 3 244.494553581614 0.542775440757204
  1 35 3 89.046360320768 0.870542376054271
  1 36 3 630.677355748575 0.492193512682958
  1 37 3 168.681233882218 0.909630520329322
  1 38 3 263.521236497553 0.644773009949607
  1 39 3 190.418935054141 0.515045488987725
  1 40 3 260.969599127567 0.442573167063876
  1 41 3 86188.8848872831 0.88587618368699
  1 42 3 98238.613716867 0.983269433580366
# end survey index observations 
#  
# Survey size comp data 
# Number of observations, init_int Nsurvey_size_obs 
  166
# init_matrix obs_survey_size(1,Nsurvey_size_obs,1,ncol) 
# Survey  Year  Species Type (0=whole, 1=retained, 2=discard) InpN, proportion by length bin 
  1 1 1 0 57 0 0.87719298245614 0.771929824561403 0.105263157894737 0
  1 2 1 0 65 0.0153846153846154 0.538461538461538 0.861538461538462 0.123076923076923 0
  1 3 1 0 32 0 0.96875 1.625 0.53125 0
  1 4 1 0 32 0.03125 1.75 0.90625 0.4375 0
  1 5 1 0 21 0.0476190476190476 2.76190476190476 1.33333333333333 0.619047619047619 0
  1 6 1 0 18 0.0555555555555556 2.33333333333333 2.44444444444444 0.666666666666667 0.0555555555555556
  1 7 1 0 25 0.04 1.56 1.92 0.48 0
  1 8 1 0 20 0.05 1.6 2.5 0.85 0
  1 9 1 0 16 0.125 4.125 1.3125 0.6875 0
  1 10 1 0 19 0 3.31578947368421 1.36842105263158 0.578947368421053 0
  1 11 1 0 20 0 2.45 2.1 0.45 0
  1 12 1 0 22 0 2.04545454545455 1.86363636363636 0.636363636363636 0
  1 13 1 0 23 0 1.26086956521739 2.17391304347826 0.91304347826087 0
  1 14 1 0 14 0.0714285714285714 1.85714285714286 3.14285714285714 2.07142857142857 0
  1 15 1 0 21 0.0952380952380952 1.23809523809524 1.95238095238095 1.47619047619048 0
  1 16 1 0 14 0 1.57142857142857 2.71428571428571 2.85714285714286 0
  1 17 1 0 17 0.0588235294117647 1.76470588235294 1.82352941176471 2.23529411764706 0
  1 18 1 0 19 0.157894736842105 4.10526315789474 0.473684210526316 0.526315789473684 0
  1 19 1 0 18 0.0555555555555556 3.77777777777778 1.38888888888889 0.333333333333333 0
  1 20 1 0 15 0.0666666666666667 3.6 2.26666666666667 0.733333333333333 0
  1 21 1 0 21 0.0476190476190476 2.04761904761905 1.85714285714286 0.80952380952381 0
  1 22 1 0 13 0 2.53846153846154 3.53846153846154 1.61538461538462 0
  1 23 1 0 14 0 2.28571428571429 3.21428571428571 1.64285714285714 0
  1 24 1 0 14 0.0714285714285714 1.85714285714286 3.07142857142857 2.14285714285714 0
  1 25 1 0 18 0 1.55555555555556 2.27777777777778 1.72222222222222 0
  1 26 1 0 14 0 2.07142857142857 2.28571428571429 2.78571428571429 0
  1 27 1 0 23 0.0869565217391304 1.30434782608696 1.39130434782609 1.56521739130435 0
  1 28 1 0 14 0.0714285714285714 2 2.07142857142857 3 0
  1 29 1 0 17 0 1.41176470588235 1.58823529411765 2.88235294117647 0
  1 30 1 0 18 0 1.66666666666667 1.55555555555556 2.33333333333333 0
  1 31 1 0 20 0 1 1.65 2.35 0
  1 32 1 0 10 0 2.1 3.2 4.7 0
  1 33 1 0 15 0.0666666666666667 1.6 1.8 3.2 0
  1 34 1 0 18 0 1.22222222222222 1.11111111111111 3.22222222222222 0
  1 35 1 0 8 0 3.75 3.625 5.125 0
  1 36 1 0 12 0 3 1.58333333333333 3.75 0
  1 37 1 0 8 0.125 4 4.25 4.125 0
  1 38 1 0 16 0 2 2.3125 1.9375 0
  1 39 1 0 10 0 2.5 3.3 4.2 0
  1 40 1 0 10 0 2.5 2.9 4.6 0
  1 41 1 0 13 0 2.30769230769231 2.38461538461538 3 0
  1 42 1 0 8 0.25 5.375 3.625 3.25 0
  1 1 2 0 11 0 0 4.36363636363636 4.45454545454545 0.272727272727273
  1 4 2 0 1 0 0 67 33 0
  1 5 2 0 5 0 0.2 10.2 9.6 0
  1 6 2 0 1 0 1 47 52 0
  1 7 2 0 3 0 0.333333333333333 22.6666666666667 10.3333333333333 0
  1 8 2 0 4 0 0.25 13 11.75 0
  1 9 2 0 5 0 0 10.8 9.2 0
  1 10 2 0 10 0 1.3 5.1 3.6 0
  1 11 2 0 13 0 0.0769230769230769 6.84615384615385 0.769230769230769 0
  1 12 2 0 15 0 0 4.6 2.06666666666667 0
  1 13 2 0 9 0 0 6 5.11111111111111 0
  1 14 2 0 6 0 0 6.83333333333333 9.83333333333333 0
  1 15 2 0 13 0 0 2.30769230769231 5.38461538461539 0
  1 16 2 0 10 0 0 1.7 8.3 0
  1 17 2 0 10 0 0.4 3 6.6 0
  1 18 2 0 18 0 2.72222222222222 2.22222222222222 0.611111111111111 0
  1 19 2 0 27 0 0.111111111111111 3.55555555555556 0.037037037037037 0
  1 20 2 0 23 0 0 3.04347826086957 1.30434782608696 0
  1 21 2 0 25 0 0.24 1.52 2.24 0
  1 22 2 0 9 0 0.111111111111111 9.66666666666667 1.33333333333333 0
  1 23 2 0 8 0 0.25 6.25 6 0
  1 24 2 0 9 0 0 8.33333333333333 2.77777777777778 0
  1 25 2 0 14 0 0 3.35714285714286 3.78571428571429 0
  1 26 2 0 18 0 0.111111111111111 3.55555555555556 1.88888888888889 0
  1 27 2 0 16 0 0 5 1.25 0
  1 28 2 0 6 0 0.166666666666667 8.5 8 0
  1 29 2 0 8 0 0.625 5.5 6.375 0
  1 30 2 0 17 0 0.0588235294117647 5.17647058823529 0.647058823529412 0
  1 31 2 0 9 0 0.555555555555556 6 4.55555555555556 0
  1 32 2 0 30 0 0.0666666666666667 2.6 0.666666666666667 0
  1 33 2 0 24 0 0.208333333333333 3.08333333333333 0.875 0
  1 34 2 0 25 0 0 3.36 0.64 0
  1 35 2 0 16 0 0.375 2.75 3.125 0
  1 36 2 0 13 0 0 5.30769230769231 2.38461538461538 0
  1 37 2 0 8 0 0 5.625 6.875 0
  1 38 2 0 10 0 0 2.9 7.1 0
  1 39 2 0 13 0 0 2.23076923076923 5.46153846153846 0
  1 40 2 0 8 0 0 3.25 9.25 0
  1 41 2 0 5 0 0 7.4 12.6 0
  1 42 2 0 17 0 0.588235294117647 2.41176470588235 2.88235294117647 0
  1 1 3 0 27 0 2.33333333333333 0.444444444444444 0.925925925925926 0
  1 2 3 0 13 0 7 0.461538461538462 0.230769230769231 0
  1 3 3 0 5 0 11 8.8 0.2 0
  1 4 3 0 2 0 19 27.5 3.5 0
  1 5 3 0 5 0 3.6 14 2.4 0
  1 6 3 0 1 0 21 65 14 0
  1 7 3 0 3 0 4 21.3333333333333 8 0
  1 8 3 0 3 0 2.66666666666667 19.3333333333333 11.3333333333333 0
  1 9 3 0 4 0 2.75 15 7.25 0
  1 10 3 0 4 0 2 13.75 9.25 0
  1 11 3 0 4 0 16.5 4 4.5 0
  1 12 3 0 2 0 23 21 6 0
  1 13 3 0 8 0 4.75 5.625 2.125 0
  1 14 3 0 19 0 1.21052631578947 3.05263157894737 1 0
  1 15 3 0 15 0 1.26666666666667 3.86666666666667 1.53333333333333 0
  1 16 3 0 12 0 1.16666666666667 5 2.16666666666667 0
  1 17 3 0 14 0 0.428571428571429 4.14285714285714 2.57142857142857 0
  1 18 3 0 14 0 1.71428571428571 2.85714285714286 2.57142857142857 0
  1 19 3 0 15 0 1.6 3.46666666666667 1.6 0
  1 20 3 0 17 0 1.05882352941176 3.29411764705882 1.52941176470588 0
  1 21 3 0 12 0 2.5 3.16666666666667 2.66666666666667 0
  1 22 3 0 11 0 6.45454545454545 1.45454545454545 1.18181818181818 0
  1 23 3 0 16 0 3.1875 2.8125 0.25 0
  1 24 3 0 15 0 2.06666666666667 4.06666666666667 0.533333333333333 0
  1 25 3 0 4 0 6.25 15.25 3.5 0
  1 26 3 0 14 0 1.35714285714286 3.78571428571429 2 0
  1 27 3 0 6 0 2.5 11.1666666666667 3 0
  1 28 3 0 4 0 2.75 16 6.25 0
  1 29 3 0 2 0 6 21.5 22.5 0
  1 30 3 0 10 0 0.8 6 3.2 0
  1 31 3 0 9 0 1.44444444444444 4.55555555555556 5.11111111111111 0
  1 32 3 0 12 0 0.916666666666667 3.16666666666667 4.25 0
  1 33 3 0 5 0 17.8 1.2 1 0
  1 34 3 0 9 0 5.77777777777778 5 0.333333333333333 0
  1 35 3 0 5 0 6.2 13 0.8 0
  1 36 3 0 5 0 3.6 13 3.4 0
  1 37 3 0 3 0 5.33333333333333 20.3333333333333 7.66666666666667 0
  1 38 3 0 15 0 0.8 4.06666666666667 1.8 0
  1 39 3 0 12 0 1.91666666666667 4.66666666666667 1.75 0
  1 40 3 0 9 0 2.55555555555556 5 3.55555555555556 0
  1 41 3 0 8 0 2.625 6.25 3.625 0
  1 42 3 0 12 0 1.58333333333333 4.25 2.5 0
  1 1 4 0 86 0.0465116279069767 0.209302325581395 0.825581395348837 0.0813953488372093 0
  1 2 4 0 100 0.05 0.37 0.52 0.06 0
  1 3 4 0 33 0.363636363636364 1.42424242424242 1.03030303030303 0.212121212121212 0
  1 4 4 0 44 0.136363636363636 1.40909090909091 0.590909090909091 0.136363636363636 0
  1 5 4 0 34 0.176470588235294 1.67647058823529 0.882352941176471 0.205882352941176 0
  1 6 4 0 40 0.1 1.75 0.575 0.075 0
  1 7 4 0 39 0.128205128205128 1.79487179487179 0.564102564102564 0.0769230769230769 0
  1 8 4 0 49 0.102040816326531 1.40816326530612 0.448979591836735 0.0816326530612245 0
  1 9 4 0 36 0.194444444444444 1.77777777777778 0.694444444444444 0.111111111111111 0
  1 10 4 0 43 0.116279069767442 1.3953488372093 0.651162790697674 0.162790697674419 0
  1 11 4 0 41 0.24390243902439 1.63414634146341 0.48780487804878 0.0731707317073171 0
  1 12 4 0 35 0.114285714285714 1.74285714285714 0.771428571428571 0.228571428571429 0
  1 13 4 0 32 0.03125 2.375 0.625 0.09375 0
  1 14 4 0 21 0.238095238095238 2.80952380952381 1.52380952380952 0.19047619047619 0
  1 15 4 0 30 0.233333333333333 2.33333333333333 0.633333333333333 0.133333333333333 0
  1 16 4 0 19 0.157894736842105 3.36842105263158 1.57894736842105 0.157894736842105 0
  1 17 4 0 35 0.171428571428571 1.85714285714286 0.657142857142857 0.171428571428571 0
  1 18 4 0 27 0.111111111111111 2.48148148148148 1.03703703703704 0.0740740740740741 0
  1 19 4 0 34 0.147058823529412 1.88235294117647 0.705882352941177 0.205882352941176 0
  1 20 4 0 42 0.142857142857143 1.5 0.642857142857143 0.0952380952380952 0
  1 21 4 0 41 0.0487804878048781 1.58536585365854 0.634146341463415 0.170731707317073 0
  1 22 4 0 44 0.136363636363636 1.29545454545455 0.727272727272727 0.113636363636364 0
  1 23 4 0 28 0.142857142857143 2.28571428571429 0.857142857142857 0.285714285714286 0
  1 24 4 0 34 0.117647058823529 1.61764705882353 0.941176470588235 0.264705882352941 0
  1 25 4 0 36 0.0555555555555556 1.91666666666667 0.638888888888889 0.166666666666667 0
  1 26 4 0 31 0.0967741935483871 2 1 0.129032258064516 0
  1 27 4 0 39 0.102564102564103 1.56410256410256 0.717948717948718 0.179487179487179 0
  1 28 4 0 38 0.0263157894736842 1.5 0.815789473684211 0.289473684210526 0
  1 29 4 0 48 0.104166666666667 1.20833333333333 0.541666666666667 0.229166666666667 0
  1 30 4 0 38 0.105263157894737 1.36842105263158 0.894736842105263 0.263157894736842 0
  1 31 4 0 61 0 1.0327868852459 0.475409836065574 0.131147540983607 0
  1 32 4 0 48 0.0416666666666667 1.16666666666667 0.645833333333333 0.229166666666667 0
  1 33 4 0 49 0.142857142857143 1.24489795918367 0.489795918367347 0.163265306122449 0
  1 34 4 0 44 0.113636363636364 1.25 0.613636363636364 0.295454545454545 0
  1 35 4 0 61 0.0163934426229508 0.901639344262295 0.540983606557377 0.180327868852459 0
  1 36 4 0 67 0.104477611940299 0.925373134328358 0.358208955223881 0.104477611940299 0
  1 37 4 0 57 0.0701754385964912 1 0.578947368421053 0.105263157894737 0
  1 38 4 0 38 0.105263157894737 1.47368421052632 0.894736842105263 0.157894736842105 0
  1 39 4 0 52 0.0384615384615385 1.42307692307692 0.403846153846154 0.0576923076923077 0
  1 40 4 0 43 0.0232558139534884 1.58139534883721 0.604651162790698 0.116279069767442 0
  1 41 4 0 42 0.119047619047619 1.33333333333333 0.69047619047619 0.238095238095238 0
  1 42 4 0 61 0.147540983606557 0.967213114754098 0.344262295081967 0.180327868852459 0
# end survey length observations 
#  
# Fishery catch data 
# Number of observations, init_int Ncatch_obs
  168
# init_matrix obs_catch_biomass(1,Ncatch_obs,1,6) 
# Fleet	Area	Year	Species	Catch(biomass t)	CV 
  1 1 1 1 17642.9596021366 0.05
  1 1 2 1 25395.1544701486 0.05
  1 1 3 1 23615.6778709381 0.05
  1 1 4 1 23163.5065992839 0.05
  1 1 5 1 23420.0706380159 0.05
  1 1 6 1 21821.528643647 0.05
  1 1 7 1 22161.6736010214 0.05
  1 1 8 1 22332.0715034583 0.05
  1 1 9 1 18317.7910523108 0.05
  1 1 10 1 20272.5903492277 0.05
  1 1 11 1 20487.3728728834 0.05
  1 1 12 1 22295.9164720094 0.05
  1 1 13 1 20485.5490051966 0.05
  1 1 14 1 18389.7762096627 0.05
  1 1 15 1 14654.952645112 0.05
  1 1 16 1 11901.735314495 0.05
  1 1 17 1 9581.87516826076 0.05
  1 1 18 1 8028.09182263693 0.05
  1 1 19 1 8722.92916992104 0.05
  1 1 20 1 8717.97045386425 0.05
  1 1 21 1 3906.85291795218 0.05
  1 1 22 1 4746.6836037064 0.05
  1 1 23 1 5137.71068567461 0.05
  1 1 24 1 5424.116904404 0.05
  1 1 25 1 5181.59341160604 0.05
  1 1 26 1 4422.73004601714 0.05
  1 1 27 1 4397.56600517241 0.05
  1 1 28 1 3938.83957094408 0.05
  1 1 29 1 3299.47286791317 0.05
  1 1 30 1 3384.54324528594 0.05
  1 1 31 1 3026.10655493694 0.05
  1 1 32 1 2627.43102584286 0.05
  1 1 33 1 2241.93553796682 0.05
  1 1 34 1 2016.58044724685 0.05
  1 1 35 1 1795.04599127865 0.05
  1 1 36 1 1338.08354458167 0.05
  1 1 37 1 1244.26279305543 0.05
  1 1 38 1 1032.66605414974 0.05
  1 1 39 1 972.228898819989 0.05
  1 1 40 1 883.877634383525 0.05
  1 1 41 1 830.020017905366 0.05
  1 1 42 1 643.153540588533 0.05
  1 1 1 4 6559.9810427787 0.05
  1 1 2 4 6269.28083057989 0.05
  1 1 3 4 6693.01282250386 0.05
  1 1 4 4 6107.14753167263 0.05
  1 1 5 4 6898.27629548443 0.05
  1 1 6 4 6575.91783499672 0.05
  1 1 7 4 7029.57740081192 0.05
  1 1 8 4 7769.7169248704 0.05
  1 1 9 4 7183.08036623388 0.05
  1 1 10 4 8166.18506971236 0.05
  1 1 11 4 9454.4457119708 0.05
  1 1 12 4 9501.73415094223 0.05
  1 1 13 4 10036.4813196744 0.05
  1 1 14 4 10580.2246834032 0.05
  1 1 15 4 9979.01259779279 0.05
  1 1 16 4 10610.962607806 0.05
  1 1 17 4 11374.881539942 0.05
  1 1 18 4 10382.3737209575 0.05
  1 1 19 4 9814.2357621686 0.05
  1 1 20 4 11787.1617707144 0.05
  1 1 21 4 4110.56643876388 0.05
  1 1 22 4 4867.06398616328 0.05
  1 1 23 4 5171.75726131062 0.05
  1 1 24 4 4524.42435443901 0.05
  1 1 25 4 5184.85892247386 0.05
  1 1 26 4 4913.55578678512 0.05
  1 1 27 4 4881.85110600064 0.05
  1 1 28 4 4524.91114833928 0.05
  1 1 29 4 4732.84522207255 0.05
  1 1 30 4 5021.82664373896 0.05
  1 1 31 4 4343.64055955484 0.05
  1 1 32 4 4640.43862228659 0.05
  1 1 33 4 4873.44161464092 0.05
  1 1 34 4 4493.15412885578 0.05
  1 1 35 4 4390.34278102122 0.05
  1 1 36 4 4612.95057149395 0.05
  1 1 37 4 4627.76838052538 0.05
  1 1 38 4 4596.56796097831 0.05
  1 1 39 4 4829.90610406486 0.05
  1 1 40 4 4559.56764069454 0.05
  1 1 41 4 4475.06947351724 0.05
  1 1 42 4 4418.62859955646 0.05
  2 1 1 2 1308.66919022729 0.05
  2 1 2 2 1162.85947272966 0.05
  2 1 3 2 942.102413495491 0.05
  2 1 4 2 817.053869878981 0.05
  2 1 5 2 1133.67878329074 0.05
  2 1 6 2 1050.80061069573 0.05
  2 1 7 2 919.57259331932 0.05
  2 1 8 2 917.833552093642 0.05
  2 1 9 2 837.152964851998 0.05
  2 1 10 2 879.714569160565 0.05
  2 1 11 2 1020.18040040403 0.05
  2 1 12 2 1361.29114009704 0.05
  2 1 13 2 2251.50581799957 0.05
  2 1 14 2 1949.15827565515 0.05
  2 1 15 2 1459.68874455827 0.05
  2 1 16 2 1135.88968088398 0.05
  2 1 17 2 706.196315910079 0.05
  2 1 18 2 507.382635488602 0.05
  2 1 19 2 1693.7020758556 0.05
  2 1 20 2 7607.61763257391 0.05
  2 1 21 2 15338.2186477193 0.05
  2 1 22 2 13927.4919520123 0.05
  2 1 23 2 14650.1202448929 0.05
  2 1 24 2 16339.420958199 0.05
  2 1 25 2 13750.7274638216 0.05
  2 1 26 2 12879.8166814911 0.05
  2 1 27 2 11747.3916974455 0.05
  2 1 28 2 12210.3071033272 0.05
  2 1 29 2 11235.391194169 0.05
  2 1 30 2 9062.94625396255 0.05
  2 1 31 2 9732.88714063721 0.05
  2 1 32 2 13051.7992651047 0.05
  2 1 33 2 13413.9110748787 0.05
  2 1 34 2 17599.0765132717 0.05
  2 1 35 2 22597.5274566602 0.05
  2 1 36 2 20581.8333244614 0.05
  2 1 37 2 18638.7948338872 0.05
  2 1 38 2 18204.607075721 0.05
  2 1 39 2 12376.7952405763 0.05
  2 1 40 2 7935.22277048237 0.05
  2 1 41 2 4533.16385104738 0.05
  2 1 42 2 2767.9412655701 0.05
  2 1 1 3 381.552993639794 0.05
  2 1 2 3 337.482686389997 0.05
  2 1 3 3 303.821259762501 0.05
  2 1 4 3 630.871785164213 0.05
  2 1 5 3 1364.8894183968 0.05
  2 1 6 3 2509.5799611817 0.05
  2 1 7 3 2917.49965075612 0.05
  2 1 8 3 3200.19301390221 0.05
  2 1 9 3 2827.32532956466 0.05
  2 1 10 3 2477.53254261481 0.05
  2 1 11 3 2326.4762553295 0.05
  2 1 12 3 1838.54749660869 0.05
  2 1 13 3 1587.30582205649 0.05
  2 1 14 3 1694.95840337753 0.05
  2 1 15 3 1872.75715049059 0.05
  2 1 16 3 1968.14316888037 0.05
  2 1 17 3 1838.64221545998 0.05
  2 1 18 3 1545.11978053585 0.05
  2 1 19 3 1379.38641147911 0.05
  2 1 20 3 1277.85830378379 0.05
  2 1 21 3 903.681358010768 0.05
  2 1 22 3 767.381370223718 0.05
  2 1 23 3 706.573374309149 0.05
  2 1 24 3 653.03210639164 0.05
  2 1 25 3 952.216441989634 0.05
  2 1 26 3 1195.21728313923 0.05
  2 1 27 3 1156.36430729246 0.05
  2 1 28 3 1221.94449388254 0.05
  2 1 29 3 966.470382602057 0.05
  2 1 30 3 979.743834950543 0.05
  2 1 31 3 736.95754351345 0.05
  2 1 32 3 585.136069727719 0.05
  2 1 33 3 467.098575153848 0.05
  2 1 34 3 378.687816675616 0.05
  2 1 35 3 449.957691906154 0.05
  2 1 36 3 699.915947797777 0.05
  2 1 37 3 1019.03338132114 0.05
  2 1 38 3 1209.41374382382 0.05
  2 1 39 3 1067.76740401798 0.05
  2 1 40 3 1132.90927790908 0.05
  2 1 41 3 18730.5406767866 0.05
  2 1 42 3 24042.8415027854 0.05
# end catch observations 
#  
# Fishery size comp data 
# Number of observations, init_int Ncatch_size_obs 
  168
# init_matrix obs_catch_size(1,Ncatch_size_obs,1,ncol) 
# Fleet Area  Year  Species Type (0=whole, 1=retained, 2=discard) InpN, proportion by size bin 
  1 1 1 1 0 81 0.0246913580246914 0.728395061728395 0.481481481481481 0 0
  1 1 2 1 0 73 0.0410958904109589 0.561643835616438 0.671232876712329 0.0821917808219178 0.0136986301369863
  1 1 3 1 0 65 0.0615384615384615 0.353846153846154 0.815384615384615 0.307692307692308 0
  1 1 4 1 0 56 0.982142857142857 0.160714285714286 0.428571428571429 0.214285714285714 0
  1 1 5 1 0 120 0.208333333333333 0.375 0.125 0.125 0
  1 1 6 1 0 130 0.115384615384615 0.3 0.246153846153846 0.107692307692308 0
  1 1 7 1 0 94 0.180851063829787 0.308510638297872 0.457446808510638 0.117021276595745 0
  1 1 8 1 0 94 0.0851063829787234 0.25531914893617 0.446808510638298 0.276595744680851 0
  1 1 9 1 0 82 0.695121951219512 0.195121951219512 0.195121951219512 0.134146341463415 0
  1 1 10 1 0 76 0.368421052631579 0.657894736842105 0.157894736842105 0.131578947368421 0
  1 1 11 1 0 74 0.148648648648649 0.689189189189189 0.364864864864865 0.148648648648649 0
  1 1 12 1 0 65 0.107692307692308 0.492307692307692 0.646153846153846 0.292307692307692 0
  1 1 13 1 0 77 0.0649350649350649 0.337662337662338 0.675324675324675 0.220779220779221 0
  1 1 14 1 0 88 0.0909090909090909 0.329545454545455 0.443181818181818 0.272727272727273 0
  1 1 15 1 0 66 0.0757575757575758 0.151515151515152 0.636363636363636 0.651515151515151 0
  1 1 16 1 0 69 0.115942028985507 0.202898550724638 0.695652173913043 0.434782608695652 0
  1 1 17 1 0 43 0.325581395348837 0.372093023255814 0.744186046511628 0.883720930232558 0
  1 1 18 1 0 34 2.14705882352941 0.117647058823529 0.323529411764706 0.352941176470588 0
  1 1 19 1 0 55 0.727272727272727 0.727272727272727 0.0909090909090909 0.272727272727273 0
  1 1 20 1 0 64 0.40625 0.5625 0.453125 0.140625 0
  1 1 21 1 0 77 0.233766233766234 0.415584415584416 0.506493506493506 0.142857142857143 0
  1 1 22 1 0 67 0.164179104477612 0.343283582089552 0.701492537313433 0.283582089552239 0
  1 1 23 1 0 133 0.0676691729323308 0.135338345864662 0.300751879699248 0.24812030075188 0
  1 1 24 1 0 98 0.0816326530612245 0.244897959183673 0.377551020408163 0.316326530612245 0
  1 1 25 1 0 91 0.0659340659340659 0.175824175824176 0.395604395604396 0.461538461538462 0
  1 1 26 1 0 77 0.103896103896104 0.142857142857143 0.415584415584416 0.636363636363636 0
  1 1 27 1 0 102 0.186274509803922 0.107843137254902 0.254901960784314 0.431372549019608 0
  1 1 28 1 0 76 0.144736842105263 0.276315789473684 0.368421052631579 0.526315789473684 0
  1 1 29 1 0 110 0.0363636363636364 0.209090909090909 0.272727272727273 0.390909090909091 0
  1 1 30 1 0 100 0.05 0.23 0.2 0.52 0
  1 1 31 1 0 108 0.0648148148148148 0.148148148148148 0.166666666666667 0.546296296296296 0
  1 1 32 1 0 118 0.0254237288135593 0.203389830508475 0.177966101694915 0.440677966101695 0
  1 1 33 1 0 129 0.0155038759689922 0.10077519379845 0.255813953488372 0.403100775193798 0
  1 1 34 1 0 90 0.1 0.1 0.288888888888889 0.622222222222222 0
  1 1 35 1 0 69 0.231884057971014 0.130434782608696 0.318840579710145 0.768115942028985 0
  1 1 36 1 0 80 0.1875 0.2 0.25 0.6125 0
  1 1 37 1 0 62 0.306451612903226 0.306451612903226 0.306451612903226 0.693548387096774 0
  1 1 38 1 0 94 0.106382978723404 0.148936170212766 0.265957446808511 0.542553191489362 0
  1 1 39 1 0 75 0.08 0.186666666666667 0.32 0.746666666666667 0
  1 1 40 1 0 75 0.133333333333333 0.266666666666667 0.306666666666667 0.626666666666667 0
  1 1 41 1 0 35 0.4 0.457142857142857 0.657142857142857 1.34285714285714 0
  1 1 42 1 0 22 1.45454545454545 0.545454545454545 0.818181818181818 1.72727272727273 0
  1 1 1 4 0 5 0 0 13.4 2.2 4.4
  1 1 2 4 0 5 3.4 0 3.6 11 2
  1 1 3 4 0 5 0.6 7.8 1.4 9 1.2
  1 1 4 4 0 5 0.4 3.6 10.4 5.4 0.2
  1 1 5 4 0 5 0.8 1 9.4 8.8 0
  1 1 6 4 0 5 0.8 3 4.8 11.4 0
  1 1 7 4 0 5 0.8 3.8 6 9.4 0
  1 1 8 4 0 5 1.6 1.8 7 9.6 0
  1 1 9 4 0 5 0.8 3.4 6.6 9.2 0
  1 1 10 4 0 5 4.4 2.6 5.2 7.8 0
  1 1 11 4 0 1 4 54 17 25 0
  1 1 12 4 0 5 0.2 4 12 3.8 0
  1 1 13 4 0 1 1 8 42 49 0
  1 1 14 4 0 2 0.5 0.5 15.5 33.5 0
  1 1 15 4 0 8 0 0.25 2.625 9.625 0
  1 1 16 4 0 3 0 0 4 29.3333333333333 0
  1 1 17 4 0 3 4.66666666666667 1.33333333333333 4 23.3333333333333 0
  1 1 18 4 0 1 82 7 2 9 0
  1 1 19 4 0 3 0.666666666666667 31.6666666666667 0.666666666666667 0.333333333333333 0
  1 1 20 4 0 3 0.333333333333333 3.66666666666667 29.3333333333333 0 0
  1 1 21 4 0 3 9 1.66666666666667 9.66666666666667 13 0
  1 1 22 4 0 2 1 26.5 7 15.5 0
  1 1 23 4 0 6 3.33333333333333 1.83333333333333 8 3.5 0
  1 1 24 4 0 1 0 28 27 45 0
  1 1 25 4 0 1 14 5 33 48 0
  1 1 26 4 0 2 6.5 9.5 10 24 0
  1 1 27 4 0 2 0 14 15.5 20.5 0
  1 1 28 4 0 4 0 2 13.25 9.75 0
  1 1 29 4 0 7 3 0.142857142857143 3.85714285714286 7.28571428571429 0
  1 1 30 4 0 6 0.166666666666667 8 2.5 6 0
  1 1 31 4 0 10 1.2 1 5.9 1.9 0
  1 1 32 4 0 7 2.42857142857143 2.71428571428571 3.42857142857143 5.71428571428571 0
  1 1 33 4 0 15 1.53333333333333 2 1.8 1.33333333333333 0
  1 1 34 4 0 19 0.0526315789473684 2.21052631578947 1.78947368421053 1.21052631578947 0
  1 1 35 4 0 13 1.46153846153846 0.461538461538462 3.23076923076923 2.53846153846154 0
  1 1 36 4 0 23 0.130434782608696 1.34782608695652 1.21739130434783 1.65217391304348 0
  1 1 37 4 0 7 0.285714285714286 1.14285714285714 7.28571428571429 5.57142857142857 0
  1 1 38 4 0 7 0.142857142857143 0.571428571428571 4 9.57142857142857 0
  1 1 39 4 0 19 0.0526315789473684 0.157894736842105 0.789473684210526 4.26315789473684 0
  1 1 40 4 0 25 0.04 0.04 0.76 3.16 0
  1 1 41 4 0 31 0.0967741935483871 0.0645161290322581 0.32258064516129 2.74193548387097 0
  1 1 42 4 0 31 0.612903225806452 0.161290322580645 0.258064516129032 2.19354838709677 0
  2 1 1 2 0 2 1.5 0 4.5 44 0
  2 1 2 2 0 5 8.4 0.8 0.8 10 0
  2 1 3 2 0 2 7 28.5 4.5 10 0
  2 1 4 2 0 5 0 6.6 11.6 1.8 0
  2 1 5 2 0 5 0 3.4 10.8 5.8 0
  2 1 6 2 0 5 0 1.6 10.2 8.2 0
  2 1 7 2 0 5 0 0.8 6.6 12.6 0
  2 1 8 2 0 1 0 5 27 68 0
  2 1 9 2 0 5 0 0.2 4 15.8 0
  2 1 10 2 0 5 0 0.2 4.4 15.4 0
  2 1 11 2 0 2 1.5 0.5 6.5 41.5 0
  2 1 12 2 0 5 0.2 3.4 3.2 13.2 0
  2 1 13 2 0 5 0.2 3.6 5.2 11 0
  2 1 14 2 0 5 0.2 2.4 6.8 10.6 0
  2 1 15 2 0 5 0 1 6 13 0
  2 1 16 2 0 5 0.2 1 7.6 11.2 0
  2 1 17 2 0 5 0 0.4 7 12.6 0
  2 1 18 2 0 5 0.2 0.6 4.6 14.6 0
  2 1 19 2 0 5 0 1.8 3.6 14.6 0
  2 1 20 2 0 30 0 0.133333333333333 0.4 2.8 0
  2 1 21 2 0 46 0.0217391304347826 0.108695652173913 0.347826086956522 1.69565217391304 0
  2 1 22 2 0 10 1.4 0.4 1.8 6.4 0
  2 1 23 2 0 19 0.157894736842105 1.42105263157895 0.473684210526316 3.21052631578947 0
  2 1 24 2 0 61 0.0655737704918033 0.245901639344262 0.60655737704918 0.721311475409836 0
  2 1 25 2 0 29 0 0.344827586206897 1.55172413793103 1.55172413793103 0
  2 1 26 2 0 32 0 0.125 1.25 1.75 0
  2 1 27 2 0 16 0 0.0625 2.375 3.8125 0
  2 1 28 2 0 31 0 0.032258064516129 0.709677419354839 2.48387096774194 0
  2 1 29 2 0 44 0 0.0227272727272727 0.409090909090909 1.84090909090909 0
  2 1 30 2 0 29 0 0.103448275862069 0.586206896551724 2.75862068965517 0
  2 1 31 2 0 25 0 0.04 0.76 3.2 0
  2 1 32 2 0 22 0.0454545454545455 0 0.5 4 0
  2 1 33 2 0 35 0.628571428571429 0.0571428571428571 0.314285714285714 1.85714285714286 0
  2 1 34 2 0 28 0.285714285714286 1.71428571428571 0.285714285714286 1.28571428571429 0
  2 1 35 2 0 45 0.0888888888888889 0.555555555555556 0.955555555555556 0.622222222222222 0
  2 1 36 2 0 51 0.0196078431372549 0.274509803921569 0.92156862745098 0.745098039215686 0
  2 1 37 2 0 41 0 0.170731707317073 1.14634146341463 1.1219512195122 0
  2 1 38 2 0 36 0 0.138888888888889 1.05555555555556 1.58333333333333 0
  2 1 39 2 0 20 0 0.05 1.15 3.8 0
  2 1 40 2 0 14 0 0.357142857142857 1.92857142857143 4.85714285714286 0
  2 1 41 2 0 17 0.0588235294117647 0.176470588235294 0.882352941176471 4.76470588235294 0
  2 1 42 2 0 24 0.125 0.291666666666667 0.5 3.25 0
  2 1 1 3 0 1 50 0 49 1 0
  2 1 2 3 0 5 8.8 1.6 8.6 1 0
  2 1 3 3 0 5 9.8 3 5.8 1.4 0
  2 1 4 3 0 1 66 15 16 3 0
  2 1 5 3 0 6 8.33333333333333 4.33333333333333 3 1 0
  2 1 6 3 0 4 10 10.25 3.75 1 0
  2 1 7 3 0 5 10.2 6.6 2.8 0.4 0
  2 1 8 3 0 1 56 33 8 3 0
  2 1 9 3 0 1 50 32 14 4 0
  2 1 10 3 0 1 42 39 16 3 0
  2 1 11 3 0 2 25 15 8.5 1.5 0
  2 1 12 3 0 5 9 8 2.4 0.6 0
  2 1 13 3 0 4 11 8.25 5 0.75 0
  2 1 14 3 0 8 5.875 3.5 2.25 0.875 0
  2 1 15 3 0 11 3.54545454545455 3.63636363636364 1.54545454545455 0.363636363636364 0
  2 1 16 3 0 5 8.8 6.4 4.4 0.4 0
  2 1 17 3 0 5 10 6 3.6 0.4 0
  2 1 18 3 0 1 51 31 14 4 0
  2 1 19 3 0 1 48 28 18 6 0
  2 1 20 3 0 4 11.25 5.75 6.25 1.75 0
  2 1 21 3 0 3 14.6666666666667 9 7.33333333333333 2.33333333333333 0
  2 1 22 3 0 4 12 8 3.5 1.5 0
  2 1 23 3 0 3 12.6666666666667 12.3333333333333 5 3.33333333333333 0
  2 1 24 3 0 3 9.33333333333333 10 9.66666666666667 4.33333333333333 0
  2 1 25 3 0 2 17 17 13 3 0
  2 1 26 3 0 4 8.5 9 6 1.5 0
  2 1 27 3 0 5 8 5 4.8 2.2 0
  2 1 28 3 0 4 9 7.5 6.75 1.75 0
  2 1 29 3 0 4 8.25 9.75 6 1 0
  2 1 30 3 0 24 1.45833333333333 1.375 1 0.333333333333333 0
  2 1 31 3 0 10 3.9 3.1 1.8 1.2 0
  2 1 32 3 0 12 3 2.58333333333333 1.58333333333333 1.16666666666667 0
  2 1 33 3 0 4 10.5 7.75 3.5 3.25 0
  2 1 34 3 0 6 6.5 5 3.5 1.66666666666667 0
  2 1 35 3 0 2 20 15.5 10.5 4 0
  2 1 36 3 0 10 5.2 2.7 1.6 0.5 0
  2 1 37 3 0 9 4 3.55555555555556 2.44444444444444 1.11111111111111 0
  2 1 38 3 0 13 2.92307692307692 2.23076923076923 1.61538461538462 0.923076923076923 0
  2 1 39 3 0 16 2.875 1.9375 1.3125 0.125 0
  2 1 40 3 0 27 1.51851851851852 1.03703703703704 0.481481481481481 0.666666666666667 0
  2 1 41 3 0 15 2.66666666666667 2.06666666666667 1.46666666666667 0.466666666666667 0
  2 1 42 3 0 16 2.375 1.8125 1.3125 0.75 0
# end fishery length observations 
#  
# Survey diet proportion observations 
# Number of observations, init_int Ndietprop_obs 
  60
# init_matrix obs_dietprop(1,Ndietprop_obs,1,ncol) 
# Survey  Year  Predator  Predator_size InpN  wt_prey_1 wt_prey_2 wt_prey_3 wt_prey_4 wt_prey_5 wt_prey_6 wt_prey_7 wt_prey_8 wt_prey_9 wt_prey_10 wt_prey_11 other 
  1 12 1 2 100 0 0 0 0 1
  1 12 1 3 100 0.73 0 0 0 0.27
  1 13 1 3 100 0 0 0 0 1
  1 13 1 4 100 0 1 0 0 0
  1 15 1 2 100 0 0 0 0 1
  1 18 1 1 100 0.28 0 0 0 0.72
  1 18 1 2 100 0 0 0 0 1
  1 18 1 3 100 0 0.28 0 0 0.72
  1 19 1 2 100 0 0.59 0 0 0.41
  1 19 1 3 100 0 0 0 0 1
  1 20 1 3 100 0 0.03 0 0 0.97
  1 21 1 2 100 0 0.03 0 0 0.97
  1 21 1 3 100 0 0.68 0 0 0.32
  1 24 1 3 100 0 0 0 0 1
  1 25 1 3 100 0 0.05 0 0 0.95
  1 26 1 3 100 0 0.41 0 0 0.59
  1 27 1 3 100 0 0.54 0 0 0.46
  1 28 1 3 100 0 0.46 0 0 0.54
  1 33 1 3 100 0 0 0 0 1
  1 34 1 3 100 0 0 0 0 1
  1 35 1 3 100 0 0.22 0 0 0.78
  1 38 1 3 100 0 0.12 0 0 0.88
  1 39 1 3 100 0 0.72 0 0 0.28
  1 40 1 2 100 0 0 0 0 1
  1 41 1 2 100 0 0 0.93 0 0.07
  1 8 4 2 100 0 0 0 0 1
  1 8 4 3 100 0 0 0 0 1
  1 11 4 3 100 0 0 0 0 1
  1 13 4 2 100 0 0 0 0 1
  1 13 4 3 100 0 0.78 0 0 0.22
  1 13 4 4 100 0 0.25 0 0 0.75
  1 14 4 3 100 0 0 0 0 1
  1 15 4 3 100 0 0.4 0 0 0.6
  1 15 4 4 100 0 0 0 0 1
  1 16 4 3 100 0 0.67 0 0 0.33
  1 16 4 4 100 0 0.54 0 0 0.46
  1 17 4 3 100 0 0 0 0 1
  1 18 4 3 100 0 0 0 0 1
  1 19 4 2 100 0 0 0 0 1
  1 19 4 3 100 0 0.8 0 0 0.2
  1 20 4 2 100 0 0 0 0 1
  1 20 4 3 100 0 0 0 0 1
  1 21 4 3 100 0 0.3 0 0 0.7
  1 22 4 2 100 0 0 0 0 1
  1 23 4 3 100 0 0.03 0 0 0.97
  1 24 4 3 100 0 0 0 0 1
  1 25 4 3 100 0 0 0 0 1
  1 25 4 4 100 0 1 0 0 0
  1 26 4 3 100 0 0 0 0 1
  1 27 4 2 100 0 1 0 0 0
  1 27 4 3 100 0 0.85 0 0 0.15
  1 28 4 2 100 0 0 0 0 1
  1 28 4 3 100 0 0.68 0 0 0.32
  1 29 4 3 100 0 0.13 0 0 0.87
  1 31 4 3 100 0 0.52 0 0 0.48
  1 31 4 4 100 0 0 0 0 1
  1 34 4 3 100 0 0.15 0.27 0 0.58
  1 40 4 3 100 0 0 0.27 0 0.73
  1 40 4 4 100 0 0 0.87 0 0.13
  1 42 4 3 100 0 0 0 0 1
# end survey diet proportion observations 
#  
