# This file was created using the write_tsDatFile function and used all the simulated data from sim_dta.rds found in repo:Hydra-self-testing
# Survey index data 
# Number of observations, init_int Nsurvey_obs
  166
# init_matrix obs_survey_biomass(1,Nsurvey_obs,1,5)
# survey year spp value cv
  1 1 4 159545.278622904 0.2
  1 2 4 81430.526281555 0.2
  1 3 4 96760.3758590241 0.2
  1 4 4 90424.0518724636 0.2
  1 5 4 91167.9594381856 0.2
  1 6 4 135196.628815547 0.2
  1 7 4 42984.9035405744 0.2
  1 8 4 102322.639197818 0.2
  1 9 4 133253.320863989 0.2
  1 10 4 208283.793513944 0.2
  1 11 4 304949.326718771 0.2
  1 12 4 175049.325134834 0.2
  1 13 4 68595.2193638047 0.2
  1 14 4 123442.035460514 0.2
  1 15 4 107931.723209781 0.2
  1 16 4 172572.716100843 0.2
  1 17 4 95139.5927233291 0.2
  1 18 4 130175.093674262 0.2
  1 19 4 133939.000763929 0.2
  1 20 4 90152.358736196 0.2
  1 21 4 203934.391688137 0.2
  1 22 4 101254.844039536 0.2
  1 23 4 83172.6011080157 0.2
  1 24 4 151018.533731186 0.2
  1 25 4 253720.983040517 0.2
  1 26 4 211735.024997114 0.2
  1 27 4 154126.844201573 0.2
  1 28 4 251208.987158644 0.2
  1 29 4 76519.2188474043 0.2
  1 30 4 162781.781008202 0.2
  1 31 4 175228.607510031 0.2
  1 32 4 209946.187845978 0.2
  1 33 4 235819.750730979 0.2
  1 34 4 222851.533299214 0.2
  1 35 4 275624.632089512 0.2
  1 36 4 221580.326041402 0.2
  1 37 4 460954.66466573 0.2
  1 38 4 76381.6243763576 0.2
  1 39 4 145287.750866619 0.2
  1 40 4 184106.920058366 0.2
  1 41 4 219003.92227884 0.2
  1 42 4 198837.08598199 0.2
  1 1 2 343.587379503074 0.2
  1 4 2 83.5504006651271 0.2
  1 5 2 197.678001994857 0.2
  1 6 2 357.203944743354 0.2
  1 7 2 46.2174328000561 0.2
  1 8 2 265.571996684861 0.2
  1 9 2 369.870571195733 0.2
  1 10 2 74.9549807697433 0.2
  1 11 2 484.041984534993 0.2
  1 12 2 259.582502806894 0.2
  1 13 2 194.729376847362 0.2
  1 14 2 112.241712667037 0.2
  1 15 2 229.156194331939 0.2
  1 16 2 388.903678913381 0.2
  1 17 2 993.774620031411 0.2
  1 18 2 882.92701274369 0.2
  1 19 2 2745.62246611697 0.2
  1 20 2 2104.34016820804 0.2
  1 21 2 1672.54859253046 0.2
  1 22 2 943.670605592498 0.2
  1 23 2 1466.18517671024 0.2
  1 24 2 1562.70499531662 0.2
  1 25 2 1432.75108312162 0.2
  1 26 2 3630.75390634782 0.2
  1 27 2 3175.30372279105 0.2
  1 28 2 2458.34570368424 0.2
  1 29 2 2195.03990582242 0.2
  1 30 2 1362.63457410834 0.2
  1 31 2 2104.54586394188 0.2
  1 32 2 1762.95644976431 0.2
  1 33 2 2298.54550316121 0.2
  1 34 2 948.010450803543 0.2
  1 35 2 3473.72027414266 0.2
  1 36 2 3396.76893696194 0.2
  1 37 2 11698.2836394227 0.2
  1 38 2 4207.96047394644 0.2
  1 39 2 1412.64097231344 0.2
  1 40 2 3070.04130240566 0.2
  1 41 2 993.726747166086 0.2
  1 42 2 1285.72893353459 0.2
  1 1 1 15696.8364063699 0.2
  1 2 1 17373.8104919897 0.2
  1 3 1 10506.1507890835 0.2
  1 4 1 9559.49863796552 0.2
  1 5 1 9387.34914126636 0.2
  1 6 1 10972.2712248215 0.2
  1 7 1 6010.79037868362 0.2
  1 8 1 10009.2637600761 0.2
  1 9 1 13452.9788345514 0.2
  1 10 1 12106.0512083764 0.2
  1 11 1 8150.54434409087 0.2
  1 12 1 6792.41073100682 0.2
  1 13 1 11522.1884050315 0.2
  1 14 1 5500.5321328279 0.2
  1 15 1 4902.51302894657 0.2
  1 16 1 3587.55162898725 0.2
  1 17 1 5522.96690233082 0.2
  1 18 1 4250.09651334039 0.2
  1 19 1 9789.92608724804 0.2
  1 20 1 1809.03035286931 0.2
  1 21 1 3909.24960321362 0.2
  1 22 1 4953.37080470536 0.2
  1 23 1 6745.02994873481 0.2
  1 24 1 10492.9107172899 0.2
  1 25 1 7623.94492414556 0.2
  1 26 1 5452.87295161089 0.2
  1 27 1 6779.91314641317 0.2
  1 28 1 3781.36746206541 0.2
  1 29 1 5173.70136768509 0.2
  1 30 1 2508.64454517549 0.2
  1 31 1 4285.14686748872 0.2
  1 32 1 1850.23887266641 0.2
  1 33 1 4683.5675299752 0.2
  1 34 1 2414.64126406422 0.2
  1 35 1 1271.60373774979 0.2
  1 36 1 1922.25640653426 0.2
  1 37 1 1728.33446101722 0.2
  1 38 1 2641.19130045271 0.2
  1 39 1 1037.13717353597 0.2
  1 40 1 1323.15084606009 0.2
  1 41 1 1333.59855431476 0.2
  1 42 1 2949.19851590388 0.2
  1 1 3 82.5712577097263 0.2
  1 2 3 185.955507340791 0.2
  1 3 3 232.512215960671 0.2
  1 4 3 651.474541196118 0.2
  1 5 3 204.550404111356 0.2
  1 6 3 378.48894727213 0.2
  1 7 3 988.273352775976 0.2
  1 8 3 287.722895958523 0.2
  1 9 3 146.771018850798 0.2
  1 10 3 222.730095815934 0.2
  1 11 3 566.122777974678 0.2
  1 12 3 435.202116164369 0.2
  1 13 3 287.767782998253 0.2
  1 14 3 567.813346346312 0.2
  1 15 3 345.372732134158 0.2
  1 16 3 200.105276931906 0.2
  1 17 3 380.246310041302 0.2
  1 18 3 319.301379962959 0.2
  1 19 3 332.891552557378 0.2
  1 20 3 278.944524363556 0.2
  1 21 3 408.988081451567 0.2
  1 22 3 153.108682910172 0.2
  1 23 3 447.342268924521 0.2
  1 24 3 307.487349744529 0.2
  1 25 3 245.492791543629 0.2
  1 26 3 108.871891008278 0.2
  1 27 3 274.315368176118 0.2
  1 28 3 243.797557940006 0.2
  1 29 3 530.533387168895 0.2
  1 30 3 223.501752469492 0.2
  1 31 3 107.516390282557 0.2
  1 32 3 84.8663786083827 0.2
  1 33 3 375.083312269493 0.2
  1 34 3 134.151724105494 0.2
  1 35 3 64.739862071088 0.2
  1 36 3 298.344871671667 0.2
  1 37 3 730.985363705216 0.2
  1 38 3 402.484490227981 0.2
  1 39 3 329.577045554969 0.2
  1 40 3 573.503989651471 0.2
  1 41 3 114805.85049766 0.2
  1 42 3 83561.5420323995 0.2
# end survey index observations 
#  
# Survey size comp data 
# Number of observations, init_int Nsurvey_size_obs 
  166
# init_matrix obs_survey_size(1,Nsurvey_size_obs,1,ncol) 
# Survey  Year  Species Type (0=whole, 1=retained, 2=discard) InpN, proportion by length bin 
  1 1 1 0 25 0.03 0.39 0.48 0.1 0
  1 2 1 0 25 0.01 0.29 0.6 0.1 0
  1 3 1 0 25 0.01 0.31 0.59 0.09 0
  1 4 1 0 25 0.03 0.44 0.49 0.04 0
  1 5 1 0 25 0.04 0.37 0.55 0.04 0
  1 6 1 0 25 0.01 0.39 0.53 0.07 0
  1 7 1 0 25 0.02 0.45 0.48 0.05 0
  1 8 1 0 25 0 0.37 0.6 0.03 0
  1 9 1 0 25 0.01 0.57 0.36 0.06 0
  1 10 1 0 25 0.03 0.4 0.55 0.02 0
  1 11 1 0 25 0.01 0.25 0.71 0.03 0
  1 12 1 0 25 0.03 0.39 0.56 0.02 0
  1 13 1 0 25 0 0.39 0.59 0.02 0
  1 14 1 0 25 0 0.28 0.69 0.03 0
  1 15 1 0 25 0.03 0.27 0.62 0.08 0
  1 16 1 0 25 0 0.4 0.54 0.06 0
  1 17 1 0 25 0.02 0.48 0.41 0.09 0
  1 18 1 0 25 0.03 0.48 0.48 0.01 0
  1 19 1 0 25 0.02 0.3 0.63 0.05 0
  1 20 1 0 25 0.01 0.43 0.51 0.05 0
  1 21 1 0 25 0.03 0.38 0.52 0.07 0
  1 22 1 0 25 0 0.27 0.66 0.07 0
  1 23 1 0 25 0.03 0.35 0.55 0.07 0
  1 24 1 0 25 0.02 0.19 0.62 0.17 0
  1 25 1 0 25 0 0.16 0.69 0.15 0
  1 26 1 0 25 0 0.16 0.64 0.2 0
  1 27 1 0 25 0.02 0.25 0.64 0.09 0
  1 28 1 0 25 0.02 0.29 0.56 0.13 0
  1 29 1 0 25 0 0.35 0.55 0.1 0
  1 30 1 0 25 0.02 0.23 0.61 0.14 0
  1 31 1 0 25 0.01 0.23 0.61 0.15 0
  1 32 1 0 25 0 0.25 0.57 0.18 0
  1 33 1 0 25 0.01 0.19 0.58 0.22 0
  1 34 1 0 25 0 0.15 0.65 0.2 0
  1 35 1 0 25 0.04 0.25 0.51 0.2 0
  1 36 1 0 25 0.03 0.34 0.54 0.09 0
  1 37 1 0 25 0.02 0.3 0.53 0.15 0
  1 38 1 0 25 0.01 0.27 0.57 0.15 0
  1 39 1 0 25 0.01 0.21 0.64 0.14 0
  1 40 1 0 25 0.02 0.18 0.67 0.13 0
  1 41 1 0 25 0.01 0.35 0.4 0.24 0
  1 42 1 0 25 0.03 0.46 0.41 0.1 0
  1 1 2 0 25 0 0.04 0.11 0.61 0.24
  1 4 2 0 25 0 0.16 0.29 0.41 0.14
  1 5 2 0 25 0 0.12 0.34 0.47 0.07
  1 6 2 0 25 0 0.12 0.26 0.54 0.08
  1 7 2 0 25 0 0.19 0.21 0.59 0.01
  1 8 2 0 25 0 0.14 0.36 0.46 0.04
  1 9 2 0 25 0 0.22 0.22 0.53 0.03
  1 10 2 0 25 0 0.14 0.36 0.48 0.02
  1 11 2 0 25 0 0.14 0.32 0.53 0.01
  1 12 2 0 25 0 0.07 0.25 0.66 0.02
  1 13 2 0 25 0 0.08 0.24 0.68 0
  1 14 2 0 25 0 0.07 0.28 0.64 0.01
  1 15 2 0 25 0 0.05 0.27 0.68 0
  1 16 2 0 25 0 0.13 0.25 0.61 0.01
  1 17 2 0 25 0 0.6 0.11 0.29 0
  1 18 2 0 25 0 0.44 0.34 0.22 0
  1 19 2 0 25 0 0.1 0.54 0.36 0
  1 20 2 0 25 0 0.17 0.47 0.36 0
  1 21 2 0 25 0 0.07 0.3 0.63 0
  1 22 2 0 25 0 0.09 0.26 0.65 0
  1 23 2 0 25 0 0.07 0.25 0.68 0
  1 24 2 0 25 0 0.08 0.16 0.76 0
  1 25 2 0 25 0 0.04 0.2 0.76 0
  1 26 2 0 25 0 0.23 0.23 0.54 0
  1 27 2 0 25 0 0.08 0.3 0.62 0
  1 28 2 0 25 0 0.09 0.24 0.67 0
  1 29 2 0 25 0 0.07 0.18 0.75 0
  1 30 2 0 25 0 0.1 0.22 0.68 0
  1 31 2 0 25 0 0.36 0.15 0.49 0
  1 32 2 0 25 0 0.19 0.44 0.37 0
  1 33 2 0 25 0 0.05 0.46 0.49 0
  1 34 2 0 25 0 0.09 0.25 0.66 0
  1 35 2 0 25 0 0.07 0.17 0.76 0
  1 36 2 0 25 0 0.01 0.16 0.83 0
  1 37 2 0 25 0 0.02 0.11 0.87 0
  1 38 2 0 25 0 0.03 0.14 0.83 0
  1 39 2 0 25 0 0.05 0.16 0.79 0
  1 40 2 0 25 0 0.03 0.13 0.84 0
  1 41 2 0 25 0 0.08 0.12 0.8 0
  1 42 2 0 25 0 0.34 0.15 0.51 0
  1 1 3 0 25 0 0.18 0.3 0.51 0.01
  1 2 3 0 25 0.04 0.16 0.33 0.46 0.01
  1 3 3 0 25 0.13 0.47 0.21 0.19 0
  1 4 3 0 25 0.12 0.34 0.33 0.21 0
  1 5 3 0 25 0.03 0.24 0.48 0.25 0
  1 6 3 0 25 0 0.23 0.51 0.26 0
  1 7 3 0 25 0.04 0.18 0.34 0.44 0
  1 8 3 0 25 0.05 0.08 0.46 0.41 0
  1 9 3 0 25 0.01 0.16 0.39 0.44 0
  1 10 3 0 25 0.02 0.08 0.29 0.61 0
  1 11 3 0 25 0.02 0.12 0.25 0.61 0
  1 12 3 0 25 0.03 0.16 0.2 0.61 0
  1 13 3 0 25 0.04 0.12 0.27 0.57 0
  1 14 3 0 25 0.01 0.12 0.35 0.52 0
  1 15 3 0 25 0.01 0.13 0.39 0.47 0
  1 16 3 0 25 0 0.08 0.32 0.6 0
  1 17 3 0 25 0.01 0.16 0.25 0.58 0
  1 18 3 0 25 0 0.15 0.31 0.54 0
  1 19 3 0 25 0.02 0.18 0.26 0.54 0
  1 20 3 0 25 0.02 0.16 0.3 0.52 0
  1 21 3 0 25 0.02 0.11 0.39 0.48 0
  1 22 3 0 25 0 0.13 0.31 0.56 0
  1 23 3 0 25 0 0.21 0.23 0.56 0
  1 24 3 0 25 0.01 0.11 0.42 0.46 0
  1 25 3 0 25 0.02 0.14 0.31 0.53 0
  1 26 3 0 25 0.05 0.09 0.29 0.57 0
  1 27 3 0 25 0.04 0.09 0.27 0.6 0
  1 28 3 0 25 0.01 0.11 0.33 0.55 0
  1 29 3 0 25 0.01 0.12 0.28 0.59 0
  1 30 3 0 25 0.02 0.07 0.36 0.55 0
  1 31 3 0 25 0.02 0.14 0.25 0.59 0
  1 32 3 0 25 0 0.17 0.24 0.59 0
  1 33 3 0 25 0.05 0.2 0.2 0.55 0
  1 34 3 0 25 0.12 0.26 0.19 0.43 0
  1 35 3 0 25 0.09 0.38 0.25 0.28 0
  1 36 3 0 25 0.04 0.18 0.42 0.36 0
  1 37 3 0 25 0.05 0.21 0.43 0.31 0
  1 38 3 0 25 0.03 0.19 0.41 0.37 0
  1 39 3 0 25 0.09 0.11 0.37 0.43 0
  1 40 3 0 25 0.03 0.11 0.4 0.46 0
  1 41 3 0 25 0.02 0.11 0.42 0.45 0
  1 42 3 0 25 0.03 0.15 0.35 0.47 0
  1 1 4 0 25 0.05 0.22 0.59 0.14 0
  1 2 4 0 25 0.03 0.32 0.49 0.16 0
  1 3 4 0 25 0.04 0.43 0.45 0.08 0
  1 4 4 0 25 0.01 0.41 0.53 0.05 0
  1 5 4 0 25 0.03 0.3 0.63 0.04 0
  1 6 4 0 25 0.05 0.4 0.5 0.05 0
  1 7 4 0 25 0.03 0.4 0.51 0.06 0
  1 8 4 0 25 0.03 0.38 0.54 0.05 0
  1 9 4 0 25 0.01 0.41 0.51 0.07 0
  1 10 4 0 25 0.02 0.44 0.48 0.06 0
  1 11 4 0 25 0.02 0.38 0.51 0.09 0
  1 12 4 0 25 0.01 0.35 0.54 0.1 0
  1 13 4 0 25 0 0.3 0.63 0.07 0
  1 14 4 0 25 0 0.39 0.54 0.07 0
  1 15 4 0 25 0 0.39 0.57 0.04 0
  1 16 4 0 25 0.02 0.4 0.52 0.06 0
  1 17 4 0 25 0.04 0.31 0.58 0.07 0
  1 18 4 0 25 0 0.3 0.58 0.12 0
  1 19 4 0 25 0.03 0.32 0.56 0.09 0
  1 20 4 0 25 0 0.37 0.52 0.11 0
  1 21 4 0 25 0.01 0.32 0.6 0.07 0
  1 22 4 0 25 0.01 0.4 0.54 0.05 0
  1 23 4 0 25 0 0.4 0.51 0.09 0
  1 24 4 0 25 0.01 0.34 0.62 0.03 0
  1 25 4 0 25 0 0.38 0.52 0.1 0
  1 26 4 0 25 0.03 0.28 0.5 0.19 0
  1 27 4 0 25 0.01 0.31 0.55 0.13 0
  1 28 4 0 25 0.02 0.32 0.58 0.08 0
  1 29 4 0 25 0 0.31 0.54 0.15 0
  1 30 4 0 25 0.02 0.23 0.61 0.14 0
  1 31 4 0 25 0.01 0.23 0.61 0.15 0
  1 32 4 0 25 0.04 0.24 0.56 0.16 0
  1 33 4 0 25 0 0.22 0.62 0.16 0
  1 34 4 0 25 0 0.2 0.64 0.16 0
  1 35 4 0 25 0.01 0.24 0.63 0.12 0
  1 36 4 0 25 0.02 0.23 0.61 0.14 0
  1 37 4 0 25 0.02 0.28 0.64 0.06 0
  1 38 4 0 25 0 0.25 0.56 0.19 0
  1 39 4 0 25 0.02 0.25 0.53 0.2 0
  1 40 4 0 25 0.03 0.27 0.65 0.05 0
  1 41 4 0 25 0.03 0.29 0.52 0.16 0
  1 42 4 0 25 0.02 0.25 0.59 0.14 0
# end survey length observations 
#  
# Fishery catch data 
# Number of observations, init_int Ncatch_obs
  168
# init_matrix obs_catch_biomass(1,Ncatch_obs,1,6) 
# Fleet	Area	Year	Species	Catch(biomass t)	CV 
  1 1 1 1 60486.6493496923 0.05
  1 1 2 1 39089.4145040715 0.05
  1 1 3 1 18880.9734657097 0.05
  1 1 4 1 20576.4804855988 0.05
  1 1 5 1 14033.6974068444 0.05
  1 1 6 1 17740.479767345 0.05
  1 1 7 1 11435.8318385432 0.05
  1 1 8 1 9753.42985873644 0.05
  1 1 9 1 20544.6396961454 0.05
  1 1 10 1 13147.1482608239 0.05
  1 1 11 1 19643.0465417504 0.05
  1 1 12 1 16904.0108976824 0.05
  1 1 13 1 13338.8677153631 0.05
  1 1 14 1 18228.9043233321 0.05
  1 1 15 1 14523.9402275905 0.05
  1 1 16 1 7751.63376598334 0.05
  1 1 17 1 10331.4785447609 0.05
  1 1 18 1 7963.86888393143 0.05
  1 1 19 1 8831.4441710869 0.05
  1 1 20 1 4324.31468303344 0.05
  1 1 21 1 2796.40792807851 0.05
  1 1 22 1 4464.61560585134 0.05
  1 1 23 1 5700.7034751221 0.05
  1 1 24 1 5590.20915499939 0.05
  1 1 25 1 6287.8682606388 0.05
  1 1 26 1 4786.5756611137 0.05
  1 1 27 1 4510.42068025603 0.05
  1 1 28 1 3196.56162585959 0.05
  1 1 29 1 2853.81816018346 0.05
  1 1 30 1 3138.90314720633 0.05
  1 1 31 1 3268.2018604291 0.05
  1 1 32 1 2905.06057087207 0.05
  1 1 33 1 2909.33185213344 0.05
  1 1 34 1 2312.1815760716 0.05
  1 1 35 1 1636.76190957898 0.05
  1 1 36 1 1857.1680554049 0.05
  1 1 37 1 1587.52440102874 0.05
  1 1 38 1 1475.92388203651 0.05
  1 1 39 1 1061.59436423435 0.05
  1 1 40 1 1848.1720834881 0.05
  1 1 41 1 1239.30885622777 0.05
  1 1 42 1 1250.59640665847 0.05
  1 1 1 4 7985.43779164464 0.05
  1 1 2 4 10182.2998044178 0.05
  1 1 3 4 7793.40523847002 0.05
  1 1 4 4 7278.31466191788 0.05
  1 1 5 4 5142.10056791034 0.05
  1 1 6 4 7265.51978965234 0.05
  1 1 7 4 6121.21874757144 0.05
  1 1 8 4 5587.59879533955 0.05
  1 1 9 4 4854.87778386735 0.05
  1 1 10 4 6294.89341092612 0.05
  1 1 11 4 9563.33647818071 0.05
  1 1 12 4 7218.89283265223 0.05
  1 1 13 4 8957.3130583773 0.05
  1 1 14 4 8775.34500191651 0.05
  1 1 15 4 8962.06119541916 0.05
  1 1 16 4 8209.76191900619 0.05
  1 1 17 4 11477.0966834878 0.05
  1 1 18 4 7561.83664152658 0.05
  1 1 19 4 5452.66214000013 0.05
  1 1 20 4 8587.15059007484 0.05
  1 1 21 4 4145.06014183605 0.05
  1 1 22 4 3866.19511995816 0.05
  1 1 23 4 4612.52722092607 0.05
  1 1 24 4 4538.6578043496 0.05
  1 1 25 4 7509.72643707293 0.05
  1 1 26 4 5952.6005355247 0.05
  1 1 27 4 4515.38387090223 0.05
  1 1 28 4 5004.45256601343 0.05
  1 1 29 4 5219.10008644863 0.05
  1 1 30 4 4037.10547111877 0.05
  1 1 31 4 4217.48207806932 0.05
  1 1 32 4 5852.93885790327 0.05
  1 1 33 4 4845.58880522043 0.05
  1 1 34 4 5045.23660657433 0.05
  1 1 35 4 5047.180082044 0.05
  1 1 36 4 6400.79230091826 0.05
  1 1 37 4 6358.60904552043 0.05
  1 1 38 4 8189.2392769861 0.05
  1 1 39 4 7734.15288216173 0.05
  1 1 40 4 6911.29058279703 0.05
  1 1 41 4 9180.58915102331 0.05
  1 1 42 4 5218.52083169932 0.05
  2 1 1 2 1107.36072078056 0.05
  2 1 2 2 1078.87300759255 0.05
  2 1 3 2 847.64339409738 0.05
  2 1 4 2 700.512661880607 0.05
  2 1 5 2 921.038064162416 0.05
  2 1 6 2 955.314738284464 0.05
  2 1 7 2 645.578476189223 0.05
  2 1 8 2 900.052217075369 0.05
  2 1 9 2 789.522957352538 0.05
  2 1 10 2 1055.92685381581 0.05
  2 1 11 2 968.763930946922 0.05
  2 1 12 2 1458.70374522612 0.05
  2 1 13 2 1688.47303098405 0.05
  2 1 14 2 1988.59400266854 0.05
  2 1 15 2 2439.1423776859 0.05
  2 1 16 2 2262.16375991016 0.05
  2 1 17 2 1879.8985041131 0.05
  2 1 18 2 3208.92520044059 0.05
  2 1 19 2 2837.10420128264 0.05
  2 1 20 2 8928.07382878472 0.05
  2 1 21 2 10602.6122350915 0.05
  2 1 22 2 11612.1802046936 0.05
  2 1 23 2 12125.5028497359 0.05
  2 1 24 2 9215.13733518589 0.05
  2 1 25 2 9587.25836890981 0.05
  2 1 26 2 10876.5293129275 0.05
  2 1 27 2 9288.34896063709 0.05
  2 1 28 2 10597.0132701809 0.05
  2 1 29 2 8811.26436995321 0.05
  2 1 30 2 8470.41863474552 0.05
  2 1 31 2 9201.21577908031 0.05
  2 1 32 2 9173.94191123264 0.05
  2 1 33 2 11239.7995575305 0.05
  2 1 34 2 14660.1834864225 0.05
  2 1 35 2 14711.7224720537 0.05
  2 1 36 2 15359.6139628834 0.05
  2 1 37 2 10967.1664400526 0.05
  2 1 38 2 10435.4929793355 0.05
  2 1 39 2 7624.25678185043 0.05
  2 1 40 2 8297.15047701273 0.05
  2 1 41 2 6778.63307447533 0.05
  2 1 42 2 6552.5377489225 0.05
  2 1 1 3 430.101869994356 0.05
  2 1 2 3 369.062718958794 0.05
  2 1 3 3 657.294280458236 0.05
  2 1 4 3 520.158258676832 0.05
  2 1 5 3 748.933395359257 0.05
  2 1 6 3 1364.96853416171 0.05
  2 1 7 3 1959.49784460872 0.05
  2 1 8 3 2122.47727389217 0.05
  2 1 9 3 1037.15682412173 0.05
  2 1 10 3 2177.3206878506 0.05
  2 1 11 3 1674.5680403787 0.05
  2 1 12 3 1587.44316609678 0.05
  2 1 13 3 1871.04310454044 0.05
  2 1 14 3 1438.21371783388 0.05
  2 1 15 3 1887.93035388312 0.05
  2 1 16 3 1354.52675806736 0.05
  2 1 17 3 1590.97419204495 0.05
  2 1 18 3 1142.43654040736 0.05
  2 1 19 3 1222.87246765056 0.05
  2 1 20 3 1169.52224359702 0.05
  2 1 21 3 1083.78916349967 0.05
  2 1 22 3 1494.65836070192 0.05
  2 1 23 3 933.876693721617 0.05
  2 1 24 3 1118.57788810972 0.05
  2 1 25 3 798.991677098987 0.05
  2 1 26 3 896.712475574472 0.05
  2 1 27 3 976.127772289031 0.05
  2 1 28 3 1191.23245224032 0.05
  2 1 29 3 1002.66686461706 0.05
  2 1 30 3 953.395511705345 0.05
  2 1 31 3 820.271840367583 0.05
  2 1 32 3 947.792583256316 0.05
  2 1 33 3 787.854319790417 0.05
  2 1 34 3 774.805954110884 0.05
  2 1 35 3 685.11574695949 0.05
  2 1 36 3 1016.51220542691 0.05
  2 1 37 3 1470.54062822264 0.05
  2 1 38 3 2131.72844811323 0.05
  2 1 39 3 1766.99976208106 0.05
  2 1 40 3 2052.72618738572 0.05
  2 1 41 3 40954.9571755595 0.05
  2 1 42 3 41047.7103964955 0.05
# end catch observations 
#  
# Fishery size comp data 
# Number of observations, init_int Ncatch_size_obs 
  168
# init_matrix obs_catch_size(1,Ncatch_size_obs,1,ncol) 
# Fleet Area  Year  Species Type (0=whole, 1=retained, 2=discard) InpN, proportion by size bin 
  1 1 1 1 0 25 0.01 0.34 0.62 0.03 0
  1 1 2 1 0 25 0.03 0.33 0.58 0.06 0
  1 1 3 1 0 25 0.02 0.37 0.53 0.08 0
  1 1 4 1 0 25 0.09 0.24 0.59 0.08 0
  1 1 5 1 0 25 0.03 0.56 0.34 0.07 0
  1 1 6 1 0 25 0 0.39 0.57 0.04 0
  1 1 7 1 0 25 0.01 0.34 0.62 0.03 0
  1 1 8 1 0 25 0.02 0.49 0.45 0.04 0
  1 1 9 1 0 25 0.07 0.25 0.63 0.05 0
  1 1 10 1 0 25 0 0.59 0.39 0.02 0
  1 1 11 1 0 25 0.04 0.44 0.52 0 0
  1 1 12 1 0 25 0.04 0.32 0.6 0.04 0
  1 1 13 1 0 25 0 0.4 0.53 0.07 0
  1 1 14 1 0 25 0 0.35 0.6 0.05 0
  1 1 15 1 0 25 0 0.37 0.58 0.05 0
  1 1 16 1 0 25 0 0.43 0.51 0.06 0
  1 1 17 1 0 25 0.02 0.4 0.56 0.02 0
  1 1 18 1 0 25 0.06 0.49 0.43 0.02 0
  1 1 19 1 0 25 0.02 0.45 0.52 0.01 0
  1 1 20 1 0 25 0.04 0.38 0.54 0.04 0
  1 1 21 1 0 25 0.03 0.37 0.52 0.08 0
  1 1 22 1 0 25 0.04 0.32 0.59 0.05 0
  1 1 23 1 0 25 0.01 0.33 0.55 0.11 0
  1 1 24 1 0 25 0.02 0.24 0.68 0.06 0
  1 1 25 1 0 25 0.02 0.28 0.6 0.1 0
  1 1 26 1 0 25 0.01 0.17 0.73 0.09 0
  1 1 27 1 0 25 0.03 0.13 0.69 0.15 0
  1 1 28 1 0 25 0.02 0.18 0.62 0.18 0
  1 1 29 1 0 25 0.02 0.19 0.61 0.18 0
  1 1 30 1 0 25 0.01 0.27 0.59 0.13 0
  1 1 31 1 0 25 0.01 0.22 0.61 0.16 0
  1 1 32 1 0 25 0 0.22 0.62 0.16 0
  1 1 33 1 0 25 0 0.2 0.61 0.19 0
  1 1 34 1 0 25 0 0.23 0.64 0.13 0
  1 1 35 1 0 25 0 0.18 0.63 0.19 0
  1 1 36 1 0 25 0.03 0.28 0.53 0.16 0
  1 1 37 1 0 25 0.02 0.3 0.55 0.13 0
  1 1 38 1 0 25 0 0.33 0.55 0.12 0
  1 1 39 1 0 25 0.01 0.17 0.65 0.17 0
  1 1 40 1 0 25 0.01 0.23 0.66 0.1 0
  1 1 41 1 0 25 0.01 0.28 0.64 0.07 0
  1 1 42 1 0 25 0.07 0.32 0.53 0.08 0
  1 1 1 4 0 25 0.05 0.2 0.55 0.2 0
  1 1 2 4 0 25 0.05 0.25 0.5 0.2 0
  1 1 3 4 0 25 0.03 0.36 0.57 0.04 0
  1 1 4 4 0 25 0.03 0.36 0.54 0.07 0
  1 1 5 4 0 25 0.03 0.31 0.6 0.06 0
  1 1 6 4 0 25 0 0.41 0.53 0.06 0
  1 1 7 4 0 25 0.01 0.33 0.6 0.06 0
  1 1 8 4 0 25 0.01 0.33 0.6 0.06 0
  1 1 9 4 0 25 0.03 0.36 0.58 0.03 0
  1 1 10 4 0 25 0.01 0.28 0.56 0.15 0
  1 1 11 4 0 25 0.02 0.32 0.58 0.08 0
  1 1 12 4 0 25 0.02 0.33 0.62 0.03 0
  1 1 13 4 0 25 0 0.43 0.51 0.06 0
  1 1 14 4 0 25 0.01 0.41 0.54 0.04 0
  1 1 15 4 0 25 0 0.37 0.58 0.05 0
  1 1 16 4 0 25 0.01 0.32 0.63 0.04 0
  1 1 17 4 0 25 0.02 0.39 0.52 0.07 0
  1 1 18 4 0 25 0.04 0.38 0.53 0.05 0
  1 1 19 4 0 25 0.01 0.32 0.6 0.07 0
  1 1 20 4 0 25 0.01 0.46 0.44 0.09 0
  1 1 21 4 0 25 0.02 0.28 0.62 0.08 0
  1 1 22 4 0 25 0.03 0.29 0.61 0.07 0
  1 1 23 4 0 25 0 0.27 0.61 0.12 0
  1 1 24 4 0 25 0 0.31 0.57 0.12 0
  1 1 25 4 0 25 0.01 0.18 0.75 0.06 0
  1 1 26 4 0 25 0.01 0.22 0.72 0.05 0
  1 1 27 4 0 25 0.01 0.32 0.63 0.04 0
  1 1 28 4 0 25 0.01 0.24 0.62 0.13 0
  1 1 29 4 0 25 0.02 0.19 0.66 0.13 0
  1 1 30 4 0 25 0.01 0.28 0.61 0.1 0
  1 1 31 4 0 25 0.02 0.24 0.62 0.12 0
  1 1 32 4 0 25 0 0.19 0.65 0.16 0
  1 1 33 4 0 25 0.03 0.23 0.61 0.13 0
  1 1 34 4 0 25 0 0.29 0.61 0.1 0
  1 1 35 4 0 25 0.01 0.24 0.59 0.16 0
  1 1 36 4 0 25 0.03 0.31 0.57 0.09 0
  1 1 37 4 0 25 0 0.24 0.59 0.17 0
  1 1 38 4 0 25 0 0.31 0.54 0.15 0
  1 1 39 4 0 25 0 0.27 0.59 0.14 0
  1 1 40 4 0 25 0.02 0.3 0.58 0.1 0
  1 1 41 4 0 25 0 0.22 0.65 0.13 0
  1 1 42 4 0 25 0.01 0.19 0.65 0.15 0
  2 1 1 2 0 25 0 0.03 0.07 0.67 0.23
  2 1 2 2 0 25 0 0 0.21 0.61 0.18
  2 1 3 2 0 25 0 0.09 0.15 0.64 0.12
  2 1 4 2 0 25 0 0.05 0.36 0.54 0.05
  2 1 5 2 0 25 0 0.01 0.36 0.51 0.12
  2 1 6 2 0 25 0.01 0.03 0.31 0.57 0.08
  2 1 7 2 0 25 0 0.03 0.26 0.64 0.07
  2 1 8 2 0 25 0 0.09 0.28 0.6 0.03
  2 1 9 2 0 25 0 0.01 0.43 0.53 0.03
  2 1 10 2 0 25 0 0.04 0.37 0.59 0
  2 1 11 2 0 25 0 0.06 0.47 0.45 0.02
  2 1 12 2 0 25 0 0.04 0.33 0.63 0
  2 1 13 2 0 25 0 0.01 0.45 0.52 0.02
  2 1 14 2 0 25 0 0.03 0.36 0.61 0
  2 1 15 2 0 25 0 0.07 0.26 0.67 0
  2 1 16 2 0 25 0 0.02 0.28 0.7 0
  2 1 17 2 0 25 0.02 0.01 0.22 0.75 0
  2 1 18 2 0 25 0.03 0.19 0.19 0.59 0
  2 1 19 2 0 25 0.02 0.15 0.63 0.2 0
  2 1 20 2 0 25 0 0.03 0.76 0.21 0
  2 1 21 2 0 25 0 0.01 0.43 0.56 0
  2 1 22 2 0 25 0 0.02 0.35 0.63 0
  2 1 23 2 0 25 0 0.02 0.25 0.73 0
  2 1 24 2 0 25 0 0.02 0.21 0.77 0
  2 1 25 2 0 25 0 0.02 0.28 0.7 0
  2 1 26 2 0 25 0.01 0.02 0.22 0.75 0
  2 1 27 2 0 25 0 0.05 0.24 0.71 0
  2 1 28 2 0 25 0 0.01 0.4 0.59 0
  2 1 29 2 0 25 0 0.01 0.3 0.69 0
  2 1 30 2 0 25 0 0.01 0.24 0.75 0
  2 1 31 2 0 25 0 0.02 0.18 0.8 0
  2 1 32 2 0 25 0 0.08 0.16 0.76 0
  2 1 33 2 0 25 0 0.02 0.64 0.34 0
  2 1 34 2 0 25 0 0 0.46 0.54 0
  2 1 35 2 0 25 0 0.01 0.25 0.74 0
  2 1 36 2 0 25 0 0.02 0.21 0.77 0
  2 1 37 2 0 25 0 0.01 0.18 0.81 0
  2 1 38 2 0 25 0 0 0.14 0.86 0
  2 1 39 2 0 25 0 0.01 0.1 0.89 0
  2 1 40 2 0 25 0 0 0.13 0.87 0
  2 1 41 2 0 25 0 0.02 0.16 0.82 0
  2 1 42 2 0 25 0 0 0.15 0.85 0
  2 1 1 3 0 25 0 0.56 0.1 0.34 0
  2 1 2 3 0 25 0.01 0.28 0.44 0.27 0
  2 1 3 3 0 25 0.1 0.3 0.39 0.21 0
  2 1 4 3 0 25 0 0.68 0.22 0.1 0
  2 1 5 3 0 25 0.01 0.44 0.46 0.09 0
  2 1 6 3 0 25 0 0.38 0.55 0.07 0
  2 1 7 3 0 25 0 0.21 0.67 0.12 0
  2 1 8 3 0 25 0 0.21 0.62 0.17 0
  2 1 9 3 0 25 0.01 0.21 0.51 0.27 0
  2 1 10 3 0 25 0 0.13 0.57 0.3 0
  2 1 11 3 0 25 0 0.18 0.5 0.32 0
  2 1 12 3 0 25 0.01 0.2 0.5 0.29 0
  2 1 13 3 0 25 0 0.25 0.34 0.41 0
  2 1 14 3 0 25 0.01 0.27 0.44 0.28 0
  2 1 15 3 0 25 0 0.18 0.51 0.31 0
  2 1 16 3 0 25 0 0.24 0.45 0.31 0
  2 1 17 3 0 25 0 0.23 0.52 0.25 0
  2 1 18 3 0 25 0 0.19 0.59 0.22 0
  2 1 19 3 0 25 0.01 0.22 0.51 0.26 0
  2 1 20 3 0 25 0 0.19 0.59 0.22 0
  2 1 21 3 0 25 0 0.25 0.5 0.25 0
  2 1 22 3 0 25 0.01 0.24 0.46 0.29 0
  2 1 23 3 0 25 0 0.3 0.35 0.35 0
  2 1 24 3 0 25 0.01 0.17 0.53 0.29 0
  2 1 25 3 0 25 0 0.15 0.54 0.31 0
  2 1 26 3 0 25 0.01 0.2 0.52 0.27 0
  2 1 27 3 0 25 0 0.23 0.56 0.21 0
  2 1 28 3 0 25 0 0.14 0.57 0.29 0
  2 1 29 3 0 25 0 0.19 0.53 0.28 0
  2 1 30 3 0 25 0 0.12 0.51 0.37 0
  2 1 31 3 0 25 0.01 0.2 0.44 0.35 0
  2 1 32 3 0 25 0.01 0.19 0.45 0.35 0
  2 1 33 3 0 25 0 0.24 0.41 0.35 0
  2 1 34 3 0 25 0.04 0.31 0.41 0.24 0
  2 1 35 3 0 25 0.01 0.48 0.33 0.18 0
  2 1 36 3 0 25 0.01 0.43 0.44 0.12 0
  2 1 37 3 0 25 0.02 0.35 0.45 0.18 0
  2 1 38 3 0 25 0 0.2 0.61 0.19 0
  2 1 39 3 0 25 0 0.29 0.54 0.17 0
  2 1 40 3 0 25 0 0.29 0.53 0.18 0
  2 1 41 3 0 25 0 0.23 0.59 0.18 0
  2 1 42 3 0 25 0 0.25 0.58 0.17 0
# end fishery length observations 
#  
# Survey diet proportion observations 
# Number of observations, init_int Ndietprop_obs 
  112
# init_matrix obs_dietprop(1,Ndietprop_obs,1,ncol) 
# Survey  Year  Predator  Predator_size InpN  wt_prey_1 wt_prey_2 wt_prey_3 wt_prey_4 wt_prey_5 wt_prey_6 wt_prey_7 wt_prey_8 wt_prey_9 wt_prey_10 wt_prey_11 other 
  1 12 1 2 25 0 0 0 0 1
  1 12 1 3 25 0.38 0 0 0 0.62
  1 13 1 3 25 0 0 0 0 1
  1 13 1 4 25 0 1 0 0 0
  1 15 1 2 25 0 0 0 0 1
  1 18 1 1 25 0.71 0 0 0 0.29
  1 18 1 2 25 0 0 0 0 1
  1 18 1 3 25 0 0 0 0 1
  1 19 1 2 25 0 1 0 0 0
  1 19 1 3 25 0 0 0 0 1
  1 20 1 3 25 0 0.93 0 0 0.07
  1 21 1 2 25 0 0 0 0 1
  1 21 1 3 25 0 0 0 0 1
  1 24 1 3 25 0 1 0 0 0
  1 25 1 3 25 0 0 0 0 1
  1 26 1 3 25 0 0 1 0 0
  1 27 1 3 25 0 0 0.76 0 0.24
  1 28 1 3 25 0 1 0 0 0
  1 33 1 3 25 0 0 0 0 1
  1 34 1 3 25 0 0.96 0 0 0.04
  1 35 1 3 25 0 0 0 0 1
  1 38 1 3 25 0 0 0 0 1
  1 39 1 3 25 0 0 0 0 1
  1 40 1 2 25 0 0 0 0 1
  1 41 1 2 25 0 0 0.81 0 0.19
  2 2 1 4 25 1 0 0 0 0
  2 11 1 3 25 0 0 0 0 1
  2 14 1 3 25 0 0 0 0 1
  2 14 1 4 25 0 0 0 0 1
  2 15 1 3 25 0 0 0 0 1
  2 16 1 3 25 0 0.25 0 0 0.75
  2 16 1 4 25 0 0.28 0 0 0.72
  2 19 1 3 25 0 0.24 0.05 0 0.71
  2 19 1 4 25 0 0.92 0 0 0.08
  2 21 1 3 25 0 0.86 0 0 0.14
  2 21 1 4 25 0 0 0 0 1
  2 22 1 3 25 0 0 0 0 1
  2 23 1 3 25 0 0.75 0 0 0.25
  2 24 1 3 25 0 0 0 0 1
  2 24 1 4 25 0 1 0 0 0
  2 25 1 2 25 0 0 0 0 1
  2 25 1 3 25 0 0 0 0 1
  2 26 1 3 25 0 0.82 0 0 0.18
  2 27 1 3 25 0 0 0 0 1
  2 27 1 4 25 0 0 0 0 1
  2 29 1 3 25 0 0.17 0 0 0.83
  2 33 1 3 25 0 0 0 0 1
  2 35 1 1 25 0 0.81 0 0 0.19
  2 35 1 2 25 0 0 0 0 1
  2 35 1 3 25 0 0.57 0 0 0.43
  2 36 1 3 25 0 1 0 0 0
  2 39 1 3 25 0 0 0.08 0 0.92
  2 40 1 2 25 0 0 0 0 1
  1 8 4 2 25 0 0 0 0 1
  1 8 4 3 25 0 0 0 0 1
  1 11 4 3 25 0 0 0 0 1
  1 13 4 2 25 0 0 0 0 1
  1 13 4 3 25 0 0.53 0 0 0.47
  1 13 4 4 25 0 0 0 0 1
  1 14 4 3 25 0 0 0 0 1
  1 15 4 3 25 0 1 0 0 0
  1 15 4 4 25 0 0.02 0 0 0.98
  1 16 4 3 25 0 1 0 0 0
  1 16 4 4 25 0 0.43 0 0 0.57
  1 17 4 3 25 0 0 0 0 1
  1 18 4 3 25 0 0 0 0 1
  1 19 4 2 25 0 0 0 0 1
  1 19 4 3 25 0 0.61 0 0 0.39
  1 20 4 2 25 0 0 0.46 0 0.54
  1 20 4 3 25 0 0.2 0 0 0.8
  1 21 4 3 25 0 0.06 0 0 0.94
  1 22 4 2 25 0 0 0 0 1
  1 23 4 3 25 0 0 0 0 1
  1 24 4 3 25 0 0 0 0 1
  1 25 4 3 25 0 0 0 0 1
  1 25 4 4 25 0 1 0 0 0
  1 26 4 3 25 0 0 0 0 1
  1 27 4 2 25 0 0 0 0 1
  1 27 4 3 25 0 0 0 0 1
  1 28 4 2 25 0 0 1 0 0
  1 28 4 3 25 0 0 0 0 1
  1 29 4 3 25 0 0 0 0 1
  1 31 4 3 25 0 0.37 0 0 0.63
  1 31 4 4 25 0 0 0 0 1
  1 34 4 3 25 0 0 0 0 1
  1 40 4 3 25 0 0 0.46 0 0.54
  1 40 4 4 25 0 0 1 0 0
  1 42 4 3 25 0 0 0 0 1
  2 6 4 3 25 0 0 0.37 0 0.63
  2 8 4 3 25 0 0 0.32 0 0.68
  2 9 4 4 25 0 0 0 0 1
  2 14 4 4 25 0 0 0 0 1
  2 15 4 3 25 0 0 0 0 1
  2 16 4 3 25 0 0 0 0 1
  2 17 4 2 25 0 0 0 0 1
  2 18 4 3 25 0 0 0 0 1
  2 19 4 3 25 0 0 0 0 1
  2 21 4 3 25 0 0 0 0 1
  2 22 4 3 25 0 0.95 0 0 0.05
  2 23 4 3 25 0 0 0 0 1
  2 24 4 3 25 0 0.91 0.09 0 0
  2 25 4 3 25 0 0.01 0 0 0.99
  2 25 4 4 25 0 0 1 0 0
  2 27 4 3 25 0 0 0 0 1
  2 30 4 3 25 0 0 0 0 1
  2 33 4 3 25 0 0 0 0 1
  2 34 4 3 25 0 1 0 0 0
  2 35 4 3 25 0 0.51 0 0 0.49
  2 36 4 2 25 0 0.03 0 0 0.97
  2 36 4 3 25 0 0.25 0 0 0.75
  2 37 4 3 25 0 0 0 0 1
  2 42 4 3 25 0 0 0.47 0 0.53
# end survey diet proportion observations 
#  
