# This file was created using the write_tsDatFile function and used all the simulated data from sim_dta.rds found in repo:Hydra-self-testing
# Survey index data 
# Number of observations, init_int Nsurvey_obs
  166
# init_matrix obs_survey_biomass(1,Nsurvey_obs,1,5)
# survey year spp value cv
  1 1 4 93239.7364358927 0.2
  1 2 4 122628.572659521 0.2
  1 3 4 181096.199212275 0.2
  1 4 4 144430.765085122 0.2
  1 5 4 158339.868417907 0.2
  1 6 4 98760.0262423263 0.2
  1 7 4 90865.3010406131 0.2
  1 8 4 89735.1164718087 0.2
  1 9 4 82056.2508027739 0.2
  1 10 4 93443.6667738427 0.2
  1 11 4 125124.402134848 0.2
  1 12 4 170082.211903311 0.2
  1 13 4 132477.372492013 0.2
  1 14 4 115065.991119355 0.2
  1 15 4 96036.3067638188 0.2
  1 16 4 76892.2087890198 0.2
  1 17 4 88841.7032982348 0.2
  1 18 4 189725.252542702 0.2
  1 19 4 54407.5678914991 0.2
  1 20 4 133623.631304977 0.2
  1 21 4 93540.0158409216 0.2
  1 22 4 180358.588701441 0.2
  1 23 4 195033.496681269 0.2
  1 24 4 98451.9292247743 0.2
  1 25 4 96378.3517130384 0.2
  1 26 4 89834.0824476234 0.2
  1 27 4 158292.429541195 0.2
  1 28 4 229212.972208633 0.2
  1 29 4 262042.367107646 0.2
  1 30 4 228863.69209912 0.2
  1 31 4 167413.202074537 0.2
  1 32 4 166940.77448889 0.2
  1 33 4 170658.661387504 0.2
  1 34 4 320936.08567305 0.2
  1 35 4 184371.623459163 0.2
  1 36 4 182585.313667593 0.2
  1 37 4 111630.833801892 0.2
  1 38 4 247519.961173847 0.2
  1 39 4 239270.387701189 0.2
  1 40 4 176282.633130798 0.2
  1 41 4 161390.43160877 0.2
  1 42 4 150247.714259976 0.2
  1 1 2 317.909541053394 0.2
  1 4 2 766.930206260429 0.2
  1 5 2 666.622508816056 0.2
  1 6 2 217.847154631859 0.2
  1 7 2 220.910456385703 0.2
  1 8 2 302.989839550039 0.2
  1 9 2 641.004442362121 0.2
  1 10 2 270.829536521619 0.2
  1 11 2 308.966997176284 0.2
  1 12 2 204.127567911068 0.2
  1 13 2 985.647996176966 0.2
  1 14 2 534.607991252224 0.2
  1 15 2 652.513280665492 0.2
  1 16 2 401.471144728365 0.2
  1 17 2 280.253872139651 0.2
  1 18 2 1324.89633584959 0.2
  1 19 2 959.162083888924 0.2
  1 20 2 1834.01612442861 0.2
  1 21 2 1425.94845280565 0.2
  1 22 2 1010.96023114485 0.2
  1 23 2 2221.3180423143 0.2
  1 24 2 2985.94584797607 0.2
  1 25 2 3993.40948451461 0.2
  1 26 2 1415.2362324596 0.2
  1 27 2 4388.29233502863 0.2
  1 28 2 5077.6118078049 0.2
  1 29 2 1716.1526119312 0.2
  1 30 2 1273.25127770287 0.2
  1 31 2 1378.25921467263 0.2
  1 32 2 1234.45098904602 0.2
  1 33 2 4908.29989283132 0.2
  1 34 2 718.84189603845 0.2
  1 35 2 7675.87793240829 0.2
  1 36 2 1124.99675125667 0.2
  1 37 2 9735.39591951271 0.2
  1 38 2 2608.93080322132 0.2
  1 39 2 2791.17574324563 0.2
  1 40 2 1973.01354501214 0.2
  1 41 2 8370.48554866143 0.2
  1 42 2 3189.76510970192 0.2
  1 1 1 27932.2829824217 0.2
  1 2 1 15129.3491777262 0.2
  1 3 1 15528.0194411687 0.2
  1 4 1 10447.9373763892 0.2
  1 5 1 10875.7574711796 0.2
  1 6 1 6180.32519068691 0.2
  1 7 1 9458.22508426299 0.2
  1 8 1 7760.31312567299 0.2
  1 9 1 8631.94987210683 0.2
  1 10 1 11849.7814678324 0.2
  1 11 1 10049.8287732664 0.2
  1 12 1 9543.00178200978 0.2
  1 13 1 9647.22209150975 0.2
  1 14 1 4262.51858595192 0.2
  1 15 1 7096.54677846008 0.2
  1 16 1 11039.294673693 0.2
  1 17 1 1522.1431712288 0.2
  1 18 1 3956.85165312806 0.2
  1 19 1 6308.91729569477 0.2
  1 20 1 4952.81595313753 0.2
  1 21 1 4065.39705211988 0.2
  1 22 1 6134.90964708167 0.2
  1 23 1 2928.29343085244 0.2
  1 24 1 12099.4459045499 0.2
  1 25 1 8894.28465071368 0.2
  1 26 1 4122.80098448206 0.2
  1 27 1 2613.30757384586 0.2
  1 28 1 2250.42245576509 0.2
  1 29 1 3855.66841196654 0.2
  1 30 1 2939.78576691933 0.2
  1 31 1 1837.5535242852 0.2
  1 32 1 3894.80496078925 0.2
  1 33 1 1491.70957965565 0.2
  1 34 1 6314.28105579707 0.2
  1 35 1 4268.92734252709 0.2
  1 36 1 2890.23069929822 0.2
  1 37 1 950.974032021746 0.2
  1 38 1 1888.23556013371 0.2
  1 39 1 775.341537326768 0.2
  1 40 1 3429.73272600144 0.2
  1 41 1 1619.80710682622 0.2
  1 42 1 4629.12351764289 0.2
  1 1 3 73.7049522095879 0.2
  1 2 3 164.646826592703 0.2
  1 3 3 273.249051002286 0.2
  1 4 3 248.6955307314 0.2
  1 5 3 479.955010377075 0.2
  1 6 3 384.110554316812 0.2
  1 7 3 1497.50195381302 0.2
  1 8 3 255.110463780015 0.2
  1 9 3 1134.31913750751 0.2
  1 10 3 506.191462231816 0.2
  1 11 3 339.663187607536 0.2
  1 12 3 375.041824286518 0.2
  1 13 3 285.020646247368 0.2
  1 14 3 392.224449407573 0.2
  1 15 3 179.193776691137 0.2
  1 16 3 276.165957187327 0.2
  1 17 3 149.853226277954 0.2
  1 18 3 454.812566461629 0.2
  1 19 3 275.308781075672 0.2
  1 20 3 358.319409186242 0.2
  1 21 3 197.958374410611 0.2
  1 22 3 308.56955946711 0.2
  1 23 3 273.466573339629 0.2
  1 24 3 504.432221146817 0.2
  1 25 3 299.100356616392 0.2
  1 26 3 976.621445739751 0.2
  1 27 3 383.598018697984 0.2
  1 28 3 266.66827985054 0.2
  1 29 3 74.5076022386001 0.2
  1 30 3 282.04796554199 0.2
  1 31 3 80.9879865014272 0.2
  1 32 3 246.312701962042 0.2
  1 33 3 361.374192381106 0.2
  1 34 3 474.616718650372 0.2
  1 35 3 263.37556588593 0.2
  1 36 3 414.621771811498 0.2
  1 37 3 616.160704740524 0.2
  1 38 3 320.954766052233 0.2
  1 39 3 484.275925679454 0.2
  1 40 3 708.555487666238 0.2
  1 41 3 103942.236320634 0.2
  1 42 3 78599.1657018622 0.2
# end survey index observations 
#  
# Survey size comp data 
# Number of observations, init_int Nsurvey_size_obs 
  166
# init_matrix obs_survey_size(1,Nsurvey_size_obs,1,ncol) 
# Survey  Year  Species Type (0=whole, 1=retained, 2=discard) InpN, proportion by length bin 
  1 1 1 0 57 0.01 0.33 0.57 0.09 0
  1 2 1 0 65 0 0.34 0.62 0.04 0
  1 3 1 0 32 0.01 0.31 0.62 0.06 0
  1 4 1 0 32 0.01 0.51 0.42 0.06 0
  1 5 1 0 21 0 0.35 0.6 0.05 0
  1 6 1 0 18 0.03 0.32 0.62 0.03 0
  1 7 1 0 25 0.01 0.35 0.59 0.05 0
  1 8 1 0 20 0.01 0.32 0.62 0.05 0
  1 9 1 0 16 0.06 0.43 0.46 0.05 0
  1 10 1 0 19 0.02 0.43 0.53 0.02 0
  1 11 1 0 20 0.02 0.36 0.6 0.02 0
  1 12 1 0 22 0.02 0.42 0.44 0.12 0
  1 13 1 0 23 0 0.34 0.6 0.06 0
  1 14 1 0 14 0.02 0.29 0.63 0.06 0
  1 15 1 0 21 0.01 0.33 0.57 0.09 0
  1 16 1 0 14 0 0.3 0.64 0.06 0
  1 17 1 0 17 0 0.41 0.56 0.03 0
  1 18 1 0 19 0.01 0.35 0.61 0.03 0
  1 19 1 0 18 0 0.4 0.53 0.07 0
  1 20 1 0 15 0.03 0.42 0.47 0.08 0
  1 21 1 0 21 0 0.41 0.56 0.03 0
  1 22 1 0 13 0.03 0.25 0.63 0.09 0
  1 23 1 0 14 0.01 0.26 0.6 0.13 0
  1 24 1 0 14 0.03 0.2 0.65 0.12 0
  1 25 1 0 18 0.01 0.27 0.58 0.14 0
  1 26 1 0 14 0 0.3 0.56 0.14 0
  1 27 1 0 23 0.01 0.24 0.56 0.19 0
  1 28 1 0 14 0 0.26 0.63 0.11 0
  1 29 1 0 17 0.01 0.31 0.55 0.13 0
  1 30 1 0 18 0 0.34 0.48 0.18 0
  1 31 1 0 20 0.01 0.23 0.63 0.13 0
  1 32 1 0 10 0.01 0.17 0.62 0.2 0
  1 33 1 0 15 0 0.14 0.65 0.21 0
  1 34 1 0 18 0.01 0.23 0.58 0.18 0
  1 35 1 0 8 0.03 0.27 0.48 0.22 0
  1 36 1 0 12 0.02 0.2 0.6 0.18 0
  1 37 1 0 8 0.02 0.26 0.58 0.14 0
  1 38 1 0 16 0 0.28 0.6 0.12 0
  1 39 1 0 10 0.01 0.22 0.6 0.17 0
  1 40 1 0 10 0 0.31 0.62 0.07 0
  1 41 1 0 13 0.02 0.33 0.57 0.08 0
  1 42 1 0 8 0.02 0.56 0.32 0.1 0
  1 1 2 0 11 0 0.01 0.12 0.6 0.27
  1 4 2 0 1 0 0.16 0.22 0.48 0.14
  1 5 2 0 5 0 0.11 0.27 0.52 0.1
  1 6 2 0 1 0 0.16 0.26 0.52 0.06
  1 7 2 0 3 0 0.09 0.32 0.52 0.07
  1 8 2 0 4 0 0.22 0.27 0.49 0.02
  1 9 2 0 5 0 0.26 0.31 0.41 0.02
  1 10 2 0 10 0 0.13 0.41 0.43 0.03
  1 11 2 0 13 0 0.16 0.38 0.45 0.01
  1 12 2 0 15 0 0.13 0.36 0.49 0.02
  1 13 2 0 9 0 0.08 0.31 0.61 0
  1 14 2 0 6 0 0.11 0.22 0.67 0
  1 15 2 0 13 0 0.07 0.16 0.77 0
  1 16 2 0 10 0 0.09 0.25 0.66 0
  1 17 2 0 10 0 0.53 0.12 0.35 0
  1 18 2 0 18 0 0.46 0.35 0.19 0
  1 19 2 0 27 0 0.16 0.53 0.31 0
  1 20 2 0 23 0 0.12 0.41 0.47 0
  1 21 2 0 25 0 0.15 0.27 0.58 0
  1 22 2 0 9 0 0.04 0.2 0.76 0
  1 23 2 0 8 0 0.07 0.24 0.69 0
  1 24 2 0 9 0 0.05 0.13 0.82 0
  1 25 2 0 14 0 0.1 0.16 0.74 0
  1 26 2 0 18 0 0.26 0.21 0.53 0
  1 27 2 0 16 0 0.09 0.35 0.56 0
  1 28 2 0 6 0 0.06 0.27 0.67 0
  1 29 2 0 8 0 0.05 0.25 0.7 0
  1 30 2 0 17 0 0.08 0.19 0.73 0
  1 31 2 0 9 0 0.31 0.14 0.55 0
  1 32 2 0 30 0 0.17 0.42 0.41 0
  1 33 2 0 24 0 0.06 0.41 0.53 0
  1 34 2 0 25 0 0.01 0.32 0.67 0
  1 35 2 0 16 0 0.05 0.29 0.66 0
  1 36 2 0 13 0 0.05 0.15 0.8 0
  1 37 2 0 8 0 0.04 0.08 0.88 0
  1 38 2 0 10 0 0.02 0.17 0.81 0
  1 39 2 0 13 0 0.04 0.16 0.8 0
  1 40 2 0 8 0 0.06 0.2 0.74 0
  1 41 2 0 5 0 0.1 0.11 0.79 0
  1 42 2 0 17 0 0.29 0.11 0.6 0
  1 1 3 0 27 0 0.16 0.26 0.57 0.01
  1 2 3 0 13 0.02 0.18 0.27 0.53 0
  1 3 3 0 5 0.16 0.39 0.17 0.28 0
  1 4 3 0 2 0.07 0.39 0.28 0.26 0
  1 5 3 0 5 0.06 0.3 0.45 0.19 0
  1 6 3 0 1 0.02 0.23 0.39 0.36 0
  1 7 3 0 3 0 0.13 0.53 0.34 0
  1 8 3 0 3 0 0.13 0.36 0.51 0
  1 9 3 0 4 0.01 0.11 0.33 0.55 0
  1 10 3 0 4 0.02 0.14 0.27 0.57 0
  1 11 3 0 4 0.03 0.08 0.23 0.66 0
  1 12 3 0 2 0.04 0.1 0.33 0.53 0
  1 13 3 0 8 0.04 0.08 0.26 0.62 0
  1 14 3 0 19 0.05 0.21 0.26 0.48 0
  1 15 3 0 15 0.01 0.14 0.25 0.6 0
  1 16 3 0 12 0.01 0.11 0.33 0.55 0
  1 17 3 0 14 0.02 0.04 0.35 0.59 0
  1 18 3 0 14 0.03 0.17 0.34 0.46 0
  1 19 3 0 15 0.03 0.12 0.29 0.56 0
  1 20 3 0 17 0 0.19 0.37 0.44 0
  1 21 3 0 12 0.04 0.23 0.22 0.51 0
  1 22 3 0 11 0 0.15 0.32 0.53 0
  1 23 3 0 16 0.02 0.18 0.24 0.56 0
  1 24 3 0 15 0.04 0.14 0.32 0.5 0
  1 25 3 0 4 0.02 0.16 0.36 0.46 0
  1 26 3 0 14 0.04 0.05 0.3 0.61 0
  1 27 3 0 6 0 0.16 0.34 0.5 0
  1 28 3 0 4 0.01 0.18 0.2 0.61 0
  1 29 3 0 2 0.02 0.1 0.42 0.46 0
  1 30 3 0 10 0.01 0.12 0.26 0.61 0
  1 31 3 0 9 0.02 0.06 0.25 0.67 0
  1 32 3 0 12 0 0.07 0.36 0.57 0
  1 33 3 0 5 0.04 0.12 0.24 0.6 0
  1 34 3 0 9 0.13 0.3 0.23 0.34 0
  1 35 3 0 5 0.08 0.29 0.32 0.31 0
  1 36 3 0 5 0.04 0.17 0.41 0.38 0
  1 37 3 0 3 0.06 0.2 0.43 0.31 0
  1 38 3 0 15 0.03 0.12 0.34 0.51 0
  1 39 3 0 12 0.03 0.17 0.45 0.35 0
  1 40 3 0 9 0.03 0.2 0.35 0.42 0
  1 41 3 0 8 0.01 0.15 0.31 0.53 0
  1 42 3 0 12 0.02 0.13 0.29 0.56 0
  1 1 4 0 86 0.03 0.28 0.51 0.18 0
  1 2 4 0 100 0.01 0.39 0.48 0.12 0
  1 3 4 0 33 0.03 0.4 0.43 0.14 0
  1 4 4 0 44 0 0.33 0.56 0.11 0
  1 5 4 0 34 0.01 0.42 0.49 0.08 0
  1 6 4 0 40 0.02 0.41 0.53 0.04 0
  1 7 4 0 39 0.01 0.37 0.58 0.04 0
  1 8 4 0 49 0.02 0.29 0.64 0.05 0
  1 9 4 0 36 0 0.39 0.56 0.05 0
  1 10 4 0 43 0.02 0.27 0.59 0.12 0
  1 11 4 0 41 0.02 0.4 0.55 0.03 0
  1 12 4 0 35 0.03 0.29 0.61 0.07 0
  1 13 4 0 32 0 0.41 0.49 0.1 0
  1 14 4 0 21 0 0.33 0.64 0.03 0
  1 15 4 0 30 0.01 0.35 0.59 0.05 0
  1 16 4 0 19 0.02 0.32 0.54 0.12 0
  1 17 4 0 35 0.02 0.38 0.56 0.04 0
  1 18 4 0 27 0.02 0.31 0.6 0.07 0
  1 19 4 0 34 0.03 0.31 0.64 0.02 0
  1 20 4 0 42 0.02 0.4 0.46 0.12 0
  1 21 4 0 41 0.02 0.29 0.6 0.09 0
  1 22 4 0 44 0.01 0.36 0.55 0.08 0
  1 23 4 0 28 0.03 0.39 0.51 0.07 0
  1 24 4 0 34 0.02 0.29 0.59 0.1 0
  1 25 4 0 36 0.02 0.27 0.58 0.13 0
  1 26 4 0 31 0.01 0.31 0.55 0.13 0
  1 27 4 0 39 0.03 0.33 0.5 0.14 0
  1 28 4 0 38 0.03 0.31 0.5 0.16 0
  1 29 4 0 48 0.01 0.2 0.62 0.17 0
  1 30 4 0 38 0.01 0.23 0.61 0.15 0
  1 31 4 0 61 0 0.2 0.64 0.16 0
  1 32 4 0 48 0.01 0.21 0.61 0.17 0
  1 33 4 0 49 0.03 0.32 0.54 0.11 0
  1 34 4 0 44 0.03 0.21 0.57 0.19 0
  1 35 4 0 61 0 0.31 0.62 0.07 0
  1 36 4 0 67 0.03 0.2 0.56 0.21 0
  1 37 4 0 57 0.03 0.25 0.58 0.14 0
  1 38 4 0 38 0.01 0.3 0.49 0.2 0
  1 39 4 0 52 0 0.31 0.59 0.1 0
  1 40 4 0 43 0.04 0.3 0.51 0.15 0
  1 41 4 0 42 0.01 0.29 0.58 0.12 0
  1 42 4 0 61 0 0.21 0.56 0.23 0
# end survey length observations 
#  
# Fishery catch data 
# Number of observations, init_int Ncatch_obs
  168
# init_matrix obs_catch_biomass(1,Ncatch_obs,1,6) 
# Fleet	Area	Year	Species	Catch(biomass t)	CV 
  1 1 1 1 40791.8631013292 0.05
  1 1 2 1 31082.4472239202 0.05
  1 1 3 1 36352.1483053887 0.05
  1 1 4 1 23924.6784906467 0.05
  1 1 5 1 16631.9340151248 0.05
  1 1 6 1 21396.7431968451 0.05
  1 1 7 1 15531.0284011257 0.05
  1 1 8 1 13153.0093681093 0.05
  1 1 9 1 13077.641085604 0.05
  1 1 10 1 14514.9038332934 0.05
  1 1 11 1 14006.1601171572 0.05
  1 1 12 1 15976.5569208406 0.05
  1 1 13 1 15228.3232416325 0.05
  1 1 14 1 11219.5759674297 0.05
  1 1 15 1 12658.3403908303 0.05
  1 1 16 1 11776.5188235178 0.05
  1 1 17 1 8118.4119955913 0.05
  1 1 18 1 9009.86141330169 0.05
  1 1 19 1 7490.60946266958 0.05
  1 1 20 1 5787.69707052316 0.05
  1 1 21 1 1693.57810647051 0.05
  1 1 22 1 3332.50246963915 0.05
  1 1 23 1 5872.03752830961 0.05
  1 1 24 1 5278.12002538755 0.05
  1 1 25 1 5526.66990455973 0.05
  1 1 26 1 4854.38906349966 0.05
  1 1 27 1 4740.83838229905 0.05
  1 1 28 1 4095.39267119282 0.05
  1 1 29 1 4158.24606372172 0.05
  1 1 30 1 3056.20150020224 0.05
  1 1 31 1 3918.4747648527 0.05
  1 1 32 1 4767.53524949052 0.05
  1 1 33 1 2803.81966223462 0.05
  1 1 34 1 2351.54816302528 0.05
  1 1 35 1 2370.93055323891 0.05
  1 1 36 1 1921.77895033416 0.05
  1 1 37 1 1390.43900276636 0.05
  1 1 38 1 1653.70200862629 0.05
  1 1 39 1 1372.96554716296 0.05
  1 1 40 1 984.870827718027 0.05
  1 1 41 1 1334.95360943659 0.05
  1 1 42 1 1271.80764809562 0.05
  1 1 1 4 10995.8369359196 0.05
  1 1 2 4 7455.44678961369 0.05
  1 1 3 4 8754.98534443123 0.05
  1 1 4 4 6953.39336247344 0.05
  1 1 5 4 8534.85818225594 0.05
  1 1 6 4 8151.33788450962 0.05
  1 1 7 4 5728.22291626863 0.05
  1 1 8 4 6358.97859524051 0.05
  1 1 9 4 9842.307400053 0.05
  1 1 10 4 8170.68082308201 0.05
  1 1 11 4 7343.3028833602 0.05
  1 1 12 4 5677.43365919475 0.05
  1 1 13 4 6969.76998583937 0.05
  1 1 14 4 7777.0452374886 0.05
  1 1 15 4 9954.03540078042 0.05
  1 1 16 4 9576.13599163503 0.05
  1 1 17 4 12790.6091596196 0.05
  1 1 18 4 8611.60589057451 0.05
  1 1 19 4 6583.57966575463 0.05
  1 1 20 4 7903.4124522693 0.05
  1 1 21 4 3835.01908286314 0.05
  1 1 22 4 4150.46312134318 0.05
  1 1 23 4 5373.97415216062 0.05
  1 1 24 4 5265.20621888494 0.05
  1 1 25 4 3955.81443416611 0.05
  1 1 26 4 5463.92704992303 0.05
  1 1 27 4 3316.34258014499 0.05
  1 1 28 4 5461.48873567736 0.05
  1 1 29 4 5819.61197146052 0.05
  1 1 30 4 5085.82756649092 0.05
  1 1 31 4 5388.60038028229 0.05
  1 1 32 4 3959.86016766792 0.05
  1 1 33 4 6338.62632720678 0.05
  1 1 34 4 5722.13119767381 0.05
  1 1 35 4 8740.44721359589 0.05
  1 1 36 4 5310.90056753022 0.05
  1 1 37 4 6137.19368496024 0.05
  1 1 38 4 7745.64683889244 0.05
  1 1 39 4 5063.77825451337 0.05
  1 1 40 4 4587.69054281133 0.05
  1 1 41 4 6031.26168968828 0.05
  1 1 42 4 5243.11316246212 0.05
  2 1 1 2 1157.24355322883 0.05
  2 1 2 2 954.251503289543 0.05
  2 1 3 2 1163.97526746381 0.05
  2 1 4 2 825.879816991586 0.05
  2 1 5 2 820.342711862699 0.05
  2 1 6 2 656.980893087463 0.05
  2 1 7 2 873.65310562966 0.05
  2 1 8 2 1201.11230181004 0.05
  2 1 9 2 825.909484362685 0.05
  2 1 10 2 931.605884166527 0.05
  2 1 11 2 1482.0937135594 0.05
  2 1 12 2 2258.26424218725 0.05
  2 1 13 2 2113.32068546554 0.05
  2 1 14 2 1990.60109347148 0.05
  2 1 15 2 1884.9274890922 0.05
  2 1 16 2 3051.5373484471 0.05
  2 1 17 2 3347.98285495457 0.05
  2 1 18 2 2943.23875806013 0.05
  2 1 19 2 2965.45384071269 0.05
  2 1 20 2 5435.39525132756 0.05
  2 1 21 2 12604.5570623892 0.05
  2 1 22 2 6235.31647604188 0.05
  2 1 23 2 9920.01107441959 0.05
  2 1 24 2 9730.00165905548 0.05
  2 1 25 2 9749.36368662405 0.05
  2 1 26 2 7023.96054745699 0.05
  2 1 27 2 7550.57350605442 0.05
  2 1 28 2 10349.7671477803 0.05
  2 1 29 2 9314.22940620829 0.05
  2 1 30 2 8940.75142244577 0.05
  2 1 31 2 8247.9026401815 0.05
  2 1 32 2 7550.04034138209 0.05
  2 1 33 2 10052.7436390551 0.05
  2 1 34 2 11304.7783447577 0.05
  2 1 35 2 14986.2040761703 0.05
  2 1 36 2 16215.5939587061 0.05
  2 1 37 2 11449.2215270102 0.05
  2 1 38 2 10072.0438689715 0.05
  2 1 39 2 8421.85205740767 0.05
  2 1 40 2 7060.76842521543 0.05
  2 1 41 2 7973.52923587872 0.05
  2 1 42 2 4825.23654372585 0.05
  2 1 1 3 398.316535168513 0.05
  2 1 2 3 678.446434528157 0.05
  2 1 3 3 564.339783414839 0.05
  2 1 4 3 552.71628906229 0.05
  2 1 5 3 1341.69474879997 0.05
  2 1 6 3 1178.91598786879 0.05
  2 1 7 3 1569.91925377835 0.05
  2 1 8 3 1640.60374352216 0.05
  2 1 9 3 1345.60489804684 0.05
  2 1 10 3 1396.54460870556 0.05
  2 1 11 3 2689.015744323 0.05
  2 1 12 3 1153.31912474681 0.05
  2 1 13 3 1348.10216115143 0.05
  2 1 14 3 1598.43065554959 0.05
  2 1 15 3 1487.62352828969 0.05
  2 1 16 3 1200.24376859674 0.05
  2 1 17 3 1622.56773756721 0.05
  2 1 18 3 2438.37719176696 0.05
  2 1 19 3 1231.62404420576 0.05
  2 1 20 3 864.639377439861 0.05
  2 1 21 3 1647.20708340423 0.05
  2 1 22 3 1169.15790324746 0.05
  2 1 23 3 1137.35527434213 0.05
  2 1 24 3 1227.86311672912 0.05
  2 1 25 3 1076.6817542114 0.05
  2 1 26 3 1384.58184056577 0.05
  2 1 27 3 1462.05768238429 0.05
  2 1 28 3 1080.09756424426 0.05
  2 1 29 3 1061.32111445382 0.05
  2 1 30 3 748.684118465688 0.05
  2 1 31 3 1053.42773164543 0.05
  2 1 32 3 809.331774954579 0.05
  2 1 33 3 750.828731916177 0.05
  2 1 34 3 1023.3899537064 0.05
  2 1 35 3 836.845046961287 0.05
  2 1 36 3 936.884367801533 0.05
  2 1 37 3 1631.2136717038 0.05
  2 1 38 3 1510.76993738174 0.05
  2 1 39 3 1545.03906766574 0.05
  2 1 40 3 1615.21136645197 0.05
  2 1 41 3 64491.4267133896 0.05
  2 1 42 3 34298.8113813329 0.05
# end catch observations 
#  
# Fishery size comp data 
# Number of observations, init_int Ncatch_size_obs 
  168
# init_matrix obs_catch_size(1,Ncatch_size_obs,1,ncol) 
# Fleet Area  Year  Species Type (0=whole, 1=retained, 2=discard) InpN, proportion by size bin 
  1 1 1 1 0 81 0.01 0.34 0.53 0.1 0.02
  1 1 2 1 0 73 0.02 0.39 0.49 0.1 0
  1 1 3 1 0 65 0 0.29 0.66 0.05 0
  1 1 4 1 0 56 0.03 0.36 0.59 0.02 0
  1 1 5 1 0 120 0.02 0.49 0.46 0.03 0
  1 1 6 1 0 130 0.02 0.28 0.68 0.02 0
  1 1 7 1 0 94 0.01 0.35 0.59 0.05 0
  1 1 8 1 0 94 0.01 0.35 0.57 0.07 0
  1 1 9 1 0 82 0.05 0.32 0.61 0.02 0
  1 1 10 1 0 76 0.03 0.6 0.33 0.04 0
  1 1 11 1 0 74 0 0.42 0.56 0.02 0
  1 1 12 1 0 65 0.02 0.39 0.56 0.03 0
  1 1 13 1 0 77 0.04 0.39 0.49 0.08 0
  1 1 14 1 0 88 0.02 0.32 0.59 0.07 0
  1 1 15 1 0 66 0 0.44 0.52 0.04 0
  1 1 16 1 0 69 0.01 0.36 0.54 0.09 0
  1 1 17 1 0 43 0.03 0.35 0.57 0.05 0
  1 1 18 1 0 34 0.03 0.41 0.51 0.05 0
  1 1 19 1 0 55 0.02 0.35 0.57 0.06 0
  1 1 20 1 0 64 0.04 0.39 0.54 0.03 0
  1 1 21 1 0 77 0.01 0.42 0.52 0.05 0
  1 1 22 1 0 67 0.04 0.35 0.57 0.04 0
  1 1 23 1 0 133 0.05 0.22 0.65 0.08 0
  1 1 24 1 0 98 0 0.28 0.63 0.09 0
  1 1 25 1 0 91 0.01 0.19 0.64 0.16 0
  1 1 26 1 0 77 0.01 0.26 0.63 0.1 0
  1 1 27 1 0 102 0.01 0.21 0.6 0.18 0
  1 1 28 1 0 76 0 0.3 0.58 0.12 0
  1 1 29 1 0 110 0.03 0.33 0.56 0.08 0
  1 1 30 1 0 100 0.01 0.25 0.6 0.14 0
  1 1 31 1 0 108 0 0.22 0.69 0.09 0
  1 1 32 1 0 118 0 0.24 0.62 0.14 0
  1 1 33 1 0 129 0 0.21 0.58 0.21 0
  1 1 34 1 0 90 0.01 0.21 0.63 0.15 0
  1 1 35 1 0 69 0.03 0.19 0.6 0.18 0
  1 1 36 1 0 80 0.02 0.18 0.56 0.24 0
  1 1 37 1 0 62 0.01 0.33 0.52 0.14 0
  1 1 38 1 0 94 0.04 0.32 0.52 0.12 0
  1 1 39 1 0 75 0 0.31 0.56 0.13 0
  1 1 40 1 0 75 0 0.22 0.66 0.12 0
  1 1 41 1 0 35 0.04 0.33 0.51 0.12 0
  1 1 42 1 0 22 0.06 0.28 0.54 0.12 0
  1 1 1 4 0 5 0 0.23 0.65 0.12 0
  1 1 2 4 0 5 0.03 0.33 0.59 0.05 0
  1 1 3 4 0 5 0.01 0.28 0.62 0.09 0
  1 1 4 4 0 5 0.02 0.3 0.54 0.14 0
  1 1 5 4 0 5 0.02 0.46 0.41 0.11 0
  1 1 6 4 0 5 0 0.3 0.6 0.1 0
  1 1 7 4 0 5 0.01 0.35 0.56 0.08 0
  1 1 8 4 0 5 0.03 0.36 0.57 0.04 0
  1 1 9 4 0 5 0.01 0.38 0.56 0.05 0
  1 1 10 4 0 5 0 0.4 0.53 0.07 0
  1 1 11 4 0 1 0.01 0.3 0.62 0.07 0
  1 1 12 4 0 5 0.01 0.42 0.49 0.08 0
  1 1 13 4 0 1 0.03 0.41 0.53 0.03 0
  1 1 14 4 0 2 0.02 0.34 0.58 0.06 0
  1 1 15 4 0 8 0.01 0.26 0.64 0.09 0
  1 1 16 4 0 3 0.01 0.33 0.59 0.07 0
  1 1 17 4 0 3 0.01 0.28 0.6 0.11 0
  1 1 18 4 0 1 0.01 0.34 0.57 0.08 0
  1 1 19 4 0 3 0.03 0.44 0.46 0.07 0
  1 1 20 4 0 3 0.04 0.47 0.36 0.13 0
  1 1 21 4 0 3 0.01 0.41 0.54 0.04 0
  1 1 22 4 0 2 0 0.3 0.66 0.04 0
  1 1 23 4 0 6 0.01 0.31 0.6 0.08 0
  1 1 24 4 0 1 0 0.3 0.61 0.09 0
  1 1 25 4 0 1 0 0.28 0.57 0.15 0
  1 1 26 4 0 2 0.03 0.25 0.63 0.09 0
  1 1 27 4 0 2 0 0.28 0.6 0.12 0
  1 1 28 4 0 4 0 0.2 0.72 0.08 0
  1 1 29 4 0 7 0.01 0.27 0.64 0.08 0
  1 1 30 4 0 6 0.01 0.21 0.66 0.12 0
  1 1 31 4 0 10 0.01 0.26 0.56 0.17 0
  1 1 32 4 0 7 0.02 0.27 0.56 0.15 0
  1 1 33 4 0 15 0 0.3 0.53 0.17 0
  1 1 34 4 0 19 0 0.24 0.61 0.15 0
  1 1 35 4 0 13 0 0.23 0.63 0.14 0
  1 1 36 4 0 23 0.01 0.27 0.65 0.07 0
  1 1 37 4 0 7 0 0.25 0.61 0.14 0
  1 1 38 4 0 7 0.02 0.21 0.63 0.14 0
  1 1 39 4 0 19 0 0.21 0.64 0.15 0
  1 1 40 4 0 25 0 0.21 0.71 0.08 0
  1 1 41 4 0 31 0.01 0.21 0.7 0.08 0
  1 1 42 4 0 31 0 0.16 0.63 0.21 0
  2 1 1 2 0 2 0 0.03 0.1 0.71 0.16
  2 1 2 2 0 5 0.01 0.01 0.19 0.56 0.23
  2 1 3 2 0 2 0 0.01 0.15 0.71 0.13
  2 1 4 2 0 5 0 0.04 0.32 0.51 0.13
  2 1 5 2 0 5 0 0.03 0.34 0.5 0.13
  2 1 6 2 0 5 0 0.05 0.34 0.58 0.03
  2 1 7 2 0 5 0 0.03 0.24 0.68 0.05
  2 1 8 2 0 1 0.01 0.06 0.28 0.63 0.02
  2 1 9 2 0 5 0 0.04 0.38 0.55 0.03
  2 1 10 2 0 5 0 0.09 0.44 0.47 0
  2 1 11 2 0 2 0 0.04 0.4 0.54 0.02
  2 1 12 2 0 5 0 0.02 0.42 0.55 0.01
  2 1 13 2 0 5 0 0.01 0.35 0.64 0
  2 1 14 2 0 5 0 0.01 0.33 0.65 0.01
  2 1 15 2 0 5 0.01 0 0.27 0.72 0
  2 1 16 2 0 5 0 0.03 0.28 0.68 0.01
  2 1 17 2 0 5 0.01 0.04 0.23 0.72 0
  2 1 18 2 0 5 0.01 0.2 0.19 0.59 0.01
  2 1 19 2 0 5 0 0.09 0.64 0.27 0
  2 1 20 2 0 30 0 0.04 0.65 0.31 0
  2 1 21 2 0 46 0 0.01 0.45 0.54 0
  2 1 22 2 0 10 0 0 0.37 0.63 0
  2 1 23 2 0 19 0 0.03 0.34 0.63 0
  2 1 24 2 0 61 0 0.02 0.25 0.73 0
  2 1 25 2 0 29 0 0.01 0.16 0.83 0
  2 1 26 2 0 32 0 0.02 0.22 0.76 0
  2 1 27 2 0 16 0 0.04 0.22 0.74 0
  2 1 28 2 0 31 0 0.01 0.34 0.65 0
  2 1 29 2 0 44 0 0.01 0.37 0.62 0
  2 1 30 2 0 29 0 0.02 0.3 0.68 0
  2 1 31 2 0 25 0.01 0.02 0.32 0.65 0
  2 1 32 2 0 22 0.01 0.15 0.17 0.67 0
  2 1 33 2 0 35 0 0.06 0.49 0.45 0
  2 1 34 2 0 28 0 0.02 0.46 0.52 0
  2 1 35 2 0 45 0 0.02 0.29 0.69 0
  2 1 36 2 0 51 0 0 0.26 0.74 0
  2 1 37 2 0 41 0 0.01 0.14 0.85 0
  2 1 38 2 0 36 0 0 0.16 0.84 0
  2 1 39 2 0 20 0 0.01 0.19 0.8 0
  2 1 40 2 0 14 0 0.01 0.15 0.84 0
  2 1 41 2 0 17 0 0 0.13 0.87 0
  2 1 42 2 0 24 0.01 0.03 0.16 0.8 0
  2 1 1 3 0 1 0 0.54 0.09 0.37 0
  2 1 2 3 0 5 0.01 0.26 0.43 0.3 0
  2 1 3 3 0 5 0.09 0.2 0.49 0.22 0
  2 1 4 3 0 1 0.02 0.71 0.19 0.08 0
  2 1 5 3 0 6 0.01 0.51 0.43 0.05 0
  2 1 6 3 0 4 0 0.34 0.53 0.13 0
  2 1 7 3 0 5 0 0.21 0.66 0.13 0
  2 1 8 3 0 1 0 0.23 0.52 0.25 0
  2 1 9 3 0 1 0 0.17 0.54 0.29 0
  2 1 10 3 0 1 0.02 0.14 0.61 0.23 0
  2 1 11 3 0 2 0 0.08 0.6 0.32 0
  2 1 12 3 0 5 0.01 0.18 0.62 0.19 0
  2 1 13 3 0 4 0.01 0.22 0.48 0.29 0
  2 1 14 3 0 8 0.01 0.23 0.44 0.32 0
  2 1 15 3 0 11 0 0.26 0.53 0.21 0
  2 1 16 3 0 5 0.01 0.19 0.5 0.3 0
  2 1 17 3 0 5 0 0.2 0.58 0.22 0
  2 1 18 3 0 1 0 0.15 0.5 0.35 0
  2 1 19 3 0 1 0.02 0.25 0.47 0.26 0
  2 1 20 3 0 4 0.01 0.23 0.52 0.24 0
  2 1 21 3 0 3 0 0.18 0.56 0.26 0
  2 1 22 3 0 4 0.01 0.22 0.5 0.27 0
  2 1 23 3 0 3 0 0.24 0.46 0.3 0
  2 1 24 3 0 3 0 0.26 0.53 0.21 0
  2 1 25 3 0 2 0 0.21 0.5 0.29 0
  2 1 26 3 0 4 0 0.22 0.48 0.3 0
  2 1 27 3 0 5 0 0.2 0.49 0.31 0
  2 1 28 3 0 4 0.01 0.19 0.47 0.33 0
  2 1 29 3 0 4 0 0.22 0.5 0.28 0
  2 1 30 3 0 24 0 0.17 0.49 0.34 0
  2 1 31 3 0 10 0 0.16 0.55 0.29 0
  2 1 32 3 0 12 0.01 0.2 0.38 0.41 0
  2 1 33 3 0 4 0.01 0.17 0.49 0.33 0
  2 1 34 3 0 6 0.01 0.29 0.28 0.42 0
  2 1 35 3 0 2 0 0.5 0.3 0.2 0
  2 1 36 3 0 10 0.02 0.44 0.41 0.13 0
  2 1 37 3 0 9 0 0.4 0.51 0.09 0
  2 1 38 3 0 13 0.01 0.35 0.53 0.11 0
  2 1 39 3 0 16 0.01 0.36 0.46 0.17 0
  2 1 40 3 0 27 0.03 0.24 0.54 0.19 0
  2 1 41 3 0 15 0 0.31 0.56 0.13 0
  2 1 42 3 0 16 0.02 0.21 0.59 0.18 0
# end fishery length observations 
#  
# Survey diet proportion observations 
# Number of observations, init_int Ndietprop_obs 
  112
# init_matrix obs_dietprop(1,Ndietprop_obs,1,ncol) 
# Survey  Year  Predator  Predator_size InpN  wt_prey_1 wt_prey_2 wt_prey_3 wt_prey_4 wt_prey_5 wt_prey_6 wt_prey_7 wt_prey_8 wt_prey_9 wt_prey_10 wt_prey_11 other 
  1 12 1 2 25 0.04 0 0 0 0.96
  1 12 1 3 25 0.4 0 0 0 0.6
  1 13 1 3 25 0 0 0 0 1
  1 13 1 4 25 0 1 0 0 0
  1 15 1 2 25 0 0 0 0 1
  1 18 1 1 25 0.54 0 0 0 0.46
  1 18 1 2 25 0 0 0 0 1
  1 18 1 3 25 0 0 0 0 1
  1 19 1 2 25 0 0.44 0 0 0.56
  1 19 1 3 25 0 0.05 0 0 0.95
  1 20 1 3 25 0 0.28 0 0 0.72
  1 21 1 2 25 0 0 0 0 1
  1 21 1 3 25 0 0.37 0 0 0.63
  1 24 1 3 25 0 0.52 0 0 0.48
  1 25 1 3 25 0 0.16 0 0 0.84
  1 26 1 3 25 0 0.51 0.36 0 0.13
  1 27 1 3 25 0 0.12 0.51 0 0.37
  1 28 1 3 25 0 0.8 0 0 0.2
  1 33 1 3 25 0 0.12 0 0 0.88
  1 34 1 3 25 0 0.36 0 0 0.64
  1 35 1 3 25 0 0.16 0 0 0.84
  1 38 1 3 25 0 0 0 0 1
  1 39 1 3 25 0 0.31 0 0 0.69
  1 40 1 2 25 0 0.26 0 0 0.74
  1 41 1 2 25 0 0 0.6 0 0.4
  2 2 1 4 25 1 0 0 0 0
  2 11 1 3 25 0 0 0 0 1
  2 14 1 3 25 0 0.06 0 0 0.94
  2 14 1 4 25 0 0 0 0.14 0.86
  2 15 1 3 25 0 0 0 0 1
  2 16 1 3 25 0 0.11 0 0 0.89
  2 16 1 4 25 0 0.54 0 0 0.46
  2 19 1 3 25 0 0.21 0.07 0 0.72
  2 19 1 4 25 0 0.51 0 0 0.49
  2 21 1 3 25 0 0.56 0.06 0 0.38
  2 21 1 4 25 0 0 0.09 0 0.91
  2 22 1 3 25 0 0.2 0 0 0.8
  2 23 1 3 25 0 0.4 0 0 0.6
  2 24 1 3 25 0 0 0.03 0 0.97
  2 24 1 4 25 0 0.98 0 0 0.02
  2 25 1 2 25 0 0 0 0 1
  2 25 1 3 25 0 0 0 0 1
  2 26 1 3 25 0 0.43 0 0 0.57
  2 27 1 3 25 0 0 0 0 1
  2 27 1 4 25 0 0 0 0 1
  2 29 1 3 25 0 0.23 0 0 0.77
  2 33 1 3 25 0 0 0 0 1
  2 35 1 1 25 0 0.84 0 0 0.16
  2 35 1 2 25 0 0.02 0 0 0.98
  2 35 1 3 25 0 0.18 0 0 0.82
  2 36 1 3 25 0 0.46 0 0 0.54
  2 39 1 3 25 0 0 0.12 0 0.88
  2 40 1 2 25 0 0 0.09 0 0.91
  1 8 4 2 25 0 0 0 0 1
  1 8 4 3 25 0 0 0 0 1
  1 11 4 3 25 0 0 0 0 1
  1 13 4 2 25 0 0 0 0 1
  1 13 4 3 25 0 0.45 0 0 0.55
  1 13 4 4 25 0 0.4 0.22 0 0.38
  1 14 4 3 25 0 0.05 0 0 0.95
  1 15 4 3 25 0 0.76 0 0 0.24
  1 15 4 4 25 0 0.27 0 0 0.73
  1 16 4 3 25 0 0.92 0 0 0.08
  1 16 4 4 25 0 0.78 0 0 0.22
  1 17 4 3 25 0 0 0 0 1
  1 18 4 3 25 0 0.08 0 0 0.92
  1 19 4 2 25 0 0.02 0 0 0.98
  1 19 4 3 25 0 0.29 0 0 0.71
  1 20 4 2 25 0 0 0.26 0 0.74
  1 20 4 3 25 0 0.03 0 0 0.97
  1 21 4 3 25 0 0.2 0 0 0.8
  1 22 4 2 25 0 0 0.2 0 0.8
  1 23 4 3 25 0 0.33 0 0 0.67
  1 24 4 3 25 0 0 0 0 1
  1 25 4 3 25 0 0 0 0 1
  1 25 4 4 25 0 1 0 0 0
  1 26 4 3 25 0 0.14 0 0 0.86
  1 27 4 2 25 0 0 0 0 1
  1 27 4 3 25 0 0.27 0 0 0.73
  1 28 4 2 25 0 0 0.36 0 0.64
  1 28 4 3 25 0 0 0.05 0 0.95
  1 29 4 3 25 0 0 0 0 1
  1 31 4 3 25 0 0.41 0 0 0.59
  1 31 4 4 25 0 0.13 0 0 0.87
  1 34 4 3 25 0 0 0 0 1
  1 40 4 3 25 0 0 0.41 0 0.59
  1 40 4 4 25 0 0 0.63 0 0.37
  1 42 4 3 25 0 0.12 0 0 0.88
  2 6 4 3 25 0 0 0.16 0 0.84
  2 8 4 3 25 0 0 0.33 0 0.67
  2 9 4 4 25 0 0 0 0 1
  2 14 4 4 25 0 0 0 0 1
  2 15 4 3 25 0 0 0 0 1
  2 16 4 3 25 0 0 0 0 1
  2 17 4 2 25 0 0 0 0 1
  2 18 4 3 25 0 0 0 0 1
  2 19 4 3 25 0 0.17 0 0 0.83
  2 21 4 3 25 0 0.05 0 0 0.95
  2 22 4 3 25 0 0.42 0 0 0.58
  2 23 4 3 25 0 0.33 0 0 0.67
  2 24 4 3 25 0 0.27 0.43 0 0.3
  2 25 4 3 25 0 0.4 0 0 0.6
  2 25 4 4 25 0 0 0.93 0 0.07
  2 27 4 3 25 0 0.01 0 0 0.99
  2 30 4 3 25 0 0.07 0 0 0.93
  2 33 4 3 25 0 0.14 0 0 0.86
  2 34 4 3 25 0 1 0 0 0
  2 35 4 3 25 0 0.82 0 0 0.18
  2 36 4 2 25 0 0.23 0 0 0.77
  2 36 4 3 25 0 0.62 0 0 0.38
  2 37 4 3 25 0 0 0 0 1
  2 42 4 3 25 0 0 0.46 0 0.54
# end survey diet proportion observations 
#  
