# This file was created using the write_tsDatFile function and used all the simulated data from sim_dta.rds found in repo:Hydra-self-testing
# Survey index data 
# Number of observations, init_int Nsurvey_obs
  166
# init_matrix obs_survey_biomass(1,Nsurvey_obs,1,5)
# survey year spp value cv
  1 1 4 144185.424242983 0.2
  1 2 4 126387.667459445 0.2
  1 3 4 139216.34424754 0.2
  1 4 4 73202.1513244667 0.2
  1 5 4 111040.045519824 0.2
  1 6 4 121070.578120027 0.2
  1 7 4 108047.087998197 0.2
  1 8 4 113493.029364625 0.2
  1 9 4 135584.568666717 0.2
  1 10 4 101902.06528267 0.2
  1 11 4 74369.6388950247 0.2
  1 12 4 152039.451480138 0.2
  1 13 4 134057.475993281 0.2
  1 14 4 96953.5989902863 0.2
  1 15 4 102546.178909025 0.2
  1 16 4 207576.436462741 0.2
  1 17 4 119456.229842795 0.2
  1 18 4 93157.3946313452 0.2
  1 19 4 102228.412599044 0.2
  1 20 4 117436.037949375 0.2
  1 21 4 128404.140729863 0.2
  1 22 4 170579.846778096 0.2
  1 23 4 164251.648602256 0.2
  1 24 4 239770.315983139 0.2
  1 25 4 194784.574524667 0.2
  1 26 4 131700.346089126 0.2
  1 27 4 188727.105838725 0.2
  1 28 4 214950.051127703 0.2
  1 29 4 207539.749372795 0.2
  1 30 4 244286.445015488 0.2
  1 31 4 169349.669084009 0.2
  1 32 4 192300.898995048 0.2
  1 33 4 216684.907520459 0.2
  1 34 4 144770.979990253 0.2
  1 35 4 228987.259410386 0.2
  1 36 4 253583.806332571 0.2
  1 37 4 148445.291232847 0.2
  1 38 4 268217.10693821 0.2
  1 39 4 166920.682627819 0.2
  1 40 4 203608.899528138 0.2
  1 41 4 251156.217127799 0.2
  1 42 4 169129.760469684 0.2
  1 1 2 310.701379622173 0.2
  1 4 2 164.63753087735 0.2
  1 5 2 209.768814054693 0.2
  1 6 2 269.673394657641 0.2
  1 7 2 196.392260192562 0.2
  1 8 2 229.239262958963 0.2
  1 9 2 277.879505413028 0.2
  1 10 2 322.396417979986 0.2
  1 11 2 331.72658409966 0.2
  1 12 2 375.449966629273 0.2
  1 13 2 419.35356363947 0.2
  1 14 2 461.384529978306 0.2
  1 15 2 428.905260412966 0.2
  1 16 2 605.934739744643 0.2
  1 17 2 498.387059614114 0.2
  1 18 2 583.335477572689 0.2
  1 19 2 1053.73425168206 0.2
  1 20 2 1281.03615589363 0.2
  1 21 2 2051.27572868846 0.2
  1 22 2 2328.22920483314 0.2
  1 23 2 2914.23565002234 0.2
  1 24 2 1678.11666287694 0.2
  1 25 2 2408.81420339434 0.2
  1 26 2 2006.89170846529 0.2
  1 27 2 1360.80643242509 0.2
  1 28 2 2804.89227695295 0.2
  1 29 2 1314.54149481905 0.2
  1 30 2 1871.0313817658 0.2
  1 31 2 1642.13372490807 0.2
  1 32 2 1650.23589475617 0.2
  1 33 2 2592.21893145847 0.2
  1 34 2 2344.82494367041 0.2
  1 35 2 3247.3436711115 0.2
  1 36 2 3248.42510330907 0.2
  1 37 2 2549.60638455968 0.2
  1 38 2 2134.40756803733 0.2
  1 39 2 1774.67530326126 0.2
  1 40 2 1886.61481869916 0.2
  1 41 2 2164.2168898216 0.2
  1 42 2 1257.32774411038 0.2
  1 1 1 23700.2606082307 0.2
  1 2 1 17959.7776246438 0.2
  1 3 1 12829.8682620879 0.2
  1 4 1 13019.984297984 0.2
  1 5 1 9610.35420141083 0.2
  1 6 1 9821.79717624358 0.2
  1 7 1 9611.60233320253 0.2
  1 8 1 11201.6968663774 0.2
  1 9 1 11877.6720455125 0.2
  1 10 1 11923.2290595758 0.2
  1 11 1 17051.6073308556 0.2
  1 12 1 14239.6535629515 0.2
  1 13 1 12279.0920612952 0.2
  1 14 1 7180.31823571778 0.2
  1 15 1 5795.17064649236 0.2
  1 16 1 5703.87554778672 0.2
  1 17 1 4942.74251452229 0.2
  1 18 1 4034.46432587452 0.2
  1 19 1 3700.44630295636 0.2
  1 20 1 3865.79168015312 0.2
  1 21 1 5892.05546872666 0.2
  1 22 1 8656.61121506205 0.2
  1 23 1 7237.5374717054 0.2
  1 24 1 7834.35170775939 0.2
  1 25 1 6216.86258688755 0.2
  1 26 1 6210.25296613826 0.2
  1 27 1 4266.74926685606 0.2
  1 28 1 5950.95099031233 0.2
  1 29 1 4355.03709089014 0.2
  1 30 1 5242.56601386309 0.2
  1 31 1 4525.23747856272 0.2
  1 32 1 3214.50350014401 0.2
  1 33 1 3415.3942891558 0.2
  1 34 1 2237.20380211905 0.2
  1 35 1 1191.75104252738 0.2
  1 36 1 2222.74510422743 0.2
  1 37 1 1655.35564380975 0.2
  1 38 1 1241.67671308698 0.2
  1 39 1 1744.64305805488 0.2
  1 40 1 1506.89638588487 0.2
  1 41 1 1981.70326731308 0.2
  1 42 1 1861.76371102366 0.2
  1 1 3 148.807092875133 0.2
  1 2 3 155.495382827216 0.2
  1 3 3 119.224335179132 0.2
  1 4 3 211.328193070561 0.2
  1 5 3 478.509016574623 0.2
  1 6 3 388.600151585676 0.2
  1 7 3 420.819683862161 0.2
  1 8 3 316.409544646365 0.2
  1 9 3 488.403487646253 0.2
  1 10 3 450.074337790149 0.2
  1 11 3 325.064803391924 0.2
  1 12 3 368.581686957113 0.2
  1 13 3 442.627549686035 0.2
  1 14 3 319.534105626144 0.2
  1 15 3 265.730838160985 0.2
  1 16 3 344.804994230029 0.2
  1 17 3 347.350024749001 0.2
  1 18 3 431.058601411701 0.2
  1 19 3 413.270530872071 0.2
  1 20 3 274.816922710199 0.2
  1 21 3 327.235913302704 0.2
  1 22 3 279.245817062364 0.2
  1 23 3 352.997176141113 0.2
  1 24 3 423.406182813665 0.2
  1 25 3 334.575095416603 0.2
  1 26 3 280.249027990062 0.2
  1 27 3 202.665860854837 0.2
  1 28 3 337.030452630362 0.2
  1 29 3 151.633977007813 0.2
  1 30 3 190.782795103415 0.2
  1 31 3 276.448371469132 0.2
  1 32 3 216.436044268889 0.2
  1 33 3 201.419494872943 0.2
  1 34 3 234.86601391617 0.2
  1 35 3 230.935833879398 0.2
  1 36 3 189.704494256907 0.2
  1 37 3 322.917140465397 0.2
  1 38 3 416.185431790513 0.2
  1 39 3 355.280631260687 0.2
  1 40 3 440.830513106565 0.2
  1 41 3 315.789396696706 0.2
  1 42 3 406.103675822568 0.2
# end survey index observations 
#  
# Survey size comp data 
# Number of observations, init_int Nsurvey_size_obs 
  166
# init_matrix obs_survey_size(1,Nsurvey_size_obs,1,ncol) 
# Survey  Year  Species Type (0=whole, 1=retained, 2=discard) InpN, proportion by length bin 
  1 1 1 0 100 0 0.07 0.75 0.18 0
  1 2 1 0 100 0 0.11 0.48 0.41 0
  1 3 1 0 100 0.06 0.11 0.83 0 0
  1 4 1 0 100 0 0.17 0.53 0.3 0
  1 5 1 0 100 0 0.29 0.65 0.06 0
  1 6 1 0 100 0 0.26 0.74 0 0
  1 7 1 0 100 0.07 0.14 0.79 0 0
  1 8 1 0 100 0 0 1 0 0
  1 9 1 0 100 0 0.35 0.65 0 0
  1 10 1 0 100 0 0.46 0.04 0 0.5
  1 11 1 0 100 0 0.1 0.9 0 0
  1 12 1 0 100 0.06 0.33 0.23 0.38 0
  1 13 1 0 100 0 0.31 0.43 0.26 0
  1 14 1 0 100 0 0.2 0.8 0 0
  1 15 1 0 100 0 0.67 0.33 0 0
  1 16 1 0 100 0 0.03 0.97 0 0
  1 17 1 0 100 0 0.64 0.36 0 0
  1 18 1 0 100 0 0.2 0.8 0 0
  1 19 1 0 100 0 0.43 0.57 0 0
  1 20 1 0 100 0 0.58 0.42 0 0
  1 21 1 0 100 0 0.93 0.07 0 0
  1 22 1 0 100 0 0.18 0.82 0 0
  1 23 1 0 100 0.15 0.24 0.61 0 0
  1 24 1 0 100 0.16 0.59 0.25 0 0
  1 25 1 0 100 0 0 1 0 0
  1 26 1 0 100 0 0.38 0.62 0 0
  1 27 1 0 100 0.17 0.22 0.61 0 0
  1 28 1 0 100 0 0.69 0.31 0 0
  1 29 1 0 100 0.15 0.85 0 0 0
  1 30 1 0 100 0.01 0.58 0.41 0 0
  1 31 1 0 100 0 0.47 0.53 0 0
  1 32 1 0 100 0 1 0 0 0
  1 33 1 0 100 0.03 0.3 0.67 0 0
  1 34 1 0 100 0.05 0.09 0.49 0.37 0
  1 35 1 0 100 0 0.25 0.39 0.36 0
  1 36 1 0 100 0 0.75 0.25 0 0
  1 37 1 0 100 0.03 0.97 0 0 0
  1 38 1 0 100 0 1 0 0 0
  1 39 1 0 100 0 1 0 0 0
  1 40 1 0 100 0 0.24 0.76 0 0
  1 41 1 0 100 0 0.73 0.27 0 0
  1 42 1 0 100 0.25 0.75 0 0 0
  1 1 2 0 100 0 0 0 1 0
  1 4 2 0 100 0 0 0 1 0
  1 5 2 0 100 0 0 0 1 0
  1 6 2 0 100 0 0 1 0 0
  1 7 2 0 100 0 0 0 1 0
  1 8 2 0 100 0 0 0 1 0
  1 9 2 0 100 0 0 0.72 0.28 0
  1 10 2 0 100 0 0.01 0.87 0.12 0
  1 11 2 0 100 0 0.11 0.25 0.64 0
  1 12 2 0 100 0 0.23 0.38 0.39 0
  1 13 2 0 100 0 0 0.55 0.45 0
  1 14 2 0 100 0 0.1 0.24 0.66 0
  1 15 2 0 100 0 0 0.7 0.3 0
  1 16 2 0 100 0 0 1 0 0
  1 17 2 0 100 0 0.01 0.61 0.38 0
  1 18 2 0 100 0 0.22 0.78 0 0
  1 19 2 0 100 0 0.06 0.61 0.33 0
  1 20 2 0 100 0 0 0.98 0.02 0
  1 21 2 0 100 0 0 0.88 0.12 0
  1 22 2 0 100 0 0 0.88 0.12 0
  1 23 2 0 100 0 0 0.95 0.05 0
  1 24 2 0 100 0 0 0.86 0.14 0
  1 25 2 0 100 0 0.17 0.05 0.78 0
  1 26 2 0 100 0 0.56 0.44 0 0
  1 27 2 0 100 0 0 0.87 0.13 0
  1 28 2 0 100 0 0 0.88 0.12 0
  1 29 2 0 100 0 0 0.56 0.44 0
  1 30 2 0 100 0 0 0.65 0.35 0
  1 31 2 0 100 0 0 0.59 0.41 0
  1 32 2 0 100 0 0 1 0 0
  1 33 2 0 100 0 0.02 0.98 0 0
  1 34 2 0 100 0 0 1 0 0
  1 35 2 0 100 0 0 1 0 0
  1 36 2 0 100 0 0.02 0.33 0.65 0
  1 37 2 0 100 0 0 1 0 0
  1 38 2 0 100 0 0 0.88 0.12 0
  1 39 2 0 100 0 0 1 0 0
  1 40 2 0 100 0 0 0.43 0.57 0
  1 41 2 0 100 0 0 0.2 0.8 0
  1 42 2 0 100 0 0.66 0.34 0 0
  1 1 3 0 100 0 0.24 0.19 0.57 0
  1 2 3 0 100 0 0 0.68 0.32 0
  1 3 3 0 100 0 0 0.35 0.65 0
  1 4 3 0 100 0 0 1 0 0
  1 5 3 0 100 0 0.13 0.64 0.23 0
  1 6 3 0 100 0 0 1 0 0
  1 7 3 0 100 0 0.04 0.96 0 0
  1 8 3 0 100 0 0.2 0.8 0 0
  1 9 3 0 100 0 1 0 0 0
  1 10 3 0 100 0 0.55 0.45 0 0
  1 11 3 0 100 0 0 1 0 0
  1 12 3 0 100 0 0.71 0.29 0 0
  1 13 3 0 100 0 0.64 0.36 0 0
  1 14 3 0 100 0 0.69 0.31 0 0
  1 15 3 0 100 0 0.07 0.93 0 0
  1 16 3 0 100 0 0.41 0.59 0 0
  1 17 3 0 100 0 0 1 0 0
  1 18 3 0 100 0 0.71 0.29 0 0
  1 19 3 0 100 0 0.85 0.15 0 0
  1 20 3 0 100 0 0 1 0 0
  1 21 3 0 100 0 0.83 0.17 0 0
  1 22 3 0 100 0 0.09 0.91 0 0
  1 23 3 0 100 0 0.39 0.61 0 0
  1 24 3 0 100 0 0.25 0.75 0 0
  1 25 3 0 100 0 0.61 0.39 0 0
  1 26 3 0 100 0 0.97 0.03 0 0
  1 27 3 0 100 0 0.22 0.78 0 0
  1 28 3 0 100 0 0.53 0.47 0 0
  1 29 3 0 100 0 1 0 0 0
  1 30 3 0 100 0 1 0 0 0
  1 31 3 0 100 0 0 1 0 0
  1 32 3 0 100 0 0.09 0.91 0 0
  1 33 3 0 100 0 0.55 0.45 0 0
  1 34 3 0 100 0 0.41 0.59 0 0
  1 35 3 0 100 0 0.22 0.78 0 0
  1 36 3 0 100 0 0.37 0.63 0 0
  1 37 3 0 100 0 0 1 0 0
  1 38 3 0 100 0 0 1 0 0
  1 39 3 0 100 0 0 1 0 0
  1 40 3 0 100 0 0.93 0.07 0 0
  1 41 3 0 100 0 0.16 0.84 0 0
  1 42 3 0 100 0 0 1 0 0
  1 1 4 0 100 0.08 0.39 0.52 0.01 0
  1 2 4 0 100 0 0.15 0.67 0.18 0
  1 3 4 0 100 0 0 1 0 0
  1 4 4 0 100 0 0.73 0.27 0 0
  1 5 4 0 100 0.04 0.55 0.3 0.11 0
  1 6 4 0 100 0 0.81 0.07 0.12 0
  1 7 4 0 100 0 0.53 0.28 0.19 0
  1 8 4 0 100 0 0.75 0.17 0.08 0
  1 9 4 0 100 0.01 0.49 0.43 0.07 0
  1 10 4 0 100 0 0.31 0.69 0 0
  1 11 4 0 100 0.01 0.38 0.61 0 0
  1 12 4 0 100 0.06 0.5 0.4 0.04 0
  1 13 4 0 100 0 0.13 0.8 0.07 0
  1 14 4 0 100 0 0.5 0.5 0 0
  1 15 4 0 100 0.01 0.34 0.65 0 0
  1 16 4 0 100 0 0.41 0.41 0.18 0
  1 17 4 0 100 0 0.24 0.68 0.08 0
  1 18 4 0 100 0 0.52 0.48 0 0
  1 19 4 0 100 0 0.48 0.52 0 0
  1 20 4 0 100 0 0.79 0.21 0 0
  1 21 4 0 100 0 0.95 0.05 0 0
  1 22 4 0 100 0 0.51 0.49 0 0
  1 23 4 0 100 0 0.58 0.42 0 0
  1 24 4 0 100 0 0.58 0.42 0 0
  1 25 4 0 100 0 0.21 0.79 0 0
  1 26 4 0 100 0 0 1 0 0
  1 27 4 0 100 0 0.24 0.76 0 0
  1 28 4 0 100 0 0.02 0.98 0 0
  1 29 4 0 100 0 0 1 0 0
  1 30 4 0 100 0 0 1 0 0
  1 31 4 0 100 0 0.26 0.74 0 0
  1 32 4 0 100 0 0.13 0.87 0 0
  1 33 4 0 100 0 0.3 0.7 0 0
  1 34 4 0 100 0.2 0.39 0.41 0 0
  1 35 4 0 100 0.11 0.83 0.06 0 0
  1 36 4 0 100 0 0.86 0.14 0 0
  1 37 4 0 100 0 0.97 0.03 0 0
  1 38 4 0 100 0 0.95 0.05 0 0
  1 39 4 0 100 0 0.82 0.18 0 0
  1 40 4 0 100 0 0.95 0.05 0 0
  1 41 4 0 100 0 0.76 0.24 0 0
  1 42 4 0 100 0 0.69 0.31 0 0
# end survey length observations 
#  
# Fishery catch data 
# Number of observations, init_int Ncatch_obs
  168
# init_matrix obs_catch_biomass(1,Ncatch_obs,1,6) 
# Fleet	Area	Year	Species	Catch(biomass t)	CV 
  1 1 1 1 51559.3845827226 0.15
  1 1 2 1 37827.8416219981 0.15
  1 1 3 1 29866.0065627858 0.15
  1 1 4 1 21471.069631581 0.15
  1 1 5 1 15447.0081274061 0.15
  1 1 6 1 20875.5124350885 0.15
  1 1 7 1 17825.4254434215 0.15
  1 1 8 1 12660.5795358906 0.15
  1 1 9 1 13027.2421043618 0.15
  1 1 10 1 15060.6899289556 0.15
  1 1 11 1 19722.8894609923 0.15
  1 1 12 1 20433.4447938855 0.15
  1 1 13 1 15721.0197259226 0.15
  1 1 14 1 18074.2276451215 0.15
  1 1 15 1 12904.5565070608 0.15
  1 1 16 1 7509.7372780279 0.15
  1 1 17 1 10234.1559485845 0.15
  1 1 18 1 7195.60895070857 0.15
  1 1 19 1 8295.46665193168 0.15
  1 1 20 1 5175.66370085131 0.15
  1 1 21 1 3272.68661964511 0.15
  1 1 22 1 3691.80758814362 0.15
  1 1 23 1 4939.16226030705 0.15
  1 1 24 1 5321.40979437956 0.15
  1 1 25 1 6458.59102270376 0.15
  1 1 26 1 5418.58451636398 0.15
  1 1 27 1 4398.8944268563 0.15
  1 1 28 1 3292.24556139593 0.15
  1 1 29 1 3142.30671943647 0.15
  1 1 30 1 2925.59790535329 0.15
  1 1 31 1 2951.85008393813 0.15
  1 1 32 1 3200.81162861068 0.15
  1 1 33 1 3517.4119467044 0.15
  1 1 34 1 2489.48468468119 0.15
  1 1 35 1 1471.71937713131 0.15
  1 1 36 1 1005.87795767284 0.15
  1 1 37 1 1194.96508525505 0.15
  1 1 38 1 1526.68017910635 0.15
  1 1 39 1 1102.69692754735 0.15
  1 1 40 1 1505.71280441575 0.15
  1 1 41 1 1136.66368426728 0.15
  1 1 42 1 1183.46617956902 0.15
  1 1 1 4 12086.2950920695 0.15
  1 1 2 4 8203.56688497507 0.15
  1 1 3 4 9067.0061816465 0.15
  1 1 4 4 7833.14013080302 0.15
  1 1 5 4 6693.80094076821 0.15
  1 1 6 4 7905.73911124357 0.15
  1 1 7 4 7503.53808360996 0.15
  1 1 8 4 7583.88909577812 0.15
  1 1 9 4 8233.38997219785 0.15
  1 1 10 4 6606.63290541261 0.15
  1 1 11 4 6160.53856172734 0.15
  1 1 12 4 9415.09379455195 0.15
  1 1 13 4 8251.6935805878 0.15
  1 1 14 4 7240.00830622882 0.15
  1 1 15 4 5655.98367242367 0.15
  1 1 16 4 7806.48984281303 0.15
  1 1 17 4 10492.1361331612 0.15
  1 1 18 4 7012.16323557883 0.15
  1 1 19 4 8588.5839959645 0.15
  1 1 20 4 8121.90389774001 0.15
  1 1 21 4 3460.5756899791 0.15
  1 1 22 4 3775.42130822137 0.15
  1 1 23 4 4091.28708821129 0.15
  1 1 24 4 4001.58332120519 0.15
  1 1 25 4 4525.00473776004 0.15
  1 1 26 4 4679.78274318712 0.15
  1 1 27 4 4025.02375945067 0.15
  1 1 28 4 5464.67717356275 0.15
  1 1 29 4 5228.20243519612 0.15
  1 1 30 4 6126.77592690165 0.15
  1 1 31 4 4697.06054451997 0.15
  1 1 32 4 6271.31361804143 0.15
  1 1 33 4 5735.74648946443 0.15
  1 1 34 4 7272.8709358428 0.15
  1 1 35 4 9055.09335615246 0.15
  1 1 36 4 6654.0859544992 0.15
  1 1 37 4 5488.34321224458 0.15
  1 1 38 4 5793.19731957213 0.15
  1 1 39 4 5728.58276334312 0.15
  1 1 40 4 6127.78635008646 0.15
  1 1 41 4 7293.28945387169 0.15
  1 1 42 4 7244.17921622329 0.15
  2 1 1 2 1188.31079822617 0.15
  2 1 2 2 880.884154586008 0.15
  2 1 3 2 865.79232529122 0.15
  2 1 4 2 641.33134575451 0.15
  2 1 5 2 764.392752580502 0.15
  2 1 6 2 872.126695550054 0.15
  2 1 7 2 768.920241621132 0.15
  2 1 8 2 1167.42876433928 0.15
  2 1 9 2 836.981287840388 0.15
  2 1 10 2 1649.55975582417 0.15
  2 1 11 2 1269.89141422178 0.15
  2 1 12 2 1816.91797650866 0.15
  2 1 13 2 1617.22130982645 0.15
  2 1 14 2 1947.03900741743 0.15
  2 1 15 2 2213.45937538048 0.15
  2 1 16 2 2974.246523734 0.15
  2 1 17 2 2240.69291541378 0.15
  2 1 18 2 3202.38500173044 0.15
  2 1 19 2 3998.33490001432 0.15
  2 1 20 2 5439.04202115631 0.15
  2 1 21 2 8795.45473785052 0.15
  2 1 22 2 7126.1771235926 0.15
  2 1 23 2 10559.3552953942 0.15
  2 1 24 2 9699.13794233992 0.15
  2 1 25 2 7676.99340357576 0.15
  2 1 26 2 7614.69255518723 0.15
  2 1 27 2 7178.98294311289 0.15
  2 1 28 2 9563.63188734261 0.15
  2 1 29 2 9299.69260866112 0.15
  2 1 30 2 8555.31632047247 0.15
  2 1 31 2 11136.6077679746 0.15
  2 1 32 2 8519.94515318355 0.15
  2 1 33 2 11473.4152045261 0.15
  2 1 34 2 13087.9587767519 0.15
  2 1 35 2 16688.9224025645 0.15
  2 1 36 2 12448.9916369782 0.15
  2 1 37 2 16438.9292362693 0.15
  2 1 38 2 14078.6651529939 0.15
  2 1 39 2 12019.6519568308 0.15
  2 1 40 2 8309.93924609662 0.15
  2 1 41 2 7961.54173328303 0.15
  2 1 42 2 7135.45203679737 0.15
  2 1 1 3 421.122861203192 0.15
  2 1 2 3 565.093050709424 0.15
  2 1 3 3 495.284227269401 0.15
  2 1 4 3 664.150853467452 0.15
  2 1 5 3 1088.89829811527 0.15
  2 1 6 3 1532.89705388408 0.15
  2 1 7 3 1388.11000419668 0.15
  2 1 8 3 2245.2168973935 0.15
  2 1 9 3 1981.03457722566 0.15
  2 1 10 3 1886.74247159102 0.15
  2 1 11 3 1575.96101102379 0.15
  2 1 12 3 1289.7570859656 0.15
  2 1 13 3 1180.73295693076 0.15
  2 1 14 3 1253.93470385733 0.15
  2 1 15 3 2143.81901216156 0.15
  2 1 16 3 1564.63545195812 0.15
  2 1 17 3 1290.77792922675 0.15
  2 1 18 3 1190.51884014645 0.15
  2 1 19 3 1396.1490248561 0.15
  2 1 20 3 1080.84143122792 0.15
  2 1 21 3 1804.1541068006 0.15
  2 1 22 3 1432.13613899765 0.15
  2 1 23 3 1308.11785893971 0.15
  2 1 24 3 1128.27338176263 0.15
  2 1 25 3 1426.7757920646 0.15
  2 1 26 3 1178.89819093149 0.15
  2 1 27 3 1264.45206752291 0.15
  2 1 28 3 1210.89029403403 0.15
  2 1 29 3 953.506211931967 0.15
  2 1 30 3 886.433342018923 0.15
  2 1 31 3 911.852457634492 0.15
  2 1 32 3 864.099586627801 0.15
  2 1 33 3 682.742838420997 0.15
  2 1 34 3 876.528914629542 0.15
  2 1 35 3 643.697919872145 0.15
  2 1 36 3 1152.81953021929 0.15
  2 1 37 3 1131.75906160562 0.15
  2 1 38 3 1426.45794315098 0.15
  2 1 39 3 1560.5219592509 0.15
  2 1 40 3 1842.95811535603 0.15
  2 1 41 3 1686.45164197899 0.15
  2 1 42 3 1741.91210077768 0.15
# end catch observations 
#  
# Fishery size comp data 
# Number of observations, init_int Ncatch_size_obs 
  168
# init_matrix obs_catch_size(1,Ncatch_size_obs,1,ncol) 
# Fleet Area  Year  Species Type (0=whole, 1=retained, 2=discard) InpN, proportion by size bin 
  1 1 1 1 0 100 0 0.38 0.6 0.02 0
  1 1 2 1 0 100 0 0.31 0.65 0.04 0
  1 1 3 1 0 100 0 0.53 0.38 0.09 0
  1 1 4 1 0 100 0 0.33 0.53 0.14 0
  1 1 5 1 0 100 0 0.52 0.23 0.18 0.07
  1 1 6 1 0 100 0 0.5 0.5 0 0
  1 1 7 1 0 100 0 0.23 0.77 0 0
  1 1 8 1 0 100 0 0.29 0.71 0 0
  1 1 9 1 0 100 0 0.4 0.59 0.01 0
  1 1 10 1 0 100 0 0.68 0.32 0 0
  1 1 11 1 0 100 0 0.56 0.33 0.11 0
  1 1 12 1 0 100 0 0.3 0.7 0 0
  1 1 13 1 0 100 0 0.57 0.38 0.05 0
  1 1 14 1 0 100 0 0.27 0.68 0.05 0
  1 1 15 1 0 100 0 0.43 0.55 0.02 0
  1 1 16 1 0 100 0 0.35 0.58 0.07 0
  1 1 17 1 0 100 0 0.26 0.65 0.09 0
  1 1 18 1 0 100 0 0.31 0.43 0.26 0
  1 1 19 1 0 100 0 0.55 0.45 0 0
  1 1 20 1 0 100 0 0.47 0.46 0.07 0
  1 1 21 1 0 100 0 0.26 0.71 0.03 0
  1 1 22 1 0 100 0 0.49 0.48 0.03 0
  1 1 23 1 0 100 0 0.2 0.65 0.15 0
  1 1 24 1 0 100 0 0.47 0.49 0.04 0
  1 1 25 1 0 100 0 0.24 0.76 0 0
  1 1 26 1 0 100 0 0.04 0.96 0 0
  1 1 27 1 0 100 0 0.04 0.81 0.12 0.03
  1 1 28 1 0 100 0 0.31 0.62 0.07 0
  1 1 29 1 0 100 0 0.21 0.65 0.14 0
  1 1 30 1 0 100 0 0.09 0.91 0 0
  1 1 31 1 0 100 0 0.1 0.9 0 0
  1 1 32 1 0 100 0 0.12 0.88 0 0
  1 1 33 1 0 100 0 0.25 0.55 0.2 0
  1 1 34 1 0 100 0 0.04 0.96 0 0
  1 1 35 1 0 100 0 0.17 0.83 0 0
  1 1 36 1 0 100 0 0.35 0.65 0 0
  1 1 37 1 0 100 0 0.41 0.59 0 0
  1 1 38 1 0 100 0 0.34 0.66 0 0
  1 1 39 1 0 100 0 0.29 0.71 0 0
  1 1 40 1 0 100 0 0 0.96 0.04 0
  1 1 41 1 0 100 0 0 0.84 0.16 0
  1 1 42 1 0 100 0 0.11 0.84 0.05 0
  1 1 1 4 0 100 0 0 0.68 0.32 0
  1 1 2 4 0 100 0 0 0.12 0.88 0
  1 1 3 4 0 100 0 0.09 0.6 0.31 0
  1 1 4 4 0 100 0 0.13 0.11 0.76 0
  1 1 5 4 0 100 0 0 0.26 0.74 0
  1 1 6 4 0 100 0 0.04 0.62 0.34 0
  1 1 7 4 0 100 0 0.28 0.64 0.08 0
  1 1 8 4 0 100 0 0 0.84 0.16 0
  1 1 9 4 0 100 0 0.05 0.79 0.16 0
  1 1 10 4 0 100 0 0.09 0.89 0.02 0
  1 1 11 4 0 100 0 0 0.75 0.25 0
  1 1 12 4 0 100 0 0 0.19 0.81 0
  1 1 13 4 0 100 0 0 0.52 0.48 0
  1 1 14 4 0 100 0 0 0.51 0.36 0.13
  1 1 15 4 0 100 0 0 0.64 0.36 0
  1 1 16 4 0 100 0 0.09 0.63 0.28 0
  1 1 17 4 0 100 0 0 0.94 0.06 0
  1 1 18 4 0 100 0 0.08 0.76 0.13 0.03
  1 1 19 4 0 100 0 0.06 0.77 0.17 0
  1 1 20 4 0 100 0 0.02 0.45 0.53 0
  1 1 21 4 0 100 0 0 0.78 0.22 0
  1 1 22 4 0 100 0 0 0.67 0.33 0
  1 1 23 4 0 100 0 0.05 0.53 0.42 0
  1 1 24 4 0 100 0 0 0.93 0.07 0
  1 1 25 4 0 100 0 0.02 0.98 0 0
  1 1 26 4 0 100 0 0.2 0.78 0.02 0
  1 1 27 4 0 100 0 0.49 0.44 0.07 0
  1 1 28 4 0 100 0 0.05 0.85 0.1 0
  1 1 29 4 0 100 0 0 0.86 0.14 0
  1 1 30 4 0 100 0 0 1 0 0
  1 1 31 4 0 100 0 0.06 0.91 0.03 0
  1 1 32 4 0 100 0 0 0.99 0.01 0
  1 1 33 4 0 100 0 0.02 0.98 0 0
  1 1 34 4 0 100 0 0.92 0.08 0 0
  1 1 35 4 0 100 0 0.06 0.94 0 0
  1 1 36 4 0 100 0 0 1 0 0
  1 1 37 4 0 100 0 0.02 0.98 0 0
  1 1 38 4 0 100 0 0.26 0.74 0 0
  1 1 39 4 0 100 0 0.17 0.83 0 0
  1 1 40 4 0 100 0 0.41 0.59 0 0
  1 1 41 4 0 100 0 0 1 0 0
  1 1 42 4 0 100 0 0.02 0.98 0 0
  2 1 1 2 0 100 0 0 0.35 0.65 0
  2 1 2 2 0 100 0 0 0.22 0.78 0
  2 1 3 2 0 100 0 0 0.51 0.49 0
  2 1 4 2 0 100 0 0 0.98 0.02 0
  2 1 5 2 0 100 0 0 0.46 0.54 0
  2 1 6 2 0 100 0 0 0.36 0.64 0
  2 1 7 2 0 100 0 0 0.21 0.79 0
  2 1 8 2 0 100 0 0 0.26 0.74 0
  2 1 9 2 0 100 0 0 0.38 0.62 0
  2 1 10 2 0 100 0 0 0.12 0.88 0
  2 1 11 2 0 100 0 0 0.35 0.65 0
  2 1 12 2 0 100 0 0 0.23 0.77 0
  2 1 13 2 0 100 0 0 0.07 0.93 0
  2 1 14 2 0 100 0 0 0.45 0.55 0
  2 1 15 2 0 100 0 0 0.44 0.56 0
  2 1 16 2 0 100 0 0 0.49 0.51 0
  2 1 17 2 0 100 0 0 0.62 0.38 0
  2 1 18 2 0 100 0 0 0.71 0.29 0
  2 1 19 2 0 100 0 0 0.94 0.06 0
  2 1 20 2 0 100 0.13 0 0.85 0.02 0
  2 1 21 2 0 100 0 0 1 0 0
  2 1 22 2 0 100 0 0 0.96 0.04 0
  2 1 23 2 0 100 0 0 0.98 0.02 0
  2 1 24 2 0 100 0 0 0.96 0.04 0
  2 1 25 2 0 100 0 0 0.96 0.04 0
  2 1 26 2 0 100 0 0 0.85 0.15 0
  2 1 27 2 0 100 0 0 0.95 0.05 0
  2 1 28 2 0 100 0 0 0.93 0.07 0
  2 1 29 2 0 100 0 0 0.88 0.12 0
  2 1 30 2 0 100 0 0 0.93 0.07 0
  2 1 31 2 0 100 0 0 0.77 0.23 0
  2 1 32 2 0 100 0 0 0.75 0.25 0
  2 1 33 2 0 100 0 0 0.96 0.04 0
  2 1 34 2 0 100 0 0 0.8 0.2 0
  2 1 35 2 0 100 0 0 0.75 0.25 0
  2 1 36 2 0 100 0 0 0.76 0.24 0
  2 1 37 2 0 100 0 0 0.72 0.28 0
  2 1 38 2 0 100 0 0 0.82 0.18 0
  2 1 39 2 0 100 0 0 0.91 0.09 0
  2 1 40 2 0 100 0 0 0.91 0.09 0
  2 1 41 2 0 100 0 0 0.93 0.07 0
  2 1 42 2 0 100 0 0 0.91 0.09 0
  2 1 1 3 0 100 0 0.08 0.13 0.44 0.35
  2 1 2 3 0 100 0 0.14 0.4 0.41 0.05
  2 1 3 3 0 100 0 0.02 0.29 0.69 0
  2 1 4 3 0 100 0 0.11 0.3 0.59 0
  2 1 5 3 0 100 0 0.14 0.28 0.37 0.21
  2 1 6 3 0 100 0 0.12 0.47 0.41 0
  2 1 7 3 0 100 0 0.05 0.29 0.66 0
  2 1 8 3 0 100 0 0.15 0.04 0.81 0
  2 1 9 3 0 100 0 0 0.37 0.48 0.15
  2 1 10 3 0 100 0 0.32 0.27 0.41 0
  2 1 11 3 0 100 0 0.08 0.51 0.27 0.14
  2 1 12 3 0 100 0 0.24 0.32 0.29 0.15
  2 1 13 3 0 100 0 0 0.35 0.65 0
  2 1 14 3 0 100 0 0 0.18 0.75 0.07
  2 1 15 3 0 100 0 0 0.2 0.66 0.14
  2 1 16 3 0 100 0 0 0.51 0.49 0
  2 1 17 3 0 100 0 0 0.07 0.93 0
  2 1 18 3 0 100 0 0 0.22 0.78 0
  2 1 19 3 0 100 0 0 0.31 0.69 0
  2 1 20 3 0 100 0 0 0.33 0.67 0
  2 1 21 3 0 100 0 0 0.34 0.66 0
  2 1 22 3 0 100 0 0 0.04 0.96 0
  2 1 23 3 0 100 0 0 0.43 0.57 0
  2 1 24 3 0 100 0 0 0.12 0.85 0.03
  2 1 25 3 0 100 0 0.3 0.34 0.36 0
  2 1 26 3 0 100 0 0 0.4 0.6 0
  2 1 27 3 0 100 0 0 0.42 0.58 0
  2 1 28 3 0 100 0 0 0.34 0.66 0
  2 1 29 3 0 100 0 0 0.14 0.86 0
  2 1 30 3 0 100 0 0 0.2 0.8 0
  2 1 31 3 0 100 0 0 0.14 0.86 0
  2 1 32 3 0 100 0 0 0.13 0.87 0
  2 1 33 3 0 100 0 0 0.24 0.67 0.09
  2 1 34 3 0 100 0 0 0.91 0.09 0
  2 1 35 3 0 100 0 0 0.05 0.95 0
  2 1 36 3 0 100 0 0 0.03 0.97 0
  2 1 37 3 0 100 0 0 0.16 0.84 0
  2 1 38 3 0 100 0 0 0.08 0.92 0
  2 1 39 3 0 100 0 0 0.06 0.94 0
  2 1 40 3 0 100 0 0 0.33 0.67 0
  2 1 41 3 0 100 0 0 0.12 0.88 0
  2 1 42 3 0 100 0 0 0.2 0.8 0
# end fishery length observations 
#  
# Survey diet proportion observations 
# Number of observations, init_int Ndietprop_obs 
  89
# init_matrix obs_dietprop(1,Ndietprop_obs,1,ncol) 
# Survey  Year  Predator  Predator_size InpN  wt_prey_1 wt_prey_2 wt_prey_3 wt_prey_4 wt_prey_5 wt_prey_6 wt_prey_7 wt_prey_8 wt_prey_9 wt_prey_10 wt_prey_11 other 
  1 2 1 4 100 1 0 0 0 0
  1 6 4 3 100 0 0.68 0 0 0.32
  1 8 4 2 100 0 0 0 0 1
  1 8 4 3 100 0 0.2 0 0 0.8
  1 9 4 4 100 0 0.45 0 0 0.55
  1 11 1 3 100 0 0.05 0 0 0.95
  1 11 4 3 100 0 0.21 0 0 0.79
  1 12 1 2 100 0 0.08 0 0 0.92
  1 12 1 3 100 0 0.14 0 0 0.86
  1 13 1 3 100 0 0 0.1 0 0.9
  1 13 1 4 100 0 0 0.13 0 0.87
  1 13 4 2 100 0 0.52 0 0 0.48
  1 13 4 3 100 0 0 0 0 1
  1 13 4 4 100 0 0.75 0 0 0.25
  1 14 1 3 100 0 0.05 0.1 0 0.85
  1 14 1 4 100 0 0.27 0 0 0.73
  1 14 4 3 100 0 0.2 0.28 0 0.52
  1 14 4 4 100 0 0.05 0 0 0.95
  1 15 1 2 100 0 0.01 0 0 0.99
  1 15 1 3 100 0 0 0.38 0 0.62
  1 15 4 3 100 0.04 0 0 0 0.96
  1 15 4 4 100 0 0.08 0 0 0.92
  1 16 1 3 100 0 0 0 0 1
  1 16 1 4 100 0 0 0 0 1
  1 16 4 3 100 0 0 0 0 1
  1 16 4 4 100 0 0.28 0.02 0 0.7
  1 17 4 2 100 0 0 0.72 0 0.28
  1 17 4 3 100 0 0.03 0 0 0.97
  1 18 1 1 100 0 0.19 0 0 0.81
  1 18 1 2 100 0 0.06 0 0 0.94
  1 18 1 3 100 0 0.02 0 0 0.98
  1 18 4 3 100 0 0.17 0 0 0.83
  1 19 1 2 100 0 0.06 0 0 0.94
  1 19 1 3 100 0 0.74 0 0 0.26
  1 19 1 4 100 0 0.53 0 0 0.47
  1 19 4 2 100 0 0 0 0 1
  1 19 4 3 100 0 0.39 0 0 0.61
  1 20 1 3 100 0 0.03 0.3 0 0.67
  1 20 4 2 100 0 0.23 0 0 0.77
  1 20 4 3 100 0 0 0 0 1
  1 21 1 2 100 0 0 0.85 0 0.15
  1 21 1 3 100 0 0.56 0 0 0.44
  1 21 1 4 100 0 0.18 0 0 0.82
  1 21 4 3 100 0 0 0 0 1
  1 22 1 3 100 0.37 0 0 0 0.63
  1 22 4 2 100 0 0 0 0 1
  1 22 4 3 100 0 0.17 0 0 0.83
  1 23 1 3 100 0 0.72 0 0 0.28
  1 23 4 3 100 0 0.11 0 0 0.89
  1 24 1 3 100 0 0.33 0 0 0.67
  1 24 1 4 100 0 0.2 0.06 0 0.74
  1 24 4 3 100 0.4 0 0 0 0.6
  1 25 1 2 100 0 0 0 0 1
  1 25 1 3 100 0 0 0 0 1
  1 25 4 3 100 0 0.27 0 0 0.73
  1 25 4 4 100 0 0.33 0.25 0 0.42
  1 26 1 3 100 0 0.28 0 0 0.72
  1 26 4 3 100 0 0.81 0 0 0.19
  1 27 1 3 100 0 0.01 0 0 0.99
  1 27 1 4 100 0 0.08 0 0 0.92
  1 27 4 2 100 0 0.14 0.01 0 0.85
  1 27 4 3 100 0 0.4 0 0 0.6
  1 28 1 3 100 0 0.52 0.31 0 0.17
  1 28 4 2 100 0 0.05 0.08 0 0.87
  1 28 4 3 100 0.09 0 0 0 0.91
  1 29 1 3 100 0 0.19 0 0 0.81
  1 29 4 3 100 0 0.39 0 0 0.61
  1 30 4 3 100 0 0.15 0 0 0.85
  1 31 4 3 100 0 0.37 0 0 0.63
  1 31 4 4 100 0 0.44 0 0 0.56
  1 33 1 3 100 0 0.98 0 0 0.02
  1 33 4 3 100 0 0 0 0 1
  1 34 1 3 100 0 0.08 0 0 0.92
  1 34 4 3 100 0 1 0 0 0
  1 35 1 1 100 0 0.22 0 0 0.78
  1 35 1 2 100 0 0 0 0 1
  1 35 1 3 100 0 0.6 0 0 0.4
  1 35 4 3 100 0 0.1 0 0 0.9
  1 36 1 3 100 0 0.41 0.02 0 0.57
  1 36 4 2 100 0 0.09 0 0 0.91
  1 36 4 3 100 0 0.61 0 0 0.39
  1 37 4 3 100 0 0.02 0 0 0.98
  1 38 1 3 100 0 0 0 0 1
  1 39 1 3 100 0 0 0.39 0 0.61
  1 40 1 2 100 0 0.17 0 0 0.83
  1 40 4 3 100 0 0 0.03 0 0.97
  1 40 4 4 100 0 0.08 0 0 0.92
  1 41 1 2 100 0 0.27 0.1 0 0.63
  1 42 4 3 100 0 0.07 0.45 0 0.48
# end survey diet proportion observations 
#  
