# This file was created using the write_tsDatFile function and used all the simulated data from sim_dta.rds found in repo:Hydra-self-testing
# Survey index data 
# Number of observations, init_int Nsurvey_obs
  166
# init_matrix obs_survey_biomass(1,Nsurvey_obs,1,5)
# survey year spp value cv
  1 1 4 111646.454777461 0.2
  1 2 4 104206.968519146 0.2
  1 3 4 101571.837063842 0.2
  1 4 4 84906.6754952328 0.2
  1 5 4 86990.698776104 0.2
  1 6 4 109172.806051222 0.2
  1 7 4 130719.50099571 0.2
  1 8 4 80663.0129930574 0.2
  1 9 4 133402.917825198 0.2
  1 10 4 172404.590627811 0.2
  1 11 4 157494.671477357 0.2
  1 12 4 55249.4865038916 0.2
  1 13 4 92219.8637201665 0.2
  1 14 4 149855.050203697 0.2
  1 15 4 113403.801125622 0.2
  1 16 4 179319.272658999 0.2
  1 17 4 88548.6355477622 0.2
  1 18 4 82605.530753665 0.2
  1 19 4 88517.1233771818 0.2
  1 20 4 125227.375081476 0.2
  1 21 4 381588.850193665 0.2
  1 22 4 128469.338190951 0.2
  1 23 4 216255.851176748 0.2
  1 24 4 123356.993629094 0.2
  1 25 4 101467.757280148 0.2
  1 26 4 165104.836474369 0.2
  1 27 4 181631.797506165 0.2
  1 28 4 196873.982040474 0.2
  1 29 4 262473.454714893 0.2
  1 30 4 198960.228689407 0.2
  1 31 4 348154.995961373 0.2
  1 32 4 207308.820433796 0.2
  1 33 4 223169.406640813 0.2
  1 34 4 166156.272362311 0.2
  1 35 4 181596.853720461 0.2
  1 36 4 189009.486569371 0.2
  1 37 4 92454.5044228567 0.2
  1 38 4 254586.640056355 0.2
  1 39 4 174207.638139885 0.2
  1 40 4 204766.18082168 0.2
  1 41 4 202591.976555586 0.2
  1 42 4 168195.638644435 0.2
  1 1 2 106.031021933958 0.2
  1 4 2 38.0277792537494 0.2
  1 5 2 178.219521735282 0.2
  1 6 2 371.8759621642 0.2
  1 7 2 132.172151408214 0.2
  1 8 2 265.577065982937 0.2
  1 9 2 175.566857057103 0.2
  1 10 2 355.906468870645 0.2
  1 11 2 138.098046113199 0.2
  1 12 2 879.554790404086 0.2
  1 13 2 2771.05206600747 0.2
  1 14 2 368.191147682923 0.2
  1 15 2 379.859972854745 0.2
  1 16 2 455.774112537013 0.2
  1 17 2 196.667271676531 0.2
  1 18 2 1178.25895199653 0.2
  1 19 2 1027.69601544091 0.2
  1 20 2 3591.83519724355 0.2
  1 21 2 2502.13377968387 0.2
  1 22 2 2040.18189081977 0.2
  1 23 2 2864.40746767324 0.2
  1 24 2 4995.56627674743 0.2
  1 25 2 1497.22318820088 0.2
  1 26 2 1331.63009731863 0.2
  1 27 2 1118.13881762935 0.2
  1 28 2 1718.85162745081 0.2
  1 29 2 1089.35930865904 0.2
  1 30 2 1766.06303468229 0.2
  1 31 2 2422.10325754363 0.2
  1 32 2 1898.16214450715 0.2
  1 33 2 3853.52418638836 0.2
  1 34 2 779.420397629209 0.2
  1 35 2 1150.78898034742 0.2
  1 36 2 5211.76247601066 0.2
  1 37 2 9470.47699962963 0.2
  1 38 2 590.114384184874 0.2
  1 39 2 8062.621456564 0.2
  1 40 2 2024.67949631514 0.2
  1 41 2 887.802039129475 0.2
  1 42 2 1305.26612200286 0.2
  1 1 1 27204.4156457653 0.2
  1 2 1 23454.8057115353 0.2
  1 3 1 9951.85204242617 0.2
  1 4 1 10144.4609280504 0.2
  1 5 1 9819.70718210609 0.2
  1 6 1 24450.3872751346 0.2
  1 7 1 11799.9150285799 0.2
  1 8 1 6779.85276335136 0.2
  1 9 1 11098.9418469426 0.2
  1 10 1 14706.8858471258 0.2
  1 11 1 23377.2137685936 0.2
  1 12 1 10899.7691010356 0.2
  1 13 1 7133.56202951343 0.2
  1 14 1 8608.16842847276 0.2
  1 15 1 5352.65766642185 0.2
  1 16 1 4418.19661696678 0.2
  1 17 1 8412.39057140453 0.2
  1 18 1 4627.87911465707 0.2
  1 19 1 3380.46177212587 0.2
  1 20 1 7176.50516727414 0.2
  1 21 1 5766.78738831402 0.2
  1 22 1 9885.23223779684 0.2
  1 23 1 7075.64244909367 0.2
  1 24 1 10393.3749868443 0.2
  1 25 1 11004.2810469541 0.2
  1 26 1 4149.07718042876 0.2
  1 27 1 12734.8044909831 0.2
  1 28 1 4970.33395999022 0.2
  1 29 1 12486.6799621417 0.2
  1 30 1 1589.86510509931 0.2
  1 31 1 3970.89539645344 0.2
  1 32 1 5231.96775579288 0.2
  1 33 1 3591.89203329964 0.2
  1 34 1 3245.17819367625 0.2
  1 35 1 2731.57170911746 0.2
  1 36 1 823.945927676416 0.2
  1 37 1 1885.77995325347 0.2
  1 38 1 2937.33696495266 0.2
  1 39 1 2269.56290941315 0.2
  1 40 1 2205.19597830283 0.2
  1 41 1 1568.29670155299 0.2
  1 42 1 970.21206032266 0.2
  1 1 3 75.0185845697191 0.2
  1 2 3 89.5132352839076 0.2
  1 3 3 247.590975684691 0.2
  1 4 3 637.653623619059 0.2
  1 5 3 3297.80111210422 0.2
  1 6 3 105.581833053075 0.2
  1 7 3 1309.62561824473 0.2
  1 8 3 584.949633942884 0.2
  1 9 3 286.329861467418 0.2
  1 10 3 452.856284781346 0.2
  1 11 3 584.631332166512 0.2
  1 12 3 178.514688372754 0.2
  1 13 3 576.626469059199 0.2
  1 14 3 971.035734789827 0.2
  1 15 3 607.811413040047 0.2
  1 16 3 1197.09034313303 0.2
  1 17 3 270.417806826573 0.2
  1 18 3 267.030059467367 0.2
  1 19 3 259.846565357957 0.2
  1 20 3 136.046609037119 0.2
  1 21 3 184.114981896138 0.2
  1 22 3 51.6107681786712 0.2
  1 23 3 163.50561283332 0.2
  1 24 3 398.269785637381 0.2
  1 25 3 413.59675418967 0.2
  1 26 3 187.072282691633 0.2
  1 27 3 332.479805992608 0.2
  1 28 3 366.773023183039 0.2
  1 29 3 141.751367851389 0.2
  1 30 3 146.504936335652 0.2
  1 31 3 829.282874193175 0.2
  1 32 3 157.737228773704 0.2
  1 33 3 465.159675856317 0.2
  1 34 3 194.885581550077 0.2
  1 35 3 944.840799637957 0.2
  1 36 3 302.684393584193 0.2
  1 37 3 782.621249212607 0.2
  1 38 3 876.212499742782 0.2
  1 39 3 494.320512140311 0.2
  1 40 3 323.964440018405 0.2
  1 41 3 168255.188213831 0.2
  1 42 3 95174.5533263892 0.2
# end survey index observations 
#  
# Survey size comp data 
# Number of observations, init_int Nsurvey_size_obs 
  166
# init_matrix obs_survey_size(1,Nsurvey_size_obs,1,ncol) 
# Survey  Year  Species Type (0=whole, 1=retained, 2=discard) InpN, proportion by length bin 
  1 1 1 0 57 0.01 0.35 0.63 0.01 0
  1 2 1 0 65 0.02 0.24 0.66 0.08 0
  1 3 1 0 32 0.02 0.24 0.67 0.07 0
  1 4 1 0 32 0.01 0.49 0.41 0.09 0
  1 5 1 0 21 0.01 0.49 0.44 0.06 0
  1 6 1 0 18 0.02 0.3 0.63 0.05 0
  1 7 1 0 25 0.03 0.44 0.52 0.01 0
  1 8 1 0 20 0.03 0.28 0.64 0.05 0
  1 9 1 0 16 0.04 0.52 0.41 0.03 0
  1 10 1 0 19 0.01 0.42 0.56 0.01 0
  1 11 1 0 20 0 0.29 0.67 0.04 0
  1 12 1 0 22 0.01 0.33 0.58 0.08 0
  1 13 1 0 23 0 0.25 0.66 0.09 0
  1 14 1 0 14 0.01 0.39 0.52 0.08 0
  1 15 1 0 21 0.01 0.25 0.69 0.05 0
  1 16 1 0 14 0.01 0.33 0.59 0.07 0
  1 17 1 0 17 0.05 0.46 0.42 0.07 0
  1 18 1 0 19 0.01 0.35 0.58 0.06 0
  1 19 1 0 18 0.02 0.37 0.57 0.04 0
  1 20 1 0 15 0.02 0.36 0.57 0.05 0
  1 21 1 0 21 0.02 0.33 0.56 0.09 0
  1 22 1 0 13 0 0.32 0.56 0.12 0
  1 23 1 0 14 0 0.4 0.42 0.18 0
  1 24 1 0 14 0.01 0.28 0.61 0.1 0
  1 25 1 0 18 0 0.25 0.62 0.13 0
  1 26 1 0 14 0 0.27 0.55 0.18 0
  1 27 1 0 23 0.02 0.25 0.5 0.23 0
  1 28 1 0 14 0.01 0.31 0.6 0.08 0
  1 29 1 0 17 0.01 0.3 0.53 0.16 0
  1 30 1 0 18 0 0.28 0.58 0.14 0
  1 31 1 0 20 0.03 0.26 0.48 0.23 0
  1 32 1 0 10 0 0.16 0.64 0.2 0
  1 33 1 0 15 0.02 0.21 0.57 0.2 0
  1 34 1 0 18 0 0.18 0.66 0.16 0
  1 35 1 0 8 0.01 0.22 0.54 0.23 0
  1 36 1 0 12 0.01 0.32 0.57 0.1 0
  1 37 1 0 8 0.02 0.28 0.59 0.11 0
  1 38 1 0 16 0.01 0.27 0.6 0.12 0
  1 39 1 0 10 0.01 0.21 0.67 0.11 0
  1 40 1 0 10 0 0.16 0.6 0.24 0
  1 41 1 0 13 0 0.36 0.51 0.13 0
  1 42 1 0 8 0.03 0.53 0.35 0.09 0
  1 1 2 0 11 0 0.04 0.19 0.58 0.19
  1 4 2 0 1 0 0.16 0.24 0.4 0.2
  1 5 2 0 5 0 0.1 0.3 0.55 0.05
  1 6 2 0 1 0 0.14 0.35 0.4 0.11
  1 7 2 0 3 0 0.18 0.26 0.52 0.04
  1 8 2 0 4 0 0.15 0.34 0.48 0.03
  1 9 2 0 5 0 0.24 0.28 0.47 0.01
  1 10 2 0 10 0 0.15 0.36 0.48 0.01
  1 11 2 0 13 0 0.2 0.34 0.45 0.01
  1 12 2 0 15 0 0.13 0.26 0.61 0
  1 13 2 0 9 0 0.04 0.27 0.69 0
  1 14 2 0 6 0 0.11 0.3 0.59 0
  1 15 2 0 13 0 0.09 0.22 0.69 0
  1 16 2 0 10 0 0.08 0.19 0.73 0
  1 17 2 0 10 0 0.45 0.18 0.37 0
  1 18 2 0 18 0 0.49 0.33 0.18 0
  1 19 2 0 27 0 0.16 0.55 0.29 0
  1 20 2 0 23 0 0.05 0.4 0.55 0
  1 21 2 0 25 0 0.01 0.39 0.6 0
  1 22 2 0 9 0 0.1 0.21 0.69 0
  1 23 2 0 8 0 0.02 0.27 0.71 0
  1 24 2 0 9 0 0.07 0.16 0.77 0
  1 25 2 0 14 0 0.1 0.17 0.73 0
  1 26 2 0 18 0 0.24 0.18 0.58 0
  1 27 2 0 16 0 0.14 0.39 0.47 0
  1 28 2 0 6 0 0.06 0.28 0.66 0
  1 29 2 0 8 0 0.07 0.27 0.66 0
  1 30 2 0 17 0 0.06 0.15 0.79 0
  1 31 2 0 9 0 0.35 0.1 0.55 0
  1 32 2 0 30 0 0.17 0.47 0.36 0
  1 33 2 0 24 0 0.07 0.37 0.56 0
  1 34 2 0 25 0 0.03 0.33 0.64 0
  1 35 2 0 16 0 0.02 0.2 0.78 0
  1 36 2 0 13 0 0.03 0.19 0.78 0
  1 37 2 0 8 0 0.06 0.14 0.8 0
  1 38 2 0 10 0 0.04 0.12 0.84 0
  1 39 2 0 13 0 0.05 0.13 0.82 0
  1 40 2 0 8 0 0.02 0.23 0.75 0
  1 41 2 0 5 0 0.13 0.18 0.69 0
  1 42 2 0 17 0 0.21 0.13 0.66 0
  1 1 3 0 27 0 0.18 0.26 0.56 0
  1 2 3 0 13 0.01 0.14 0.34 0.51 0
  1 3 3 0 5 0.14 0.44 0.16 0.26 0
  1 4 3 0 2 0.06 0.38 0.38 0.18 0
  1 5 3 0 5 0.05 0.21 0.54 0.2 0
  1 6 3 0 1 0.05 0.2 0.46 0.29 0
  1 7 3 0 3 0.01 0.13 0.53 0.33 0
  1 8 3 0 3 0 0.13 0.38 0.49 0
  1 9 3 0 4 0.01 0.09 0.36 0.54 0
  1 10 3 0 4 0.02 0.1 0.35 0.52 0.01
  1 11 3 0 4 0.01 0.12 0.27 0.6 0
  1 12 3 0 2 0.04 0.08 0.33 0.55 0
  1 13 3 0 8 0 0.1 0.27 0.63 0
  1 14 3 0 19 0.03 0.13 0.37 0.47 0
  1 15 3 0 15 0.01 0.13 0.4 0.46 0
  1 16 3 0 12 0.01 0.1 0.36 0.53 0
  1 17 3 0 14 0.02 0.13 0.33 0.52 0
  1 18 3 0 14 0 0.17 0.36 0.47 0
  1 19 3 0 15 0.03 0.14 0.34 0.49 0
  1 20 3 0 17 0.02 0.19 0.29 0.5 0
  1 21 3 0 12 0.03 0.21 0.34 0.42 0
  1 22 3 0 11 0.03 0.12 0.35 0.5 0
  1 23 3 0 16 0.03 0.16 0.33 0.48 0
  1 24 3 0 15 0.02 0.15 0.36 0.47 0
  1 25 3 0 4 0.01 0.13 0.32 0.54 0
  1 26 3 0 14 0.01 0.11 0.27 0.61 0
  1 27 3 0 6 0.01 0.06 0.39 0.54 0
  1 28 3 0 4 0 0.14 0.27 0.59 0
  1 29 3 0 2 0.02 0.12 0.37 0.49 0
  1 30 3 0 10 0.02 0.11 0.28 0.59 0
  1 31 3 0 9 0 0.07 0.29 0.64 0
  1 32 3 0 12 0.03 0.15 0.23 0.59 0
  1 33 3 0 5 0.06 0.21 0.27 0.46 0
  1 34 3 0 9 0.06 0.36 0.16 0.42 0
  1 35 3 0 5 0.05 0.33 0.32 0.3 0
  1 36 3 0 5 0.03 0.26 0.38 0.33 0
  1 37 3 0 3 0.05 0.19 0.48 0.28 0
  1 38 3 0 15 0.02 0.18 0.41 0.39 0
  1 39 3 0 12 0.02 0.22 0.34 0.42 0
  1 40 3 0 9 0.02 0.17 0.32 0.49 0
  1 41 3 0 8 0.06 0.08 0.3 0.56 0
  1 42 3 0 12 0.01 0.12 0.34 0.53 0
  1 1 4 0 86 0.02 0.3 0.55 0.13 0
  1 2 4 0 100 0.04 0.3 0.54 0.12 0
  1 3 4 0 33 0.07 0.26 0.54 0.13 0
  1 4 4 0 44 0.06 0.32 0.55 0.07 0
  1 5 4 0 34 0.04 0.39 0.48 0.09 0
  1 6 4 0 40 0.03 0.36 0.52 0.09 0
  1 7 4 0 39 0.03 0.44 0.49 0.04 0
  1 8 4 0 49 0.02 0.3 0.59 0.09 0
  1 9 4 0 36 0.01 0.41 0.53 0.05 0
  1 10 4 0 43 0.02 0.4 0.48 0.1 0
  1 11 4 0 41 0.02 0.32 0.61 0.05 0
  1 12 4 0 35 0.02 0.32 0.6 0.06 0
  1 13 4 0 32 0.01 0.32 0.6 0.07 0
  1 14 4 0 21 0.03 0.38 0.52 0.07 0
  1 15 4 0 30 0 0.35 0.6 0.05 0
  1 16 4 0 19 0.02 0.32 0.59 0.07 0
  1 17 4 0 35 0.01 0.35 0.6 0.04 0
  1 18 4 0 27 0.04 0.42 0.47 0.07 0
  1 19 4 0 34 0.03 0.32 0.55 0.1 0
  1 20 4 0 42 0.01 0.34 0.53 0.12 0
  1 21 4 0 41 0.01 0.26 0.67 0.06 0
  1 22 4 0 44 0 0.28 0.63 0.09 0
  1 23 4 0 28 0.02 0.31 0.55 0.12 0
  1 24 4 0 34 0.01 0.34 0.53 0.12 0
  1 25 4 0 36 0 0.31 0.6 0.09 0
  1 26 4 0 31 0.01 0.26 0.56 0.17 0
  1 27 4 0 39 0 0.3 0.58 0.12 0
  1 28 4 0 38 0 0.22 0.64 0.14 0
  1 29 4 0 48 0 0.23 0.61 0.16 0
  1 30 4 0 38 0.02 0.31 0.54 0.13 0
  1 31 4 0 61 0.01 0.17 0.68 0.14 0
  1 32 4 0 48 0 0.28 0.59 0.13 0
  1 33 4 0 49 0.04 0.24 0.59 0.13 0
  1 34 4 0 44 0.01 0.2 0.64 0.15 0
  1 35 4 0 61 0 0.24 0.62 0.14 0
  1 36 4 0 67 0.03 0.27 0.6 0.1 0
  1 37 4 0 57 0.01 0.26 0.63 0.1 0
  1 38 4 0 38 0.02 0.25 0.56 0.17 0
  1 39 4 0 52 0.02 0.25 0.61 0.12 0
  1 40 4 0 43 0.01 0.29 0.59 0.11 0
  1 41 4 0 42 0.03 0.2 0.66 0.11 0
  1 42 4 0 61 0.03 0.24 0.54 0.19 0
# end survey length observations 
#  
# Fishery catch data 
# Number of observations, init_int Ncatch_obs
  168
# init_matrix obs_catch_biomass(1,Ncatch_obs,1,6) 
# Fleet	Area	Year	Species	Catch(biomass t)	CV 
  1 1 1 1 63042.5486503481 0.05
  1 1 2 1 30079.8163851092 0.05
  1 1 3 1 24492.3129711969 0.05
  1 1 4 1 19597.9800828758 0.05
  1 1 5 1 17699.7950007017 0.05
  1 1 6 1 23981.0587933901 0.05
  1 1 7 1 14425.2510268367 0.05
  1 1 8 1 13827.4506660183 0.05
  1 1 9 1 14763.923185699 0.05
  1 1 10 1 10530.3593057034 0.05
  1 1 11 1 20563.5731482086 0.05
  1 1 12 1 12395.4604462515 0.05
  1 1 13 1 10158.631204591 0.05
  1 1 14 1 14266.0961385989 0.05
  1 1 15 1 11837.8340495266 0.05
  1 1 16 1 8323.47731469527 0.05
  1 1 17 1 6679.47725748951 0.05
  1 1 18 1 8983.51158116488 0.05
  1 1 19 1 8378.79153105698 0.05
  1 1 20 1 8015.73868838212 0.05
  1 1 21 1 2473.67540709794 0.05
  1 1 22 1 2735.57436395762 0.05
  1 1 23 1 5758.26748544757 0.05
  1 1 24 1 7446.78282381662 0.05
  1 1 25 1 5109.72296577326 0.05
  1 1 26 1 4334.67056484428 0.05
  1 1 27 1 2972.35874758626 0.05
  1 1 28 1 3892.62008391036 0.05
  1 1 29 1 3890.95462429503 0.05
  1 1 30 1 2777.04827158287 0.05
  1 1 31 1 2654.04284830283 0.05
  1 1 32 1 4324.78155781736 0.05
  1 1 33 1 2458.7852073138 0.05
  1 1 34 1 1972.40185867749 0.05
  1 1 35 1 1039.0132738316 0.05
  1 1 36 1 1541.9270477173 0.05
  1 1 37 1 1633.74906202618 0.05
  1 1 38 1 1184.79945917964 0.05
  1 1 39 1 1497.55697536837 0.05
  1 1 40 1 1078.13152239117 0.05
  1 1 41 1 1377.67541272385 0.05
  1 1 42 1 1293.42218185046 0.05
  1 1 1 4 8306.69013980609 0.05
  1 1 2 4 10934.2842964943 0.05
  1 1 3 4 7845.48336959722 0.05
  1 1 4 4 9694.2460096776 0.05
  1 1 5 4 8209.97885024233 0.05
  1 1 6 4 4894.56544991165 0.05
  1 1 7 4 6563.43759963491 0.05
  1 1 8 4 9546.53731385754 0.05
  1 1 9 4 7932.1472414702 0.05
  1 1 10 4 8143.41273647295 0.05
  1 1 11 4 6701.50357322928 0.05
  1 1 12 4 9930.93985607036 0.05
  1 1 13 4 8011.20048869271 0.05
  1 1 14 4 7587.9411872198 0.05
  1 1 15 4 6531.25216360067 0.05
  1 1 16 4 8461.98832598857 0.05
  1 1 17 4 8195.42995467416 0.05
  1 1 18 4 5921.83966225288 0.05
  1 1 19 4 6817.24198654027 0.05
  1 1 20 4 7746.76618142597 0.05
  1 1 21 4 3332.68564513043 0.05
  1 1 22 4 3438.6323735033 0.05
  1 1 23 4 5095.20685734502 0.05
  1 1 24 4 4349.53158891023 0.05
  1 1 25 4 5442.6734859206 0.05
  1 1 26 4 7604.28384170441 0.05
  1 1 27 4 2616.65579754218 0.05
  1 1 28 4 3983.54469208953 0.05
  1 1 29 4 3606.38459653138 0.05
  1 1 30 4 5654.75432713046 0.05
  1 1 31 4 4911.42218426589 0.05
  1 1 32 4 4480.98011397208 0.05
  1 1 33 4 6927.3805050571 0.05
  1 1 34 4 5725.83459025806 0.05
  1 1 35 4 5549.71372073973 0.05
  1 1 36 4 5495.0458648029 0.05
  1 1 37 4 5885.00214350278 0.05
  1 1 38 4 6692.4186490655 0.05
  1 1 39 4 6299.34362144947 0.05
  1 1 40 4 6189.67073689234 0.05
  1 1 41 4 5923.21330108166 0.05
  1 1 42 4 6494.23994817342 0.05
  2 1 1 2 1033.44645276729 0.05
  2 1 2 2 1193.87214578462 0.05
  2 1 3 2 586.565488280933 0.05
  2 1 4 2 1020.68593578605 0.05
  2 1 5 2 808.542817389785 0.05
  2 1 6 2 1361.71857343106 0.05
  2 1 7 2 1002.33256544256 0.05
  2 1 8 2 664.710472543495 0.05
  2 1 9 2 931.836322934249 0.05
  2 1 10 2 1082.98064441879 0.05
  2 1 11 2 1381.33740236715 0.05
  2 1 12 2 2491.54764547871 0.05
  2 1 13 2 1684.50402511604 0.05
  2 1 14 2 2039.59927074534 0.05
  2 1 15 2 2737.7166473601 0.05
  2 1 16 2 2111.4807419783 0.05
  2 1 17 2 2458.02888467713 0.05
  2 1 18 2 3075.55769442346 0.05
  2 1 19 2 2943.80526888554 0.05
  2 1 20 2 6257.38724615258 0.05
  2 1 21 2 8301.40315045671 0.05
  2 1 22 2 8497.56443871544 0.05
  2 1 23 2 13029.2484989238 0.05
  2 1 24 2 8444.67783422229 0.05
  2 1 25 2 7627.59238312197 0.05
  2 1 26 2 9608.19099436269 0.05
  2 1 27 2 8270.45496834551 0.05
  2 1 28 2 6822.52203362083 0.05
  2 1 29 2 10186.7726777532 0.05
  2 1 30 2 5969.51047728293 0.05
  2 1 31 2 11829.8686050693 0.05
  2 1 32 2 6031.86208064494 0.05
  2 1 33 2 8807.39852173283 0.05
  2 1 34 2 12010.0803458658 0.05
  2 1 35 2 13365.3712206672 0.05
  2 1 36 2 10663.6861950947 0.05
  2 1 37 2 13242.6506180685 0.05
  2 1 38 2 10069.7490410144 0.05
  2 1 39 2 10980.5925951751 0.05
  2 1 40 2 6339.25920689922 0.05
  2 1 41 2 5000.89565545328 0.05
  2 1 42 2 6582.59498291715 0.05
  2 1 1 3 576.967710990867 0.05
  2 1 2 3 491.494395039532 0.05
  2 1 3 3 499.486516094794 0.05
  2 1 4 3 654.645688559274 0.05
  2 1 5 3 1214.23622318951 0.05
  2 1 6 3 1327.27461694308 0.05
  2 1 7 3 1622.05073449897 0.05
  2 1 8 3 1396.66522512144 0.05
  2 1 9 3 2133.21516658263 0.05
  2 1 10 3 1699.2368869132 0.05
  2 1 11 3 1623.61978841431 0.05
  2 1 12 3 1166.72055678078 0.05
  2 1 13 3 1616.5850613959 0.05
  2 1 14 3 1336.87411310862 0.05
  2 1 15 3 1370.20325174144 0.05
  2 1 16 3 970.067022763719 0.05
  2 1 17 3 1143.47807784776 0.05
  2 1 18 3 1649.04975644221 0.05
  2 1 19 3 1509.28081844323 0.05
  2 1 20 3 864.924804175188 0.05
  2 1 21 3 1306.41232580489 0.05
  2 1 22 3 1526.90149731258 0.05
  2 1 23 3 1527.99871004112 0.05
  2 1 24 3 1311.66108986098 0.05
  2 1 25 3 1216.8041882471 0.05
  2 1 26 3 1107.45049174551 0.05
  2 1 27 3 1221.47115077936 0.05
  2 1 28 3 1001.92673703589 0.05
  2 1 29 3 896.771463138909 0.05
  2 1 30 3 1042.70109218469 0.05
  2 1 31 3 1147.90584972459 0.05
  2 1 32 3 793.801316650087 0.05
  2 1 33 3 723.615643298981 0.05
  2 1 34 3 843.324369557358 0.05
  2 1 35 3 800.242119085377 0.05
  2 1 36 3 793.85987399891 0.05
  2 1 37 3 1400.36000469491 0.05
  2 1 38 3 1467.74102220394 0.05
  2 1 39 3 1398.02200745611 0.05
  2 1 40 3 1751.04027739802 0.05
  2 1 41 3 45838.3540374487 0.05
  2 1 42 3 41545.5450592596 0.05
# end catch observations 
#  
# Fishery size comp data 
# Number of observations, init_int Ncatch_size_obs 
  168
# init_matrix obs_catch_size(1,Ncatch_size_obs,1,ncol) 
# Fleet Area  Year  Species Type (0=whole, 1=retained, 2=discard) InpN, proportion by size bin 
  1 1 1 1 0 81 0.01 0.32 0.61 0.06 0
  1 1 2 1 0 73 0.01 0.31 0.63 0.05 0
  1 1 3 1 0 65 0.01 0.39 0.52 0.08 0
  1 1 4 1 0 56 0.03 0.35 0.57 0.05 0
  1 1 5 1 0 120 0 0.45 0.5 0.05 0
  1 1 6 1 0 130 0.02 0.28 0.65 0.05 0
  1 1 7 1 0 94 0.01 0.36 0.58 0.05 0
  1 1 8 1 0 94 0.02 0.44 0.49 0.05 0
  1 1 9 1 0 82 0.05 0.43 0.48 0.04 0
  1 1 10 1 0 76 0.04 0.59 0.34 0.03 0
  1 1 11 1 0 74 0.01 0.36 0.58 0.05 0
  1 1 12 1 0 65 0.01 0.33 0.62 0.04 0
  1 1 13 1 0 77 0 0.41 0.56 0.03 0
  1 1 14 1 0 88 0.02 0.37 0.6 0.01 0
  1 1 15 1 0 66 0.07 0.25 0.64 0.04 0
  1 1 16 1 0 69 0.02 0.48 0.44 0.06 0
  1 1 17 1 0 43 0.04 0.38 0.54 0.04 0
  1 1 18 1 0 34 0.01 0.44 0.47 0.08 0
  1 1 19 1 0 55 0 0.38 0.54 0.08 0
  1 1 20 1 0 64 0.05 0.38 0.54 0.03 0
  1 1 21 1 0 77 0.01 0.33 0.6 0.06 0
  1 1 22 1 0 67 0.01 0.45 0.46 0.08 0
  1 1 23 1 0 133 0.02 0.33 0.56 0.09 0
  1 1 24 1 0 98 0.02 0.31 0.6 0.07 0
  1 1 25 1 0 91 0.01 0.21 0.66 0.12 0
  1 1 26 1 0 77 0 0.21 0.64 0.15 0
  1 1 27 1 0 102 0.01 0.12 0.67 0.2 0
  1 1 28 1 0 76 0.01 0.34 0.54 0.11 0
  1 1 29 1 0 110 0.01 0.36 0.49 0.14 0
  1 1 30 1 0 100 0.02 0.22 0.62 0.14 0
  1 1 31 1 0 108 0 0.27 0.58 0.15 0
  1 1 32 1 0 118 0.01 0.18 0.61 0.2 0
  1 1 33 1 0 129 0 0.15 0.69 0.16 0
  1 1 34 1 0 90 0 0.18 0.64 0.18 0
  1 1 35 1 0 69 0 0.26 0.56 0.18 0
  1 1 36 1 0 80 0.01 0.19 0.63 0.17 0
  1 1 37 1 0 62 0.01 0.31 0.54 0.14 0
  1 1 38 1 0 94 0.02 0.34 0.59 0.05 0
  1 1 39 1 0 75 0 0.25 0.59 0.16 0
  1 1 40 1 0 75 0.01 0.24 0.62 0.13 0
  1 1 41 1 0 35 0.02 0.2 0.65 0.13 0
  1 1 42 1 0 22 0.08 0.25 0.57 0.1 0
  1 1 1 4 0 5 0.02 0.18 0.66 0.14 0
  1 1 2 4 0 5 0.02 0.26 0.52 0.2 0
  1 1 3 4 0 5 0.03 0.37 0.52 0.08 0
  1 1 4 4 0 5 0.01 0.39 0.52 0.08 0
  1 1 5 4 0 5 0.04 0.32 0.57 0.07 0
  1 1 6 4 0 5 0.04 0.34 0.53 0.09 0
  1 1 7 4 0 5 0 0.4 0.55 0.05 0
  1 1 8 4 0 5 0 0.33 0.59 0.08 0
  1 1 9 4 0 5 0.01 0.36 0.6 0.03 0
  1 1 10 4 0 5 0.04 0.28 0.57 0.11 0
  1 1 11 4 0 1 0.02 0.34 0.56 0.08 0
  1 1 12 4 0 5 0.01 0.41 0.48 0.1 0
  1 1 13 4 0 1 0.01 0.36 0.59 0.04 0
  1 1 14 4 0 2 0.02 0.35 0.54 0.09 0
  1 1 15 4 0 8 0.02 0.36 0.59 0.03 0
  1 1 16 4 0 3 0 0.31 0.61 0.08 0
  1 1 17 4 0 3 0.01 0.41 0.52 0.06 0
  1 1 18 4 0 1 0.01 0.34 0.61 0.04 0
  1 1 19 4 0 3 0.01 0.3 0.52 0.17 0
  1 1 20 4 0 3 0.01 0.38 0.57 0.04 0
  1 1 21 4 0 3 0 0.35 0.51 0.14 0
  1 1 22 4 0 2 0 0.31 0.58 0.11 0
  1 1 23 4 0 6 0.01 0.36 0.51 0.12 0
  1 1 24 4 0 1 0.01 0.28 0.62 0.09 0
  1 1 25 4 0 1 0.03 0.2 0.68 0.09 0
  1 1 26 4 0 2 0.01 0.2 0.66 0.13 0
  1 1 27 4 0 2 0.01 0.27 0.63 0.09 0
  1 1 28 4 0 4 0 0.24 0.62 0.14 0
  1 1 29 4 0 7 0.01 0.2 0.66 0.13 0
  1 1 30 4 0 6 0 0.23 0.58 0.19 0
  1 1 31 4 0 10 0.01 0.18 0.69 0.12 0
  1 1 32 4 0 7 0.02 0.22 0.6 0.16 0
  1 1 33 4 0 15 0.01 0.14 0.67 0.18 0
  1 1 34 4 0 19 0 0.24 0.59 0.17 0
  1 1 35 4 0 13 0 0.34 0.57 0.09 0
  1 1 36 4 0 23 0.02 0.24 0.57 0.17 0
  1 1 37 4 0 7 0.02 0.27 0.62 0.09 0
  1 1 38 4 0 7 0.01 0.24 0.7 0.05 0
  1 1 39 4 0 19 0.03 0.37 0.49 0.11 0
  1 1 40 4 0 25 0.01 0.26 0.59 0.14 0
  1 1 41 4 0 31 0 0.26 0.57 0.17 0
  1 1 42 4 0 31 0.01 0.23 0.63 0.13 0
  2 1 1 2 0 2 0 0.01 0.11 0.69 0.19
  2 1 2 2 0 5 0 0 0.23 0.59 0.18
  2 1 3 2 0 2 0 0.01 0.12 0.66 0.21
  2 1 4 2 0 5 0 0.04 0.36 0.52 0.08
  2 1 5 2 0 5 0.01 0.02 0.34 0.58 0.05
  2 1 6 2 0 5 0 0.02 0.35 0.59 0.04
  2 1 7 2 0 5 0 0.01 0.39 0.58 0.02
  2 1 8 2 0 1 0.01 0.05 0.39 0.51 0.04
  2 1 9 2 0 5 0.01 0.02 0.33 0.63 0.01
  2 1 10 2 0 5 0 0.09 0.4 0.51 0
  2 1 11 2 0 2 0 0.02 0.44 0.54 0
  2 1 12 2 0 5 0 0.05 0.46 0.49 0
  2 1 13 2 0 5 0 0.04 0.41 0.55 0
  2 1 14 2 0 5 0 0 0.31 0.68 0.01
  2 1 15 2 0 5 0 0.03 0.36 0.61 0
  2 1 16 2 0 5 0 0.03 0.29 0.68 0
  2 1 17 2 0 5 0.01 0.01 0.35 0.63 0
  2 1 18 2 0 5 0.03 0.18 0.2 0.59 0
  2 1 19 2 0 5 0 0.12 0.59 0.29 0
  2 1 20 2 0 30 0 0.05 0.65 0.3 0
  2 1 21 2 0 46 0 0.02 0.49 0.49 0
  2 1 22 2 0 10 0 0.02 0.39 0.59 0
  2 1 23 2 0 19 0 0.01 0.27 0.72 0
  2 1 24 2 0 61 0 0.02 0.23 0.75 0
  2 1 25 2 0 29 0.01 0 0.25 0.74 0
  2 1 26 2 0 32 0 0.03 0.2 0.77 0
  2 1 27 2 0 16 0 0.08 0.3 0.62 0
  2 1 28 2 0 31 0 0.02 0.27 0.71 0
  2 1 29 2 0 44 0 0.01 0.34 0.65 0
  2 1 30 2 0 29 0 0.02 0.2 0.78 0
  2 1 31 2 0 25 0.01 0.05 0.32 0.62 0
  2 1 32 2 0 22 0.01 0.2 0.24 0.55 0
  2 1 33 2 0 35 0 0.07 0.64 0.29 0
  2 1 34 2 0 28 0 0.02 0.41 0.57 0
  2 1 35 2 0 45 0 0 0.36 0.64 0
  2 1 36 2 0 51 0 0.01 0.23 0.76 0
  2 1 37 2 0 41 0 0.01 0.18 0.81 0
  2 1 38 2 0 36 0 0 0.17 0.83 0
  2 1 39 2 0 20 0 0.02 0.14 0.84 0
  2 1 40 2 0 14 0 0.02 0.15 0.83 0
  2 1 41 2 0 17 0 0.01 0.16 0.83 0
  2 1 42 2 0 24 0 0.02 0.14 0.84 0
  2 1 1 3 0 1 0 0.55 0.14 0.31 0
  2 1 2 3 0 5 0 0.26 0.48 0.26 0
  2 1 3 3 0 5 0.08 0.24 0.45 0.23 0
  2 1 4 3 0 1 0.03 0.65 0.24 0.08 0
  2 1 5 3 0 6 0 0.48 0.46 0.06 0
  2 1 6 3 0 4 0 0.32 0.59 0.09 0
  2 1 7 3 0 5 0 0.27 0.55 0.18 0
  2 1 8 3 0 1 0 0.26 0.62 0.12 0
  2 1 9 3 0 1 0 0.22 0.49 0.29 0
  2 1 10 3 0 1 0.02 0.13 0.64 0.21 0
  2 1 11 3 0 2 0 0.17 0.57 0.26 0
  2 1 12 3 0 5 0.01 0.21 0.48 0.3 0
  2 1 13 3 0 4 0 0.13 0.51 0.36 0
  2 1 14 3 0 8 0.02 0.23 0.43 0.32 0
  2 1 15 3 0 11 0 0.24 0.46 0.3 0
  2 1 16 3 0 5 0.01 0.32 0.43 0.24 0
  2 1 17 3 0 5 0.01 0.23 0.51 0.25 0
  2 1 18 3 0 1 0.02 0.23 0.49 0.26 0
  2 1 19 3 0 1 0 0.23 0.48 0.29 0
  2 1 20 3 0 4 0 0.19 0.49 0.32 0
  2 1 21 3 0 3 0.01 0.2 0.51 0.28 0
  2 1 22 3 0 4 0 0.25 0.44 0.31 0
  2 1 23 3 0 3 0 0.23 0.55 0.22 0
  2 1 24 3 0 3 0.01 0.18 0.53 0.28 0
  2 1 25 3 0 2 0 0.24 0.52 0.24 0
  2 1 26 3 0 4 0 0.29 0.45 0.26 0
  2 1 27 3 0 5 0.01 0.3 0.44 0.25 0
  2 1 28 3 0 4 0 0.16 0.48 0.36 0
  2 1 29 3 0 4 0 0.28 0.44 0.28 0
  2 1 30 3 0 24 0 0.16 0.42 0.42 0
  2 1 31 3 0 10 0 0.14 0.48 0.38 0
  2 1 32 3 0 12 0 0.15 0.46 0.39 0
  2 1 33 3 0 4 0 0.25 0.41 0.34 0
  2 1 34 3 0 6 0.05 0.31 0.39 0.25 0
  2 1 35 3 0 2 0.03 0.52 0.24 0.21 0
  2 1 36 3 0 10 0 0.37 0.45 0.18 0
  2 1 37 3 0 9 0.01 0.3 0.52 0.17 0
  2 1 38 3 0 13 0.01 0.4 0.43 0.16 0
  2 1 39 3 0 16 0.01 0.23 0.6 0.16 0
  2 1 40 3 0 27 0 0.23 0.51 0.26 0
  2 1 41 3 0 15 0 0.15 0.58 0.27 0
  2 1 42 3 0 16 0 0.29 0.51 0.2 0
# end fishery length observations 
#  
# Survey diet proportion observations 
# Number of observations, init_int Ndietprop_obs 
  112
# init_matrix obs_dietprop(1,Ndietprop_obs,1,ncol) 
# Survey  Year  Predator  Predator_size InpN  wt_prey_1 wt_prey_2 wt_prey_3 wt_prey_4 wt_prey_5 wt_prey_6 wt_prey_7 wt_prey_8 wt_prey_9 wt_prey_10 wt_prey_11 other 
  1 12 1 2 25 0 0 0 0 1
  1 12 1 3 25 0.42 0 0 0 0.58
  1 13 1 3 25 0 0 0 0 1
  1 13 1 4 25 0 1 0 0 0
  1 15 1 2 25 0 0 0 0 1
  1 18 1 1 25 0.64 0 0 0 0.36
  1 18 1 2 25 0 0 0 0 1
  1 18 1 3 25 0 0 0 0 1
  1 19 1 2 25 0 0.32 0 0 0.68
  1 19 1 3 25 0 0 0 0 1
  1 20 1 3 25 0 0.72 0 0 0.28
  1 21 1 2 25 0 0 0 0 1
  1 21 1 3 25 0 0.08 0 0 0.92
  1 24 1 3 25 0 0.78 0 0 0.22
  1 25 1 3 25 0 0.09 0 0 0.91
  1 26 1 3 25 0 0.11 0.89 0 0
  1 27 1 3 25 0 0.04 0.73 0 0.23
  1 28 1 3 25 0 1 0 0 0
  1 33 1 3 25 0 0 0 0 1
  1 34 1 3 25 0 0.34 0 0 0.66
  1 35 1 3 25 0 0.02 0 0 0.98
  1 38 1 3 25 0 0 0 0 1
  1 39 1 3 25 0 0.01 0 0 0.99
  1 40 1 2 25 0 0.24 0 0 0.76
  1 41 1 2 25 0 0 0.61 0 0.39
  2 2 1 4 25 1 0 0 0 0
  2 11 1 3 25 0 0 0 0 1
  2 14 1 3 25 0 0 0 0 1
  2 14 1 4 25 0 0 0 0 1
  2 15 1 3 25 0 0 0 0 1
  2 16 1 3 25 0 0.2 0 0 0.8
  2 16 1 4 25 0 0.03 0 0 0.97
  2 19 1 3 25 0 0.28 0.03 0 0.69
  2 19 1 4 25 0 0.68 0 0 0.32
  2 21 1 3 25 0 0.66 0 0 0.34
  2 21 1 4 25 0 0 0.07 0 0.93
  2 22 1 3 25 0 0.17 0 0 0.83
  2 23 1 3 25 0 0.65 0 0 0.35
  2 24 1 3 25 0 0 0.26 0 0.74
  2 24 1 4 25 0 1 0 0 0
  2 25 1 2 25 0 0 0 0 1
  2 25 1 3 25 0 0 0 0 1
  2 26 1 3 25 0 0.71 0 0 0.29
  2 27 1 3 25 0 0 0 0 1
  2 27 1 4 25 0 0 0 0 1
  2 29 1 3 25 0 0.06 0 0 0.94
  2 33 1 3 25 0 0 0 0 1
  2 35 1 1 25 0 0.46 0 0 0.54
  2 35 1 2 25 0 0 0 0 1
  2 35 1 3 25 0 0.38 0 0 0.62
  2 36 1 3 25 0 0.77 0 0 0.23
  2 39 1 3 25 0 0 0.11 0 0.89
  2 40 1 2 25 0 0 0 0 1
  1 8 4 2 25 0 0 0 0 1
  1 8 4 3 25 0 0 0 0 1
  1 11 4 3 25 0 0 0 0 1
  1 13 4 2 25 0 0 0 0 1
  1 13 4 3 25 0 0.68 0 0 0.32
  1 13 4 4 25 0 0.15 0 0 0.85
  1 14 4 3 25 0 0 0 0 1
  1 15 4 3 25 0 1 0 0 0
  1 15 4 4 25 0 0.07 0 0 0.93
  1 16 4 3 25 0 1 0 0 0
  1 16 4 4 25 0 0.89 0 0 0.11
  1 17 4 3 25 0 0 0 0 1
  1 18 4 3 25 0 0 0 0 1
  1 19 4 2 25 0 0.16 0 0 0.84
  1 19 4 3 25 0 0.71 0 0 0.29
  1 20 4 2 25 0 0 0.55 0 0.45
  1 20 4 3 25 0 0.06 0 0 0.94
  1 21 4 3 25 0 0.48 0 0 0.52
  1 22 4 2 25 0 0 0 0 1
  1 23 4 3 25 0 0.28 0 0 0.72
  1 24 4 3 25 0 0 0 0 1
  1 25 4 3 25 0 0 0 0 1
  1 25 4 4 25 0 1 0 0 0
  1 26 4 3 25 0 0 0 0 1
  1 27 4 2 25 0 0 0 0 1
  1 27 4 3 25 0 0.17 0 0 0.83
  1 28 4 2 25 0 0 0.68 0 0.32
  1 28 4 3 25 0 0 0 0 1
  1 29 4 3 25 0 0 0 0 1
  1 31 4 3 25 0 0.38 0 0 0.62
  1 31 4 4 25 0 0 0 0 1
  1 34 4 3 25 0 0 0 0 1
  1 40 4 3 25 0 0 0.71 0 0.29
  1 40 4 4 25 0 0 0.79 0 0.21
  1 42 4 3 25 0 0.05 0 0 0.95
  2 6 4 3 25 0 0 0.26 0 0.74
  2 8 4 3 25 0 0 0.26 0 0.74
  2 9 4 4 25 0 0 0 0 1
  2 14 4 4 25 0 0 0 0 1
  2 15 4 3 25 0 0 0 0 1
  2 16 4 3 25 0 0 0 0 1
  2 17 4 2 25 0 0 0 0 1
  2 18 4 3 25 0 0 0 0 1
  2 19 4 3 25 0 0 0 0 1
  2 21 4 3 25 0 0.02 0 0 0.98
  2 22 4 3 25 0 0.82 0 0 0.18
  2 23 4 3 25 0 0 0 0 1
  2 24 4 3 25 0 0.53 0.2 0 0.27
  2 25 4 3 25 0 0.54 0 0 0.46
  2 25 4 4 25 0 0 1 0 0
  2 27 4 3 25 0 0.01 0 0 0.99
  2 30 4 3 25 0 0 0 0 1
  2 33 4 3 25 0 0.04 0 0 0.96
  2 34 4 3 25 0 1 0 0 0
  2 35 4 3 25 0 0.84 0 0 0.16
  2 36 4 2 25 0 0.26 0 0 0.74
  2 36 4 3 25 0 0.2 0 0 0.8
  2 37 4 3 25 0 0 0 0 1
  2 42 4 3 25 0 0 0.4 0 0.6
# end survey diet proportion observations 
#  
