# This file was created using the write_tsDatFile function and used all the simulated data from sim_dta.rds found in repo:Hydra-self-testing
# Survey index data 
# Number of observations, init_int Nsurvey_obs
  166
# init_matrix obs_survey_biomass(1,Nsurvey_obs,1,5)
# survey year spp value cv
  1 1 4 204435.146686762 0.2
  1 2 4 146633.146945997 0.2
  1 3 4 108875.620560035 0.2
  1 4 4 67167.5042529143 0.2
  1 5 4 97811.4550909033 0.2
  1 6 4 187893.639557507 0.2
  1 7 4 41420.2122375955 0.2
  1 8 4 178730.82185977 0.2
  1 9 4 94117.2626652731 0.2
  1 10 4 94748.4078846693 0.2
  1 11 4 240580.125843319 0.2
  1 12 4 56053.7415291337 0.2
  1 13 4 92348.2965432318 0.2
  1 14 4 133989.28636071 0.2
  1 15 4 162595.543099943 0.2
  1 16 4 236349.012613324 0.2
  1 17 4 216493.378618395 0.2
  1 18 4 104088.677770446 0.2
  1 19 4 188809.382153777 0.2
  1 20 4 83467.1873735997 0.2
  1 21 4 177673.588237531 0.2
  1 22 4 157217.093310472 0.2
  1 23 4 315157.099024933 0.2
  1 24 4 456819.908161841 0.2
  1 25 4 211813.881566711 0.2
  1 26 4 725089.424020568 0.2
  1 27 4 269936.102513437 0.2
  1 28 4 102934.0096891 0.2
  1 29 4 65270.0989499808 0.2
  1 30 4 482181.209525847 0.2
  1 31 4 214639.089058106 0.2
  1 32 4 270646.968131854 0.2
  1 33 4 265203.902744188 0.2
  1 34 4 243787.147906431 0.2
  1 35 4 261684.517254779 0.2
  1 36 4 202075.278603056 0.2
  1 37 4 171556.266163968 0.2
  1 38 4 163475.575393689 0.2
  1 39 4 269476.712292856 0.2
  1 40 4 246882.082800333 0.2
  1 41 4 193661.69463214 0.2
  1 42 4 179164.383994217 0.2
  1 1 2 193.303697731769 0.2
  1 4 2 180.134075802384 0.2
  1 5 2 209.725961407814 0.2
  1 6 2 347.842180590575 0.2
  1 7 2 150.423733116245 0.2
  1 8 2 407.989372397899 0.2
  1 9 2 185.050287240303 0.2
  1 10 2 141.746535901517 0.2
  1 11 2 294.315469867388 0.2
  1 12 2 157.166188116764 0.2
  1 13 2 902.882168414551 0.2
  1 14 2 344.52889951743 0.2
  1 15 2 808.166966917177 0.2
  1 16 2 1299.5542430104 0.2
  1 17 2 347.578073592491 0.2
  1 18 2 1144.66919157024 0.2
  1 19 2 325.206798898506 0.2
  1 20 2 1381.57468886018 0.2
  1 21 2 1234.64529591781 0.2
  1 22 2 1788.88537992999 0.2
  1 23 2 911.620899981237 0.2
  1 24 2 4205.36893085419 0.2
  1 25 2 2681.81286856984 0.2
  1 26 2 2270.15786724795 0.2
  1 27 2 2402.40766651103 0.2
  1 28 2 994.16404555297 0.2
  1 29 2 2987.13564806325 0.2
  1 30 2 1798.88328462628 0.2
  1 31 2 1383.93597522534 0.2
  1 32 2 7467.39948997002 0.2
  1 33 2 1168.90692415115 0.2
  1 34 2 9998.30575350881 0.2
  1 35 2 1605.01299442377 0.2
  1 36 2 1498.72498221578 0.2
  1 37 2 492.325719988189 0.2
  1 38 2 8478.42358099509 0.2
  1 39 2 2885.29806790682 0.2
  1 40 2 770.636787153205 0.2
  1 41 2 3428.93529731344 0.2
  1 42 2 1298.87522444465 0.2
  1 1 1 24432.8459162318 0.2
  1 2 1 19626.5261129855 0.2
  1 3 1 17984.6492833203 0.2
  1 4 1 17272.2974574337 0.2
  1 5 1 13249.8086837959 0.2
  1 6 1 6647.41520093071 0.2
  1 7 1 6937.79369623741 0.2
  1 8 1 26695.5914890762 0.2
  1 9 1 15097.8759119356 0.2
  1 10 1 13096.8030721592 0.2
  1 11 1 20240.2844507829 0.2
  1 12 1 10623.8875516525 0.2
  1 13 1 8546.64455235273 0.2
  1 14 1 13388.7783249373 0.2
  1 15 1 7784.71792560179 0.2
  1 16 1 4770.27277687171 0.2
  1 17 1 3077.64688381751 0.2
  1 18 1 1980.7869034693 0.2
  1 19 1 3426.53662296198 0.2
  1 20 1 5476.92176543762 0.2
  1 21 1 4271.51656898575 0.2
  1 22 1 15485.7348654611 0.2
  1 23 1 8998.07885014537 0.2
  1 24 1 6137.71183497394 0.2
  1 25 1 4732.37615443264 0.2
  1 26 1 8138.2888702765 0.2
  1 27 1 3305.89038622727 0.2
  1 28 1 2783.5480653003 0.2
  1 29 1 3833.66894882131 0.2
  1 30 1 2356.62673854081 0.2
  1 31 1 2080.8294546772 0.2
  1 32 1 3145.88147288301 0.2
  1 33 1 4073.00996575643 0.2
  1 34 1 3205.81285153289 0.2
  1 35 1 3784.50204739009 0.2
  1 36 1 1255.01851949868 0.2
  1 37 1 2799.27070769683 0.2
  1 38 1 1027.45810173497 0.2
  1 39 1 3150.97713011825 0.2
  1 40 1 2344.39206054236 0.2
  1 41 1 2312.18842102132 0.2
  1 42 1 575.872754961762 0.2
  1 1 3 89.0401737511222 0.2
  1 2 3 100.820998590329 0.2
  1 3 3 114.214817927331 0.2
  1 4 3 116.241832562417 0.2
  1 5 3 234.84154373432 0.2
  1 6 3 387.533980427274 0.2
  1 7 3 2095.04015613349 0.2
  1 8 3 221.304417496976 0.2
  1 9 3 388.23317331068 0.2
  1 10 3 234.164443306495 0.2
  1 11 3 727.735027291855 0.2
  1 12 3 456.992676689595 0.2
  1 13 3 441.026864562311 0.2
  1 14 3 257.020084039575 0.2
  1 15 3 290.013459410465 0.2
  1 16 3 260.276943882153 0.2
  1 17 3 847.738099311501 0.2
  1 18 3 345.127726070551 0.2
  1 19 3 310.433311505581 0.2
  1 20 3 57.7756682709226 0.2
  1 21 3 609.981841624271 0.2
  1 22 3 604.44170342652 0.2
  1 23 3 329.970531905464 0.2
  1 24 3 131.407706988162 0.2
  1 25 3 293.992524015764 0.2
  1 26 3 259.814180445648 0.2
  1 27 3 191.403823674783 0.2
  1 28 3 214.462414560765 0.2
  1 29 3 273.872135749402 0.2
  1 30 3 274.73865859894 0.2
  1 31 3 233.737456281758 0.2
  1 32 3 121.932175668607 0.2
  1 33 3 82.1891569725311 0.2
  1 34 3 343.702251156477 0.2
  1 35 3 36.9582229302906 0.2
  1 36 3 760.88396174915 0.2
  1 37 3 558.784692156728 0.2
  1 38 3 311.011456688728 0.2
  1 39 3 793.4735241888 0.2
  1 40 3 318.337143320326 0.2
  1 41 3 161591.336385965 0.2
  1 42 3 76382.8119067171 0.2
# end survey index observations 
#  
# Survey size comp data 
# Number of observations, init_int Nsurvey_size_obs 
  166
# init_matrix obs_survey_size(1,Nsurvey_size_obs,1,ncol) 
# Survey  Year  Species Type (0=whole, 1=retained, 2=discard) InpN, proportion by length bin 
  1 1 1 0 25 0.02 0.36 0.54 0.08 0
  1 2 1 0 25 0.01 0.25 0.67 0.06 0.01
  1 3 1 0 25 0.02 0.18 0.75 0.05 0
  1 4 1 0 25 0.03 0.36 0.57 0.04 0
  1 5 1 0 25 0 0.34 0.62 0.04 0
  1 6 1 0 25 0.01 0.26 0.69 0.04 0
  1 7 1 0 25 0.02 0.37 0.55 0.06 0
  1 8 1 0 25 0.02 0.31 0.63 0.04 0
  1 9 1 0 25 0.05 0.54 0.41 0 0
  1 10 1 0 25 0.01 0.38 0.59 0.02 0
  1 11 1 0 25 0.01 0.32 0.62 0.05 0
  1 12 1 0 25 0.01 0.36 0.56 0.07 0
  1 13 1 0 25 0.01 0.4 0.57 0.02 0
  1 14 1 0 25 0.03 0.29 0.6 0.08 0
  1 15 1 0 25 0.01 0.35 0.61 0.03 0
  1 16 1 0 25 0.02 0.24 0.69 0.05 0
  1 17 1 0 25 0.03 0.42 0.49 0.06 0
  1 18 1 0 25 0.01 0.36 0.57 0.06 0
  1 19 1 0 25 0.02 0.38 0.56 0.04 0
  1 20 1 0 25 0 0.43 0.55 0.02 0
  1 21 1 0 25 0.05 0.37 0.55 0.03 0
  1 22 1 0 25 0 0.39 0.55 0.06 0
  1 23 1 0 25 0.03 0.35 0.55 0.07 0
  1 24 1 0 25 0 0.26 0.63 0.11 0
  1 25 1 0 25 0 0.2 0.65 0.15 0
  1 26 1 0 25 0 0.17 0.65 0.18 0
  1 27 1 0 25 0.01 0.26 0.54 0.19 0
  1 28 1 0 25 0.02 0.34 0.47 0.17 0
  1 29 1 0 25 0.02 0.34 0.48 0.16 0
  1 30 1 0 25 0.01 0.32 0.57 0.1 0
  1 31 1 0 25 0.01 0.28 0.58 0.13 0
  1 32 1 0 25 0.01 0.14 0.64 0.21 0
  1 33 1 0 25 0 0.2 0.64 0.16 0
  1 34 1 0 25 0.01 0.2 0.64 0.15 0
  1 35 1 0 25 0 0.22 0.52 0.26 0
  1 36 1 0 25 0 0.35 0.49 0.16 0
  1 37 1 0 25 0.02 0.36 0.48 0.14 0
  1 38 1 0 25 0.02 0.27 0.6 0.11 0
  1 39 1 0 25 0.02 0.25 0.59 0.14 0
  1 40 1 0 25 0 0.28 0.62 0.1 0
  1 41 1 0 25 0.01 0.31 0.57 0.11 0
  1 42 1 0 25 0.04 0.43 0.45 0.08 0
  1 1 2 0 25 0 0.02 0.12 0.6 0.26
  1 4 2 0 25 0 0.11 0.26 0.5 0.13
  1 5 2 0 25 0 0.2 0.27 0.48 0.05
  1 6 2 0 25 0 0.14 0.29 0.53 0.04
  1 7 2 0 25 0 0.09 0.33 0.53 0.05
  1 8 2 0 25 0 0.18 0.18 0.58 0.06
  1 9 2 0 25 0 0.22 0.33 0.43 0.02
  1 10 2 0 25 0 0.16 0.46 0.38 0
  1 11 2 0 25 0 0.14 0.35 0.48 0.03
  1 12 2 0 25 0 0.12 0.29 0.57 0.02
  1 13 2 0 25 0 0.07 0.24 0.68 0.01
  1 14 2 0 25 0 0.12 0.2 0.68 0
  1 15 2 0 25 0 0.12 0.29 0.58 0.01
  1 16 2 0 25 0 0.08 0.29 0.63 0
  1 17 2 0 25 0 0.5 0.1 0.4 0
  1 18 2 0 25 0 0.41 0.37 0.22 0
  1 19 2 0 25 0 0.1 0.61 0.29 0
  1 20 2 0 25 0 0.13 0.45 0.42 0
  1 21 2 0 25 0 0.05 0.3 0.65 0
  1 22 2 0 25 0 0.04 0.32 0.64 0
  1 23 2 0 25 0 0.04 0.18 0.78 0
  1 24 2 0 25 0 0.06 0.18 0.76 0
  1 25 2 0 25 0 0.12 0.17 0.71 0
  1 26 2 0 25 0 0.25 0.21 0.54 0
  1 27 2 0 25 0 0.06 0.37 0.57 0
  1 28 2 0 25 0 0.1 0.3 0.6 0
  1 29 2 0 25 0 0.05 0.22 0.73 0
  1 30 2 0 25 0 0.06 0.24 0.7 0
  1 31 2 0 25 0 0.39 0.16 0.45 0
  1 32 2 0 25 0 0.17 0.56 0.27 0
  1 33 2 0 25 0 0.08 0.39 0.53 0
  1 34 2 0 25 0 0.06 0.33 0.61 0
  1 35 2 0 25 0 0.01 0.23 0.76 0
  1 36 2 0 25 0 0.05 0.19 0.76 0
  1 37 2 0 25 0 0.03 0.1 0.87 0
  1 38 2 0 25 0 0.04 0.18 0.78 0
  1 39 2 0 25 0 0.02 0.11 0.87 0
  1 40 2 0 25 0 0.03 0.17 0.8 0
  1 41 2 0 25 0 0.1 0.13 0.77 0
  1 42 2 0 25 0 0.17 0.22 0.61 0
  1 1 3 0 25 0 0.17 0.28 0.55 0
  1 2 3 0 25 0.06 0.14 0.28 0.52 0
  1 3 3 0 25 0.08 0.47 0.2 0.25 0
  1 4 3 0 25 0.05 0.33 0.46 0.16 0
  1 5 3 0 25 0.02 0.27 0.53 0.18 0
  1 6 3 0 25 0.01 0.19 0.45 0.35 0
  1 7 3 0 25 0.02 0.18 0.41 0.39 0
  1 8 3 0 25 0 0.2 0.35 0.45 0
  1 9 3 0 25 0.01 0.1 0.39 0.5 0
  1 10 3 0 25 0.01 0.11 0.4 0.48 0
  1 11 3 0 25 0.02 0.11 0.24 0.63 0
  1 12 3 0 25 0.02 0.12 0.3 0.56 0
  1 13 3 0 25 0.03 0.2 0.3 0.47 0
  1 14 3 0 25 0.02 0.19 0.39 0.4 0
  1 15 3 0 25 0.01 0.09 0.36 0.54 0
  1 16 3 0 25 0 0.09 0.4 0.51 0
  1 17 3 0 25 0.01 0.08 0.36 0.55 0
  1 18 3 0 25 0.02 0.1 0.33 0.55 0
  1 19 3 0 25 0.02 0.2 0.26 0.52 0
  1 20 3 0 25 0.05 0.14 0.31 0.5 0
  1 21 3 0 25 0.01 0.12 0.27 0.6 0
  1 22 3 0 25 0.02 0.14 0.32 0.52 0
  1 23 3 0 25 0.03 0.12 0.29 0.56 0
  1 24 3 0 25 0.02 0.13 0.32 0.53 0
  1 25 3 0 25 0.01 0.17 0.33 0.49 0
  1 26 3 0 25 0.01 0.11 0.4 0.48 0
  1 27 3 0 25 0.03 0.15 0.3 0.52 0
  1 28 3 0 25 0 0.06 0.36 0.58 0
  1 29 3 0 25 0 0.11 0.31 0.58 0
  1 30 3 0 25 0 0.09 0.35 0.56 0
  1 31 3 0 25 0 0.12 0.22 0.66 0
  1 32 3 0 25 0.04 0.14 0.28 0.54 0
  1 33 3 0 25 0.03 0.19 0.23 0.55 0
  1 34 3 0 25 0.17 0.35 0.18 0.3 0
  1 35 3 0 25 0.09 0.35 0.29 0.27 0
  1 36 3 0 25 0.01 0.21 0.48 0.3 0
  1 37 3 0 25 0.07 0.2 0.46 0.27 0
  1 38 3 0 25 0.04 0.24 0.38 0.34 0
  1 39 3 0 25 0.01 0.15 0.33 0.51 0
  1 40 3 0 25 0.05 0.14 0.39 0.42 0
  1 41 3 0 25 0.04 0.16 0.39 0.41 0
  1 42 3 0 25 0.02 0.14 0.36 0.48 0
  1 1 4 0 25 0.01 0.3 0.53 0.16 0
  1 2 4 0 25 0.04 0.44 0.45 0.07 0
  1 3 4 0 25 0.01 0.4 0.51 0.08 0
  1 4 4 0 25 0 0.35 0.52 0.13 0
  1 5 4 0 25 0.03 0.41 0.5 0.06 0
  1 6 4 0 25 0.03 0.36 0.53 0.08 0
  1 7 4 0 25 0.02 0.42 0.48 0.08 0
  1 8 4 0 25 0.01 0.37 0.58 0.04 0
  1 9 4 0 25 0.01 0.37 0.58 0.04 0
  1 10 4 0 25 0.01 0.32 0.58 0.09 0
  1 11 4 0 25 0.01 0.37 0.57 0.05 0
  1 12 4 0 25 0.04 0.32 0.57 0.07 0
  1 13 4 0 25 0.01 0.38 0.52 0.09 0
  1 14 4 0 25 0 0.37 0.57 0.06 0
  1 15 4 0 25 0.03 0.41 0.53 0.03 0
  1 16 4 0 25 0.01 0.31 0.59 0.09 0
  1 17 4 0 25 0.05 0.33 0.55 0.07 0
  1 18 4 0 25 0.05 0.4 0.49 0.06 0
  1 19 4 0 25 0.03 0.34 0.54 0.09 0
  1 20 4 0 25 0.02 0.33 0.55 0.1 0
  1 21 4 0 25 0.02 0.38 0.57 0.03 0
  1 22 4 0 25 0.03 0.31 0.59 0.07 0
  1 23 4 0 25 0.01 0.18 0.75 0.06 0
  1 24 4 0 25 0.02 0.3 0.6 0.08 0
  1 25 4 0 25 0.02 0.28 0.55 0.15 0
  1 26 4 0 25 0.02 0.3 0.6 0.08 0
  1 27 4 0 25 0.01 0.33 0.6 0.06 0
  1 28 4 0 25 0.02 0.24 0.57 0.17 0
  1 29 4 0 25 0.03 0.19 0.65 0.13 0
  1 30 4 0 25 0.03 0.35 0.51 0.11 0
  1 31 4 0 25 0.02 0.32 0.53 0.13 0
  1 32 4 0 25 0.01 0.23 0.6 0.16 0
  1 33 4 0 25 0.01 0.31 0.58 0.1 0
  1 34 4 0 25 0 0.27 0.53 0.2 0
  1 35 4 0 25 0.01 0.23 0.57 0.19 0
  1 36 4 0 25 0.01 0.28 0.58 0.13 0
  1 37 4 0 25 0.03 0.18 0.64 0.15 0
  1 38 4 0 25 0.03 0.26 0.56 0.15 0
  1 39 4 0 25 0.01 0.3 0.54 0.15 0
  1 40 4 0 25 0.01 0.34 0.5 0.15 0
  1 41 4 0 25 0.01 0.27 0.56 0.16 0
  1 42 4 0 25 0.02 0.3 0.53 0.15 0
# end survey length observations 
#  
# Fishery catch data 
# Number of observations, init_int Ncatch_obs
  168
# init_matrix obs_catch_biomass(1,Ncatch_obs,1,6) 
# Fleet	Area	Year	Species	Catch(biomass t)	CV 
  1 1 1 1 58729.6337616346 0.05
  1 1 2 1 28896.6923889165 0.05
  1 1 3 1 40781.9750946344 0.05
  1 1 4 1 20844.2825044922 0.05
  1 1 5 1 15881.6418504849 0.05
  1 1 6 1 20588.6942161421 0.05
  1 1 7 1 21237.3636268189 0.05
  1 1 8 1 15833.6295977417 0.05
  1 1 9 1 14097.6033898584 0.05
  1 1 10 1 9675.94049722185 0.05
  1 1 11 1 23428.6653733364 0.05
  1 1 12 1 16326.3413278747 0.05
  1 1 13 1 17735.0016231242 0.05
  1 1 14 1 11699.2526332062 0.05
  1 1 15 1 13473.3946338017 0.05
  1 1 16 1 9002.74695887836 0.05
  1 1 17 1 7962.42078126977 0.05
  1 1 18 1 5485.55288644243 0.05
  1 1 19 1 6593.72671962323 0.05
  1 1 20 1 9817.69837540887 0.05
  1 1 21 1 1977.22754685106 0.05
  1 1 22 1 3332.03461930769 0.05
  1 1 23 1 4552.95853068498 0.05
  1 1 24 1 5683.23190363472 0.05
  1 1 25 1 5356.00393374126 0.05
  1 1 26 1 3990.01537624858 0.05
  1 1 27 1 3955.99467526014 0.05
  1 1 28 1 5085.24528272981 0.05
  1 1 29 1 3297.45613256146 0.05
  1 1 30 1 2720.5829734066 0.05
  1 1 31 1 3321.7922653585 0.05
  1 1 32 1 5346.94780595368 0.05
  1 1 33 1 2663.2000977413 0.05
  1 1 34 1 2080.12695575967 0.05
  1 1 35 1 2181.47008403001 0.05
  1 1 36 1 1168.74784396158 0.05
  1 1 37 1 1524.380600904 0.05
  1 1 38 1 1044.99904348086 0.05
  1 1 39 1 1454.3375430378 0.05
  1 1 40 1 1556.53025653276 0.05
  1 1 41 1 1277.44356091137 0.05
  1 1 42 1 963.431869928264 0.05
  1 1 1 4 9800.37183937616 0.05
  1 1 2 4 10706.9091539818 0.05
  1 1 3 4 5747.25581309019 0.05
  1 1 4 4 6845.72018564187 0.05
  1 1 5 4 6820.53461254453 0.05
  1 1 6 4 9017.9601973109 0.05
  1 1 7 4 7971.56772456763 0.05
  1 1 8 4 5597.44790657573 0.05
  1 1 9 4 6467.94172001602 0.05
  1 1 10 4 7947.94253704137 0.05
  1 1 11 4 9420.1096753029 0.05
  1 1 12 4 8612.95588132777 0.05
  1 1 13 4 9815.01885507152 0.05
  1 1 14 4 11647.9260262611 0.05
  1 1 15 4 7863.65718506728 0.05
  1 1 16 4 9426.0671369017 0.05
  1 1 17 4 6390.44248794877 0.05
  1 1 18 4 8449.53041641939 0.05
  1 1 19 4 6391.13821608094 0.05
  1 1 20 4 11344.9663541585 0.05
  1 1 21 4 3061.53657241359 0.05
  1 1 22 4 3570.81237467249 0.05
  1 1 23 4 3141.99967407251 0.05
  1 1 24 4 4986.04956877436 0.05
  1 1 25 4 4517.10702066078 0.05
  1 1 26 4 8850.0056391969 0.05
  1 1 27 4 4774.12163825295 0.05
  1 1 28 4 4752.04364031597 0.05
  1 1 29 4 5037.47596953911 0.05
  1 1 30 4 4515.93404889693 0.05
  1 1 31 4 4689.78299335465 0.05
  1 1 32 4 7157.1682188634 0.05
  1 1 33 4 6376.84316164533 0.05
  1 1 34 4 5896.28482974075 0.05
  1 1 35 4 4856.59111989638 0.05
  1 1 36 4 6041.19733096839 0.05
  1 1 37 4 6921.80900973772 0.05
  1 1 38 4 6187.30267657663 0.05
  1 1 39 4 5704.48248818806 0.05
  1 1 40 4 5543.53238732549 0.05
  1 1 41 4 8003.11462362823 0.05
  1 1 42 4 6492.40416995435 0.05
  2 1 1 2 1419.75291224021 0.05
  2 1 2 2 1411.93716573915 0.05
  2 1 3 2 989.511319733126 0.05
  2 1 4 2 537.189598179686 0.05
  2 1 5 2 786.868837317776 0.05
  2 1 6 2 645.247315774634 0.05
  2 1 7 2 1030.39367273158 0.05
  2 1 8 2 1002.17615602204 0.05
  2 1 9 2 947.748206678534 0.05
  2 1 10 2 1063.42690520631 0.05
  2 1 11 2 968.31720257827 0.05
  2 1 12 2 1324.53994659785 0.05
  2 1 13 2 2672.16140120357 0.05
  2 1 14 2 2456.00724495905 0.05
  2 1 15 2 2033.1235677495 0.05
  2 1 16 2 1690.54936762034 0.05
  2 1 17 2 1781.0738486306 0.05
  2 1 18 2 1956.68515206177 0.05
  2 1 19 2 3101.39398719455 0.05
  2 1 20 2 4229.62481147942 0.05
  2 1 21 2 6215.45541379129 0.05
  2 1 22 2 11213.2802092232 0.05
  2 1 23 2 8285.13421109955 0.05
  2 1 24 2 9241.75720146732 0.05
  2 1 25 2 10324.8247328781 0.05
  2 1 26 2 12233.2845938631 0.05
  2 1 27 2 6242.78458828817 0.05
  2 1 28 2 10144.8003619351 0.05
  2 1 29 2 9750.22993874903 0.05
  2 1 30 2 7359.10461513229 0.05
  2 1 31 2 5737.42244503576 0.05
  2 1 32 2 7501.50707139004 0.05
  2 1 33 2 8930.49021944913 0.05
  2 1 34 2 15511.9086906068 0.05
  2 1 35 2 13169.1939375386 0.05
  2 1 36 2 13537.3418582461 0.05
  2 1 37 2 12402.3430291995 0.05
  2 1 38 2 11510.4726600912 0.05
  2 1 39 2 9031.78097480885 0.05
  2 1 40 2 6597.37880302981 0.05
  2 1 41 2 10178.8752943548 0.05
  2 1 42 2 9232.85435667761 0.05
  2 1 1 3 293.768967003679 0.05
  2 1 2 3 412.618540397034 0.05
  2 1 3 3 522.932301888089 0.05
  2 1 4 3 794.732191059054 0.05
  2 1 5 3 1125.25269717176 0.05
  2 1 6 3 1137.25543905208 0.05
  2 1 7 3 1659.21376808035 0.05
  2 1 8 3 1797.72154766492 0.05
  2 1 9 3 1904.82629839758 0.05
  2 1 10 3 1346.05020045682 0.05
  2 1 11 3 1375.50707491816 0.05
  2 1 12 3 1532.67597738533 0.05
  2 1 13 3 2181.05800757328 0.05
  2 1 14 3 1410.12528152249 0.05
  2 1 15 3 1377.71441804291 0.05
  2 1 16 3 1135.66304048797 0.05
  2 1 17 3 1502.68287718936 0.05
  2 1 18 3 1482.66096239665 0.05
  2 1 19 3 937.152524441474 0.05
  2 1 20 3 857.496693226901 0.05
  2 1 21 3 1880.93426555634 0.05
  2 1 22 3 1540.77683839672 0.05
  2 1 23 3 1388.36957981222 0.05
  2 1 24 3 1530.3021667223 0.05
  2 1 25 3 1611.45049291031 0.05
  2 1 26 3 776.044430579571 0.05
  2 1 27 3 643.119885147442 0.05
  2 1 28 3 987.024506933526 0.05
  2 1 29 3 951.662561057501 0.05
  2 1 30 3 798.89408479134 0.05
  2 1 31 3 1111.57556598203 0.05
  2 1 32 3 865.854904598425 0.05
  2 1 33 3 749.793166855279 0.05
  2 1 34 3 908.295539468678 0.05
  2 1 35 3 946.877764359201 0.05
  2 1 36 3 926.294746037334 0.05
  2 1 37 3 1357.90981265464 0.05
  2 1 38 3 1232.14149652659 0.05
  2 1 39 3 1546.05633925075 0.05
  2 1 40 3 2330.83624763113 0.05
  2 1 41 3 61190.4804301801 0.05
  2 1 42 3 28061.8944453538 0.05
# end catch observations 
#  
# Fishery size comp data 
# Number of observations, init_int Ncatch_size_obs 
  168
# init_matrix obs_catch_size(1,Ncatch_size_obs,1,ncol) 
# Fleet Area  Year  Species Type (0=whole, 1=retained, 2=discard) InpN, proportion by size bin 
  1 1 1 1 0 25 0.01 0.37 0.59 0.01 0.02
  1 1 2 1 0 25 0 0.34 0.59 0.07 0
  1 1 3 1 0 25 0.01 0.35 0.57 0.07 0
  1 1 4 1 0 25 0.05 0.35 0.53 0.07 0
  1 1 5 1 0 25 0 0.57 0.39 0.04 0
  1 1 6 1 0 25 0.02 0.44 0.53 0.01 0
  1 1 7 1 0 25 0.02 0.33 0.57 0.08 0
  1 1 8 1 0 25 0.03 0.39 0.51 0.07 0
  1 1 9 1 0 25 0.04 0.37 0.57 0.02 0
  1 1 10 1 0 25 0.06 0.62 0.27 0.05 0
  1 1 11 1 0 25 0.02 0.43 0.49 0.06 0
  1 1 12 1 0 25 0.03 0.33 0.62 0.02 0
  1 1 13 1 0 25 0.02 0.45 0.48 0.05 0
  1 1 14 1 0 25 0.03 0.35 0.58 0.04 0
  1 1 15 1 0 25 0.03 0.33 0.58 0.06 0
  1 1 16 1 0 25 0.02 0.4 0.51 0.07 0
  1 1 17 1 0 25 0.03 0.42 0.44 0.11 0
  1 1 18 1 0 25 0.02 0.51 0.43 0.04 0
  1 1 19 1 0 25 0.01 0.4 0.52 0.07 0
  1 1 20 1 0 25 0.04 0.39 0.54 0.03 0
  1 1 21 1 0 25 0.01 0.41 0.51 0.07 0
  1 1 22 1 0 25 0.02 0.45 0.46 0.07 0
  1 1 23 1 0 25 0.02 0.33 0.59 0.06 0
  1 1 24 1 0 25 0.01 0.27 0.61 0.11 0
  1 1 25 1 0 25 0 0.26 0.61 0.13 0
  1 1 26 1 0 25 0 0.25 0.59 0.16 0
  1 1 27 1 0 25 0.02 0.23 0.59 0.16 0
  1 1 28 1 0 25 0.01 0.15 0.66 0.18 0
  1 1 29 1 0 25 0 0.27 0.63 0.1 0
  1 1 30 1 0 25 0 0.33 0.54 0.13 0
  1 1 31 1 0 25 0.01 0.23 0.63 0.13 0
  1 1 32 1 0 25 0 0.14 0.72 0.14 0
  1 1 33 1 0 25 0 0.2 0.66 0.14 0
  1 1 34 1 0 25 0.01 0.15 0.64 0.2 0
  1 1 35 1 0 25 0.02 0.2 0.57 0.21 0
  1 1 36 1 0 25 0.01 0.2 0.6 0.19 0
  1 1 37 1 0 25 0.01 0.33 0.49 0.17 0
  1 1 38 1 0 25 0.02 0.4 0.45 0.13 0
  1 1 39 1 0 25 0 0.31 0.59 0.1 0
  1 1 40 1 0 25 0.02 0.26 0.65 0.07 0
  1 1 41 1 0 25 0.06 0.25 0.57 0.12 0
  1 1 42 1 0 25 0.08 0.34 0.5 0.08 0
  1 1 1 4 0 25 0 0.21 0.71 0.08 0
  1 1 2 4 0 25 0 0.27 0.6 0.13 0
  1 1 3 4 0 25 0.01 0.4 0.53 0.06 0
  1 1 4 4 0 25 0.01 0.34 0.48 0.17 0
  1 1 5 4 0 25 0 0.37 0.54 0.09 0
  1 1 6 4 0 25 0 0.45 0.46 0.09 0
  1 1 7 4 0 25 0.05 0.4 0.46 0.09 0
  1 1 8 4 0 25 0 0.39 0.57 0.04 0
  1 1 9 4 0 25 0.02 0.38 0.52 0.08 0
  1 1 10 4 0 25 0.01 0.33 0.56 0.1 0
  1 1 11 4 0 25 0.01 0.33 0.59 0.07 0
  1 1 12 4 0 25 0 0.29 0.67 0.04 0
  1 1 13 4 0 25 0 0.41 0.51 0.08 0
  1 1 14 4 0 25 0.01 0.33 0.53 0.13 0
  1 1 15 4 0 25 0.03 0.31 0.59 0.07 0
  1 1 16 4 0 25 0.03 0.44 0.48 0.05 0
  1 1 17 4 0 25 0.01 0.37 0.53 0.09 0
  1 1 18 4 0 25 0.01 0.37 0.57 0.05 0
  1 1 19 4 0 25 0.03 0.33 0.59 0.05 0
  1 1 20 4 0 25 0.01 0.38 0.56 0.05 0
  1 1 21 4 0 25 0 0.33 0.62 0.05 0
  1 1 22 4 0 25 0 0.36 0.57 0.07 0
  1 1 23 4 0 25 0.02 0.25 0.6 0.13 0
  1 1 24 4 0 25 0.02 0.31 0.58 0.09 0
  1 1 25 4 0 25 0 0.27 0.62 0.11 0
  1 1 26 4 0 25 0.01 0.26 0.56 0.17 0
  1 1 27 4 0 25 0 0.25 0.64 0.11 0
  1 1 28 4 0 25 0.04 0.23 0.63 0.1 0
  1 1 29 4 0 25 0 0.23 0.59 0.18 0
  1 1 30 4 0 25 0.01 0.22 0.68 0.09 0
  1 1 31 4 0 25 0 0.21 0.65 0.14 0
  1 1 32 4 0 25 0 0.3 0.6 0.1 0
  1 1 33 4 0 25 0.04 0.26 0.58 0.12 0
  1 1 34 4 0 25 0.01 0.18 0.7 0.11 0
  1 1 35 4 0 25 0.02 0.21 0.63 0.14 0
  1 1 36 4 0 25 0.01 0.25 0.65 0.09 0
  1 1 37 4 0 25 0.01 0.25 0.58 0.16 0
  1 1 38 4 0 25 0 0.18 0.67 0.15 0
  1 1 39 4 0 25 0.02 0.29 0.55 0.14 0
  1 1 40 4 0 25 0 0.24 0.63 0.13 0
  1 1 41 4 0 25 0 0.25 0.57 0.18 0
  1 1 42 4 0 25 0.01 0.27 0.55 0.17 0
  2 1 1 2 0 25 0 0.01 0.17 0.58 0.24
  2 1 2 2 0 25 0.01 0 0.21 0.62 0.16
  2 1 3 2 0 25 0 0.07 0.13 0.67 0.13
  2 1 4 2 0 25 0 0.03 0.31 0.59 0.07
  2 1 5 2 0 25 0 0.05 0.32 0.58 0.05
  2 1 6 2 0 25 0 0.05 0.34 0.52 0.09
  2 1 7 2 0 25 0 0.01 0.33 0.62 0.04
  2 1 8 2 0 25 0 0.04 0.3 0.64 0.02
  2 1 9 2 0 25 0 0.05 0.3 0.64 0.01
  2 1 10 2 0 25 0 0.12 0.34 0.54 0
  2 1 11 2 0 25 0 0.08 0.4 0.52 0
  2 1 12 2 0 25 0 0.01 0.35 0.64 0
  2 1 13 2 0 25 0 0.05 0.38 0.57 0
  2 1 14 2 0 25 0 0.03 0.32 0.65 0
  2 1 15 2 0 25 0 0.04 0.29 0.67 0
  2 1 16 2 0 25 0 0.02 0.26 0.72 0
  2 1 17 2 0 25 0.02 0.02 0.28 0.68 0
  2 1 18 2 0 25 0.02 0.22 0.17 0.59 0
  2 1 19 2 0 25 0.01 0.16 0.57 0.26 0
  2 1 20 2 0 25 0 0.03 0.67 0.3 0
  2 1 21 2 0 25 0 0.04 0.37 0.59 0
  2 1 22 2 0 25 0 0.02 0.28 0.7 0
  2 1 23 2 0 25 0 0.03 0.29 0.68 0
  2 1 24 2 0 25 0 0.01 0.31 0.68 0
  2 1 25 2 0 25 0 0.02 0.19 0.79 0
  2 1 26 2 0 25 0 0.02 0.18 0.8 0
  2 1 27 2 0 25 0 0.06 0.23 0.71 0
  2 1 28 2 0 25 0 0.01 0.49 0.5 0
  2 1 29 2 0 25 0 0 0.35 0.65 0
  2 1 30 2 0 25 0 0.02 0.22 0.76 0
  2 1 31 2 0 25 0.03 0.01 0.28 0.68 0
  2 1 32 2 0 25 0 0.12 0.21 0.67 0
  2 1 33 2 0 25 0 0.03 0.53 0.44 0
  2 1 34 2 0 25 0 0 0.35 0.65 0
  2 1 35 2 0 25 0 0 0.36 0.64 0
  2 1 36 2 0 25 0 0 0.24 0.76 0
  2 1 37 2 0 25 0 0.02 0.21 0.77 0
  2 1 38 2 0 25 0 0.01 0.13 0.86 0
  2 1 39 2 0 25 0 0 0.11 0.89 0
  2 1 40 2 0 25 0 0 0.21 0.79 0
  2 1 41 2 0 25 0 0.01 0.11 0.88 0
  2 1 42 2 0 25 0 0.01 0.2 0.79 0
  2 1 1 3 0 25 0 0.56 0.16 0.27 0.01
  2 1 2 3 0 25 0.01 0.37 0.4 0.22 0
  2 1 3 3 0 25 0.02 0.43 0.35 0.19 0.01
  2 1 4 3 0 25 0.04 0.7 0.21 0.05 0
  2 1 5 3 0 25 0.01 0.47 0.41 0.11 0
  2 1 6 3 0 25 0 0.3 0.65 0.05 0
  2 1 7 3 0 25 0.01 0.24 0.56 0.19 0
  2 1 8 3 0 25 0 0.25 0.56 0.19 0
  2 1 9 3 0 25 0 0.14 0.6 0.26 0
  2 1 10 3 0 25 0 0.24 0.51 0.25 0
  2 1 11 3 0 25 0 0.15 0.56 0.29 0
  2 1 12 3 0 25 0 0.2 0.54 0.26 0
  2 1 13 3 0 25 0 0.25 0.39 0.36 0
  2 1 14 3 0 25 0 0.31 0.37 0.32 0
  2 1 15 3 0 25 0 0.25 0.53 0.22 0
  2 1 16 3 0 25 0 0.23 0.49 0.28 0
  2 1 17 3 0 25 0 0.21 0.46 0.33 0
  2 1 18 3 0 25 0 0.17 0.5 0.33 0
  2 1 19 3 0 25 0.01 0.26 0.41 0.32 0
  2 1 20 3 0 25 0.01 0.21 0.61 0.17 0
  2 1 21 3 0 25 0 0.18 0.5 0.32 0
  2 1 22 3 0 25 0 0.21 0.55 0.24 0
  2 1 23 3 0 25 0 0.31 0.48 0.21 0
  2 1 24 3 0 25 0.01 0.27 0.49 0.23 0
  2 1 25 3 0 25 0 0.24 0.46 0.3 0
  2 1 26 3 0 25 0 0.11 0.6 0.29 0
  2 1 27 3 0 25 0 0.24 0.46 0.3 0
  2 1 28 3 0 25 0 0.11 0.57 0.32 0
  2 1 29 3 0 25 0 0.21 0.48 0.31 0
  2 1 30 3 0 25 0 0.2 0.43 0.37 0
  2 1 31 3 0 25 0 0.2 0.41 0.39 0
  2 1 32 3 0 25 0 0.22 0.47 0.31 0
  2 1 33 3 0 25 0 0.16 0.54 0.3 0
  2 1 34 3 0 25 0.01 0.34 0.49 0.16 0
  2 1 35 3 0 25 0.01 0.47 0.37 0.15 0
  2 1 36 3 0 25 0 0.42 0.42 0.16 0
  2 1 37 3 0 25 0.01 0.35 0.43 0.21 0
  2 1 38 3 0 25 0.01 0.31 0.5 0.18 0
  2 1 39 3 0 25 0 0.26 0.58 0.16 0
  2 1 40 3 0 25 0 0.16 0.59 0.25 0
  2 1 41 3 0 25 0 0.26 0.45 0.29 0
  2 1 42 3 0 25 0.01 0.21 0.5 0.28 0
# end fishery length observations 
#  
# Survey diet proportion observations 
# Number of observations, init_int Ndietprop_obs 
  112
# init_matrix obs_dietprop(1,Ndietprop_obs,1,ncol) 
# Survey  Year  Predator  Predator_size InpN  wt_prey_1 wt_prey_2 wt_prey_3 wt_prey_4 wt_prey_5 wt_prey_6 wt_prey_7 wt_prey_8 wt_prey_9 wt_prey_10 wt_prey_11 other 
  1 12 1 2 25 0.07 0 0 0 0.93
  1 12 1 3 25 0.34 0 0 0 0.66
  1 13 1 3 25 0 0 0 0 1
  1 13 1 4 25 0 1 0 0 0
  1 15 1 2 25 0 0 0 0 1
  1 18 1 1 25 0.57 0 0 0 0.43
  1 18 1 2 25 0 0 0 0 1
  1 18 1 3 25 0 0 0 0 1
  1 19 1 2 25 0 0.47 0 0 0.53
  1 19 1 3 25 0 0.01 0 0 0.99
  1 20 1 3 25 0 0.41 0 0 0.59
  1 21 1 2 25 0 0 0 0 1
  1 21 1 3 25 0 0.44 0 0 0.56
  1 24 1 3 25 0 0.6 0 0 0.4
  1 25 1 3 25 0 0.26 0 0 0.74
  1 26 1 3 25 0 0.52 0.4 0 0.08
  1 27 1 3 25 0 0.15 0.51 0 0.34
  1 28 1 3 25 0 0.88 0 0 0.12
  1 33 1 3 25 0 0.11 0 0 0.89
  1 34 1 3 25 0 0.52 0 0 0.48
  1 35 1 3 25 0 0.1 0 0 0.9
  1 38 1 3 25 0 0 0 0 1
  1 39 1 3 25 0 0.12 0 0 0.88
  1 40 1 2 25 0 0.11 0 0 0.89
  1 41 1 2 25 0 0 0.68 0 0.32
  2 2 1 4 25 1 0 0 0 0
  2 11 1 3 25 0 0 0 0 1
  2 14 1 3 25 0 0 0 0 1
  2 14 1 4 25 0 0 0 0.07 0.93
  2 15 1 3 25 0 0 0 0 1
  2 16 1 3 25 0 0.1 0 0 0.9
  2 16 1 4 25 0 0.46 0 0 0.54
  2 19 1 3 25 0 0.2 0.05 0 0.75
  2 19 1 4 25 0 0.49 0 0 0.51
  2 21 1 3 25 0 0.49 0.02 0 0.49
  2 21 1 4 25 0 0 0.07 0 0.93
  2 22 1 3 25 0 0.24 0 0 0.76
  2 23 1 3 25 0 0.49 0 0 0.51
  2 24 1 3 25 0 0 0.06 0 0.94
  2 24 1 4 25 0 1 0 0 0
  2 25 1 2 25 0 0 0 0 1
  2 25 1 3 25 0 0 0 0 1
  2 26 1 3 25 0 0.56 0 0 0.44
  2 27 1 3 25 0 0 0 0 1
  2 27 1 4 25 0 0 0 0 1
  2 29 1 3 25 0 0.11 0 0 0.89
  2 33 1 3 25 0 0 0 0 1
  2 35 1 1 25 0 0.94 0 0 0.06
  2 35 1 2 25 0 0 0 0 1
  2 35 1 3 25 0 0.13 0 0 0.87
  2 36 1 3 25 0 0.55 0 0 0.45
  2 39 1 3 25 0 0 0.07 0 0.93
  2 40 1 2 25 0 0 0.07 0 0.93
  1 8 4 2 25 0 0 0 0 1
  1 8 4 3 25 0 0 0 0 1
  1 11 4 3 25 0 0 0 0 1
  1 13 4 2 25 0 0 0 0 1
  1 13 4 3 25 0 0.55 0 0 0.45
  1 13 4 4 25 0 0.37 0.18 0 0.45
  1 14 4 3 25 0 0 0 0 1
  1 15 4 3 25 0 0.86 0 0 0.14
  1 15 4 4 25 0 0.23 0 0 0.77
  1 16 4 3 25 0 0.97 0 0 0.03
  1 16 4 4 25 0 0.76 0 0 0.24
  1 17 4 3 25 0 0 0 0 1
  1 18 4 3 25 0 0.13 0 0 0.87
  1 19 4 2 25 0 0.07 0 0 0.93
  1 19 4 3 25 0 0.28 0 0 0.72
  1 20 4 2 25 0 0 0.26 0 0.74
  1 20 4 3 25 0 0.06 0 0 0.94
  1 21 4 3 25 0 0.11 0 0 0.89
  1 22 4 2 25 0 0 0.13 0 0.87
  1 23 4 3 25 0 0.22 0 0 0.78
  1 24 4 3 25 0 0 0 0 1
  1 25 4 3 25 0 0 0 0 1
  1 25 4 4 25 0 1 0 0 0
  1 26 4 3 25 0 0.03 0 0 0.97
  1 27 4 2 25 0 0 0 0 1
  1 27 4 3 25 0 0.36 0 0 0.64
  1 28 4 2 25 0 0 0.27 0 0.73
  1 28 4 3 25 0 0 0.01 0 0.99
  1 29 4 3 25 0 0 0 0 1
  1 31 4 3 25 0 0.41 0 0 0.59
  1 31 4 4 25 0 0.07 0 0 0.93
  1 34 4 3 25 0 0 0 0 1
  1 40 4 3 25 0 0 0.51 0 0.49
  1 40 4 4 25 0 0 0.65 0 0.35
  1 42 4 3 25 0 0.08 0 0 0.92
  2 6 4 3 25 0 0 0.14 0 0.86
  2 8 4 3 25 0 0 0.41 0 0.59
  2 9 4 4 25 0 0 0 0 1
  2 14 4 4 25 0 0 0 0 1
  2 15 4 3 25 0 0 0 0 1
  2 16 4 3 25 0 0 0 0 1
  2 17 4 2 25 0 0 0 0 1
  2 18 4 3 25 0 0 0 0 1
  2 19 4 3 25 0 0.09 0 0 0.91
  2 21 4 3 25 0 0.07 0 0 0.93
  2 22 4 3 25 0 0.34 0 0 0.66
  2 23 4 3 25 0 0.28 0 0 0.72
  2 24 4 3 25 0 0.47 0.24 0 0.29
  2 25 4 3 25 0 0.38 0 0 0.62
  2 25 4 4 25 0 0 0.94 0 0.06
  2 27 4 3 25 0 0.02 0 0 0.98
  2 30 4 3 25 0 0 0 0 1
  2 33 4 3 25 0 0.07 0 0 0.93
  2 34 4 3 25 0 1 0 0 0
  2 35 4 3 25 0 0.82 0 0 0.18
  2 36 4 2 25 0 0.2 0 0 0.8
  2 36 4 3 25 0 0.51 0 0 0.49
  2 37 4 3 25 0 0 0 0 1
  2 42 4 3 25 0 0 0.62 0 0.38
# end survey diet proportion observations 
#  
