# This file was created using the write_tsDatFile function and used all the simulated data from sim_dta.rds found in repo:Hydra-self-testing
# Survey index data 
# Number of observations, init_int Nsurvey_obs
  166
# init_matrix obs_survey_biomass(1,Nsurvey_obs,1,5)
# survey year spp value cv
  1 1 4 133770.895254356 0.2
  1 2 4 113677.028299309 0.2
  1 3 4 76586.8246015348 0.2
  1 4 4 99521.3069775479 0.2
  1 5 4 61406.4824599552 0.2
  1 6 4 178465.891004206 0.2
  1 7 4 36887.6107801372 0.2
  1 8 4 144306.305222176 0.2
  1 9 4 73438.9483042557 0.2
  1 10 4 241680.104983274 0.2
  1 11 4 91317.3877376573 0.2
  1 12 4 170252.800307884 0.2
  1 13 4 143702.159425085 0.2
  1 14 4 200328.502951016 0.2
  1 15 4 73380.1685986551 0.2
  1 16 4 84661.8156202279 0.2
  1 17 4 248392.203086704 0.2
  1 18 4 101535.399959201 0.2
  1 19 4 231926.751382757 0.2
  1 20 4 428689.401046464 0.2
  1 21 4 111524.820660491 0.2
  1 22 4 144050.875142013 0.2
  1 23 4 156105.773156233 0.2
  1 24 4 114882.104372559 0.2
  1 25 4 143278.650762846 0.2
  1 26 4 145324.484104445 0.2
  1 27 4 194296.243716883 0.2
  1 28 4 240821.743972905 0.2
  1 29 4 202776.927036063 0.2
  1 30 4 339854.680809398 0.2
  1 31 4 160292.199115038 0.2
  1 32 4 211701.358312359 0.2
  1 33 4 191893.650455945 0.2
  1 34 4 167408.225189884 0.2
  1 35 4 199764.130526604 0.2
  1 36 4 190319.350921724 0.2
  1 37 4 152851.544965835 0.2
  1 38 4 128385.160236995 0.2
  1 39 4 368885.231591862 0.2
  1 40 4 220533.693285046 0.2
  1 41 4 289914.821418445 0.2
  1 42 4 554256.670669307 0.2
  1 1 2 145.232084396039 0.2
  1 4 2 61.6916983639402 0.2
  1 5 2 434.997711437977 0.2
  1 6 2 386.924374351557 0.2
  1 7 2 43.3765322363978 0.2
  1 8 2 697.026364705295 0.2
  1 9 2 505.24034878948 0.2
  1 10 2 1118.16496755285 0.2
  1 11 2 79.738215709609 0.2
  1 12 2 721.489771401546 0.2
  1 13 2 84.2176659759836 0.2
  1 14 2 355.037027505356 0.2
  1 15 2 611.080152703168 0.2
  1 16 2 683.096991956926 0.2
  1 17 2 289.545858876255 0.2
  1 18 2 376.954674547583 0.2
  1 19 2 2828.1135756311 0.2
  1 20 2 1028.63675489668 0.2
  1 21 2 1578.07497319645 0.2
  1 22 2 5195.03786486564 0.2
  1 23 2 841.576632694376 0.2
  1 24 2 1902.37955301527 0.2
  1 25 2 1513.53023620174 0.2
  1 26 2 1505.44449213835 0.2
  1 27 2 2541.13143597798 0.2
  1 28 2 1176.9873239532 0.2
  1 29 2 1800.0172509304 0.2
  1 30 2 917.836220404081 0.2
  1 31 2 3477.99358072021 0.2
  1 32 2 2786.30795300997 0.2
  1 33 2 4133.7868908323 0.2
  1 34 2 738.819305683646 0.2
  1 35 2 2478.90901315577 0.2
  1 36 2 3559.34680586068 0.2
  1 37 2 4478.68002758982 0.2
  1 38 2 911.733605419637 0.2
  1 39 2 809.668778652135 0.2
  1 40 2 424.979538025355 0.2
  1 41 2 2041.4947682112 0.2
  1 42 2 2256.21659664178 0.2
  1 1 1 23464.6762575101 0.2
  1 2 1 18336.785881874 0.2
  1 3 1 9521.06820635631 0.2
  1 4 1 9497.96921468142 0.2
  1 5 1 18021.7700290649 0.2
  1 6 1 6008.97721543365 0.2
  1 7 1 8528.58928479619 0.2
  1 8 1 14426.8621917452 0.2
  1 9 1 5748.00451851032 0.2
  1 10 1 14310.9329027031 0.2
  1 11 1 9338.70729676523 0.2
  1 12 1 5902.61272081847 0.2
  1 13 1 8931.50354339622 0.2
  1 14 1 7613.35266871128 0.2
  1 15 1 6364.97612159575 0.2
  1 16 1 10060.8155352574 0.2
  1 17 1 4631.66740549313 0.2
  1 18 1 5204.08987359896 0.2
  1 19 1 4460.62626637277 0.2
  1 20 1 6499.66633456335 0.2
  1 21 1 5737.62120637158 0.2
  1 22 1 9138.22567372233 0.2
  1 23 1 6817.30894502304 0.2
  1 24 1 7595.44374803512 0.2
  1 25 1 7782.23189511456 0.2
  1 26 1 5003.04779875365 0.2
  1 27 1 1669.25899971104 0.2
  1 28 1 1613.24174463241 0.2
  1 29 1 15084.1377506175 0.2
  1 30 1 4914.13649519343 0.2
  1 31 1 4996.5588863018 0.2
  1 32 1 5823.0388132918 0.2
  1 33 1 1668.33707739675 0.2
  1 34 1 3928.5554007726 0.2
  1 35 1 2829.39833284349 0.2
  1 36 1 3703.78957461643 0.2
  1 37 1 4275.43456103542 0.2
  1 38 1 2126.18890167479 0.2
  1 39 1 1186.19857189675 0.2
  1 40 1 1973.1011501557 0.2
  1 41 1 1709.70174181891 0.2
  1 42 1 1687.54658230587 0.2
  1 1 3 91.1656630091617 0.2
  1 2 3 121.035024100203 0.2
  1 3 3 57.0578501324495 0.2
  1 4 3 149.382752952518 0.2
  1 5 3 498.672244615499 0.2
  1 6 3 444.049795660739 0.2
  1 7 3 657.770132449136 0.2
  1 8 3 680.51416401756 0.2
  1 9 3 838.373112617066 0.2
  1 10 3 462.448730916191 0.2
  1 11 3 347.360347501938 0.2
  1 12 3 1043.52660842315 0.2
  1 13 3 266.094671487823 0.2
  1 14 3 173.300592075211 0.2
  1 15 3 246.25305913336 0.2
  1 16 3 147.474136394227 0.2
  1 17 3 499.642046298667 0.2
  1 18 3 834.774783061983 0.2
  1 19 3 317.321684282013 0.2
  1 20 3 466.391313361173 0.2
  1 21 3 240.575147647346 0.2
  1 22 3 152.1368242782 0.2
  1 23 3 364.026815885456 0.2
  1 24 3 164.847406363259 0.2
  1 25 3 887.48985905769 0.2
  1 26 3 988.046241343082 0.2
  1 27 3 316.444102990086 0.2
  1 28 3 671.771739088699 0.2
  1 29 3 109.861336358049 0.2
  1 30 3 189.892162056113 0.2
  1 31 3 281.860121419574 0.2
  1 32 3 84.3785004071652 0.2
  1 33 3 377.650677621614 0.2
  1 34 3 192.473145854891 0.2
  1 35 3 774.275558657487 0.2
  1 36 3 223.435524395607 0.2
  1 37 3 544.22160454936 0.2
  1 38 3 207.374599412027 0.2
  1 39 3 331.200811640636 0.2
  1 40 3 263.914003017035 0.2
  1 41 3 94475.0472719594 0.2
  1 42 3 138863.786952934 0.2
# end survey index observations 
#  
# Survey size comp data 
# Number of observations, init_int Nsurvey_size_obs 
  166
# init_matrix obs_survey_size(1,Nsurvey_size_obs,1,ncol) 
# Survey  Year  Species Type (0=whole, 1=retained, 2=discard) InpN, proportion by length bin 
  1 1 1 0 57 0.01 0.3 0.59 0.1 0
  1 2 1 0 65 0.02 0.3 0.68 0 0
  1 3 1 0 32 0.01 0.28 0.64 0.07 0
  1 4 1 0 32 0.05 0.39 0.52 0.03 0.01
  1 5 1 0 21 0.02 0.33 0.6 0.05 0
  1 6 1 0 18 0.02 0.32 0.63 0.03 0
  1 7 1 0 25 0 0.35 0.54 0.11 0
  1 8 1 0 20 0.01 0.26 0.7 0.03 0
  1 9 1 0 16 0.03 0.52 0.4 0.05 0
  1 10 1 0 19 0 0.36 0.59 0.05 0
  1 11 1 0 20 0.02 0.32 0.64 0.02 0
  1 12 1 0 22 0.01 0.37 0.59 0.03 0
  1 13 1 0 23 0 0.33 0.63 0.04 0
  1 14 1 0 14 0 0.33 0.6 0.07 0
  1 15 1 0 21 0 0.34 0.59 0.07 0
  1 16 1 0 14 0 0.26 0.68 0.06 0
  1 17 1 0 17 0.01 0.36 0.58 0.05 0
  1 18 1 0 19 0 0.32 0.63 0.05 0
  1 19 1 0 18 0.02 0.4 0.54 0.04 0
  1 20 1 0 15 0.01 0.4 0.55 0.04 0
  1 21 1 0 21 0.01 0.36 0.57 0.06 0
  1 22 1 0 13 0.02 0.27 0.64 0.07 0
  1 23 1 0 14 0.02 0.31 0.62 0.05 0
  1 24 1 0 14 0.02 0.23 0.55 0.2 0
  1 25 1 0 18 0.01 0.23 0.6 0.16 0
  1 26 1 0 14 0 0.21 0.65 0.14 0
  1 27 1 0 23 0.01 0.22 0.6 0.17 0
  1 28 1 0 14 0.01 0.25 0.58 0.16 0
  1 29 1 0 17 0.01 0.23 0.58 0.18 0
  1 30 1 0 18 0.02 0.36 0.5 0.12 0
  1 31 1 0 20 0.01 0.19 0.63 0.17 0
  1 32 1 0 10 0 0.21 0.63 0.16 0
  1 33 1 0 15 0.01 0.22 0.61 0.16 0
  1 34 1 0 18 0.01 0.18 0.6 0.21 0
  1 35 1 0 8 0.01 0.21 0.56 0.22 0
  1 36 1 0 12 0.02 0.37 0.43 0.18 0
  1 37 1 0 8 0.02 0.35 0.52 0.11 0
  1 38 1 0 16 0.01 0.28 0.58 0.13 0
  1 39 1 0 10 0.01 0.25 0.65 0.09 0
  1 40 1 0 10 0 0.27 0.6 0.13 0
  1 41 1 0 13 0.01 0.36 0.51 0.12 0
  1 42 1 0 8 0.02 0.48 0.41 0.09 0
  1 1 2 0 11 0 0.04 0.1 0.61 0.25
  1 4 2 0 1 0 0.16 0.32 0.42 0.1
  1 5 2 0 5 0 0.14 0.27 0.46 0.13
  1 6 2 0 1 0 0.15 0.25 0.5 0.1
  1 7 2 0 3 0 0.12 0.36 0.47 0.05
  1 8 2 0 4 0 0.17 0.3 0.52 0.01
  1 9 2 0 5 0 0.26 0.3 0.41 0.03
  1 10 2 0 10 0 0.16 0.47 0.35 0.02
  1 11 2 0 13 0 0.16 0.27 0.57 0
  1 12 2 0 15 0 0.1 0.38 0.51 0.01
  1 13 2 0 9 0 0.08 0.24 0.68 0
  1 14 2 0 6 0 0.06 0.27 0.67 0
  1 15 2 0 13 0 0.09 0.28 0.63 0
  1 16 2 0 10 0 0.07 0.21 0.72 0
  1 17 2 0 10 0 0.47 0.08 0.45 0
  1 18 2 0 18 0 0.32 0.47 0.21 0
  1 19 2 0 27 0 0.1 0.67 0.23 0
  1 20 2 0 23 0 0.11 0.39 0.5 0
  1 21 2 0 25 0 0.1 0.28 0.62 0
  1 22 2 0 9 0 0.08 0.24 0.68 0
  1 23 2 0 8 0 0.08 0.16 0.76 0
  1 24 2 0 9 0 0.08 0.23 0.69 0
  1 25 2 0 14 0 0.1 0.14 0.76 0
  1 26 2 0 18 0 0.29 0.2 0.51 0
  1 27 2 0 16 0 0.08 0.38 0.54 0
  1 28 2 0 6 0 0.05 0.32 0.63 0
  1 29 2 0 8 0 0.04 0.23 0.73 0
  1 30 2 0 17 0 0.05 0.21 0.74 0
  1 31 2 0 9 0 0.31 0.13 0.56 0
  1 32 2 0 30 0 0.15 0.45 0.4 0
  1 33 2 0 24 0 0.1 0.42 0.48 0
  1 34 2 0 25 0 0.07 0.35 0.58 0
  1 35 2 0 16 0 0.03 0.22 0.75 0
  1 36 2 0 13 0 0.03 0.21 0.76 0
  1 37 2 0 8 0 0.03 0.17 0.8 0
  1 38 2 0 10 0 0.05 0.12 0.83 0
  1 39 2 0 13 0 0.04 0.14 0.82 0
  1 40 2 0 8 0 0.02 0.1 0.88 0
  1 41 2 0 5 0 0.06 0.17 0.77 0
  1 42 2 0 17 0 0.29 0.13 0.58 0
  1 1 3 0 27 0 0.18 0.3 0.52 0
  1 2 3 0 13 0.04 0.15 0.35 0.46 0
  1 3 3 0 5 0.19 0.36 0.17 0.27 0.01
  1 4 3 0 2 0.03 0.47 0.38 0.12 0
  1 5 3 0 5 0.01 0.23 0.45 0.31 0
  1 6 3 0 1 0.03 0.18 0.47 0.32 0
  1 7 3 0 3 0.01 0.15 0.35 0.49 0
  1 8 3 0 3 0.03 0.1 0.38 0.49 0
  1 9 3 0 4 0.02 0.13 0.43 0.42 0
  1 10 3 0 4 0.01 0.06 0.37 0.56 0
  1 11 3 0 4 0.01 0.07 0.34 0.58 0
  1 12 3 0 2 0.02 0.09 0.31 0.58 0
  1 13 3 0 8 0.01 0.15 0.36 0.47 0.01
  1 14 3 0 19 0.04 0.17 0.27 0.52 0
  1 15 3 0 15 0.07 0.09 0.27 0.57 0
  1 16 3 0 12 0.01 0.13 0.26 0.6 0
  1 17 3 0 14 0.02 0.11 0.38 0.49 0
  1 18 3 0 14 0 0.11 0.35 0.54 0
  1 19 3 0 15 0.02 0.1 0.37 0.51 0
  1 20 3 0 17 0.01 0.12 0.26 0.61 0
  1 21 3 0 12 0.07 0.14 0.29 0.5 0
  1 22 3 0 11 0.03 0.17 0.3 0.5 0
  1 23 3 0 16 0.03 0.17 0.26 0.54 0
  1 24 3 0 15 0.02 0.09 0.32 0.57 0
  1 25 3 0 4 0.04 0.16 0.31 0.49 0
  1 26 3 0 14 0.02 0.13 0.29 0.56 0
  1 27 3 0 6 0.01 0.15 0.28 0.56 0
  1 28 3 0 4 0.01 0.1 0.27 0.62 0
  1 29 3 0 2 0.02 0.09 0.3 0.59 0
  1 30 3 0 10 0.01 0.09 0.19 0.71 0
  1 31 3 0 9 0 0.14 0.23 0.63 0
  1 32 3 0 12 0.02 0.15 0.21 0.62 0
  1 33 3 0 5 0.03 0.09 0.32 0.56 0
  1 34 3 0 9 0.1 0.34 0.2 0.36 0
  1 35 3 0 5 0.05 0.28 0.35 0.32 0
  1 36 3 0 5 0.02 0.24 0.48 0.26 0
  1 37 3 0 3 0.05 0.17 0.41 0.37 0
  1 38 3 0 15 0.01 0.2 0.4 0.39 0
  1 39 3 0 12 0.04 0.13 0.43 0.4 0
  1 40 3 0 9 0.04 0.14 0.47 0.35 0
  1 41 3 0 8 0 0.15 0.41 0.44 0
  1 42 3 0 12 0.01 0.16 0.34 0.49 0
  1 1 4 0 86 0.01 0.27 0.54 0.18 0
  1 2 4 0 100 0.04 0.41 0.45 0.1 0
  1 3 4 0 33 0.03 0.4 0.49 0.08 0
  1 4 4 0 44 0.02 0.42 0.51 0.05 0
  1 5 4 0 34 0.04 0.39 0.5 0.07 0
  1 6 4 0 40 0.02 0.45 0.49 0.04 0
  1 7 4 0 39 0.07 0.27 0.59 0.07 0
  1 8 4 0 49 0.02 0.33 0.59 0.06 0
  1 9 4 0 36 0.01 0.35 0.53 0.11 0
  1 10 4 0 43 0.01 0.44 0.48 0.07 0
  1 11 4 0 41 0 0.39 0.55 0.06 0
  1 12 4 0 35 0 0.32 0.59 0.09 0
  1 13 4 0 32 0 0.37 0.58 0.05 0
  1 14 4 0 21 0.02 0.34 0.55 0.09 0
  1 15 4 0 30 0.01 0.3 0.58 0.11 0
  1 16 4 0 19 0.01 0.31 0.66 0.02 0
  1 17 4 0 35 0.02 0.42 0.48 0.08 0
  1 18 4 0 27 0.03 0.37 0.54 0.06 0
  1 19 4 0 34 0.02 0.37 0.53 0.08 0
  1 20 4 0 42 0.01 0.31 0.58 0.1 0
  1 21 4 0 41 0.03 0.26 0.66 0.05 0
  1 22 4 0 44 0.04 0.33 0.53 0.1 0
  1 23 4 0 28 0 0.34 0.55 0.11 0
  1 24 4 0 34 0.02 0.26 0.63 0.09 0
  1 25 4 0 36 0.05 0.32 0.54 0.09 0
  1 26 4 0 31 0 0.35 0.53 0.12 0
  1 27 4 0 39 0.03 0.37 0.53 0.07 0
  1 28 4 0 38 0.01 0.2 0.67 0.12 0
  1 29 4 0 48 0.02 0.29 0.54 0.15 0
  1 30 4 0 38 0.05 0.24 0.61 0.1 0
  1 31 4 0 61 0.01 0.27 0.58 0.14 0
  1 32 4 0 48 0 0.35 0.49 0.16 0
  1 33 4 0 49 0 0.29 0.57 0.14 0
  1 34 4 0 44 0.02 0.19 0.6 0.19 0
  1 35 4 0 61 0.02 0.19 0.63 0.16 0
  1 36 4 0 67 0.02 0.3 0.56 0.12 0
  1 37 4 0 57 0 0.26 0.6 0.14 0
  1 38 4 0 38 0.02 0.31 0.58 0.09 0
  1 39 4 0 52 0.01 0.19 0.62 0.18 0
  1 40 4 0 43 0.03 0.21 0.69 0.07 0
  1 41 4 0 42 0.01 0.3 0.57 0.12 0
  1 42 4 0 61 0 0.26 0.6 0.14 0
# end survey length observations 
#  
# Fishery catch data 
# Number of observations, init_int Ncatch_obs
  168
# init_matrix obs_catch_biomass(1,Ncatch_obs,1,6) 
# Fleet	Area	Year	Species	Catch(biomass t)	CV 
  1 1 1 1 55703.9237381098 0.05
  1 1 2 1 40658.4058094298 0.05
  1 1 3 1 32949.6357300321 0.05
  1 1 4 1 18154.8724873991 0.05
  1 1 5 1 15712.5289067151 0.05
  1 1 6 1 21346.1907111053 0.05
  1 1 7 1 17295.6208880289 0.05
  1 1 8 1 20987.710892779 0.05
  1 1 9 1 10284.8307857709 0.05
  1 1 10 1 14141.0253201296 0.05
  1 1 11 1 23758.0508674654 0.05
  1 1 12 1 20174.1881902398 0.05
  1 1 13 1 13391.1486326036 0.05
  1 1 14 1 13834.0366155242 0.05
  1 1 15 1 13685.7168145537 0.05
  1 1 16 1 10258.3977103398 0.05
  1 1 17 1 5732.51088926945 0.05
  1 1 18 1 6157.13100915476 0.05
  1 1 19 1 5250.12711999001 0.05
  1 1 20 1 7334.0116078193 0.05
  1 1 21 1 3134.12858673625 0.05
  1 1 22 1 4538.10157348077 0.05
  1 1 23 1 5363.27040105214 0.05
  1 1 24 1 6422.35140668467 0.05
  1 1 25 1 3765.49537432848 0.05
  1 1 26 1 4055.09276842355 0.05
  1 1 27 1 5476.27254142125 0.05
  1 1 28 1 3810.83525990528 0.05
  1 1 29 1 3846.58937061012 0.05
  1 1 30 1 2939.95580474353 0.05
  1 1 31 1 2879.54497729018 0.05
  1 1 32 1 2734.5465410898 0.05
  1 1 33 1 3249.94444113339 0.05
  1 1 34 1 1927.15021360376 0.05
  1 1 35 1 1485.33472560945 0.05
  1 1 36 1 1652.66230336675 0.05
  1 1 37 1 1170.06898490826 0.05
  1 1 38 1 1597.17175589093 0.05
  1 1 39 1 1942.57887944629 0.05
  1 1 40 1 1253.2402745574 0.05
  1 1 41 1 1273.7217380624 0.05
  1 1 42 1 1275.68020000015 0.05
  1 1 1 4 10327.3685734971 0.05
  1 1 2 4 8675.5723580585 0.05
  1 1 3 4 9929.58789136966 0.05
  1 1 4 4 6910.87580123459 0.05
  1 1 5 4 5713.24031483446 0.05
  1 1 6 4 7356.56653266719 0.05
  1 1 7 4 7386.84164836081 0.05
  1 1 8 4 6309.66196173985 0.05
  1 1 9 4 8324.58646137442 0.05
  1 1 10 4 5981.72499811732 0.05
  1 1 11 4 6546.02035348606 0.05
  1 1 12 4 5940.32795722124 0.05
  1 1 13 4 10935.8113300984 0.05
  1 1 14 4 9674.24022698935 0.05
  1 1 15 4 8049.09841728185 0.05
  1 1 16 4 9488.5531479138 0.05
  1 1 17 4 8226.75337420751 0.05
  1 1 18 4 7237.06972763009 0.05
  1 1 19 4 8602.83876497747 0.05
  1 1 20 4 9626.14350628547 0.05
  1 1 21 4 3510.99799135925 0.05
  1 1 22 4 4009.69392806892 0.05
  1 1 23 4 3814.94205406693 0.05
  1 1 24 4 4976.7313728706 0.05
  1 1 25 4 5673.3152252476 0.05
  1 1 26 4 4036.6980649354 0.05
  1 1 27 4 4529.35650880735 0.05
  1 1 28 4 3959.75598444216 0.05
  1 1 29 4 6151.5712169039 0.05
  1 1 30 4 6035.9316726564 0.05
  1 1 31 4 8120.68011324916 0.05
  1 1 32 4 8034.98258498199 0.05
  1 1 33 4 6203.76810003242 0.05
  1 1 34 4 6318.89108432509 0.05
  1 1 35 4 7195.15665234244 0.05
  1 1 36 4 7004.92453773377 0.05
  1 1 37 4 7078.86601190872 0.05
  1 1 38 4 6032.51329782543 0.05
  1 1 39 4 5633.93007833388 0.05
  1 1 40 4 7288.9225997705 0.05
  1 1 41 4 6332.92148902482 0.05
  1 1 42 4 5469.24533214487 0.05
  2 1 1 2 1087.39010834086 0.05
  2 1 2 2 1281.79958605087 0.05
  2 1 3 2 972.334828975505 0.05
  2 1 4 2 966.406153674011 0.05
  2 1 5 2 905.279641681001 0.05
  2 1 6 2 863.827606621686 0.05
  2 1 7 2 1275.89206046465 0.05
  2 1 8 2 930.184830956143 0.05
  2 1 9 2 1643.13187637485 0.05
  2 1 10 2 1570.56132908138 0.05
  2 1 11 2 1242.1068589118 0.05
  2 1 12 2 1333.31938178351 0.05
  2 1 13 2 2182.31398678835 0.05
  2 1 14 2 3426.70351908465 0.05
  2 1 15 2 2472.51749841272 0.05
  2 1 16 2 1863.00469215614 0.05
  2 1 17 2 2160.0347704388 0.05
  2 1 18 2 2448.36618781654 0.05
  2 1 19 2 2701.21921958217 0.05
  2 1 20 2 5579.59822238286 0.05
  2 1 21 2 11746.5671573369 0.05
  2 1 22 2 9922.51044739462 0.05
  2 1 23 2 8720.27663043785 0.05
  2 1 24 2 8887.58328644746 0.05
  2 1 25 2 9458.0940987802 0.05
  2 1 26 2 9609.94884798134 0.05
  2 1 27 2 9819.60808196479 0.05
  2 1 28 2 7185.06042414359 0.05
  2 1 29 2 11235.2951237641 0.05
  2 1 30 2 8125.94478397756 0.05
  2 1 31 2 10340.0260266656 0.05
  2 1 32 2 9465.35730218813 0.05
  2 1 33 2 10001.571547978 0.05
  2 1 34 2 11400.0223390048 0.05
  2 1 35 2 10408.7012079777 0.05
  2 1 36 2 7863.63889594074 0.05
  2 1 37 2 13749.1031084529 0.05
  2 1 38 2 13559.5925839275 0.05
  2 1 39 2 9688.99299311564 0.05
  2 1 40 2 7264.17377446421 0.05
  2 1 41 2 11324.3929393572 0.05
  2 1 42 2 5714.49969898479 0.05
  2 1 1 3 594.726584272775 0.05
  2 1 2 3 420.976365744972 0.05
  2 1 3 3 416.789223983989 0.05
  2 1 4 3 701.995608403486 0.05
  2 1 5 3 1068.77549299238 0.05
  2 1 6 3 1080.03019445946 0.05
  2 1 7 3 1072.81065077938 0.05
  2 1 8 3 1796.75437673345 0.05
  2 1 9 3 1959.04634454322 0.05
  2 1 10 3 1114.86219052266 0.05
  2 1 11 3 2204.06500151014 0.05
  2 1 12 3 1493.01172280273 0.05
  2 1 13 3 2209.71024212893 0.05
  2 1 14 3 993.09502526328 0.05
  2 1 15 3 2032.58116497776 0.05
  2 1 16 3 2091.36356807245 0.05
  2 1 17 3 1212.81384677895 0.05
  2 1 18 3 1197.8001672788 0.05
  2 1 19 3 1154.23692658763 0.05
  2 1 20 3 1072.50147147411 0.05
  2 1 21 3 989.706544610146 0.05
  2 1 22 3 1031.1983208125 0.05
  2 1 23 3 661.295668735451 0.05
  2 1 24 3 1496.69340724359 0.05
  2 1 25 3 1144.3050847841 0.05
  2 1 26 3 909.738887698859 0.05
  2 1 27 3 1230.61799723463 0.05
  2 1 28 3 1003.52603791425 0.05
  2 1 29 3 584.659047321506 0.05
  2 1 30 3 1018.36503006237 0.05
  2 1 31 3 1140.91197238493 0.05
  2 1 32 3 772.016758442201 0.05
  2 1 33 3 924.767674786911 0.05
  2 1 34 3 773.215572078718 0.05
  2 1 35 3 961.566508372105 0.05
  2 1 36 3 978.566398802015 0.05
  2 1 37 3 1088.56918133298 0.05
  2 1 38 3 1245.68251238118 0.05
  2 1 39 3 1471.3799201757 0.05
  2 1 40 3 1589.83943386626 0.05
  2 1 41 3 47696.6128168322 0.05
  2 1 42 3 32083.6293617066 0.05
# end catch observations 
#  
# Fishery size comp data 
# Number of observations, init_int Ncatch_size_obs 
  168
# init_matrix obs_catch_size(1,Ncatch_size_obs,1,ncol) 
# Fleet Area  Year  Species Type (0=whole, 1=retained, 2=discard) InpN, proportion by size bin 
  1 1 1 1 0 81 0.01 0.31 0.59 0.07 0.02
  1 1 2 1 0 73 0.01 0.39 0.54 0.05 0.01
  1 1 3 1 0 65 0 0.3 0.62 0.08 0
  1 1 4 1 0 56 0.01 0.34 0.56 0.09 0
  1 1 5 1 0 120 0.05 0.46 0.45 0.04 0
  1 1 6 1 0 130 0.03 0.31 0.61 0.05 0
  1 1 7 1 0 94 0.04 0.31 0.64 0.01 0
  1 1 8 1 0 94 0 0.43 0.52 0.05 0
  1 1 9 1 0 82 0.08 0.39 0.47 0.06 0
  1 1 10 1 0 76 0.01 0.6 0.39 0 0
  1 1 11 1 0 74 0.01 0.43 0.53 0.03 0
  1 1 12 1 0 65 0 0.28 0.68 0.04 0
  1 1 13 1 0 77 0.01 0.43 0.5 0.06 0
  1 1 14 1 0 88 0.03 0.33 0.58 0.06 0
  1 1 15 1 0 66 0.02 0.26 0.66 0.06 0
  1 1 16 1 0 69 0.01 0.37 0.55 0.07 0
  1 1 17 1 0 43 0.05 0.31 0.6 0.04 0
  1 1 18 1 0 34 0.02 0.44 0.5 0.04 0
  1 1 19 1 0 55 0.02 0.36 0.56 0.06 0
  1 1 20 1 0 64 0.03 0.43 0.48 0.06 0
  1 1 21 1 0 77 0.04 0.39 0.56 0.01 0
  1 1 22 1 0 67 0.02 0.34 0.61 0.03 0
  1 1 23 1 0 133 0.04 0.31 0.6 0.05 0
  1 1 24 1 0 98 0.02 0.36 0.54 0.08 0
  1 1 25 1 0 91 0 0.24 0.67 0.09 0
  1 1 26 1 0 77 0.01 0.17 0.69 0.13 0
  1 1 27 1 0 102 0 0.15 0.75 0.1 0
  1 1 28 1 0 76 0.02 0.3 0.51 0.17 0
  1 1 29 1 0 110 0.02 0.28 0.57 0.13 0
  1 1 30 1 0 100 0.02 0.3 0.56 0.12 0
  1 1 31 1 0 108 0.03 0.25 0.58 0.14 0
  1 1 32 1 0 118 0.02 0.19 0.68 0.11 0
  1 1 33 1 0 129 0 0.18 0.64 0.18 0
  1 1 34 1 0 90 0 0.26 0.57 0.17 0
  1 1 35 1 0 69 0.01 0.21 0.61 0.17 0
  1 1 36 1 0 80 0.01 0.24 0.53 0.22 0
  1 1 37 1 0 62 0.02 0.19 0.63 0.16 0
  1 1 38 1 0 94 0.01 0.36 0.54 0.09 0
  1 1 39 1 0 75 0.02 0.31 0.54 0.13 0
  1 1 40 1 0 75 0.01 0.24 0.59 0.16 0
  1 1 41 1 0 35 0.05 0.2 0.56 0.19 0
  1 1 42 1 0 22 0.02 0.34 0.52 0.12 0
  1 1 1 4 0 5 0.03 0.16 0.64 0.17 0
  1 1 2 4 0 5 0.04 0.29 0.58 0.09 0
  1 1 3 4 0 5 0.02 0.41 0.46 0.11 0
  1 1 4 4 0 5 0.02 0.45 0.44 0.09 0
  1 1 5 4 0 5 0.04 0.42 0.45 0.09 0
  1 1 6 4 0 5 0 0.36 0.54 0.1 0
  1 1 7 4 0 5 0.01 0.43 0.52 0.04 0
  1 1 8 4 0 5 0.02 0.37 0.55 0.06 0
  1 1 9 4 0 5 0 0.42 0.5 0.08 0
  1 1 10 4 0 5 0 0.39 0.55 0.06 0
  1 1 11 4 0 1 0 0.4 0.54 0.06 0
  1 1 12 4 0 5 0.02 0.37 0.56 0.05 0
  1 1 13 4 0 1 0.03 0.34 0.58 0.05 0
  1 1 14 4 0 2 0.02 0.38 0.53 0.07 0
  1 1 15 4 0 8 0.02 0.34 0.53 0.11 0
  1 1 16 4 0 3 0.01 0.36 0.55 0.08 0
  1 1 17 4 0 3 0.04 0.28 0.63 0.05 0
  1 1 18 4 0 1 0.02 0.37 0.55 0.06 0
  1 1 19 4 0 3 0.04 0.25 0.66 0.05 0
  1 1 20 4 0 3 0 0.32 0.63 0.05 0
  1 1 21 4 0 3 0.03 0.32 0.6 0.05 0
  1 1 22 4 0 2 0.01 0.27 0.65 0.07 0
  1 1 23 4 0 6 0.01 0.29 0.62 0.08 0
  1 1 24 4 0 1 0 0.24 0.64 0.12 0
  1 1 25 4 0 1 0 0.24 0.7 0.06 0
  1 1 26 4 0 2 0 0.23 0.68 0.09 0
  1 1 27 4 0 2 0.02 0.3 0.57 0.11 0
  1 1 28 4 0 4 0.01 0.26 0.65 0.08 0
  1 1 29 4 0 7 0 0.24 0.65 0.11 0
  1 1 30 4 0 6 0.02 0.25 0.56 0.17 0
  1 1 31 4 0 10 0 0.2 0.7 0.1 0
  1 1 32 4 0 7 0.01 0.21 0.64 0.14 0
  1 1 33 4 0 15 0.02 0.17 0.64 0.17 0
  1 1 34 4 0 19 0 0.13 0.69 0.18 0
  1 1 35 4 0 13 0.01 0.27 0.65 0.07 0
  1 1 36 4 0 23 0.02 0.29 0.58 0.11 0
  1 1 37 4 0 7 0 0.26 0.58 0.16 0
  1 1 38 4 0 7 0.01 0.24 0.7 0.05 0
  1 1 39 4 0 19 0.02 0.21 0.63 0.14 0
  1 1 40 4 0 25 0.04 0.23 0.59 0.14 0
  1 1 41 4 0 31 0 0.18 0.66 0.16 0
  1 1 42 4 0 31 0.04 0.15 0.63 0.18 0
  2 1 1 2 0 2 0 0 0.17 0.68 0.15
  2 1 2 2 0 5 0 0.01 0.23 0.61 0.15
  2 1 3 2 0 2 0 0.02 0.15 0.73 0.1
  2 1 4 2 0 5 0 0.04 0.3 0.56 0.1
  2 1 5 2 0 5 0 0.05 0.35 0.51 0.09
  2 1 6 2 0 5 0 0.02 0.34 0.59 0.05
  2 1 7 2 0 5 0 0.01 0.35 0.6 0.04
  2 1 8 2 0 1 0 0.04 0.39 0.55 0.02
  2 1 9 2 0 5 0.01 0.07 0.35 0.55 0.02
  2 1 10 2 0 5 0.02 0.13 0.37 0.48 0
  2 1 11 2 0 2 0 0.09 0.45 0.43 0.03
  2 1 12 2 0 5 0 0.04 0.43 0.53 0
  2 1 13 2 0 5 0 0.03 0.46 0.5 0.01
  2 1 14 2 0 5 0 0.01 0.24 0.75 0
  2 1 15 2 0 5 0 0.04 0.25 0.71 0
  2 1 16 2 0 5 0 0.05 0.25 0.7 0
  2 1 17 2 0 5 0.04 0 0.24 0.72 0
  2 1 18 2 0 5 0.03 0.26 0.19 0.52 0
  2 1 19 2 0 5 0 0.13 0.53 0.34 0
  2 1 20 2 0 30 0 0.06 0.6 0.34 0
  2 1 21 2 0 46 0 0.05 0.45 0.5 0
  2 1 22 2 0 10 0 0.01 0.37 0.62 0
  2 1 23 2 0 19 0 0 0.32 0.68 0
  2 1 24 2 0 61 0 0.01 0.27 0.72 0
  2 1 25 2 0 29 0 0.03 0.22 0.75 0
  2 1 26 2 0 32 0 0.02 0.18 0.8 0
  2 1 27 2 0 16 0 0.08 0.19 0.73 0
  2 1 28 2 0 31 0 0.03 0.36 0.61 0
  2 1 29 2 0 44 0 0.02 0.36 0.62 0
  2 1 30 2 0 29 0 0.03 0.28 0.69 0
  2 1 31 2 0 25 0.02 0 0.26 0.72 0
  2 1 32 2 0 22 0 0.13 0.19 0.68 0
  2 1 33 2 0 35 0 0.08 0.53 0.39 0
  2 1 34 2 0 28 0 0.02 0.43 0.55 0
  2 1 35 2 0 45 0 0.04 0.3 0.66 0
  2 1 36 2 0 51 0 0.01 0.2 0.79 0
  2 1 37 2 0 41 0 0 0.14 0.86 0
  2 1 38 2 0 36 0 0.01 0.15 0.84 0
  2 1 39 2 0 20 0 0 0.15 0.85 0
  2 1 40 2 0 14 0 0.01 0.17 0.82 0
  2 1 41 2 0 17 0 0.01 0.23 0.76 0
  2 1 42 2 0 24 0 0.03 0.08 0.89 0
  2 1 1 3 0 1 0 0.46 0.14 0.4 0
  2 1 2 3 0 5 0 0.27 0.57 0.16 0
  2 1 3 3 0 5 0.05 0.25 0.42 0.28 0
  2 1 4 3 0 1 0.02 0.67 0.22 0.09 0
  2 1 5 3 0 6 0.01 0.47 0.46 0.06 0
  2 1 6 3 0 4 0 0.3 0.58 0.12 0
  2 1 7 3 0 5 0.01 0.24 0.59 0.16 0
  2 1 8 3 0 1 0 0.22 0.57 0.21 0
  2 1 9 3 0 1 0 0.18 0.58 0.24 0
  2 1 10 3 0 1 0 0.17 0.58 0.25 0
  2 1 11 3 0 2 0.01 0.16 0.47 0.36 0
  2 1 12 3 0 5 0.01 0.13 0.57 0.29 0
  2 1 13 3 0 4 0.01 0.25 0.41 0.33 0
  2 1 14 3 0 8 0 0.26 0.38 0.36 0
  2 1 15 3 0 11 0 0.28 0.45 0.27 0
  2 1 16 3 0 5 0 0.31 0.45 0.24 0
  2 1 17 3 0 5 0 0.2 0.52 0.28 0
  2 1 18 3 0 1 0.01 0.21 0.51 0.27 0
  2 1 19 3 0 1 0 0.22 0.52 0.26 0
  2 1 20 3 0 4 0 0.25 0.45 0.3 0
  2 1 21 3 0 3 0 0.26 0.48 0.26 0
  2 1 22 3 0 4 0 0.24 0.5 0.26 0
  2 1 23 3 0 3 0 0.21 0.53 0.26 0
  2 1 24 3 0 3 0 0.21 0.49 0.3 0
  2 1 25 3 0 2 0 0.2 0.56 0.24 0
  2 1 26 3 0 4 0 0.18 0.54 0.28 0
  2 1 27 3 0 5 0.01 0.29 0.34 0.36 0
  2 1 28 3 0 4 0 0.17 0.54 0.29 0
  2 1 29 3 0 4 0 0.23 0.47 0.3 0
  2 1 30 3 0 24 0 0.14 0.64 0.22 0
  2 1 31 3 0 10 0 0.15 0.57 0.28 0
  2 1 32 3 0 12 0.01 0.11 0.51 0.37 0
  2 1 33 3 0 4 0.01 0.2 0.42 0.37 0
  2 1 34 3 0 6 0.01 0.28 0.36 0.35 0
  2 1 35 3 0 2 0 0.51 0.32 0.17 0
  2 1 36 3 0 10 0.01 0.48 0.39 0.12 0
  2 1 37 3 0 9 0 0.43 0.44 0.13 0
  2 1 38 3 0 13 0 0.24 0.59 0.17 0
  2 1 39 3 0 16 0 0.22 0.65 0.13 0
  2 1 40 3 0 27 0 0.24 0.56 0.2 0
  2 1 41 3 0 15 0 0.2 0.6 0.2 0
  2 1 42 3 0 16 0 0.25 0.56 0.19 0
# end fishery length observations 
#  
# Survey diet proportion observations 
# Number of observations, init_int Ndietprop_obs 
  112
# init_matrix obs_dietprop(1,Ndietprop_obs,1,ncol) 
# Survey  Year  Predator  Predator_size InpN  wt_prey_1 wt_prey_2 wt_prey_3 wt_prey_4 wt_prey_5 wt_prey_6 wt_prey_7 wt_prey_8 wt_prey_9 wt_prey_10 wt_prey_11 other 
  1 12 1 2 25 0 0 0 0 1
  1 12 1 3 25 0.24 0 0 0 0.76
  1 13 1 3 25 0 0 0 0 1
  1 13 1 4 25 0 1 0 0 0
  1 15 1 2 25 0 0 0 0 1
  1 18 1 1 25 0.59 0 0 0 0.41
  1 18 1 2 25 0 0 0 0 1
  1 18 1 3 25 0 0 0 0 1
  1 19 1 2 25 0 0.71 0 0 0.29
  1 19 1 3 25 0 0 0 0 1
  1 20 1 3 25 0 0.8 0 0 0.2
  1 21 1 2 25 0 0 0 0 1
  1 21 1 3 25 0 0 0 0 1
  1 24 1 3 25 0 0.94 0 0 0.06
  1 25 1 3 25 0 0.14 0 0 0.86
  1 26 1 3 25 0 0.1 0.9 0 0
  1 27 1 3 25 0 0 0.9 0 0.1
  1 28 1 3 25 0 1 0 0 0
  1 33 1 3 25 0 0 0 0 1
  1 34 1 3 25 0 0.64 0 0 0.36
  1 35 1 3 25 0 0.05 0 0 0.95
  1 38 1 3 25 0 0 0 0 1
  1 39 1 3 25 0 0 0 0 1
  1 40 1 2 25 0 0.36 0 0 0.64
  1 41 1 2 25 0 0 0.49 0 0.51
  2 2 1 4 25 1 0 0 0 0
  2 11 1 3 25 0 0 0 0 1
  2 14 1 3 25 0 0 0 0 1
  2 14 1 4 25 0 0 0 0 1
  2 15 1 3 25 0 0 0 0 1
  2 16 1 3 25 0 0.22 0 0 0.78
  2 16 1 4 25 0 0.07 0 0 0.93
  2 19 1 3 25 0 0.16 0.05 0 0.79
  2 19 1 4 25 0 0.86 0 0 0.14
  2 21 1 3 25 0 0.71 0 0 0.29
  2 21 1 4 25 0 0 0.04 0 0.96
  2 22 1 3 25 0 0.21 0 0 0.79
  2 23 1 3 25 0 0.78 0 0 0.22
  2 24 1 3 25 0 0 0.15 0 0.85
  2 24 1 4 25 0 1 0 0 0
  2 25 1 2 25 0 0 0 0 1
  2 25 1 3 25 0 0 0 0 1
  2 26 1 3 25 0 0.76 0 0 0.24
  2 27 1 3 25 0 0 0 0 1
  2 27 1 4 25 0 0 0 0 1
  2 29 1 3 25 0 0.14 0 0 0.86
  2 33 1 3 25 0 0 0 0 1
  2 35 1 1 25 0 0.78 0 0 0.22
  2 35 1 2 25 0 0 0 0 1
  2 35 1 3 25 0 0.49 0 0 0.51
  2 36 1 3 25 0 0.72 0 0 0.28
  2 39 1 3 25 0 0 0.2 0 0.8
  2 40 1 2 25 0 0 0 0 1
  1 8 4 2 25 0 0 0 0 1
  1 8 4 3 25 0 0 0 0 1
  1 11 4 3 25 0 0 0 0 1
  1 13 4 2 25 0 0 0 0 1
  1 13 4 3 25 0 0.62 0 0 0.38
  1 13 4 4 25 0 0.11 0 0 0.89
  1 14 4 3 25 0 0 0 0 1
  1 15 4 3 25 0 1 0 0 0
  1 15 4 4 25 0 0.14 0 0 0.86
  1 16 4 3 25 0 1 0 0 0
  1 16 4 4 25 0 0.69 0 0 0.31
  1 17 4 3 25 0 0 0 0 1
  1 18 4 3 25 0 0 0 0 1
  1 19 4 2 25 0 0.07 0 0 0.93
  1 19 4 3 25 0 0.64 0 0 0.36
  1 20 4 2 25 0 0 0.53 0 0.47
  1 20 4 3 25 0 0.3 0 0 0.7
  1 21 4 3 25 0 0.46 0 0 0.54
  1 22 4 2 25 0 0 0 0 1
  1 23 4 3 25 0 0.21 0 0 0.79
  1 24 4 3 25 0 0 0 0 1
  1 25 4 3 25 0 0 0 0 1
  1 25 4 4 25 0 1 0 0 0
  1 26 4 3 25 0 0 0 0 1
  1 27 4 2 25 0 0 0 0 1
  1 27 4 3 25 0 0.19 0 0 0.81
  1 28 4 2 25 0 0 0.85 0 0.15
  1 28 4 3 25 0 0 0 0 1
  1 29 4 3 25 0 0 0 0 1
  1 31 4 3 25 0 0.31 0 0 0.69
  1 31 4 4 25 0 0 0 0 1
  1 34 4 3 25 0 0 0 0 1
  1 40 4 3 25 0 0 0.35 0 0.65
  1 40 4 4 25 0 0 0.94 0 0.06
  1 42 4 3 25 0 0 0 0 1
  2 6 4 3 25 0 0 0.47 0 0.53
  2 8 4 3 25 0 0 0.17 0 0.83
  2 9 4 4 25 0 0 0 0 1
  2 14 4 4 25 0 0 0 0 1
  2 15 4 3 25 0 0 0 0 1
  2 16 4 3 25 0 0 0 0 1
  2 17 4 2 25 0 0 0 0 1
  2 18 4 3 25 0 0 0 0 1
  2 19 4 3 25 0 0 0 0 1
  2 21 4 3 25 0 0 0 0 1
  2 22 4 3 25 0 0.66 0 0 0.34
  2 23 4 3 25 0 0 0 0 1
  2 24 4 3 25 0 0.55 0.39 0 0.06
  2 25 4 3 25 0 0.52 0 0 0.48
  2 25 4 4 25 0 0 1 0 0
  2 27 4 3 25 0 0 0 0 1
  2 30 4 3 25 0 0 0 0 1
  2 33 4 3 25 0 0.19 0 0 0.81
  2 34 4 3 25 0 1 0 0 0
  2 35 4 3 25 0 0.7 0 0 0.3
  2 36 4 2 25 0 0.24 0 0 0.76
  2 36 4 3 25 0 0.42 0 0 0.58
  2 37 4 3 25 0 0 0 0 1
  2 42 4 3 25 0 0 0.52 0 0.48
# end survey diet proportion observations 
#  
