# This file was created using the write_tsDatFile function and used all the simulated data from sim_dta.rds found in repo:Hydra-self-testing
# Survey index data 
# Number of observations, init_int Nsurvey_obs
  166
# init_matrix obs_survey_biomass(1,Nsurvey_obs,1,5)
# survey year spp value cv
  1 1 4 109975.66586968 0.2
  1 2 4 119292.410542642 0.2
  1 3 4 109754.477713358 0.2
  1 4 4 92814.5030312634 0.2
  1 5 4 115047.798474561 0.2
  1 6 4 126372.763697696 0.2
  1 7 4 147256.442970747 0.2
  1 8 4 108581.660293386 0.2
  1 9 4 86597.9399001303 0.2
  1 10 4 106902.498888765 0.2
  1 11 4 81256.9683878529 0.2
  1 12 4 108189.650612996 0.2
  1 13 4 128537.924996119 0.2
  1 14 4 127365.14106129 0.2
  1 15 4 146737.857377317 0.2
  1 16 4 129094.778885078 0.2
  1 17 4 123271.914677025 0.2
  1 18 4 130981.792938816 0.2
  1 19 4 143443.236760476 0.2
  1 20 4 111140.107602636 0.2
  1 21 4 170750.057977615 0.2
  1 22 4 121626.568133026 0.2
  1 23 4 113112.465101084 0.2
  1 24 4 139518.389524793 0.2
  1 25 4 151679.789747629 0.2
  1 26 4 173101.864382066 0.2
  1 27 4 138379.363321947 0.2
  1 28 4 229576.567475623 0.2
  1 29 4 159333.887883419 0.2
  1 30 4 256166.483200598 0.2
  1 31 4 242094.091368593 0.2
  1 32 4 150166.824472947 0.2
  1 33 4 127902.180533019 0.2
  1 34 4 176766.659340316 0.2
  1 35 4 192590.953769135 0.2
  1 36 4 187984.826571933 0.2
  1 37 4 128384.254959611 0.2
  1 38 4 229570.469382576 0.2
  1 39 4 213573.818412636 0.2
  1 40 4 294262.884044648 0.2
  1 41 4 211480.747422028 0.2
  1 42 4 172979.223771225 0.2
  1 1 2 306.572809553139 0.2
  1 4 2 224.985293046586 0.2
  1 5 2 214.554262140823 0.2
  1 6 2 244.212701813322 0.2
  1 7 2 130.51960476631 0.2
  1 8 2 191.385443483959 0.2
  1 9 2 257.824066566544 0.2
  1 10 2 323.742812990835 0.2
  1 11 2 407.157209083519 0.2
  1 12 2 486.609798509479 0.2
  1 13 2 377.372746708817 0.2
  1 14 2 483.531131756855 0.2
  1 15 2 546.145299302751 0.2
  1 16 2 537.202124072525 0.2
  1 17 2 467.928449798815 0.2
  1 18 2 733.346856273674 0.2
  1 19 2 1384.31837755284 0.2
  1 20 2 2268.24833187399 0.2
  1 21 2 2085.1455397379 0.2
  1 22 2 4034.18010053338 0.2
  1 23 2 1587.28433059367 0.2
  1 24 2 1910.04025587665 0.2
  1 25 2 1523.6750854265 0.2
  1 26 2 1449.34580792589 0.2
  1 27 2 1822.45837989056 0.2
  1 28 2 1758.69018302259 0.2
  1 29 2 2131.82927805514 0.2
  1 30 2 1776.95009091819 0.2
  1 31 2 1763.07149797321 0.2
  1 32 2 1851.87739823405 0.2
  1 33 2 2810.34896252225 0.2
  1 34 2 2788.63519575778 0.2
  1 35 2 3562.82185774412 0.2
  1 36 2 2880.38339773297 0.2
  1 37 2 2927.93903987586 0.2
  1 38 2 1753.68093803607 0.2
  1 39 2 1983.32818765876 0.2
  1 40 2 1361.99371717422 0.2
  1 41 2 1653.86373280205 0.2
  1 42 2 1535.38428773573 0.2
  1 1 1 26727.8412133019 0.2
  1 2 1 17615.8852734734 0.2
  1 3 1 15675.2622970496 0.2
  1 4 1 12743.7350892243 0.2
  1 5 1 10292.3331916765 0.2
  1 6 1 8542.01108420806 0.2
  1 7 1 8913.04090875155 0.2
  1 8 1 8385.51880782942 0.2
  1 9 1 8535.89244762603 0.2
  1 10 1 10147.6728939895 0.2
  1 11 1 13983.2895630739 0.2
  1 12 1 10913.8204921032 0.2
  1 13 1 10815.7636039706 0.2
  1 14 1 7862.58500195406 0.2
  1 15 1 7022.6281745486 0.2
  1 16 1 6133.26473482739 0.2
  1 17 1 5088.35387382097 0.2
  1 18 1 4971.76484003726 0.2
  1 19 1 4051.23561764226 0.2
  1 20 1 3741.77761505296 0.2
  1 21 1 4860.45549666191 0.2
  1 22 1 7647.07916750987 0.2
  1 23 1 6609.18348942245 0.2
  1 24 1 7811.8858664999 0.2
  1 25 1 5007.56189703027 0.2
  1 26 1 5495.55101805856 0.2
  1 27 1 3094.0395643725 0.2
  1 28 1 4026.06454052063 0.2
  1 29 1 3579.32497265184 0.2
  1 30 1 3356.1588248768 0.2
  1 31 1 3997.74146858063 0.2
  1 32 1 3199.9679013585 0.2
  1 33 1 2896.65586292072 0.2
  1 34 1 1581.82562202306 0.2
  1 35 1 1530.14549807563 0.2
  1 36 1 2092.06414346754 0.2
  1 37 1 1634.84248268909 0.2
  1 38 1 2080.46651692721 0.2
  1 39 1 2581.78127774677 0.2
  1 40 1 2397.83155724577 0.2
  1 41 1 1523.24865097359 0.2
  1 42 1 1608.44153177821 0.2
  1 1 3 128.140960908095 0.2
  1 2 3 133.689381142069 0.2
  1 3 3 143.868912815559 0.2
  1 4 3 220.771916534242 0.2
  1 5 3 360.403763222601 0.2
  1 6 3 368.914648399691 0.2
  1 7 3 579.114205401686 0.2
  1 8 3 301.621670745187 0.2
  1 9 3 424.479821029928 0.2
  1 10 3 508.788002847963 0.2
  1 11 3 422.813217648861 0.2
  1 12 3 376.14970876048 0.2
  1 13 3 453.047843045072 0.2
  1 14 3 218.537003648494 0.2
  1 15 3 314.63921767265 0.2
  1 16 3 301.283597404265 0.2
  1 17 3 294.627482440838 0.2
  1 18 3 348.106733246283 0.2
  1 19 3 449.521905444417 0.2
  1 20 3 335.461521708157 0.2
  1 21 3 304.437644179298 0.2
  1 22 3 347.195774290328 0.2
  1 23 3 291.550555579531 0.2
  1 24 3 310.173716550286 0.2
  1 25 3 401.444334285075 0.2
  1 26 3 331.852813911659 0.2
  1 27 3 417.336100462791 0.2
  1 28 3 298.548132384529 0.2
  1 29 3 261.062186090331 0.2
  1 30 3 263.345012149309 0.2
  1 31 3 165.02588783016 0.2
  1 32 3 222.830968439412 0.2
  1 33 3 188.474467483705 0.2
  1 34 3 167.438562498633 0.2
  1 35 3 237.264313929422 0.2
  1 36 3 225.97659255979 0.2
  1 37 3 308.727957336066 0.2
  1 38 3 424.52967355506 0.2
  1 39 3 386.792801404828 0.2
  1 40 3 529.568399279621 0.2
  1 41 3 455.8485583538 0.2
  1 42 3 499.075289236743 0.2
# end survey index observations 
#  
# Survey size comp data 
# Number of observations, init_int Nsurvey_size_obs 
  166
# init_matrix obs_survey_size(1,Nsurvey_size_obs,1,ncol) 
# Survey  Year  Species Type (0=whole, 1=retained, 2=discard) InpN, proportion by length bin 
  1 1 1 0 100 0 0 0.98 0.02 0
  1 2 1 0 100 0 0 0.92 0.08 0
  1 3 1 0 100 0.12 0 0.88 0 0
  1 4 1 0 100 0 0 1 0 0
  1 5 1 0 100 0 0 1 0 0
  1 6 1 0 100 0 0.05 0.95 0 0
  1 7 1 0 100 0 0.32 0.68 0 0
  1 8 1 0 100 0 0 1 0 0
  1 9 1 0 100 0 0.23 0.77 0 0
  1 10 1 0 100 0 1 0 0 0
  1 11 1 0 100 0 0 1 0 0
  1 12 1 0 100 0 0.6 0.13 0.27 0
  1 13 1 0 100 0 0 0.3 0.7 0
  1 14 1 0 100 0 0 1 0 0
  1 15 1 0 100 0 1 0 0 0
  1 16 1 0 100 0 0 1 0 0
  1 17 1 0 100 0 1 0 0 0
  1 18 1 0 100 0 0.36 0.64 0 0
  1 19 1 0 100 0 0.22 0.78 0 0
  1 20 1 0 100 0 0.77 0.23 0 0
  1 21 1 0 100 0 0.76 0.24 0 0
  1 22 1 0 100 0 0 1 0 0
  1 23 1 0 100 0.03 0.97 0 0 0
  1 24 1 0 100 0 1 0 0 0
  1 25 1 0 100 0 0 1 0 0
  1 26 1 0 100 0 0.39 0.61 0 0
  1 27 1 0 100 0 0.5 0.5 0 0
  1 28 1 0 100 0 1 0 0 0
  1 29 1 0 100 0 1 0 0 0
  1 30 1 0 100 0 0.16 0.84 0 0
  1 31 1 0 100 0 0.52 0.48 0 0
  1 32 1 0 100 0 1 0 0 0
  1 33 1 0 100 0 0.73 0.27 0 0
  1 34 1 0 100 0 0.7 0.3 0 0
  1 35 1 0 100 0 0 0.87 0.13 0
  1 36 1 0 100 0 0.03 0.97 0 0
  1 37 1 0 100 0 1 0 0 0
  1 38 1 0 100 0 1 0 0 0
  1 39 1 0 100 0 1 0 0 0
  1 40 1 0 100 0 0 1 0 0
  1 41 1 0 100 0 0 1 0 0
  1 42 1 0 100 0.04 0.96 0 0 0
  1 1 2 0 100 0 0 0 1 0
  1 4 2 0 100 0 0 0 1 0
  1 5 2 0 100 0 0 0 1 0
  1 6 2 0 100 0 0 1 0 0
  1 7 2 0 100 0 0 0 1 0
  1 8 2 0 100 0 0 0 1 0
  1 9 2 0 100 0 0 0.51 0.49 0
  1 10 2 0 100 0 0 1 0 0
  1 11 2 0 100 0 0.11 0.03 0.86 0
  1 12 2 0 100 0 0.03 0.52 0.45 0
  1 13 2 0 100 0 0 0.76 0.24 0
  1 14 2 0 100 0 0 0 1 0
  1 15 2 0 100 0 0 0.69 0.31 0
  1 16 2 0 100 0 0 1 0 0
  1 17 2 0 100 0 0 1 0 0
  1 18 2 0 100 0 0.03 0.97 0 0
  1 19 2 0 100 0 0 1 0 0
  1 20 2 0 100 0 0 1 0 0
  1 21 2 0 100 0 0 0.12 0.88 0
  1 22 2 0 100 0 0 0.69 0.31 0
  1 23 2 0 100 0 0 1 0 0
  1 24 2 0 100 0 0 0.66 0.34 0
  1 25 2 0 100 0 0 0 1 0
  1 26 2 0 100 0 0 1 0 0
  1 27 2 0 100 0 0 1 0 0
  1 28 2 0 100 0 0 1 0 0
  1 29 2 0 100 0 0 1 0 0
  1 30 2 0 100 0 0 0.49 0.51 0
  1 31 2 0 100 0 0 0.72 0.28 0
  1 32 2 0 100 0 0 1 0 0
  1 33 2 0 100 0 0 1 0 0
  1 34 2 0 100 0 0 1 0 0
  1 35 2 0 100 0 0 1 0 0
  1 36 2 0 100 0 0 0 1 0
  1 37 2 0 100 0 0 1 0 0
  1 38 2 0 100 0 0 0.93 0.07 0
  1 39 2 0 100 0 0 1 0 0
  1 40 2 0 100 0 0 0.12 0.88 0
  1 41 2 0 100 0 0 0 1 0
  1 42 2 0 100 0 0.75 0.25 0 0
  1 1 3 0 100 0 0 0 1 0
  1 2 3 0 100 0 0 1 0 0
  1 3 3 0 100 0 0 0.19 0.81 0
  1 4 3 0 100 0 0 1 0 0
  1 5 3 0 100 0 0 0.9 0.1 0
  1 6 3 0 100 0 0 1 0 0
  1 7 3 0 100 0 0 1 0 0
  1 8 3 0 100 0 0 1 0 0
  1 9 3 0 100 0 1 0 0 0
  1 10 3 0 100 0 0 1 0 0
  1 11 3 0 100 0 0 1 0 0
  1 12 3 0 100 0 0.89 0.11 0 0
  1 13 3 0 100 0 0.25 0.75 0 0
  1 14 3 0 100 0 0 1 0 0
  1 15 3 0 100 0 0 1 0 0
  1 16 3 0 100 0 0.71 0.29 0 0
  1 17 3 0 100 0 0 1 0 0
  1 18 3 0 100 0 1 0 0 0
  1 19 3 0 100 0 0.1 0.9 0 0
  1 20 3 0 100 0 0 1 0 0
  1 21 3 0 100 0 1 0 0 0
  1 22 3 0 100 0 0 1 0 0
  1 23 3 0 100 0 0.77 0.23 0 0
  1 24 3 0 100 0 0.68 0.32 0 0
  1 25 3 0 100 0 1 0 0 0
  1 26 3 0 100 0 1 0 0 0
  1 27 3 0 100 0 0.05 0.95 0 0
  1 28 3 0 100 0 0.65 0.35 0 0
  1 29 3 0 100 0 1 0 0 0
  1 30 3 0 100 0 1 0 0 0
  1 31 3 0 100 0 0 1 0 0
  1 32 3 0 100 0 0 1 0 0
  1 33 3 0 100 0 0.94 0.06 0 0
  1 34 3 0 100 0 0.04 0.96 0 0
  1 35 3 0 100 0 0.5 0.5 0 0
  1 36 3 0 100 0 0.96 0.04 0 0
  1 37 3 0 100 0 0 1 0 0
  1 38 3 0 100 0 0 1 0 0
  1 39 3 0 100 0 0 1 0 0
  1 40 3 0 100 0 1 0 0 0
  1 41 3 0 100 0 0 1 0 0
  1 42 3 0 100 0 0 1 0 0
  1 1 4 0 100 0 1 0 0 0
  1 2 4 0 100 0 0 0.19 0.81 0
  1 3 4 0 100 0 0 1 0 0
  1 4 4 0 100 0 1 0 0 0
  1 5 4 0 100 0 1 0 0 0
  1 6 4 0 100 0 0.97 0.03 0 0
  1 7 4 0 100 0 0.51 0.49 0 0
  1 8 4 0 100 0 0.58 0 0.42 0
  1 9 4 0 100 0 0.63 0.37 0 0
  1 10 4 0 100 0 0 1 0 0
  1 11 4 0 100 0 0.71 0.29 0 0
  1 12 4 0 100 0 0.05 0.95 0 0
  1 13 4 0 100 0 0.8 0.2 0 0
  1 14 4 0 100 0 0.96 0.04 0 0
  1 15 4 0 100 0 0.33 0.67 0 0
  1 16 4 0 100 0 0.14 0.54 0.32 0
  1 17 4 0 100 0 0 1 0 0
  1 18 4 0 100 0 0.9 0.1 0 0
  1 19 4 0 100 0 0.98 0.02 0 0
  1 20 4 0 100 0 1 0 0 0
  1 21 4 0 100 0 0.66 0.34 0 0
  1 22 4 0 100 0 0.23 0.77 0 0
  1 23 4 0 100 0 1 0 0 0
  1 24 4 0 100 0 0.62 0.38 0 0
  1 25 4 0 100 0 0.2 0.8 0 0
  1 26 4 0 100 0 0 1 0 0
  1 27 4 0 100 0 0 1 0 0
  1 28 4 0 100 0 0 1 0 0
  1 29 4 0 100 0 0 1 0 0
  1 30 4 0 100 0 0 1 0 0
  1 31 4 0 100 0 0.13 0.87 0 0
  1 32 4 0 100 0 0 1 0 0
  1 33 4 0 100 0 0.99 0.01 0 0
  1 34 4 0 100 0.22 0.78 0 0 0
  1 35 4 0 100 0 1 0 0 0
  1 36 4 0 100 0 1 0 0 0
  1 37 4 0 100 0 1 0 0 0
  1 38 4 0 100 0 1 0 0 0
  1 39 4 0 100 0 1 0 0 0
  1 40 4 0 100 0 1 0 0 0
  1 41 4 0 100 0 0.87 0.13 0 0
  1 42 4 0 100 0 0.82 0.18 0 0
# end survey length observations 
#  
# Fishery catch data 
# Number of observations, init_int Ncatch_obs
  168
# init_matrix obs_catch_biomass(1,Ncatch_obs,1,6) 
# Fleet	Area	Year	Species	Catch(biomass t)	CV 
  1 1 1 1 53797.1412434277 0.15
  1 1 2 1 32068.9734572823 0.15
  1 1 3 1 31275.5099061639 0.15
  1 1 4 1 17238.7970409013 0.15
  1 1 5 1 21407.2636845242 0.15
  1 1 6 1 16085.189283093 0.15
  1 1 7 1 17640.3012133945 0.15
  1 1 8 1 15670.7236092466 0.15
  1 1 9 1 11864.6694972952 0.15
  1 1 10 1 9354.69373752904 0.15
  1 1 11 1 19464.6622801495 0.15
  1 1 12 1 16931.0558800935 0.15
  1 1 13 1 16439.7552270389 0.15
  1 1 14 1 12855.0310322937 0.15
  1 1 15 1 15530.350540697 0.15
  1 1 16 1 8114.33321210735 0.15
  1 1 17 1 6034.50534677023 0.15
  1 1 18 1 7087.46036467532 0.15
  1 1 19 1 7811.75266995655 0.15
  1 1 20 1 7175.52361231797 0.15
  1 1 21 1 2151.7147381999 0.15
  1 1 22 1 3488.62109864102 0.15
  1 1 23 1 6464.54624405753 0.15
  1 1 24 1 5141.99609793451 0.15
  1 1 25 1 4445.21090563052 0.15
  1 1 26 1 6311.15300166809 0.15
  1 1 27 1 4689.95721474085 0.15
  1 1 28 1 2685.93271162461 0.15
  1 1 29 1 2610.89929249543 0.15
  1 1 30 1 3614.83441446909 0.15
  1 1 31 1 4040.39381465714 0.15
  1 1 32 1 2377.4419673552 0.15
  1 1 33 1 2467.05798796791 0.15
  1 1 34 1 2525.6877397716 0.15
  1 1 35 1 1891.28001671644 0.15
  1 1 36 1 1626.18684447215 0.15
  1 1 37 1 1185.63411120577 0.15
  1 1 38 1 1229.48476866573 0.15
  1 1 39 1 1427.39212413156 0.15
  1 1 40 1 1099.58886195972 0.15
  1 1 41 1 1024.72171635579 0.15
  1 1 42 1 1331.15918080624 0.15
  1 1 1 4 8176.71448703321 0.15
  1 1 2 4 8975.13988652601 0.15
  1 1 3 4 9251.34849661103 0.15
  1 1 4 4 6305.35126829406 0.15
  1 1 5 4 8194.60086513265 0.15
  1 1 6 4 7679.61166151525 0.15
  1 1 7 4 8796.63434422292 0.15
  1 1 8 4 7339.48838959683 0.15
  1 1 9 4 7652.00438446899 0.15
  1 1 10 4 10215.2219162873 0.15
  1 1 11 4 8315.30103313308 0.15
  1 1 12 4 6810.1575945183 0.15
  1 1 13 4 8434.61013208412 0.15
  1 1 14 4 8836.52750214625 0.15
  1 1 15 4 7288.50156586896 0.15
  1 1 16 4 7068.25870788786 0.15
  1 1 17 4 7276.29349123692 0.15
  1 1 18 4 7028.01300246974 0.15
  1 1 19 4 7402.37161217578 0.15
  1 1 20 4 7539.11212565651 0.15
  1 1 21 4 3603.88764856227 0.15
  1 1 22 4 4571.26709914003 0.15
  1 1 23 4 6612.96765823707 0.15
  1 1 24 4 4634.95932457324 0.15
  1 1 25 4 5056.16178117292 0.15
  1 1 26 4 6315.89690474248 0.15
  1 1 27 4 4717.5197777384 0.15
  1 1 28 4 4300.80243078105 0.15
  1 1 29 4 4607.92267383588 0.15
  1 1 30 4 5697.21191862901 0.15
  1 1 31 4 5251.48551145877 0.15
  1 1 32 4 6375.33242143983 0.15
  1 1 33 4 5340.77621970974 0.15
  1 1 34 4 6011.3113870221 0.15
  1 1 35 4 4482.87386724673 0.15
  1 1 36 4 7115.70827848509 0.15
  1 1 37 4 5930.34228054162 0.15
  1 1 38 4 6289.55415181894 0.15
  1 1 39 4 6268.50040592077 0.15
  1 1 40 4 6217.95137552595 0.15
  1 1 41 4 5346.06502208973 0.15
  1 1 42 4 7593.0358677862 0.15
  2 1 1 2 1208.65602420567 0.15
  2 1 2 2 1080.30796173874 0.15
  2 1 3 2 771.257845751196 0.15
  2 1 4 2 832.316254316054 0.15
  2 1 5 2 890.603015644279 0.15
  2 1 6 2 905.91856048884 0.15
  2 1 7 2 844.131186915199 0.15
  2 1 8 2 1048.82658731211 0.15
  2 1 9 2 1199.86521119933 0.15
  2 1 10 2 1430.4334202893 0.15
  2 1 11 2 1738.70898046703 0.15
  2 1 12 2 1973.4919181489 0.15
  2 1 13 2 1990.67078579395 0.15
  2 1 14 2 2023.98526828814 0.15
  2 1 15 2 2236.99488428783 0.15
  2 1 16 2 2005.56678552848 0.15
  2 1 17 2 2063.79081077376 0.15
  2 1 18 2 2276.10331491162 0.15
  2 1 19 2 3258.45590438389 0.15
  2 1 20 2 7708.51707305596 0.15
  2 1 21 2 7950.30984168646 0.15
  2 1 22 2 10231.0966008333 0.15
  2 1 23 2 11122.9860664015 0.15
  2 1 24 2 7980.05207267822 0.15
  2 1 25 2 8060.09870083441 0.15
  2 1 26 2 7685.41551339985 0.15
  2 1 27 2 6782.08199157057 0.15
  2 1 28 2 8314.32234791663 0.15
  2 1 29 2 8393.88249365778 0.15
  2 1 30 2 9950.44500401822 0.15
  2 1 31 2 7394.27962970354 0.15
  2 1 32 2 7880.40682012706 0.15
  2 1 33 2 9547.19070732534 0.15
  2 1 34 2 10098.063006175 0.15
  2 1 35 2 12832.6686942671 0.15
  2 1 36 2 14186.0733647145 0.15
  2 1 37 2 12077.4710433012 0.15
  2 1 38 2 11151.8383547548 0.15
  2 1 39 2 10425.9296070607 0.15
  2 1 40 2 8877.70398764117 0.15
  2 1 41 2 7644.3599663056 0.15
  2 1 42 2 6403.09364335082 0.15
  2 1 1 3 421.341722701694 0.15
  2 1 2 3 522.630802245118 0.15
  2 1 3 3 410.971946948614 0.15
  2 1 4 3 551.831257463847 0.15
  2 1 5 3 911.607666826447 0.15
  2 1 6 3 1201.56825340543 0.15
  2 1 7 3 1674.08273611297 0.15
  2 1 8 3 1558.86807234278 0.15
  2 1 9 3 1709.79530047287 0.15
  2 1 10 3 1691.5775507073 0.15
  2 1 11 3 1950.5372245307 0.15
  2 1 12 3 1578.65880362594 0.15
  2 1 13 3 1703.04464583311 0.15
  2 1 14 3 1512.18700267564 0.15
  2 1 15 3 1327.00205878415 0.15
  2 1 16 3 1578.01059371817 0.15
  2 1 17 3 1767.47469927817 0.15
  2 1 18 3 1238.99789538291 0.15
  2 1 19 3 1070.52023267136 0.15
  2 1 20 3 1088.30432186938 0.15
  2 1 21 3 1399.50043817615 0.15
  2 1 22 3 898.628195036824 0.15
  2 1 23 3 980.964712133793 0.15
  2 1 24 3 1548.8168040438 0.15
  2 1 25 3 784.346309680302 0.15
  2 1 26 3 1776.6501739215 0.15
  2 1 27 3 1325.31988320516 0.15
  2 1 28 3 1062.75838520557 0.15
  2 1 29 3 1123.41380505693 0.15
  2 1 30 3 971.209625078624 0.15
  2 1 31 3 846.725940342229 0.15
  2 1 32 3 834.788171548791 0.15
  2 1 33 3 667.894688404247 0.15
  2 1 34 3 691.831586833661 0.15
  2 1 35 3 876.018503706856 0.15
  2 1 36 3 843.325364238103 0.15
  2 1 37 3 1213.33646851228 0.15
  2 1 38 3 1233.18709965391 0.15
  2 1 39 3 1590.66191379898 0.15
  2 1 40 3 1553.2138791715 0.15
  2 1 41 3 1726.97938464891 0.15
  2 1 42 3 1641.65355934075 0.15
# end catch observations 
#  
# Fishery size comp data 
# Number of observations, init_int Ncatch_size_obs 
  168
# init_matrix obs_catch_size(1,Ncatch_size_obs,1,ncol) 
# Fleet Area  Year  Species Type (0=whole, 1=retained, 2=discard) InpN, proportion by size bin 
  1 1 1 1 0 100 0 0 1 0 0
  1 1 2 1 0 100 0 0.67 0.33 0 0
  1 1 3 1 0 100 0 0.03 0.97 0 0
  1 1 4 1 0 100 0 0 0.72 0.28 0
  1 1 5 1 0 100 0 0.98 0 0 0.02
  1 1 6 1 0 100 0 0.29 0.71 0 0
  1 1 7 1 0 100 0 0.34 0.66 0 0
  1 1 8 1 0 100 0 0.11 0.89 0 0
  1 1 9 1 0 100 0 0.76 0.24 0 0
  1 1 10 1 0 100 0 0.85 0.15 0 0
  1 1 11 1 0 100 0 0.11 0.89 0 0
  1 1 12 1 0 100 0 0.56 0.44 0 0
  1 1 13 1 0 100 0 0.84 0.16 0 0
  1 1 14 1 0 100 0 0.74 0.26 0 0
  1 1 15 1 0 100 0 0.9 0.1 0 0
  1 1 16 1 0 100 0 0.41 0.59 0 0
  1 1 17 1 0 100 0 0.04 0.96 0 0
  1 1 18 1 0 100 0 0.6 0.4 0 0
  1 1 19 1 0 100 0 0 1 0 0
  1 1 20 1 0 100 0 0.02 0.36 0.62 0
  1 1 21 1 0 100 0 0.23 0.77 0 0
  1 1 22 1 0 100 0 1 0 0 0
  1 1 23 1 0 100 0 0.22 0.78 0 0
  1 1 24 1 0 100 0 0.48 0.52 0 0
  1 1 25 1 0 100 0 0.25 0.75 0 0
  1 1 26 1 0 100 0 0 1 0 0
  1 1 27 1 0 100 0 0 1 0 0
  1 1 28 1 0 100 0 0 0.93 0.07 0
  1 1 29 1 0 100 0 0.81 0.19 0 0
  1 1 30 1 0 100 0 0 1 0 0
  1 1 31 1 0 100 0 0 1 0 0
  1 1 32 1 0 100 0 0 1 0 0
  1 1 33 1 0 100 0 0.26 0.34 0.4 0
  1 1 34 1 0 100 0 0 1 0 0
  1 1 35 1 0 100 0 0 1 0 0
  1 1 36 1 0 100 0 0.74 0.26 0 0
  1 1 37 1 0 100 0 0.77 0.23 0 0
  1 1 38 1 0 100 0 0.35 0.65 0 0
  1 1 39 1 0 100 0 0.31 0.69 0 0
  1 1 40 1 0 100 0 0 1 0 0
  1 1 41 1 0 100 0 0 0.74 0.26 0
  1 1 42 1 0 100 0 0.42 0.37 0.21 0
  1 1 1 4 0 100 0 0 0.22 0.78 0
  1 1 2 4 0 100 0 0 0 1 0
  1 1 3 4 0 100 0 0 0 1 0
  1 1 4 4 0 100 0 0 1 0 0
  1 1 5 4 0 100 0 0 0.58 0.42 0
  1 1 6 4 0 100 0 0 0 1 0
  1 1 7 4 0 100 0 0 0 1 0
  1 1 8 4 0 100 0 0 0.52 0.48 0
  1 1 9 4 0 100 0 0 0.31 0.69 0
  1 1 10 4 0 100 0 0 0 1 0
  1 1 11 4 0 100 0 0 0 1 0
  1 1 12 4 0 100 0 0 0 1 0
  1 1 13 4 0 100 0 0 0.02 0.98 0
  1 1 14 4 0 100 0 0 0.89 0.11 0
  1 1 15 4 0 100 0 0 0.76 0.24 0
  1 1 16 4 0 100 0 0 0.68 0.32 0
  1 1 17 4 0 100 0 0 0.06 0.94 0
  1 1 18 4 0 100 0 0 0.56 0.44 0
  1 1 19 4 0 100 0 0 1 0 0
  1 1 20 4 0 100 0 0 1 0 0
  1 1 21 4 0 100 0 0 1 0 0
  1 1 22 4 0 100 0 0 1 0 0
  1 1 23 4 0 100 0 0 1 0 0
  1 1 24 4 0 100 0 0 0.72 0.28 0
  1 1 25 4 0 100 0 0 1 0 0
  1 1 26 4 0 100 0 0 1 0 0
  1 1 27 4 0 100 0 0 1 0 0
  1 1 28 4 0 100 0 0 1 0 0
  1 1 29 4 0 100 0 0 0.66 0.34 0
  1 1 30 4 0 100 0 0 1 0 0
  1 1 31 4 0 100 0 0 0.71 0.29 0
  1 1 32 4 0 100 0 0 0.63 0.37 0
  1 1 33 4 0 100 0 0 1 0 0
  1 1 34 4 0 100 0 0 1 0 0
  1 1 35 4 0 100 0 0 0.28 0.72 0
  1 1 36 4 0 100 0 0 1 0 0
  1 1 37 4 0 100 0 0 0.87 0.13 0
  1 1 38 4 0 100 0 0 0.85 0.15 0
  1 1 39 4 0 100 0 0 1 0 0
  1 1 40 4 0 100 0 0 1 0 0
  1 1 41 4 0 100 0 0 1 0 0
  1 1 42 4 0 100 0 0 1 0 0
  2 1 1 2 0 100 0 0 0.7 0.3 0
  2 1 2 2 0 100 0 0 0 1 0
  2 1 3 2 0 100 0 0 0.5 0.5 0
  2 1 4 2 0 100 0 0 0.61 0.39 0
  2 1 5 2 0 100 0 0 0.96 0.04 0
  2 1 6 2 0 100 0 0 0 1 0
  2 1 7 2 0 100 0 0 0 1 0
  2 1 8 2 0 100 0 0.17 0 0.83 0
  2 1 9 2 0 100 0 0 0 0 1
  2 1 10 2 0 100 0 0.73 0.27 0 0
  2 1 11 2 0 100 0 0 1 0 0
  2 1 12 2 0 100 0 0 0 0.73 0.27
  2 1 13 2 0 100 0 0 0.9 0.1 0
  2 1 14 2 0 100 0 0 0 1 0
  2 1 15 2 0 100 0 0 0.1 0.83 0.07
  2 1 16 2 0 100 0 0 0.71 0.29 0
  2 1 17 2 0 100 0 0 0 1 0
  2 1 18 2 0 100 0 0 0 1 0
  2 1 19 2 0 100 0 0 0.75 0.25 0
  2 1 20 2 0 100 0 0 0 1 0
  2 1 21 2 0 100 0 0 0.25 0.75 0
  2 1 22 2 0 100 0 0 0 1 0
  2 1 23 2 0 100 0 0 0.18 0.82 0
  2 1 24 2 0 100 0 0 0 1 0
  2 1 25 2 0 100 0 0.2 0.6 0.2 0
  2 1 26 2 0 100 0 0 0.21 0.79 0
  2 1 27 2 0 100 0 0 0 1 0
  2 1 28 2 0 100 0 0 0.31 0.69 0
  2 1 29 2 0 100 0 0 0.74 0.26 0
  2 1 30 2 0 100 0 0 0 1 0
  2 1 31 2 0 100 0 0 0.24 0.76 0
  2 1 32 2 0 100 0 0 0.54 0.46 0
  2 1 33 2 0 100 0 0 0 1 0
  2 1 34 2 0 100 0 0 1 0 0
  2 1 35 2 0 100 0 0 0 1 0
  2 1 36 2 0 100 0 0 0 1 0
  2 1 37 2 0 100 0 0 0 1 0
  2 1 38 2 0 100 0 0 0 1 0
  2 1 39 2 0 100 0 0 0 1 0
  2 1 40 2 0 100 0 0 0.54 0.46 0
  2 1 41 2 0 100 0 0 0 1 0
  2 1 42 2 0 100 0 0 0 1 0
  2 1 1 3 0 100 0 0 0.44 0.56 0
  2 1 2 3 0 100 0 0 0 1 0
  2 1 3 3 0 100 0 0 1 0 0
  2 1 4 3 0 100 0 0 0 1 0
  2 1 5 3 0 100 0 0 0.67 0.33 0
  2 1 6 3 0 100 0 0 0.85 0.15 0
  2 1 7 3 0 100 0 0 1 0 0
  2 1 8 3 0 100 0 0 0.32 0.68 0
  2 1 9 3 0 100 0 0 1 0 0
  2 1 10 3 0 100 0 0 1 0 0
  2 1 11 3 0 100 0 0 0.26 0.74 0
  2 1 12 3 0 100 0 0 0 1 0
  2 1 13 3 0 100 0 0 0.2 0.8 0
  2 1 14 3 0 100 0 0 0 0.48 0.52
  2 1 15 3 0 100 0 0 1 0 0
  2 1 16 3 0 100 0 0 1 0 0
  2 1 17 3 0 100 0 0 1 0 0
  2 1 18 3 0 100 0 0.78 0.22 0 0
  2 1 19 3 0 100 0 0 0.84 0.16 0
  2 1 20 3 0 100 0 0 0.93 0.07 0
  2 1 21 3 0 100 0 0 0.21 0.79 0
  2 1 22 3 0 100 0 0 0.49 0.51 0
  2 1 23 3 0 100 0 0 1 0 0
  2 1 24 3 0 100 0 0 1 0 0
  2 1 25 3 0 100 0 0 1 0 0
  2 1 26 3 0 100 0 0.16 0.84 0 0
  2 1 27 3 0 100 0 0 1 0 0
  2 1 28 3 0 100 0 0 1 0 0
  2 1 29 3 0 100 0 0 0.12 0.88 0
  2 1 30 3 0 100 0 0 1 0 0
  2 1 31 3 0 100 0 0 1 0 0
  2 1 32 3 0 100 0 0 1 0 0
  2 1 33 3 0 100 0 0 1 0 0
  2 1 34 3 0 100 0 0.7 0.3 0 0
  2 1 35 3 0 100 0 0.5 0.5 0 0
  2 1 36 3 0 100 0 0 1 0 0
  2 1 37 3 0 100 0 0 1 0 0
  2 1 38 3 0 100 0 0 1 0 0
  2 1 39 3 0 100 0 0 1 0 0
  2 1 40 3 0 100 0 0 1 0 0
  2 1 41 3 0 100 0 0 1 0 0
  2 1 42 3 0 100 0 0.39 0.61 0 0
# end fishery length observations 
#  
# Survey diet proportion observations 
# Number of observations, init_int Ndietprop_obs 
  89
# init_matrix obs_dietprop(1,Ndietprop_obs,1,ncol) 
# Survey  Year  Predator  Predator_size InpN  wt_prey_1 wt_prey_2 wt_prey_3 wt_prey_4 wt_prey_5 wt_prey_6 wt_prey_7 wt_prey_8 wt_prey_9 wt_prey_10 wt_prey_11 other 
  1 2 1 4 100 1 0 0 0 0
  1 6 4 3 100 0 0 0 0 1
  1 8 4 2 100 0 0 0.6 0 0.4
  1 8 4 3 100 0 0 0 0 1
  1 9 4 4 100 0 0.32 0 0 0.68
  1 11 1 3 100 0.1 0 0 0 0.9
  1 11 4 3 100 0 0 0 0 1
  1 12 1 2 100 0 0 0 0 1
  1 12 1 3 100 0 0.36 0 0 0.64
  1 13 1 3 100 0 0.73 0 0 0.27
  1 13 1 4 100 0 0 0 0 1
  1 13 4 2 100 0 1 0 0 0
  1 13 4 3 100 0 0 0 0 1
  1 13 4 4 100 0 0.47 0 0 0.53
  1 14 1 3 100 0 0 0 0 1
  1 14 1 4 100 1 0 0 0 0
  1 14 4 3 100 0 0 0 0 1
  1 14 4 4 100 0 0 0 0 1
  1 15 1 2 100 0 0 0 0 1
  1 15 1 3 100 0 0.39 0 0 0.61
  1 15 4 3 100 0 0 0.32 0 0.68
  1 15 4 4 100 0 0 0 0 1
  1 16 1 3 100 0 0.35 0 0 0.65
  1 16 1 4 100 0 0 0 0 1
  1 16 4 3 100 0 0 0 0 1
  1 16 4 4 100 0 0 0 0 1
  1 17 4 2 100 0 0.27 0.73 0 0
  1 17 4 3 100 0 0.6 0 0 0.4
  1 18 1 1 100 0 0 0 0 1
  1 18 1 2 100 0 0.13 0 0 0.87
  1 18 1 3 100 0 0 0 0 1
  1 18 4 3 100 0 0 0 0 1
  1 19 1 2 100 0 0 0 0 1
  1 19 1 3 100 0 0.74 0 0 0.26
  1 19 1 4 100 0 0.4 0.47 0 0.13
  1 19 4 2 100 0 0 0.16 0 0.84
  1 19 4 3 100 0 0 0 0 1
  1 20 1 3 100 0 0.18 0 0 0.82
  1 20 4 2 100 0 0 0 0 1
  1 20 4 3 100 0 0 0 0 1
  1 21 1 2 100 0 0.61 0 0 0.39
  1 21 1 3 100 0 0 0 0 1
  1 21 1 4 100 0 0.6 0 0 0.4
  1 21 4 3 100 0 1 0 0 0
  1 22 1 3 100 0 0 0 0 1
  1 22 4 2 100 0 0.01 0 0 0.99
  1 22 4 3 100 0 0 0 0 1
  1 23 1 3 100 0 0 0 0 1
  1 23 4 3 100 0 0.41 0 0 0.59
  1 24 1 3 100 0 0.09 0 0 0.91
  1 24 1 4 100 0 0 0 0 1
  1 24 4 3 100 0 0 0 0 1
  1 25 1 2 100 0 0 0 0 1
  1 25 1 3 100 0 0.11 0 0 0.89
  1 25 4 3 100 0 0 0.68 0 0.32
  1 25 4 4 100 0 0.74 0 0 0.26
  1 26 1 3 100 0 0 0 0 1
  1 26 4 3 100 0 0.43 0 0 0.57
  1 27 1 3 100 0 0 0 0 1
  1 27 1 4 100 0 0.52 0 0 0.48
  1 27 4 2 100 0 1 0 0 0
  1 27 4 3 100 0 0 0 0 1
  1 28 1 3 100 0 1 0 0 0
  1 28 4 2 100 0 0 0 0 1
  1 28 4 3 100 0 1 0 0 0
  1 29 1 3 100 0 0.3 0 0 0.7
  1 29 4 3 100 0 0 0 0 1
  1 30 4 3 100 0 0.95 0 0 0.05
  1 31 4 3 100 0 0 1 0 0
  1 31 4 4 100 0 0 1 0 0
  1 33 1 3 100 0 0 0 0 1
  1 33 4 3 100 0 1 0 0 0
  1 34 1 3 100 0 0.33 0 0 0.67
  1 34 4 3 100 0 0 0 0 1
  1 35 1 1 100 0 0 0 0 1
  1 35 1 2 100 0 1 0 0 0
  1 35 1 3 100 0 0 0 0 1
  1 35 4 3 100 0 0.48 0 0 0.52
  1 36 1 3 100 0 0.54 0 0 0.46
  1 36 4 2 100 0 0 0.5 0 0.5
  1 36 4 3 100 0 0 0 0 1
  1 37 4 3 100 0 0 0 0 1
  1 38 1 3 100 0 0 0 0 1
  1 39 1 3 100 0 0 0.41 0 0.59
  1 40 1 2 100 0 0 0 0 1
  1 40 4 3 100 0 0 0 0 1
  1 40 4 4 100 0 0.85 0 0 0.15
  1 41 1 2 100 0 0 0 0 1
  1 42 4 3 100 0 0 0.13 0 0.87
# end survey diet proportion observations 
#  
