# This file was created using the write_tsDatFile function and used all the simulated data from sim_dta.rds found in repo:Hydra-self-testing
# Survey index data 
# Number of observations, init_int Nsurvey_obs
  166
# init_matrix obs_survey_biomass(1,Nsurvey_obs,1,5)
# survey year spp value cv
  1 1 4 164263.367024772 0.2
  1 2 4 105105.315023833 0.2
  1 3 4 91109.4153271019 0.2
  1 4 4 112057.223055703 0.2
  1 5 4 68015.8688600634 0.2
  1 6 4 179109.882761835 0.2
  1 7 4 61212.7104566861 0.2
  1 8 4 73439.2207712036 0.2
  1 9 4 267891.446004377 0.2
  1 10 4 113747.505369135 0.2
  1 11 4 26079.5177749904 0.2
  1 12 4 73409.0082921324 0.2
  1 13 4 63481.2686127284 0.2
  1 14 4 60313.2861833576 0.2
  1 15 4 118374.59796795 0.2
  1 16 4 120842.172876488 0.2
  1 17 4 141958.821139168 0.2
  1 18 4 111729.690810129 0.2
  1 19 4 116984.191090278 0.2
  1 20 4 35273.1273752301 0.2
  1 21 4 181281.214191309 0.2
  1 22 4 115041.009617242 0.2
  1 23 4 203948.72865612 0.2
  1 24 4 296815.077602262 0.2
  1 25 4 252608.035907138 0.2
  1 26 4 90282.7350473801 0.2
  1 27 4 173746.978097176 0.2
  1 28 4 247990.147293716 0.2
  1 29 4 311379.540274446 0.2
  1 30 4 152799.566722648 0.2
  1 31 4 205533.391291603 0.2
  1 32 4 230258.415353534 0.2
  1 33 4 173649.451351373 0.2
  1 34 4 252643.872976742 0.2
  1 35 4 194836.899003202 0.2
  1 36 4 237876.137509614 0.2
  1 37 4 296587.846484204 0.2
  1 38 4 331161.148701654 0.2
  1 39 4 92360.4838855953 0.2
  1 40 4 318909.925435471 0.2
  1 41 4 201630.413023171 0.2
  1 42 4 127349.18309748 0.2
  1 1 2 833.859638804377 0.2
  1 4 2 481.254206390638 0.2
  1 5 2 143.393347513459 0.2
  1 6 2 286.601616407675 0.2
  1 7 2 861.120207428291 0.2
  1 8 2 85.8485415814454 0.2
  1 9 2 436.233670971797 0.2
  1 10 2 437.990749347222 0.2
  1 11 2 75.686709345153 0.2
  1 12 2 849.519995344103 0.2
  1 13 2 773.380997469933 0.2
  1 14 2 178.947656402995 0.2
  1 15 2 1619.98759574321 0.2
  1 16 2 790.6562390758 0.2
  1 17 2 265.644482970475 0.2
  1 18 2 587.283435960202 0.2
  1 19 2 836.659334759739 0.2
  1 20 2 701.985207281857 0.2
  1 21 2 1572.45649930947 0.2
  1 22 2 3070.57082428142 0.2
  1 23 2 5215.62182504444 0.2
  1 24 2 12857.3769961697 0.2
  1 25 2 1520.00738520638 0.2
  1 26 2 1847.14230671505 0.2
  1 27 2 670.602926787157 0.2
  1 28 2 1735.30238509851 0.2
  1 29 2 2805.68620409122 0.2
  1 30 2 2983.02640124138 0.2
  1 31 2 960.155002408138 0.2
  1 32 2 1719.77691962641 0.2
  1 33 2 3689.94026431176 0.2
  1 34 2 6809.15921178783 0.2
  1 35 2 1779.74694189738 0.2
  1 36 2 7800.92258538732 0.2
  1 37 2 633.890215788054 0.2
  1 38 2 5120.50455594175 0.2
  1 39 2 2847.42118591658 0.2
  1 40 2 1794.38052916953 0.2
  1 41 2 3778.37544032923 0.2
  1 42 2 1481.8202838582 0.2
  1 1 1 22727.8663064389 0.2
  1 2 1 16164.3053190022 0.2
  1 3 1 13144.1925458187 0.2
  1 4 1 7537.1866291917 0.2
  1 5 1 10938.5630610047 0.2
  1 6 1 13120.9976913096 0.2
  1 7 1 5663.6593398387 0.2
  1 8 1 5058.64680855347 0.2
  1 9 1 9490.37486328081 0.2
  1 10 1 15175.6035259661 0.2
  1 11 1 14377.7786094593 0.2
  1 12 1 7613.77738484172 0.2
  1 13 1 12301.4818079886 0.2
  1 14 1 12486.3361253618 0.2
  1 15 1 7567.83053958092 0.2
  1 16 1 5486.69671278342 0.2
  1 17 1 1668.1704152927 0.2
  1 18 1 4794.40668760008 0.2
  1 19 1 5646.69687433816 0.2
  1 20 1 11881.900846941 0.2
  1 21 1 6767.26183859553 0.2
  1 22 1 6865.4848952001 0.2
  1 23 1 10282.9930995263 0.2
  1 24 1 5484.52400788187 0.2
  1 25 1 8038.68343011893 0.2
  1 26 1 4101.35085650091 0.2
  1 27 1 5057.72160648755 0.2
  1 28 1 9469.08365157333 0.2
  1 29 1 7734.66018711903 0.2
  1 30 1 2820.51415887427 0.2
  1 31 1 6390.57588485941 0.2
  1 32 1 6760.44568509719 0.2
  1 33 1 2555.95824539762 0.2
  1 34 1 3457.55208478576 0.2
  1 35 1 2096.86905102059 0.2
  1 36 1 1867.91808555207 0.2
  1 37 1 2796.51730292781 0.2
  1 38 1 1747.03013020031 0.2
  1 39 1 2070.99660983765 0.2
  1 40 1 2837.01708821626 0.2
  1 41 1 6229.33363875517 0.2
  1 42 1 3041.32999778648 0.2
  1 1 3 91.7460341385768 0.2
  1 2 3 142.588516698869 0.2
  1 3 3 239.930393204219 0.2
  1 4 3 247.320154301625 0.2
  1 5 3 287.082133638844 0.2
  1 6 3 190.093658888935 0.2
  1 7 3 1396.70392809092 0.2
  1 8 3 760.799679494019 0.2
  1 9 3 242.798352452712 0.2
  1 10 3 1252.98209472618 0.2
  1 11 3 562.735408527178 0.2
  1 12 3 747.789489738259 0.2
  1 13 3 386.929584842549 0.2
  1 14 3 463.24139828801 0.2
  1 15 3 240.406359433289 0.2
  1 16 3 179.508164889742 0.2
  1 17 3 505.300764770601 0.2
  1 18 3 251.74724235965 0.2
  1 19 3 668.796142584011 0.2
  1 20 3 312.21832803057 0.2
  1 21 3 182.791469879344 0.2
  1 22 3 601.377807043645 0.2
  1 23 3 188.913763410196 0.2
  1 24 3 594.084769613809 0.2
  1 25 3 556.654420847022 0.2
  1 26 3 247.826819275428 0.2
  1 27 3 268.892350268889 0.2
  1 28 3 202.384481013648 0.2
  1 29 3 456.199292591764 0.2
  1 30 3 216.306152225777 0.2
  1 31 3 342.789618174579 0.2
  1 32 3 196.080924517582 0.2
  1 33 3 353.33242445208 0.2
  1 34 3 101.156541206521 0.2
  1 35 3 108.178301344085 0.2
  1 36 3 226.434557332871 0.2
  1 37 3 305.42464645552 0.2
  1 38 3 827.928626536267 0.2
  1 39 3 602.147362048673 0.2
  1 40 3 333.665675953427 0.2
  1 41 3 145737.314593489 0.2
  1 42 3 99824.8153476138 0.2
# end survey index observations 
#  
# Survey size comp data 
# Number of observations, init_int Nsurvey_size_obs 
  166
# init_matrix obs_survey_size(1,Nsurvey_size_obs,1,ncol) 
# Survey  Year  Species Type (0=whole, 1=retained, 2=discard) InpN, proportion by length bin 
  1 1 1 0 57 0.02 0.32 0.59 0.07 0
  1 2 1 0 65 0.02 0.29 0.59 0.1 0
  1 3 1 0 32 0.02 0.25 0.66 0.07 0
  1 4 1 0 32 0.06 0.39 0.46 0.09 0
  1 5 1 0 21 0 0.39 0.55 0.06 0
  1 6 1 0 18 0.01 0.32 0.63 0.04 0
  1 7 1 0 25 0.02 0.4 0.51 0.07 0
  1 8 1 0 20 0.02 0.36 0.59 0.03 0
  1 9 1 0 16 0.06 0.53 0.37 0.04 0
  1 10 1 0 19 0 0.31 0.66 0.03 0
  1 11 1 0 20 0.01 0.27 0.66 0.06 0
  1 12 1 0 22 0.04 0.4 0.52 0.04 0
  1 13 1 0 23 0.01 0.24 0.67 0.08 0
  1 14 1 0 14 0.01 0.29 0.61 0.09 0
  1 15 1 0 21 0.02 0.32 0.62 0.04 0
  1 16 1 0 14 0.01 0.32 0.62 0.05 0
  1 17 1 0 17 0.04 0.45 0.48 0.03 0
  1 18 1 0 19 0.01 0.36 0.6 0.03 0
  1 19 1 0 18 0.01 0.25 0.7 0.04 0
  1 20 1 0 15 0.01 0.34 0.62 0.03 0
  1 21 1 0 21 0 0.44 0.5 0.06 0
  1 22 1 0 13 0 0.36 0.55 0.09 0
  1 23 1 0 14 0 0.27 0.58 0.15 0
  1 24 1 0 14 0.02 0.26 0.57 0.15 0
  1 25 1 0 18 0.02 0.25 0.63 0.1 0
  1 26 1 0 14 0 0.17 0.69 0.14 0
  1 27 1 0 23 0.01 0.22 0.56 0.21 0
  1 28 1 0 14 0 0.34 0.54 0.12 0
  1 29 1 0 17 0.01 0.28 0.55 0.16 0
  1 30 1 0 18 0 0.22 0.65 0.13 0
  1 31 1 0 20 0.02 0.21 0.61 0.16 0
  1 32 1 0 10 0.02 0.17 0.6 0.21 0
  1 33 1 0 15 0.03 0.14 0.63 0.2 0
  1 34 1 0 18 0 0.21 0.61 0.18 0
  1 35 1 0 8 0 0.21 0.54 0.25 0
  1 36 1 0 12 0.02 0.29 0.47 0.22 0
  1 37 1 0 8 0.03 0.29 0.53 0.15 0
  1 38 1 0 16 0.01 0.26 0.61 0.12 0
  1 39 1 0 10 0.01 0.26 0.56 0.17 0
  1 40 1 0 10 0.01 0.17 0.64 0.18 0
  1 41 1 0 13 0.03 0.33 0.56 0.08 0
  1 42 1 0 8 0.02 0.48 0.42 0.08 0
  1 1 2 0 11 0 0.05 0.1 0.56 0.29
  1 4 2 0 1 0 0.11 0.32 0.44 0.13
  1 5 2 0 5 0 0.12 0.29 0.53 0.06
  1 6 2 0 1 0 0.1 0.24 0.56 0.1
  1 7 2 0 3 0 0.16 0.34 0.46 0.04
  1 8 2 0 4 0 0.23 0.24 0.48 0.05
  1 9 2 0 5 0 0.33 0.24 0.42 0.01
  1 10 2 0 10 0 0.18 0.37 0.44 0.01
  1 11 2 0 13 0 0.22 0.35 0.42 0.01
  1 12 2 0 15 0 0.12 0.39 0.49 0
  1 13 2 0 9 0 0.09 0.29 0.62 0
  1 14 2 0 6 0 0.1 0.25 0.65 0
  1 15 2 0 13 0 0.05 0.34 0.61 0
  1 16 2 0 10 0 0.12 0.29 0.58 0.01
  1 17 2 0 10 0 0.53 0.1 0.37 0
  1 18 2 0 18 0 0.34 0.39 0.27 0
  1 19 2 0 27 0 0.13 0.54 0.33 0
  1 20 2 0 23 0 0.17 0.45 0.38 0
  1 21 2 0 25 0 0.04 0.35 0.61 0
  1 22 2 0 9 0 0.05 0.21 0.74 0
  1 23 2 0 8 0 0.1 0.19 0.71 0
  1 24 2 0 9 0 0.07 0.2 0.73 0
  1 25 2 0 14 0 0.1 0.18 0.72 0
  1 26 2 0 18 0 0.26 0.18 0.56 0
  1 27 2 0 16 0 0.12 0.33 0.55 0
  1 28 2 0 6 0 0.03 0.3 0.67 0
  1 29 2 0 8 0 0.04 0.24 0.72 0
  1 30 2 0 17 0 0.08 0.26 0.66 0
  1 31 2 0 9 0 0.48 0.11 0.41 0
  1 32 2 0 30 0 0.13 0.48 0.39 0
  1 33 2 0 24 0 0.11 0.41 0.48 0
  1 34 2 0 25 0 0.08 0.27 0.65 0
  1 35 2 0 16 0 0.03 0.18 0.79 0
  1 36 2 0 13 0 0.02 0.19 0.79 0
  1 37 2 0 8 0 0.06 0.17 0.77 0
  1 38 2 0 10 0 0.04 0.15 0.81 0
  1 39 2 0 13 0 0.01 0.08 0.91 0
  1 40 2 0 8 0 0.06 0.1 0.84 0
  1 41 2 0 5 0 0.11 0.08 0.81 0
  1 42 2 0 17 0 0.19 0.13 0.68 0
  1 1 3 0 27 0 0.18 0.24 0.58 0
  1 2 3 0 13 0.06 0.19 0.33 0.42 0
  1 3 3 0 5 0.18 0.54 0.07 0.21 0
  1 4 3 0 2 0.09 0.38 0.26 0.27 0
  1 5 3 0 5 0 0.26 0.41 0.33 0
  1 6 3 0 1 0.02 0.19 0.47 0.32 0
  1 7 3 0 3 0.01 0.16 0.44 0.39 0
  1 8 3 0 3 0 0.13 0.41 0.46 0
  1 9 3 0 4 0.01 0.11 0.38 0.5 0
  1 10 3 0 4 0.03 0.1 0.35 0.52 0
  1 11 3 0 4 0.01 0.09 0.37 0.53 0
  1 12 3 0 2 0.05 0.1 0.33 0.52 0
  1 13 3 0 8 0.03 0.19 0.26 0.52 0
  1 14 3 0 19 0.03 0.15 0.33 0.49 0
  1 15 3 0 15 0.02 0.12 0.3 0.56 0
  1 16 3 0 12 0.02 0.13 0.26 0.59 0
  1 17 3 0 14 0.02 0.14 0.24 0.6 0
  1 18 3 0 14 0.04 0.18 0.37 0.41 0
  1 19 3 0 15 0.02 0.14 0.28 0.56 0
  1 20 3 0 17 0 0.16 0.3 0.54 0
  1 21 3 0 12 0.04 0.13 0.37 0.46 0
  1 22 3 0 11 0.02 0.13 0.29 0.56 0
  1 23 3 0 16 0.04 0.1 0.36 0.5 0
  1 24 3 0 15 0.04 0.1 0.24 0.62 0
  1 25 3 0 4 0.01 0.08 0.33 0.58 0
  1 26 3 0 14 0.01 0.11 0.33 0.55 0
  1 27 3 0 6 0.02 0.14 0.32 0.52 0
  1 28 3 0 4 0 0.07 0.34 0.59 0
  1 29 3 0 2 0.02 0.06 0.24 0.68 0
  1 30 3 0 10 0 0.14 0.32 0.54 0
  1 31 3 0 9 0.01 0.14 0.3 0.55 0
  1 32 3 0 12 0.03 0.09 0.26 0.62 0
  1 33 3 0 5 0.04 0.19 0.19 0.58 0
  1 34 3 0 9 0.07 0.35 0.2 0.38 0
  1 35 3 0 5 0.08 0.33 0.39 0.2 0
  1 36 3 0 5 0.03 0.16 0.44 0.37 0
  1 37 3 0 3 0.03 0.21 0.48 0.28 0
  1 38 3 0 15 0.01 0.2 0.39 0.4 0
  1 39 3 0 12 0.02 0.2 0.31 0.47 0
  1 40 3 0 9 0.02 0.23 0.37 0.38 0
  1 41 3 0 8 0.03 0.18 0.4 0.39 0
  1 42 3 0 12 0.01 0.1 0.4 0.49 0
  1 1 4 0 86 0.02 0.32 0.53 0.13 0
  1 2 4 0 100 0.04 0.3 0.55 0.11 0
  1 3 4 0 33 0.04 0.31 0.54 0.11 0
  1 4 4 0 44 0 0.37 0.51 0.12 0
  1 5 4 0 34 0.01 0.38 0.5 0.11 0
  1 6 4 0 40 0.01 0.36 0.56 0.07 0
  1 7 4 0 39 0.03 0.32 0.58 0.07 0
  1 8 4 0 49 0.04 0.4 0.5 0.06 0
  1 9 4 0 36 0.05 0.35 0.53 0.07 0
  1 10 4 0 43 0.03 0.41 0.46 0.1 0
  1 11 4 0 41 0.01 0.3 0.62 0.07 0
  1 12 4 0 35 0.03 0.35 0.56 0.06 0
  1 13 4 0 32 0.05 0.41 0.49 0.05 0
  1 14 4 0 21 0 0.34 0.58 0.08 0
  1 15 4 0 30 0 0.31 0.59 0.1 0
  1 16 4 0 19 0.01 0.26 0.67 0.06 0
  1 17 4 0 35 0.03 0.3 0.58 0.09 0
  1 18 4 0 27 0.02 0.37 0.54 0.07 0
  1 19 4 0 34 0.01 0.31 0.59 0.09 0
  1 20 4 0 42 0.03 0.32 0.55 0.1 0
  1 21 4 0 41 0.01 0.37 0.53 0.09 0
  1 22 4 0 44 0.02 0.37 0.54 0.07 0
  1 23 4 0 28 0.01 0.3 0.58 0.11 0
  1 24 4 0 34 0.02 0.22 0.62 0.14 0
  1 25 4 0 36 0.01 0.24 0.63 0.12 0
  1 26 4 0 31 0.02 0.28 0.63 0.07 0
  1 27 4 0 39 0.04 0.23 0.6 0.13 0
  1 28 4 0 38 0.03 0.32 0.54 0.11 0
  1 29 4 0 48 0.01 0.3 0.57 0.12 0
  1 30 4 0 38 0.01 0.28 0.6 0.11 0
  1 31 4 0 61 0.02 0.27 0.61 0.1 0
  1 32 4 0 48 0.02 0.23 0.63 0.12 0
  1 33 4 0 49 0 0.29 0.6 0.11 0
  1 34 4 0 44 0.02 0.31 0.56 0.11 0
  1 35 4 0 61 0.03 0.3 0.55 0.12 0
  1 36 4 0 67 0 0.23 0.62 0.15 0
  1 37 4 0 57 0 0.27 0.49 0.24 0
  1 38 4 0 38 0.02 0.36 0.52 0.1 0
  1 39 4 0 52 0.01 0.25 0.65 0.09 0
  1 40 4 0 43 0.02 0.29 0.53 0.16 0
  1 41 4 0 42 0 0.21 0.61 0.18 0
  1 42 4 0 61 0.04 0.2 0.67 0.09 0
# end survey length observations 
#  
# Fishery catch data 
# Number of observations, init_int Ncatch_obs
  168
# init_matrix obs_catch_biomass(1,Ncatch_obs,1,6) 
# Fleet	Area	Year	Species	Catch(biomass t)	CV 
  1 1 1 1 42385.5524067639 0.05
  1 1 2 1 47550.0110530213 0.05
  1 1 3 1 26085.4675471151 0.05
  1 1 4 1 24555.2083028619 0.05
  1 1 5 1 13856.7456097381 0.05
  1 1 6 1 14187.2612501812 0.05
  1 1 7 1 15638.8071554542 0.05
  1 1 8 1 15561.7861362803 0.05
  1 1 9 1 8535.69499606794 0.05
  1 1 10 1 11343.3017365849 0.05
  1 1 11 1 23460.805685624 0.05
  1 1 12 1 22165.6194383933 0.05
  1 1 13 1 15589.4251294461 0.05
  1 1 14 1 20794.9595084679 0.05
  1 1 15 1 19129.1284657245 0.05
  1 1 16 1 6239.53538888607 0.05
  1 1 17 1 11829.105468493 0.05
  1 1 18 1 7448.27353759563 0.05
  1 1 19 1 3322.80703882096 0.05
  1 1 20 1 6314.21350863607 0.05
  1 1 21 1 3609.32219802013 0.05
  1 1 22 1 3941.82918411089 0.05
  1 1 23 1 4331.86491441972 0.05
  1 1 24 1 5251.42374449506 0.05
  1 1 25 1 4830.43697683296 0.05
  1 1 26 1 5838.31166956803 0.05
  1 1 27 1 5194.35084252008 0.05
  1 1 28 1 3108.71040099728 0.05
  1 1 29 1 4444.46997680415 0.05
  1 1 30 1 3468.38020304682 0.05
  1 1 31 1 4940.84161271355 0.05
  1 1 32 1 2783.32505369592 0.05
  1 1 33 1 2700.23270777758 0.05
  1 1 34 1 1978.94932775869 0.05
  1 1 35 1 1377.37690227355 0.05
  1 1 36 1 1435.8218724866 0.05
  1 1 37 1 1636.10428229453 0.05
  1 1 38 1 1311.3130779454 0.05
  1 1 39 1 1775.42983206589 0.05
  1 1 40 1 1708.91658039475 0.05
  1 1 41 1 1534.34780390537 0.05
  1 1 42 1 1203.39022112008 0.05
  1 1 1 4 10144.4072093982 0.05
  1 1 2 4 7983.23024096602 0.05
  1 1 3 4 8136.3005713198 0.05
  1 1 4 4 5939.71207367104 0.05
  1 1 5 4 8061.04079592611 0.05
  1 1 6 4 5757.29170671103 0.05
  1 1 7 4 9133.59637407205 0.05
  1 1 8 4 9559.53555723527 0.05
  1 1 9 4 8564.67990538788 0.05
  1 1 10 4 7015.28757539309 0.05
  1 1 11 4 5085.69072934603 0.05
  1 1 12 4 7070.70538790279 0.05
  1 1 13 4 6548.33194050935 0.05
  1 1 14 4 7413.59994490256 0.05
  1 1 15 4 7033.60860178128 0.05
  1 1 16 4 6718.2634706996 0.05
  1 1 17 4 7050.0936817183 0.05
  1 1 18 4 9609.57080148059 0.05
  1 1 19 4 8406.9101868254 0.05
  1 1 20 4 8693.61496495785 0.05
  1 1 21 4 3757.34926117019 0.05
  1 1 22 4 3435.87495325168 0.05
  1 1 23 4 3258.93937765931 0.05
  1 1 24 4 4983.65824539475 0.05
  1 1 25 4 5532.68337544029 0.05
  1 1 26 4 6044.30215751558 0.05
  1 1 27 4 7340.33133400075 0.05
  1 1 28 4 4829.69873526082 0.05
  1 1 29 4 4443.96056536518 0.05
  1 1 30 4 5505.76783386312 0.05
  1 1 31 4 6850.95751569014 0.05
  1 1 32 4 5833.3752400586 0.05
  1 1 33 4 4109.65663805472 0.05
  1 1 34 4 8722.40728094526 0.05
  1 1 35 4 9860.48756375326 0.05
  1 1 36 4 6319.88414098201 0.05
  1 1 37 4 8883.67185094597 0.05
  1 1 38 4 6222.23073115792 0.05
  1 1 39 4 5630.3314643762 0.05
  1 1 40 4 6904.92871798467 0.05
  1 1 41 4 6002.79863070258 0.05
  1 1 42 4 6430.00497375085 0.05
  2 1 1 2 1052.59713115109 0.05
  2 1 2 2 778.455537048718 0.05
  2 1 3 2 1294.01412064165 0.05
  2 1 4 2 900.130158111568 0.05
  2 1 5 2 576.338808611889 0.05
  2 1 6 2 1058.97525110189 0.05
  2 1 7 2 942.321654912368 0.05
  2 1 8 2 976.494687697792 0.05
  2 1 9 2 1443.38126819408 0.05
  2 1 10 2 1635.01662139368 0.05
  2 1 11 2 1867.31378358261 0.05
  2 1 12 2 1653.41639627637 0.05
  2 1 13 2 1822.63184569439 0.05
  2 1 14 2 2375.08169405879 0.05
  2 1 15 2 2076.62059830697 0.05
  2 1 16 2 1800.84277815422 0.05
  2 1 17 2 2595.20921796933 0.05
  2 1 18 2 1777.58240115042 0.05
  2 1 19 2 3198.8605090269 0.05
  2 1 20 2 6173.68083215012 0.05
  2 1 21 2 8085.86819448228 0.05
  2 1 22 2 7928.4845734577 0.05
  2 1 23 2 7524.12471125414 0.05
  2 1 24 2 10415.7921199605 0.05
  2 1 25 2 8185.5567197336 0.05
  2 1 26 2 6028.10034891131 0.05
  2 1 27 2 7314.02086186088 0.05
  2 1 28 2 8446.42547409216 0.05
  2 1 29 2 9881.72609013145 0.05
  2 1 30 2 11794.467909052 0.05
  2 1 31 2 9942.31853977241 0.05
  2 1 32 2 12927.368676936 0.05
  2 1 33 2 9815.09457107972 0.05
  2 1 34 2 19238.8115226523 0.05
  2 1 35 2 13319.3002976254 0.05
  2 1 36 2 16008.6757662497 0.05
  2 1 37 2 15341.233444745 0.05
  2 1 38 2 11026.1468363005 0.05
  2 1 39 2 9141.2294565226 0.05
  2 1 40 2 8169.08525007325 0.05
  2 1 41 2 8985.06719485513 0.05
  2 1 42 2 7602.34644298222 0.05
  2 1 1 3 573.005034621499 0.05
  2 1 2 3 547.697047834649 0.05
  2 1 3 3 585.025655898106 0.05
  2 1 4 3 511.481103145824 0.05
  2 1 5 3 913.355395917511 0.05
  2 1 6 3 1366.92651696461 0.05
  2 1 7 3 1552.45451725684 0.05
  2 1 8 3 1404.55028973511 0.05
  2 1 9 3 1602.06283908506 0.05
  2 1 10 3 2197.06568858932 0.05
  2 1 11 3 1831.87783103153 0.05
  2 1 12 3 1065.38271453185 0.05
  2 1 13 3 1654.04223180902 0.05
  2 1 14 3 1482.43503370601 0.05
  2 1 15 3 1643.34490741589 0.05
  2 1 16 3 1504.40828718772 0.05
  2 1 17 3 1489.89527166217 0.05
  2 1 18 3 1648.27985820039 0.05
  2 1 19 3 1192.37424963125 0.05
  2 1 20 3 1205.06666429393 0.05
  2 1 21 3 1030.25238370329 0.05
  2 1 22 3 812.651469949428 0.05
  2 1 23 3 1481.2962165045 0.05
  2 1 24 3 1100.78598345849 0.05
  2 1 25 3 1490.28631519176 0.05
  2 1 26 3 1082.10943397377 0.05
  2 1 27 3 819.63362770098 0.05
  2 1 28 3 1452.48524743595 0.05
  2 1 29 3 1195.38848983129 0.05
  2 1 30 3 1091.07539850798 0.05
  2 1 31 3 997.09810802135 0.05
  2 1 32 3 624.064670280515 0.05
  2 1 33 3 851.038361778722 0.05
  2 1 34 3 673.985495469949 0.05
  2 1 35 3 800.839356541509 0.05
  2 1 36 3 1378.45039519843 0.05
  2 1 37 3 1561.95392097219 0.05
  2 1 38 3 1329.28808305253 0.05
  2 1 39 3 2404.00640942833 0.05
  2 1 40 3 1465.86650771322 0.05
  2 1 41 3 73515.4209832941 0.05
  2 1 42 3 31612.2338543627 0.05
# end catch observations 
#  
# Fishery size comp data 
# Number of observations, init_int Ncatch_size_obs 
  168
# init_matrix obs_catch_size(1,Ncatch_size_obs,1,ncol) 
# Fleet Area  Year  Species Type (0=whole, 1=retained, 2=discard) InpN, proportion by size bin 
  1 1 1 1 0 81 0.02 0.31 0.61 0.05 0.01
  1 1 2 1 0 73 0 0.4 0.58 0.02 0
  1 1 3 1 0 65 0.01 0.37 0.62 0 0
  1 1 4 1 0 56 0.03 0.33 0.57 0.07 0
  1 1 5 1 0 120 0.01 0.56 0.39 0.04 0
  1 1 6 1 0 130 0 0.42 0.53 0.05 0
  1 1 7 1 0 94 0.02 0.36 0.56 0.06 0
  1 1 8 1 0 94 0.01 0.38 0.55 0.06 0
  1 1 9 1 0 82 0.07 0.35 0.54 0.04 0
  1 1 10 1 0 76 0 0.58 0.39 0.03 0
  1 1 11 1 0 74 0.01 0.5 0.47 0.02 0
  1 1 12 1 0 65 0.04 0.33 0.59 0.04 0
  1 1 13 1 0 77 0.01 0.42 0.53 0.04 0
  1 1 14 1 0 88 0.03 0.37 0.59 0.01 0
  1 1 15 1 0 66 0.01 0.42 0.52 0.05 0
  1 1 16 1 0 69 0.02 0.35 0.59 0.04 0
  1 1 17 1 0 43 0.04 0.32 0.6 0.04 0
  1 1 18 1 0 34 0.03 0.39 0.48 0.1 0
  1 1 19 1 0 55 0.03 0.4 0.53 0.04 0
  1 1 20 1 0 64 0.03 0.45 0.45 0.07 0
  1 1 21 1 0 77 0.04 0.44 0.47 0.05 0
  1 1 22 1 0 67 0.02 0.35 0.51 0.12 0
  1 1 23 1 0 133 0.04 0.24 0.69 0.03 0
  1 1 24 1 0 98 0.04 0.22 0.63 0.11 0
  1 1 25 1 0 91 0.01 0.19 0.75 0.05 0
  1 1 26 1 0 77 0.01 0.23 0.65 0.11 0
  1 1 27 1 0 102 0 0.15 0.71 0.14 0
  1 1 28 1 0 76 0.03 0.21 0.64 0.12 0
  1 1 29 1 0 110 0.03 0.33 0.55 0.09 0
  1 1 30 1 0 100 0 0.26 0.57 0.17 0
  1 1 31 1 0 108 0 0.32 0.54 0.14 0
  1 1 32 1 0 118 0 0.19 0.66 0.15 0
  1 1 33 1 0 129 0 0.22 0.67 0.11 0
  1 1 34 1 0 90 0 0.17 0.66 0.17 0
  1 1 35 1 0 69 0.03 0.16 0.71 0.1 0
  1 1 36 1 0 80 0.01 0.21 0.63 0.15 0
  1 1 37 1 0 62 0.01 0.27 0.58 0.14 0
  1 1 38 1 0 94 0.03 0.29 0.51 0.17 0
  1 1 39 1 0 75 0 0.32 0.57 0.11 0
  1 1 40 1 0 75 0 0.3 0.58 0.12 0
  1 1 41 1 0 35 0.01 0.23 0.58 0.18 0
  1 1 42 1 0 22 0.07 0.29 0.54 0.1 0
  1 1 1 4 0 5 0.02 0.15 0.65 0.17 0.01
  1 1 2 4 0 5 0.01 0.29 0.58 0.12 0
  1 1 3 4 0 5 0.05 0.25 0.58 0.12 0
  1 1 4 4 0 5 0.03 0.36 0.53 0.08 0
  1 1 5 4 0 5 0.02 0.35 0.6 0.03 0
  1 1 6 4 0 5 0.03 0.32 0.56 0.09 0
  1 1 7 4 0 5 0.02 0.33 0.59 0.06 0
  1 1 8 4 0 5 0.03 0.43 0.49 0.05 0
  1 1 9 4 0 5 0.01 0.29 0.62 0.08 0
  1 1 10 4 0 5 0 0.32 0.59 0.09 0
  1 1 11 4 0 1 0.01 0.35 0.58 0.06 0
  1 1 12 4 0 5 0.03 0.41 0.51 0.05 0
  1 1 13 4 0 1 0.02 0.32 0.53 0.13 0
  1 1 14 4 0 2 0 0.44 0.49 0.07 0
  1 1 15 4 0 8 0.02 0.34 0.54 0.1 0
  1 1 16 4 0 3 0.03 0.38 0.55 0.04 0
  1 1 17 4 0 3 0 0.36 0.55 0.09 0
  1 1 18 4 0 1 0.02 0.38 0.54 0.06 0
  1 1 19 4 0 3 0.01 0.4 0.54 0.05 0
  1 1 20 4 0 3 0.02 0.36 0.55 0.07 0
  1 1 21 4 0 3 0 0.32 0.64 0.04 0
  1 1 22 4 0 2 0.02 0.28 0.63 0.07 0
  1 1 23 4 0 6 0.03 0.22 0.62 0.13 0
  1 1 24 4 0 1 0.02 0.23 0.65 0.1 0
  1 1 25 4 0 1 0.01 0.24 0.6 0.15 0
  1 1 26 4 0 2 0.01 0.31 0.55 0.13 0
  1 1 27 4 0 2 0.01 0.28 0.64 0.07 0
  1 1 28 4 0 4 0.02 0.25 0.61 0.12 0
  1 1 29 4 0 7 0.01 0.3 0.55 0.14 0
  1 1 30 4 0 6 0.02 0.18 0.68 0.12 0
  1 1 31 4 0 10 0 0.22 0.65 0.13 0
  1 1 32 4 0 7 0.01 0.24 0.61 0.14 0
  1 1 33 4 0 15 0.01 0.18 0.67 0.14 0
  1 1 34 4 0 19 0.01 0.22 0.62 0.15 0
  1 1 35 4 0 13 0 0.26 0.64 0.1 0
  1 1 36 4 0 23 0.02 0.2 0.65 0.13 0
  1 1 37 4 0 7 0.03 0.17 0.59 0.21 0
  1 1 38 4 0 7 0 0.17 0.67 0.16 0
  1 1 39 4 0 19 0 0.24 0.68 0.08 0
  1 1 40 4 0 25 0 0.18 0.63 0.19 0
  1 1 41 4 0 31 0.01 0.16 0.71 0.12 0
  1 1 42 4 0 31 0.03 0.23 0.61 0.13 0
  2 1 1 2 0 2 0 0.01 0.2 0.62 0.17
  2 1 2 2 0 5 0 0.01 0.1 0.71 0.18
  2 1 3 2 0 2 0 0.03 0.16 0.62 0.19
  2 1 4 2 0 5 0 0.04 0.37 0.45 0.14
  2 1 5 2 0 5 0 0.05 0.35 0.54 0.06
  2 1 6 2 0 5 0 0.04 0.34 0.57 0.05
  2 1 7 2 0 5 0.01 0.04 0.3 0.6 0.05
  2 1 8 2 0 1 0 0.05 0.34 0.58 0.03
  2 1 9 2 0 5 0 0.03 0.44 0.51 0.02
  2 1 10 2 0 5 0 0.06 0.36 0.57 0.01
  2 1 11 2 0 2 0.01 0.08 0.47 0.44 0
  2 1 12 2 0 5 0 0.07 0.44 0.49 0
  2 1 13 2 0 5 0 0.05 0.44 0.51 0
  2 1 14 2 0 5 0 0.01 0.42 0.57 0
  2 1 15 2 0 5 0 0 0.31 0.69 0
  2 1 16 2 0 5 0 0 0.37 0.63 0
  2 1 17 2 0 5 0.03 0.01 0.3 0.66 0
  2 1 18 2 0 5 0 0.19 0.22 0.59 0
  2 1 19 2 0 5 0 0.09 0.61 0.3 0
  2 1 20 2 0 30 0 0.05 0.65 0.3 0
  2 1 21 2 0 46 0 0.04 0.48 0.48 0
  2 1 22 2 0 10 0 0.01 0.38 0.61 0
  2 1 23 2 0 19 0 0 0.24 0.76 0
  2 1 24 2 0 61 0 0 0.25 0.75 0
  2 1 25 2 0 29 0 0 0.25 0.75 0
  2 1 26 2 0 32 0 0.01 0.27 0.72 0
  2 1 27 2 0 16 0 0.08 0.2 0.72 0
  2 1 28 2 0 31 0 0.02 0.42 0.56 0
  2 1 29 2 0 44 0 0.02 0.29 0.69 0
  2 1 30 2 0 29 0 0.03 0.26 0.71 0
  2 1 31 2 0 25 0.01 0.02 0.27 0.7 0
  2 1 32 2 0 22 0 0.14 0.18 0.68 0
  2 1 33 2 0 35 0 0.05 0.5 0.45 0
  2 1 34 2 0 28 0 0 0.53 0.47 0
  2 1 35 2 0 45 0 0.02 0.32 0.66 0
  2 1 36 2 0 51 0 0 0.3 0.7 0
  2 1 37 2 0 41 0 0.01 0.2 0.79 0
  2 1 38 2 0 36 0 0.03 0.23 0.74 0
  2 1 39 2 0 20 0 0 0.1 0.9 0
  2 1 40 2 0 14 0 0.03 0.17 0.8 0
  2 1 41 2 0 17 0.01 0.02 0.15 0.82 0
  2 1 42 2 0 24 0 0.01 0.21 0.78 0
  2 1 1 3 0 1 0 0.53 0.07 0.4 0
  2 1 2 3 0 5 0.01 0.32 0.43 0.24 0
  2 1 3 3 0 5 0.03 0.23 0.45 0.29 0
  2 1 4 3 0 1 0.04 0.58 0.2 0.18 0
  2 1 5 3 0 6 0.02 0.4 0.51 0.07 0
  2 1 6 3 0 4 0 0.26 0.55 0.19 0
  2 1 7 3 0 5 0 0.31 0.62 0.07 0
  2 1 8 3 0 1 0 0.27 0.55 0.18 0
  2 1 9 3 0 1 0 0.24 0.59 0.17 0
  2 1 10 3 0 1 0.01 0.24 0.5 0.25 0
  2 1 11 3 0 2 0 0.24 0.49 0.27 0
  2 1 12 3 0 5 0.02 0.2 0.46 0.32 0
  2 1 13 3 0 4 0 0.14 0.5 0.36 0
  2 1 14 3 0 8 0 0.25 0.44 0.31 0
  2 1 15 3 0 11 0 0.22 0.45 0.33 0
  2 1 16 3 0 5 0 0.18 0.6 0.22 0
  2 1 17 3 0 5 0 0.23 0.51 0.26 0
  2 1 18 3 0 1 0 0.22 0.51 0.27 0
  2 1 19 3 0 1 0 0.23 0.54 0.23 0
  2 1 20 3 0 4 0.01 0.22 0.48 0.29 0
  2 1 21 3 0 3 0 0.16 0.54 0.3 0
  2 1 22 3 0 4 0.01 0.31 0.46 0.22 0
  2 1 23 3 0 3 0 0.19 0.54 0.27 0
  2 1 24 3 0 3 0.01 0.18 0.48 0.33 0
  2 1 25 3 0 2 0.01 0.24 0.49 0.26 0
  2 1 26 3 0 4 0 0.27 0.48 0.25 0
  2 1 27 3 0 5 0.01 0.19 0.49 0.31 0
  2 1 28 3 0 4 0.01 0.14 0.56 0.29 0
  2 1 29 3 0 4 0 0.23 0.46 0.31 0
  2 1 30 3 0 24 0 0.11 0.51 0.38 0
  2 1 31 3 0 10 0 0.16 0.42 0.42 0
  2 1 32 3 0 12 0.01 0.1 0.48 0.41 0
  2 1 33 3 0 4 0.03 0.16 0.49 0.32 0
  2 1 34 3 0 6 0.05 0.27 0.33 0.35 0
  2 1 35 3 0 2 0 0.48 0.34 0.18 0
  2 1 36 3 0 10 0.02 0.44 0.43 0.11 0
  2 1 37 3 0 9 0.01 0.31 0.58 0.1 0
  2 1 38 3 0 13 0 0.31 0.51 0.18 0
  2 1 39 3 0 16 0.01 0.24 0.57 0.18 0
  2 1 40 3 0 27 0 0.25 0.56 0.19 0
  2 1 41 3 0 15 0 0.25 0.51 0.24 0
  2 1 42 3 0 16 0 0.25 0.63 0.12 0
# end fishery length observations 
#  
# Survey diet proportion observations 
# Number of observations, init_int Ndietprop_obs 
  112
# init_matrix obs_dietprop(1,Ndietprop_obs,1,ncol) 
# Survey  Year  Predator  Predator_size InpN  wt_prey_1 wt_prey_2 wt_prey_3 wt_prey_4 wt_prey_5 wt_prey_6 wt_prey_7 wt_prey_8 wt_prey_9 wt_prey_10 wt_prey_11 other 
  1 12 1 2 25 0 0 0 0 1
  1 12 1 3 25 0.41 0 0 0 0.59
  1 13 1 3 25 0 0 0 0 1
  1 13 1 4 25 0 1 0 0 0
  1 15 1 2 25 0 0 0 0 1
  1 18 1 1 25 0.73 0 0 0 0.27
  1 18 1 2 25 0 0 0 0 1
  1 18 1 3 25 0 0 0 0 1
  1 19 1 2 25 0 0.45 0 0 0.55
  1 19 1 3 25 0 0 0 0 1
  1 20 1 3 25 0 0.84 0 0 0.16
  1 21 1 2 25 0 0 0 0 1
  1 21 1 3 25 0 0.07 0 0 0.93
  1 24 1 3 25 0 0.91 0 0 0.09
  1 25 1 3 25 0 0.22 0 0 0.78
  1 26 1 3 25 0 0.12 0.88 0 0
  1 27 1 3 25 0 0.02 0.81 0 0.17
  1 28 1 3 25 0 1 0 0 0
  1 33 1 3 25 0 0 0 0 1
  1 34 1 3 25 0 0.45 0 0 0.55
  1 35 1 3 25 0 0.02 0 0 0.98
  1 38 1 3 25 0 0 0 0 1
  1 39 1 3 25 0 0 0 0 1
  1 40 1 2 25 0 0.36 0 0 0.64
  1 41 1 2 25 0 0 0.57 0 0.43
  2 2 1 4 25 1 0 0 0 0
  2 11 1 3 25 0 0 0 0 1
  2 14 1 3 25 0 0 0 0 1
  2 14 1 4 25 0 0 0 0 1
  2 15 1 3 25 0 0 0 0 1
  2 16 1 3 25 0 0.24 0 0 0.76
  2 16 1 4 25 0 0.02 0 0 0.98
  2 19 1 3 25 0 0.37 0.02 0 0.61
  2 19 1 4 25 0 0.79 0 0 0.21
  2 21 1 3 25 0 0.74 0 0 0.26
  2 21 1 4 25 0 0 0.05 0 0.95
  2 22 1 3 25 0 0.09 0 0 0.91
  2 23 1 3 25 0 0.77 0 0 0.23
  2 24 1 3 25 0 0 0.23 0 0.77
  2 24 1 4 25 0 1 0 0 0
  2 25 1 2 25 0 0 0 0 1
  2 25 1 3 25 0 0 0 0 1
  2 26 1 3 25 0 0.78 0 0 0.22
  2 27 1 3 25 0 0 0 0 1
  2 27 1 4 25 0 0 0 0 1
  2 29 1 3 25 0 0.06 0 0 0.94
  2 33 1 3 25 0 0 0 0 1
  2 35 1 1 25 0 0.6 0 0 0.4
  2 35 1 2 25 0 0 0 0 1
  2 35 1 3 25 0 0.55 0 0 0.45
  2 36 1 3 25 0 0.88 0 0 0.12
  2 39 1 3 25 0 0 0.25 0 0.75
  2 40 1 2 25 0 0 0 0 1
  1 8 4 2 25 0 0 0 0 1
  1 8 4 3 25 0 0 0 0 1
  1 11 4 3 25 0 0 0 0 1
  1 13 4 2 25 0 0 0 0 1
  1 13 4 3 25 0 0.66 0 0 0.34
  1 13 4 4 25 0 0.16 0 0 0.84
  1 14 4 3 25 0 0 0 0 1
  1 15 4 3 25 0 1 0 0 0
  1 15 4 4 25 0 0.1 0 0 0.9
  1 16 4 3 25 0 1 0 0 0
  1 16 4 4 25 0 0.79 0 0 0.21
  1 17 4 3 25 0 0 0 0 1
  1 18 4 3 25 0 0 0 0 1
  1 19 4 2 25 0 0.09 0 0 0.91
  1 19 4 3 25 0 0.63 0 0 0.37
  1 20 4 2 25 0 0 0.6 0 0.4
  1 20 4 3 25 0 0.09 0 0 0.91
  1 21 4 3 25 0 0.54 0 0 0.46
  1 22 4 2 25 0 0 0 0 1
  1 23 4 3 25 0 0.26 0 0 0.74
  1 24 4 3 25 0 0 0 0 1
  1 25 4 3 25 0 0 0 0 1
  1 25 4 4 25 0 1 0 0 0
  1 26 4 3 25 0 0 0 0 1
  1 27 4 2 25 0 0 0 0 1
  1 27 4 3 25 0 0.25 0 0 0.75
  1 28 4 2 25 0 0 0.61 0 0.39
  1 28 4 3 25 0 0 0 0 1
  1 29 4 3 25 0 0 0 0 1
  1 31 4 3 25 0 0.38 0 0 0.62
  1 31 4 4 25 0 0 0 0 1
  1 34 4 3 25 0 0 0 0 1
  1 40 4 3 25 0 0 0.66 0 0.34
  1 40 4 4 25 0 0 0.9 0 0.1
  1 42 4 3 25 0 0.06 0 0 0.94
  2 6 4 3 25 0 0 0.4 0 0.6
  2 8 4 3 25 0 0 0.12 0 0.88
  2 9 4 4 25 0 0 0 0 1
  2 14 4 4 25 0 0 0 0 1
  2 15 4 3 25 0 0 0 0 1
  2 16 4 3 25 0 0 0 0 1
  2 17 4 2 25 0 0 0 0 1
  2 18 4 3 25 0 0 0 0 1
  2 19 4 3 25 0 0 0 0 1
  2 21 4 3 25 0 0 0 0 1
  2 22 4 3 25 0 0.76 0 0 0.24
  2 23 4 3 25 0 0 0 0 1
  2 24 4 3 25 0 0.51 0.27 0 0.22
  2 25 4 3 25 0 0.58 0 0 0.42
  2 25 4 4 25 0 0 1 0 0
  2 27 4 3 25 0 0 0 0 1
  2 30 4 3 25 0 0 0 0 1
  2 33 4 3 25 0 0.19 0 0 0.81
  2 34 4 3 25 0 1 0 0 0
  2 35 4 3 25 0 0.88 0 0 0.12
  2 36 4 2 25 0 0.29 0 0 0.71
  2 36 4 3 25 0 0.32 0 0 0.68
  2 37 4 3 25 0 0 0 0 1
  2 42 4 3 25 0 0 0.41 0 0.59
# end survey diet proportion observations 
#  
