# This file was created using the write_tsDatFile function and used all the simulated data from sim_dta.rds found in repo:Hydra-self-testing
# Survey index data 
# Number of observations, init_int Nsurvey_obs
  166
# init_matrix obs_survey_biomass(1,Nsurvey_obs,1,5)
# survey year spp value cv
  1 1 4 145950.401333611 0.2
  1 2 4 139425.226035642 0.2
  1 3 4 131107.997212865 0.2
  1 4 4 107510.971643187 0.2
  1 5 4 101041.099588871 0.2
  1 6 4 85443.4931715771 0.2
  1 7 4 62697.175080592 0.2
  1 8 4 192952.944887237 0.2
  1 9 4 176572.938378713 0.2
  1 10 4 84343.0721675494 0.2
  1 11 4 64283.2681019228 0.2
  1 12 4 308495.776135792 0.2
  1 13 4 60793.286825561 0.2
  1 14 4 172245.459301383 0.2
  1 15 4 180196.579350463 0.2
  1 16 4 58904.8427791559 0.2
  1 17 4 113363.863369634 0.2
  1 18 4 63928.9939031242 0.2
  1 19 4 69599.9535849094 0.2
  1 20 4 106241.335582978 0.2
  1 21 4 84096.4033407273 0.2
  1 22 4 94623.3226955068 0.2
  1 23 4 343117.985960793 0.2
  1 24 4 140014.589532776 0.2
  1 25 4 182345.510624623 0.2
  1 26 4 223918.121978732 0.2
  1 27 4 82791.4528913336 0.2
  1 28 4 148468.302453153 0.2
  1 29 4 306156.747062443 0.2
  1 30 4 110035.66638013 0.2
  1 31 4 331927.308582102 0.2
  1 32 4 228973.160033096 0.2
  1 33 4 198059.394502306 0.2
  1 34 4 202963.843275866 0.2
  1 35 4 181579.893700578 0.2
  1 36 4 235383.441737218 0.2
  1 37 4 339883.419107943 0.2
  1 38 4 378449.39978977 0.2
  1 39 4 175791.110081903 0.2
  1 40 4 149393.416051356 0.2
  1 41 4 184758.876626006 0.2
  1 42 4 399866.829990436 0.2
  1 1 2 181.691727744207 0.2
  1 4 2 117.663846937662 0.2
  1 5 2 87.1173804304597 0.2
  1 6 2 224.635870570005 0.2
  1 7 2 134.088075892182 0.2
  1 8 2 196.093357639765 0.2
  1 9 2 472.637624638064 0.2
  1 10 2 171.669638110878 0.2
  1 11 2 1233.93818177959 0.2
  1 12 2 514.252491892437 0.2
  1 13 2 439.799458851986 0.2
  1 14 2 413.978130107305 0.2
  1 15 2 222.670311496252 0.2
  1 16 2 466.974204235324 0.2
  1 17 2 444.827733868779 0.2
  1 18 2 636.982135562491 0.2
  1 19 2 1829.7296407985 0.2
  1 20 2 2934.5940925557 0.2
  1 21 2 1676.0625332451 0.2
  1 22 2 1546.09050824174 0.2
  1 23 2 549.840236650071 0.2
  1 24 2 997.299178692489 0.2
  1 25 2 1790.17814806133 0.2
  1 26 2 3268.93271414747 0.2
  1 27 2 646.114450210299 0.2
  1 28 2 4859.05905579688 0.2
  1 29 2 2928.64251488424 0.2
  1 30 2 1510.24247487117 0.2
  1 31 2 976.469011396152 0.2
  1 32 2 1168.81826759897 0.2
  1 33 2 2148.06664652125 0.2
  1 34 2 11120.1474722613 0.2
  1 35 2 2832.38694347861 0.2
  1 36 2 5504.06932494646 0.2
  1 37 2 1106.92509931302 0.2
  1 38 2 3433.29125350464 0.2
  1 39 2 9204.34101371024 0.2
  1 40 2 1697.35893382638 0.2
  1 41 2 1480.26018508655 0.2
  1 42 2 661.958585977952 0.2
  1 1 1 18789.9395908387 0.2
  1 2 1 18756.4482119081 0.2
  1 3 1 12158.2048500223 0.2
  1 4 1 7908.0973203665 0.2
  1 5 1 15467.7242269365 0.2
  1 6 1 11847.9721462684 0.2
  1 7 1 13026.9667832697 0.2
  1 8 1 13007.6876221469 0.2
  1 9 1 8058.50425158236 0.2
  1 10 1 12969.0094658312 0.2
  1 11 1 13842.4340696023 0.2
  1 12 1 9683.58079158058 0.2
  1 13 1 11415.8896862593 0.2
  1 14 1 10651.2701383337 0.2
  1 15 1 4296.6211655893 0.2
  1 16 1 5671.24043630266 0.2
  1 17 1 1934.62740350604 0.2
  1 18 1 2914.3487455677 0.2
  1 19 1 3683.57338018876 0.2
  1 20 1 9845.79693702378 0.2
  1 21 1 6708.08065339485 0.2
  1 22 1 6970.90248522418 0.2
  1 23 1 9150.473836634 0.2
  1 24 1 9213.15490956739 0.2
  1 25 1 5697.43180617152 0.2
  1 26 1 7527.29129141639 0.2
  1 27 1 11565.950625879 0.2
  1 28 1 5441.3922437773 0.2
  1 29 1 3342.65360332634 0.2
  1 30 1 6654.03109725969 0.2
  1 31 1 4952.39908791293 0.2
  1 32 1 3709.51420945213 0.2
  1 33 1 1084.57422500628 0.2
  1 34 1 3582.12389872451 0.2
  1 35 1 1570.74498325363 0.2
  1 36 1 701.101652359949 0.2
  1 37 1 1869.89956053709 0.2
  1 38 1 2355.33152869181 0.2
  1 39 1 1751.84977154633 0.2
  1 40 1 2181.48513163936 0.2
  1 41 1 1970.85793046867 0.2
  1 42 1 2431.25305680333 0.2
  1 1 3 121.09947854032 0.2
  1 2 3 87.5175530496035 0.2
  1 3 3 390.539199979122 0.2
  1 4 3 109.580388701545 0.2
  1 5 3 1186.72937969972 0.2
  1 6 3 71.0752994728714 0.2
  1 7 3 850.07600435583 0.2
  1 8 3 637.996246723449 0.2
  1 9 3 165.138891533777 0.2
  1 10 3 256.207763016943 0.2
  1 11 3 414.354181659983 0.2
  1 12 3 783.275230924925 0.2
  1 13 3 872.11670364287 0.2
  1 14 3 199.720992008389 0.2
  1 15 3 222.190548694837 0.2
  1 16 3 239.702345371332 0.2
  1 17 3 265.324193997989 0.2
  1 18 3 356.905816662917 0.2
  1 19 3 135.041007753726 0.2
  1 20 3 226.026010718112 0.2
  1 21 3 124.554751227365 0.2
  1 22 3 74.6411632423366 0.2
  1 23 3 657.911265430179 0.2
  1 24 3 1938.50806285849 0.2
  1 25 3 633.748418894385 0.2
  1 26 3 55.9970101340942 0.2
  1 27 3 463.01956852941 0.2
  1 28 3 172.115106838747 0.2
  1 29 3 1249.96685618679 0.2
  1 30 3 65.9731117077603 0.2
  1 31 3 385.655231122859 0.2
  1 32 3 178.295800236004 0.2
  1 33 3 108.476554895283 0.2
  1 34 3 184.993153100271 0.2
  1 35 3 125.074714197959 0.2
  1 36 3 151.128245426422 0.2
  1 37 3 346.127192141126 0.2
  1 38 3 311.948852320696 0.2
  1 39 3 812.241362859911 0.2
  1 40 3 185.932840091198 0.2
  1 41 3 160510.436913641 0.2
  1 42 3 133713.082667594 0.2
# end survey index observations 
#  
# Survey size comp data 
# Number of observations, init_int Nsurvey_size_obs 
  166
# init_matrix obs_survey_size(1,Nsurvey_size_obs,1,ncol) 
# Survey  Year  Species Type (0=whole, 1=retained, 2=discard) InpN, proportion by length bin 
  1 1 1 0 57 0.02 0.34 0.58 0.05 0.01
  1 2 1 0 65 0.01 0.33 0.6 0.06 0
  1 3 1 0 32 0.01 0.3 0.57 0.12 0
  1 4 1 0 32 0.05 0.43 0.45 0.07 0
  1 5 1 0 21 0 0.38 0.57 0.05 0
  1 6 1 0 18 0.01 0.33 0.58 0.08 0
  1 7 1 0 25 0.02 0.35 0.59 0.04 0
  1 8 1 0 20 0.02 0.3 0.6 0.08 0
  1 9 1 0 16 0.01 0.46 0.45 0.08 0
  1 10 1 0 19 0.02 0.31 0.63 0.04 0
  1 11 1 0 20 0 0.38 0.59 0.03 0
  1 12 1 0 22 0.01 0.41 0.55 0.03 0
  1 13 1 0 23 0.01 0.33 0.57 0.09 0
  1 14 1 0 14 0 0.31 0.66 0.03 0
  1 15 1 0 21 0.03 0.29 0.61 0.07 0
  1 16 1 0 14 0.01 0.28 0.6 0.11 0
  1 17 1 0 17 0.01 0.35 0.62 0.02 0
  1 18 1 0 19 0.03 0.4 0.55 0.02 0
  1 19 1 0 18 0.01 0.41 0.53 0.05 0
  1 20 1 0 15 0 0.47 0.5 0.03 0
  1 21 1 0 21 0.02 0.38 0.5 0.1 0
  1 22 1 0 13 0 0.28 0.59 0.13 0
  1 23 1 0 14 0.01 0.24 0.59 0.16 0
  1 24 1 0 14 0.02 0.24 0.65 0.09 0
  1 25 1 0 18 0.01 0.26 0.58 0.15 0
  1 26 1 0 14 0 0.2 0.62 0.18 0
  1 27 1 0 23 0.01 0.29 0.58 0.12 0
  1 28 1 0 14 0.01 0.26 0.57 0.16 0
  1 29 1 0 17 0 0.3 0.61 0.09 0
  1 30 1 0 18 0 0.28 0.54 0.18 0
  1 31 1 0 20 0 0.22 0.62 0.16 0
  1 32 1 0 10 0 0.13 0.7 0.17 0
  1 33 1 0 15 0.02 0.16 0.68 0.14 0
  1 34 1 0 18 0 0.21 0.6 0.19 0
  1 35 1 0 8 0.01 0.32 0.57 0.1 0
  1 36 1 0 12 0.01 0.25 0.6 0.14 0
  1 37 1 0 8 0 0.35 0.51 0.14 0
  1 38 1 0 16 0.01 0.2 0.61 0.18 0
  1 39 1 0 10 0.01 0.29 0.53 0.17 0
  1 40 1 0 10 0 0.24 0.61 0.15 0
  1 41 1 0 13 0.01 0.37 0.51 0.11 0
  1 42 1 0 8 0.02 0.45 0.47 0.06 0
  1 1 2 0 11 0 0.03 0.13 0.55 0.29
  1 4 2 0 1 0 0.15 0.25 0.48 0.12
  1 5 2 0 5 0 0.1 0.3 0.48 0.12
  1 6 2 0 1 0 0.17 0.23 0.54 0.06
  1 7 2 0 3 0 0.12 0.25 0.58 0.05
  1 8 2 0 4 0 0.16 0.33 0.47 0.04
  1 9 2 0 5 0 0.37 0.25 0.35 0.03
  1 10 2 0 10 0 0.16 0.41 0.4 0.03
  1 11 2 0 13 0 0.22 0.26 0.52 0
  1 12 2 0 15 0 0.1 0.39 0.51 0
  1 13 2 0 9 0 0.13 0.33 0.53 0.01
  1 14 2 0 6 0 0.1 0.21 0.69 0
  1 15 2 0 13 0 0.09 0.21 0.7 0
  1 16 2 0 10 0 0.16 0.25 0.59 0
  1 17 2 0 10 0 0.54 0.12 0.33 0.01
  1 18 2 0 18 0 0.45 0.33 0.22 0
  1 19 2 0 27 0 0.16 0.61 0.23 0
  1 20 2 0 23 0 0.22 0.4 0.38 0
  1 21 2 0 25 0 0.08 0.29 0.63 0
  1 22 2 0 9 0 0.06 0.2 0.74 0
  1 23 2 0 8 0 0.09 0.25 0.66 0
  1 24 2 0 9 0 0.09 0.25 0.66 0
  1 25 2 0 14 0 0.13 0.22 0.65 0
  1 26 2 0 18 0 0.25 0.21 0.54 0
  1 27 2 0 16 0 0.09 0.35 0.56 0
  1 28 2 0 6 0 0.04 0.29 0.67 0
  1 29 2 0 8 0 0.04 0.33 0.63 0
  1 30 2 0 17 0 0.1 0.21 0.69 0
  1 31 2 0 9 0 0.42 0.11 0.47 0
  1 32 2 0 30 0 0.19 0.46 0.35 0
  1 33 2 0 24 0 0.07 0.39 0.54 0
  1 34 2 0 25 0 0.05 0.28 0.67 0
  1 35 2 0 16 0 0.05 0.22 0.73 0
  1 36 2 0 13 0 0.03 0.25 0.72 0
  1 37 2 0 8 0 0.02 0.19 0.79 0
  1 38 2 0 10 0 0.02 0.07 0.91 0
  1 39 2 0 13 0 0.05 0.14 0.81 0
  1 40 2 0 8 0 0.04 0.14 0.82 0
  1 41 2 0 5 0 0.07 0.15 0.78 0
  1 42 2 0 17 0 0.27 0.16 0.57 0
  1 1 3 0 27 0 0.16 0.3 0.54 0
  1 2 3 0 13 0.02 0.22 0.25 0.51 0
  1 3 3 0 5 0.12 0.46 0.14 0.28 0
  1 4 3 0 2 0.09 0.45 0.28 0.18 0
  1 5 3 0 5 0.01 0.28 0.52 0.19 0
  1 6 3 0 1 0.01 0.27 0.45 0.27 0
  1 7 3 0 3 0 0.14 0.4 0.46 0
  1 8 3 0 3 0.03 0.11 0.44 0.42 0
  1 9 3 0 4 0.02 0.08 0.42 0.48 0
  1 10 3 0 4 0.02 0.16 0.32 0.5 0
  1 11 3 0 4 0.01 0.15 0.32 0.52 0
  1 12 3 0 2 0.02 0.16 0.37 0.45 0
  1 13 3 0 8 0.02 0.2 0.21 0.57 0
  1 14 3 0 19 0.05 0.08 0.31 0.56 0
  1 15 3 0 15 0.04 0.2 0.27 0.49 0
  1 16 3 0 12 0.02 0.17 0.41 0.4 0
  1 17 3 0 14 0 0.07 0.46 0.47 0
  1 18 3 0 14 0.02 0.11 0.32 0.55 0
  1 19 3 0 15 0.01 0.18 0.31 0.5 0
  1 20 3 0 17 0.03 0.1 0.35 0.52 0
  1 21 3 0 12 0.08 0.14 0.21 0.57 0
  1 22 3 0 11 0.04 0.15 0.28 0.53 0
  1 23 3 0 16 0.01 0.1 0.29 0.6 0
  1 24 3 0 15 0.04 0.12 0.32 0.52 0
  1 25 3 0 4 0.03 0.15 0.27 0.55 0
  1 26 3 0 14 0.05 0.1 0.31 0.54 0
  1 27 3 0 6 0.03 0.13 0.33 0.51 0
  1 28 3 0 4 0.03 0.1 0.33 0.54 0
  1 29 3 0 2 0 0.08 0.34 0.58 0
  1 30 3 0 10 0.05 0.12 0.22 0.61 0
  1 31 3 0 9 0.01 0.12 0.31 0.56 0
  1 32 3 0 12 0.01 0.08 0.21 0.7 0
  1 33 3 0 5 0.03 0.17 0.22 0.58 0
  1 34 3 0 9 0.11 0.34 0.19 0.36 0
  1 35 3 0 5 0.07 0.18 0.43 0.32 0
  1 36 3 0 5 0.03 0.22 0.5 0.25 0
  1 37 3 0 3 0.03 0.23 0.45 0.29 0
  1 38 3 0 15 0.05 0.22 0.41 0.32 0
  1 39 3 0 12 0.01 0.19 0.41 0.39 0
  1 40 3 0 9 0.04 0.15 0.34 0.47 0
  1 41 3 0 8 0.01 0.14 0.46 0.39 0
  1 42 3 0 12 0.01 0.15 0.38 0.46 0
  1 1 4 0 86 0.01 0.31 0.5 0.18 0
  1 2 4 0 100 0.05 0.3 0.55 0.1 0
  1 3 4 0 33 0.03 0.34 0.53 0.1 0
  1 4 4 0 44 0.02 0.31 0.56 0.11 0
  1 5 4 0 34 0.02 0.42 0.5 0.06 0
  1 6 4 0 40 0.03 0.27 0.68 0.02 0
  1 7 4 0 39 0.03 0.44 0.48 0.05 0
  1 8 4 0 49 0.05 0.35 0.55 0.05 0
  1 9 4 0 36 0.04 0.36 0.49 0.11 0
  1 10 4 0 43 0.02 0.33 0.62 0.03 0
  1 11 4 0 41 0.03 0.42 0.47 0.08 0
  1 12 4 0 35 0.05 0.33 0.54 0.08 0
  1 13 4 0 32 0.01 0.35 0.58 0.06 0
  1 14 4 0 21 0.05 0.3 0.57 0.08 0
  1 15 4 0 30 0.01 0.41 0.5 0.08 0
  1 16 4 0 19 0.03 0.32 0.62 0.03 0
  1 17 4 0 35 0.03 0.38 0.49 0.1 0
  1 18 4 0 27 0.02 0.32 0.61 0.05 0
  1 19 4 0 34 0.02 0.28 0.6 0.1 0
  1 20 4 0 42 0.04 0.33 0.57 0.06 0
  1 21 4 0 41 0.02 0.36 0.53 0.09 0
  1 22 4 0 44 0 0.24 0.67 0.09 0
  1 23 4 0 28 0.01 0.38 0.5 0.11 0
  1 24 4 0 34 0.01 0.17 0.71 0.11 0
  1 25 4 0 36 0.01 0.27 0.61 0.11 0
  1 26 4 0 31 0.01 0.24 0.58 0.17 0
  1 27 4 0 39 0.06 0.16 0.63 0.15 0
  1 28 4 0 38 0.01 0.31 0.59 0.09 0
  1 29 4 0 48 0.02 0.27 0.59 0.12 0
  1 30 4 0 38 0 0.3 0.61 0.09 0
  1 31 4 0 61 0.02 0.29 0.61 0.08 0
  1 32 4 0 48 0.02 0.28 0.57 0.13 0
  1 33 4 0 49 0.01 0.32 0.51 0.16 0
  1 34 4 0 44 0.01 0.26 0.58 0.15 0
  1 35 4 0 61 0 0.25 0.64 0.11 0
  1 36 4 0 67 0 0.19 0.72 0.09 0
  1 37 4 0 57 0.03 0.21 0.58 0.18 0
  1 38 4 0 38 0.05 0.25 0.58 0.12 0
  1 39 4 0 52 0.02 0.3 0.56 0.12 0
  1 40 4 0 43 0.01 0.29 0.54 0.16 0
  1 41 4 0 42 0.01 0.21 0.61 0.17 0
  1 42 4 0 61 0.01 0.33 0.52 0.14 0
# end survey length observations 
#  
# Fishery catch data 
# Number of observations, init_int Ncatch_obs
  168
# init_matrix obs_catch_biomass(1,Ncatch_obs,1,6) 
# Fleet	Area	Year	Species	Catch(biomass t)	CV 
  1 1 1 1 84158.8013933076 0.05
  1 1 2 1 19395.472943218 0.05
  1 1 3 1 25068.532913956 0.05
  1 1 4 1 17913.8625543787 0.05
  1 1 5 1 11941.5429540857 0.05
  1 1 6 1 16065.7670572817 0.05
  1 1 7 1 16038.2774836398 0.05
  1 1 8 1 10262.2123960076 0.05
  1 1 9 1 12919.0088103287 0.05
  1 1 10 1 12093.0857621439 0.05
  1 1 11 1 12851.3150599266 0.05
  1 1 12 1 15954.4380358841 0.05
  1 1 13 1 11343.6415381062 0.05
  1 1 14 1 11957.223650704 0.05
  1 1 15 1 11448.42411993 0.05
  1 1 16 1 8212.63084507825 0.05
  1 1 17 1 10648.5247304237 0.05
  1 1 18 1 4940.27846953117 0.05
  1 1 19 1 6752.8823450328 0.05
  1 1 20 1 6090.31463783325 0.05
  1 1 21 1 2695.43123218148 0.05
  1 1 22 1 3841.17316590778 0.05
  1 1 23 1 6322.71972874294 0.05
  1 1 24 1 5970.08643715152 0.05
  1 1 25 1 6468.91022787898 0.05
  1 1 26 1 7458.98317661841 0.05
  1 1 27 1 3608.68221088345 0.05
  1 1 28 1 3370.7344483669 0.05
  1 1 29 1 4637.48547736026 0.05
  1 1 30 1 3742.98069458618 0.05
  1 1 31 1 2615.31066635399 0.05
  1 1 32 1 3614.26008602661 0.05
  1 1 33 1 2878.27363121643 0.05
  1 1 34 1 2383.72108950608 0.05
  1 1 35 1 2023.13415216665 0.05
  1 1 36 1 1060.77551213997 0.05
  1 1 37 1 1292.56336585986 0.05
  1 1 38 1 1198.61946452714 0.05
  1 1 39 1 1759.19664640118 0.05
  1 1 40 1 1058.06928812913 0.05
  1 1 41 1 979.343983268289 0.05
  1 1 42 1 1333.66586949481 0.05
  1 1 1 4 8541.51248095319 0.05
  1 1 2 4 7629.81223085965 0.05
  1 1 3 4 6502.0447483399 0.05
  1 1 4 4 9676.81933131492 0.05
  1 1 5 4 5284.33100514474 0.05
  1 1 6 4 7997.61591202465 0.05
  1 1 7 4 6284.38661315477 0.05
  1 1 8 4 8373.3732039173 0.05
  1 1 9 4 4858.04579095374 0.05
  1 1 10 4 7421.73149498047 0.05
  1 1 11 4 8357.67613115103 0.05
  1 1 12 4 5323.54934731961 0.05
  1 1 13 4 7956.11502097016 0.05
  1 1 14 4 9186.81885849066 0.05
  1 1 15 4 9006.46404463445 0.05
  1 1 16 4 8605.93945968247 0.05
  1 1 17 4 10262.52949788 0.05
  1 1 18 4 6494.51361310933 0.05
  1 1 19 4 6386.18493947902 0.05
  1 1 20 4 7017.61571959348 0.05
  1 1 21 4 2609.18569157249 0.05
  1 1 22 4 3888.44531140576 0.05
  1 1 23 4 4079.21679843049 0.05
  1 1 24 4 4918.06521712251 0.05
  1 1 25 4 3667.29774219085 0.05
  1 1 26 4 4846.17023151378 0.05
  1 1 27 4 4223.43920261921 0.05
  1 1 28 4 4703.50076821297 0.05
  1 1 29 4 6233.40279545324 0.05
  1 1 30 4 6581.80371408787 0.05
  1 1 31 4 4917.30572808589 0.05
  1 1 32 4 7967.25323964956 0.05
  1 1 33 4 4610.23905383781 0.05
  1 1 34 4 6270.95260705701 0.05
  1 1 35 4 4521.96955443436 0.05
  1 1 36 4 6562.50595916462 0.05
  1 1 37 4 5337.52702753769 0.05
  1 1 38 4 6914.14120653312 0.05
  1 1 39 4 4947.4871206361 0.05
  1 1 40 4 7422.87241795511 0.05
  1 1 41 4 4978.00581234317 0.05
  1 1 42 4 5836.68211125287 0.05
  2 1 1 2 1873.98370903295 0.05
  2 1 2 2 1102.4318207306 0.05
  2 1 3 2 859.084435671247 0.05
  2 1 4 2 961.709990700836 0.05
  2 1 5 2 591.013921360742 0.05
  2 1 6 2 891.72975111384 0.05
  2 1 7 2 1726.01698486767 0.05
  2 1 8 2 1578.6901737248 0.05
  2 1 9 2 940.84648847384 0.05
  2 1 10 2 1015.0787528322 0.05
  2 1 11 2 1148.06730131023 0.05
  2 1 12 2 1856.31224168936 0.05
  2 1 13 2 1600.24453116416 0.05
  2 1 14 2 2382.66974899387 0.05
  2 1 15 2 2156.87705504704 0.05
  2 1 16 2 1860.7732209869 0.05
  2 1 17 2 2105.08043029955 0.05
  2 1 18 2 2339.47262001969 0.05
  2 1 19 2 3334.56949549027 0.05
  2 1 20 2 8131.26057691977 0.05
  2 1 21 2 10373.2043294819 0.05
  2 1 22 2 7871.30235038612 0.05
  2 1 23 2 7844.20372865079 0.05
  2 1 24 2 12282.2815535083 0.05
  2 1 25 2 6517.26158486327 0.05
  2 1 26 2 7210.33780060601 0.05
  2 1 27 2 6637.05536565188 0.05
  2 1 28 2 6778.36464983821 0.05
  2 1 29 2 9301.22902273824 0.05
  2 1 30 2 5524.13972487571 0.05
  2 1 31 2 8758.03604757362 0.05
  2 1 32 2 7888.44788046418 0.05
  2 1 33 2 8735.78201316156 0.05
  2 1 34 2 11666.5586995881 0.05
  2 1 35 2 11015.0571339871 0.05
  2 1 36 2 18297.7656086834 0.05
  2 1 37 2 11579.3941761554 0.05
  2 1 38 2 8488.29276349438 0.05
  2 1 39 2 6686.70402755192 0.05
  2 1 40 2 8689.48102108321 0.05
  2 1 41 2 7890.06408872412 0.05
  2 1 42 2 9442.72194001082 0.05
  2 1 1 3 379.138095170993 0.05
  2 1 2 3 468.388769778095 0.05
  2 1 3 3 606.986039051474 0.05
  2 1 4 3 594.039508441681 0.05
  2 1 5 3 853.174299128053 0.05
  2 1 6 3 1914.68932984628 0.05
  2 1 7 3 1464.975176627 0.05
  2 1 8 3 1820.20089473996 0.05
  2 1 9 3 1997.45806262946 0.05
  2 1 10 3 1617.50483014014 0.05
  2 1 11 3 1198.61949257476 0.05
  2 1 12 3 1870.76579930726 0.05
  2 1 13 3 1414.89194082192 0.05
  2 1 14 3 1419.47776617081 0.05
  2 1 15 3 1406.23462971454 0.05
  2 1 16 3 1459.8803831743 0.05
  2 1 17 3 2146.61956636386 0.05
  2 1 18 3 995.077638248054 0.05
  2 1 19 3 1128.71893886865 0.05
  2 1 20 3 1380.3532513039 0.05
  2 1 21 3 1384.48979504231 0.05
  2 1 22 3 1494.93600295399 0.05
  2 1 23 3 1310.60039127554 0.05
  2 1 24 3 970.677830312464 0.05
  2 1 25 3 1013.91597529827 0.05
  2 1 26 3 1154.78587719423 0.05
  2 1 27 3 1192.06817461842 0.05
  2 1 28 3 1360.27023149368 0.05
  2 1 29 3 838.895975565924 0.05
  2 1 30 3 764.638224267848 0.05
  2 1 31 3 944.065916213579 0.05
  2 1 32 3 1203.93392521446 0.05
  2 1 33 3 898.91831828243 0.05
  2 1 34 3 749.968396671266 0.05
  2 1 35 3 1178.0250281966 0.05
  2 1 36 3 1044.65323229034 0.05
  2 1 37 3 944.153179967199 0.05
  2 1 38 3 1013.70593022422 0.05
  2 1 39 3 1654.27614871756 0.05
  2 1 40 3 1494.25778711257 0.05
  2 1 41 3 64640.7402285925 0.05
  2 1 42 3 24654.8857339159 0.05
# end catch observations 
#  
# Fishery size comp data 
# Number of observations, init_int Ncatch_size_obs 
  168
# init_matrix obs_catch_size(1,Ncatch_size_obs,1,ncol) 
# Fleet Area  Year  Species Type (0=whole, 1=retained, 2=discard) InpN, proportion by size bin 
  1 1 1 1 0 81 0.01 0.37 0.54 0.07 0.01
  1 1 2 1 0 73 0.03 0.34 0.57 0.06 0
  1 1 3 1 0 65 0.02 0.29 0.64 0.05 0
  1 1 4 1 0 56 0.06 0.4 0.5 0.04 0
  1 1 5 1 0 120 0.03 0.49 0.46 0.02 0
  1 1 6 1 0 130 0.01 0.36 0.57 0.06 0
  1 1 7 1 0 94 0.03 0.27 0.63 0.07 0
  1 1 8 1 0 94 0.03 0.46 0.48 0.03 0
  1 1 9 1 0 82 0.05 0.37 0.57 0.01 0
  1 1 10 1 0 76 0.04 0.56 0.39 0.01 0
  1 1 11 1 0 74 0.01 0.36 0.59 0.04 0
  1 1 12 1 0 65 0.03 0.29 0.64 0.04 0
  1 1 13 1 0 77 0.02 0.45 0.49 0.04 0
  1 1 14 1 0 88 0.03 0.4 0.54 0.03 0
  1 1 15 1 0 66 0.03 0.31 0.63 0.03 0
  1 1 16 1 0 69 0 0.39 0.54 0.07 0
  1 1 17 1 0 43 0.01 0.4 0.54 0.05 0
  1 1 18 1 0 34 0.01 0.47 0.43 0.09 0
  1 1 19 1 0 55 0.02 0.45 0.5 0.03 0
  1 1 20 1 0 64 0.02 0.32 0.64 0.02 0
  1 1 21 1 0 77 0.04 0.43 0.5 0.03 0
  1 1 22 1 0 67 0.02 0.28 0.64 0.06 0
  1 1 23 1 0 133 0.04 0.32 0.56 0.08 0
  1 1 24 1 0 98 0 0.26 0.59 0.15 0
  1 1 25 1 0 91 0.01 0.25 0.59 0.15 0
  1 1 26 1 0 77 0.01 0.23 0.66 0.1 0
  1 1 27 1 0 102 0.03 0.18 0.62 0.17 0
  1 1 28 1 0 76 0.02 0.28 0.57 0.13 0
  1 1 29 1 0 110 0 0.26 0.58 0.16 0
  1 1 30 1 0 100 0.01 0.27 0.58 0.14 0
  1 1 31 1 0 108 0.01 0.27 0.6 0.12 0
  1 1 32 1 0 118 0 0.23 0.65 0.12 0
  1 1 33 1 0 129 0.02 0.16 0.69 0.13 0
  1 1 34 1 0 90 0.01 0.21 0.67 0.11 0
  1 1 35 1 0 69 0 0.15 0.69 0.16 0
  1 1 36 1 0 80 0.03 0.26 0.59 0.12 0
  1 1 37 1 0 62 0.01 0.33 0.57 0.09 0
  1 1 38 1 0 94 0.03 0.34 0.49 0.14 0
  1 1 39 1 0 75 0 0.25 0.64 0.11 0
  1 1 40 1 0 75 0.01 0.21 0.63 0.15 0
  1 1 41 1 0 35 0.03 0.22 0.61 0.14 0
  1 1 42 1 0 22 0.02 0.3 0.55 0.13 0
  1 1 1 4 0 5 0.04 0.15 0.65 0.16 0
  1 1 2 4 0 5 0.02 0.35 0.5 0.13 0
  1 1 3 4 0 5 0.01 0.33 0.57 0.09 0
  1 1 4 4 0 5 0.01 0.38 0.53 0.08 0
  1 1 5 4 0 5 0 0.5 0.43 0.07 0
  1 1 6 4 0 5 0.01 0.48 0.45 0.06 0
  1 1 7 4 0 5 0.01 0.3 0.6 0.09 0
  1 1 8 4 0 5 0.03 0.35 0.58 0.04 0
  1 1 9 4 0 5 0.02 0.34 0.53 0.11 0
  1 1 10 4 0 5 0.04 0.3 0.58 0.08 0
  1 1 11 4 0 1 0.01 0.38 0.54 0.07 0
  1 1 12 4 0 5 0 0.32 0.66 0.02 0
  1 1 13 4 0 1 0.02 0.37 0.56 0.05 0
  1 1 14 4 0 2 0 0.37 0.6 0.03 0
  1 1 15 4 0 8 0 0.44 0.5 0.06 0
  1 1 16 4 0 3 0.02 0.37 0.53 0.08 0
  1 1 17 4 0 3 0.01 0.34 0.59 0.06 0
  1 1 18 4 0 1 0.02 0.41 0.5 0.07 0
  1 1 19 4 0 3 0.02 0.33 0.61 0.04 0
  1 1 20 4 0 3 0.08 0.29 0.53 0.1 0
  1 1 21 4 0 3 0 0.31 0.65 0.04 0
  1 1 22 4 0 2 0.03 0.28 0.62 0.07 0
  1 1 23 4 0 6 0.01 0.33 0.61 0.05 0
  1 1 24 4 0 1 0.01 0.32 0.63 0.04 0
  1 1 25 4 0 1 0.01 0.33 0.59 0.07 0
  1 1 26 4 0 2 0.01 0.29 0.6 0.1 0
  1 1 27 4 0 2 0.02 0.24 0.68 0.06 0
  1 1 28 4 0 4 0 0.25 0.64 0.11 0
  1 1 29 4 0 7 0 0.23 0.65 0.12 0
  1 1 30 4 0 6 0.01 0.2 0.65 0.14 0
  1 1 31 4 0 10 0.01 0.21 0.62 0.16 0
  1 1 32 4 0 7 0 0.24 0.61 0.15 0
  1 1 33 4 0 15 0.03 0.24 0.61 0.12 0
  1 1 34 4 0 19 0.03 0.27 0.59 0.11 0
  1 1 35 4 0 13 0.03 0.23 0.59 0.15 0
  1 1 36 4 0 23 0.01 0.25 0.61 0.13 0
  1 1 37 4 0 7 0.03 0.21 0.68 0.08 0
  1 1 38 4 0 7 0.01 0.23 0.65 0.11 0
  1 1 39 4 0 19 0 0.25 0.59 0.16 0
  1 1 40 4 0 25 0 0.2 0.69 0.11 0
  1 1 41 4 0 31 0 0.24 0.65 0.11 0
  1 1 42 4 0 31 0.01 0.24 0.62 0.13 0
  2 1 1 2 0 2 0 0.02 0.14 0.59 0.25
  2 1 2 2 0 5 0.01 0.01 0.19 0.61 0.18
  2 1 3 2 0 2 0.01 0.03 0.17 0.69 0.1
  2 1 4 2 0 5 0.01 0.06 0.21 0.54 0.18
  2 1 5 2 0 5 0 0.06 0.32 0.56 0.06
  2 1 6 2 0 5 0 0.03 0.39 0.49 0.09
  2 1 7 2 0 5 0 0.04 0.26 0.6 0.1
  2 1 8 2 0 1 0 0.04 0.28 0.66 0.02
  2 1 9 2 0 5 0 0.06 0.37 0.55 0.02
  2 1 10 2 0 5 0 0.05 0.45 0.5 0
  2 1 11 2 0 2 0 0.04 0.45 0.5 0.01
  2 1 12 2 0 5 0 0.04 0.48 0.48 0
  2 1 13 2 0 5 0 0.03 0.4 0.57 0
  2 1 14 2 0 5 0 0.01 0.4 0.59 0
  2 1 15 2 0 5 0 0.02 0.33 0.64 0.01
  2 1 16 2 0 5 0.01 0.01 0.31 0.67 0
  2 1 17 2 0 5 0.02 0.02 0.26 0.7 0
  2 1 18 2 0 5 0.01 0.13 0.2 0.66 0
  2 1 19 2 0 5 0 0.13 0.63 0.24 0
  2 1 20 2 0 30 0.01 0.02 0.7 0.27 0
  2 1 21 2 0 46 0 0.05 0.42 0.53 0
  2 1 22 2 0 10 0 0.03 0.35 0.62 0
  2 1 23 2 0 19 0 0.01 0.25 0.74 0
  2 1 24 2 0 61 0 0 0.2 0.8 0
  2 1 25 2 0 29 0 0.02 0.3 0.68 0
  2 1 26 2 0 32 0.02 0.02 0.21 0.75 0
  2 1 27 2 0 16 0 0.06 0.22 0.72 0
  2 1 28 2 0 31 0 0.03 0.29 0.68 0
  2 1 29 2 0 44 0.01 0.01 0.39 0.59 0
  2 1 30 2 0 29 0 0.01 0.3 0.69 0
  2 1 31 2 0 25 0 0.01 0.26 0.73 0
  2 1 32 2 0 22 0 0.17 0.16 0.67 0
  2 1 33 2 0 35 0 0.03 0.53 0.44 0
  2 1 34 2 0 28 0 0.01 0.44 0.55 0
  2 1 35 2 0 45 0 0.01 0.3 0.69 0
  2 1 36 2 0 51 0 0 0.31 0.69 0
  2 1 37 2 0 41 0 0 0.27 0.73 0
  2 1 38 2 0 36 0 0 0.24 0.76 0
  2 1 39 2 0 20 0 0 0.22 0.78 0
  2 1 40 2 0 14 0 0 0.17 0.83 0
  2 1 41 2 0 17 0.02 0 0.08 0.9 0
  2 1 42 2 0 24 0.02 0 0.23 0.75 0
  2 1 1 3 0 1 0 0.54 0.06 0.4 0
  2 1 2 3 0 5 0.01 0.2 0.51 0.28 0
  2 1 3 3 0 5 0.04 0.29 0.43 0.24 0
  2 1 4 3 0 1 0 0.65 0.21 0.14 0
  2 1 5 3 0 6 0 0.37 0.54 0.09 0
  2 1 6 3 0 4 0 0.44 0.45 0.11 0
  2 1 7 3 0 5 0 0.29 0.59 0.12 0
  2 1 8 3 0 1 0.01 0.18 0.64 0.17 0
  2 1 9 3 0 1 0.01 0.18 0.63 0.18 0
  2 1 10 3 0 1 0 0.14 0.54 0.32 0
  2 1 11 3 0 2 0 0.14 0.55 0.31 0
  2 1 12 3 0 5 0 0.17 0.5 0.33 0
  2 1 13 3 0 4 0.01 0.21 0.46 0.32 0
  2 1 14 3 0 8 0 0.22 0.5 0.28 0
  2 1 15 3 0 11 0.01 0.22 0.49 0.28 0
  2 1 16 3 0 5 0.01 0.23 0.45 0.31 0
  2 1 17 3 0 5 0.01 0.21 0.46 0.32 0
  2 1 18 3 0 1 0.01 0.17 0.57 0.25 0
  2 1 19 3 0 1 0.02 0.24 0.54 0.2 0
  2 1 20 3 0 4 0.01 0.22 0.44 0.33 0
  2 1 21 3 0 3 0.01 0.17 0.53 0.29 0
  2 1 22 3 0 4 0.02 0.24 0.51 0.23 0
  2 1 23 3 0 3 0 0.2 0.5 0.3 0
  2 1 24 3 0 3 0.01 0.21 0.52 0.26 0
  2 1 25 3 0 2 0.01 0.28 0.41 0.3 0
  2 1 26 3 0 4 0.01 0.19 0.54 0.26 0
  2 1 27 3 0 5 0.01 0.17 0.54 0.28 0
  2 1 28 3 0 4 0 0.13 0.54 0.33 0
  2 1 29 3 0 4 0 0.12 0.55 0.33 0
  2 1 30 3 0 24 0.01 0.2 0.5 0.29 0
  2 1 31 3 0 10 0 0.16 0.49 0.35 0
  2 1 32 3 0 12 0.01 0.19 0.4 0.4 0
  2 1 33 3 0 4 0.01 0.17 0.51 0.31 0
  2 1 34 3 0 6 0.03 0.31 0.36 0.3 0
  2 1 35 3 0 2 0.02 0.5 0.34 0.14 0
  2 1 36 3 0 10 0 0.46 0.4 0.14 0
  2 1 37 3 0 9 0 0.32 0.53 0.15 0
  2 1 38 3 0 13 0.02 0.32 0.44 0.22 0
  2 1 39 3 0 16 0.02 0.32 0.49 0.17 0
  2 1 40 3 0 27 0.01 0.26 0.51 0.22 0
  2 1 41 3 0 15 0.01 0.26 0.51 0.22 0
  2 1 42 3 0 16 0 0.24 0.52 0.24 0
# end fishery length observations 
#  
# Survey diet proportion observations 
# Number of observations, init_int Ndietprop_obs 
  112
# init_matrix obs_dietprop(1,Ndietprop_obs,1,ncol) 
# Survey  Year  Predator  Predator_size InpN  wt_prey_1 wt_prey_2 wt_prey_3 wt_prey_4 wt_prey_5 wt_prey_6 wt_prey_7 wt_prey_8 wt_prey_9 wt_prey_10 wt_prey_11 other 
  1 12 1 2 25 0.06 0 0 0 0.94
  1 12 1 3 25 0.66 0 0 0 0.34
  1 13 1 3 25 0 0.01 0 0 0.99
  1 13 1 4 25 0 1 0 0 0
  1 15 1 2 25 0 0.02 0 0 0.98
  1 18 1 1 25 0.48 0 0 0 0.52
  1 18 1 2 25 0 0 0 0 1
  1 18 1 3 25 0 0.02 0 0 0.98
  1 19 1 2 25 0 0.44 0 0 0.56
  1 19 1 3 25 0 0.09 0 0 0.91
  1 20 1 3 25 0 0.36 0 0 0.64
  1 21 1 2 25 0 0.05 0 0 0.95
  1 21 1 3 25 0 0.34 0 0 0.66
  1 24 1 3 25 0 0.5 0 0 0.5
  1 25 1 3 25 0 0.25 0 0 0.75
  1 26 1 3 25 0 0.47 0.24 0 0.29
  1 27 1 3 25 0 0.21 0.37 0 0.42
  1 28 1 3 25 0 0.88 0 0 0.12
  1 33 1 3 25 0 0.15 0 0 0.85
  1 34 1 3 25 0 0.32 0 0 0.68
  1 35 1 3 25 0 0.16 0 0 0.84
  1 38 1 3 25 0 0 0 0 1
  1 39 1 3 25 0 0.31 0 0 0.69
  1 40 1 2 25 0 0.3 0 0 0.7
  1 41 1 2 25 0 0 0.52 0 0.48
  2 2 1 4 25 1 0 0 0 0
  2 11 1 3 25 0 0.01 0 0 0.99
  2 14 1 3 25 0 0.1 0 0 0.9
  2 14 1 4 25 0 0 0 0.13 0.87
  2 15 1 3 25 0 0.04 0 0 0.96
  2 16 1 3 25 0 0.22 0 0 0.78
  2 16 1 4 25 0 0.52 0 0 0.48
  2 19 1 3 25 0 0.27 0.12 0 0.61
  2 19 1 4 25 0 0.4 0 0 0.6
  2 21 1 3 25 0 0.24 0.07 0 0.69
  2 21 1 4 25 0 0 0.31 0 0.69
  2 22 1 3 25 0 0.24 0 0 0.76
  2 23 1 3 25 0 0.08 0.02 0 0.9
  2 24 1 3 25 0 0 0.14 0 0.86
  2 24 1 4 25 0 0.96 0 0 0.04
  2 25 1 2 25 0 0 0 0 1
  2 25 1 3 25 0 0.04 0 0 0.96
  2 26 1 3 25 0 0.11 0 0 0.89
  2 27 1 3 25 0 0 0 0 1
  2 27 1 4 25 0 0.08 0 0 0.92
  2 29 1 3 25 0 0.17 0 0 0.83
  2 33 1 3 25 0 0.03 0 0 0.97
  2 35 1 1 25 0 0.81 0 0 0.19
  2 35 1 2 25 0 0.12 0 0 0.88
  2 35 1 3 25 0 0.19 0 0 0.81
  2 36 1 3 25 0 0.74 0 0 0.26
  2 39 1 3 25 0 0 0.14 0 0.86
  2 40 1 2 25 0 0 0.31 0 0.69
  1 8 4 2 25 0 0 0 0 1
  1 8 4 3 25 0 0 0 0 1
  1 11 4 3 25 0 0 0 0 1
  1 13 4 2 25 0 0 0 0 1
  1 13 4 3 25 0 0.52 0 0 0.48
  1 13 4 4 25 0 0.26 0.28 0 0.46
  1 14 4 3 25 0 0.07 0 0 0.93
  1 15 4 3 25 0 0.7 0 0 0.3
  1 15 4 4 25 0 0.49 0 0 0.51
  1 16 4 3 25 0 0.8 0 0 0.2
  1 16 4 4 25 0 0.89 0 0 0.11
  1 17 4 3 25 0 0 0 0 1
  1 18 4 3 25 0 0.02 0 0 0.98
  1 19 4 2 25 0 0.03 0 0 0.97
  1 19 4 3 25 0 0.24 0 0 0.76
  1 20 4 2 25 0 0 0.03 0 0.97
  1 20 4 3 25 0 0.02 0 0 0.98
  1 21 4 3 25 0 0.54 0 0 0.46
  1 22 4 2 25 0 0 0.11 0 0.89
  1 23 4 3 25 0 0.15 0 0 0.85
  1 24 4 3 25 0 0 0 0 1
  1 25 4 3 25 0 0 0 0 1
  1 25 4 4 25 0 1 0 0 0
  1 26 4 3 25 0 0.13 0 0 0.87
  1 27 4 2 25 0 0.25 0 0 0.75
  1 27 4 3 25 0 0.58 0 0 0.42
  1 28 4 2 25 0 0 0.26 0 0.74
  1 28 4 3 25 0 0 0.07 0 0.93
  1 29 4 3 25 0 0.04 0 0 0.96
  1 31 4 3 25 0 0.16 0 0 0.84
  1 31 4 4 25 0 0.04 0 0 0.96
  1 34 4 3 25 0 0.03 0 0 0.97
  1 40 4 3 25 0 0 0.37 0 0.63
  1 40 4 4 25 0 0 0.67 0 0.33
  1 42 4 3 25 0 0.19 0 0 0.81
  2 6 4 3 25 0 0 0.18 0 0.82
  2 8 4 3 25 0 0 0.19 0 0.81
  2 9 4 4 25 0 0 0 0 1
  2 14 4 4 25 0.07 0 0 0 0.93
  2 15 4 3 25 0 0 0 0 1
  2 16 4 3 25 0 0.01 0 0 0.99
  2 17 4 2 25 0 0.08 0 0 0.92
  2 18 4 3 25 0 0 0 0 1
  2 19 4 3 25 0 0.06 0 0 0.94
  2 21 4 3 25 0 0.11 0 0 0.89
  2 22 4 3 25 0 0.11 0 0 0.89
  2 23 4 3 25 0 0.33 0 0 0.67
  2 24 4 3 25 0 0.31 0.14 0 0.55
  2 25 4 3 25 0 0.21 0 0 0.79
  2 25 4 4 25 0 0 0.86 0 0.14
  2 27 4 3 25 0 0.26 0 0 0.74
  2 30 4 3 25 0 0.14 0 0 0.86
  2 33 4 3 25 0 0.16 0 0 0.84
  2 34 4 3 25 0 1 0 0 0
  2 35 4 3 25 0 0.83 0 0 0.17
  2 36 4 2 25 0 0.43 0 0 0.57
  2 36 4 3 25 0 0.78 0 0 0.22
  2 37 4 3 25 0 0.01 0 0 0.99
  2 42 4 3 25 0 0 0.48 0 0.52
# end survey diet proportion observations 
#  
