# This file was created using the write_tsDatFile function and used all the simulated data from sim_dta.rds found in repo:Hydra-self-testing
# Survey index data 
# Number of observations, init_int Nsurvey_obs
  166
# init_matrix obs_survey_biomass(1,Nsurvey_obs,1,5)
# survey year spp value cv
  1 1 4 120577.784268019 0.2
  1 2 4 107576.756287985 0.2
  1 3 4 82892.2206987603 0.2
  1 4 4 143876.795697966 0.2
  1 5 4 106700.111685861 0.2
  1 6 4 101129.382625502 0.2
  1 7 4 99720.4920791657 0.2
  1 8 4 87854.2284107751 0.2
  1 9 4 145661.137226473 0.2
  1 10 4 125644.345479316 0.2
  1 11 4 135518.334395363 0.2
  1 12 4 195180.020450104 0.2
  1 13 4 98309.019853936 0.2
  1 14 4 184404.785318042 0.2
  1 15 4 158502.991745643 0.2
  1 16 4 220322.77143717 0.2
  1 17 4 118529.624129947 0.2
  1 18 4 256075.424522242 0.2
  1 19 4 196664.479733575 0.2
  1 20 4 167348.775793057 0.2
  1 21 4 203093.728005657 0.2
  1 22 4 127077.353392463 0.2
  1 23 4 87912.324924537 0.2
  1 24 4 253022.358408296 0.2
  1 25 4 105209.924421919 0.2
  1 26 4 138325.756808558 0.2
  1 27 4 168908.224176951 0.2
  1 28 4 114003.894374377 0.2
  1 29 4 162243.809803067 0.2
  1 30 4 154453.183081203 0.2
  1 31 4 201656.985913881 0.2
  1 32 4 171292.120570909 0.2
  1 33 4 198458.275187876 0.2
  1 34 4 116221.650707381 0.2
  1 35 4 174782.701046939 0.2
  1 36 4 243009.059839 0.2
  1 37 4 164526.520049527 0.2
  1 38 4 171509.495792048 0.2
  1 39 4 289420.96563036 0.2
  1 40 4 180139.423165109 0.2
  1 41 4 279789.73854118 0.2
  1 42 4 362118.003685222 0.2
  1 1 2 525.918691265282 0.2
  1 4 2 60.0108346192871 0.2
  1 5 2 177.475434786871 0.2
  1 6 2 127.250273172429 0.2
  1 7 2 22.4052006180303 0.2
  1 8 2 711.542582777937 0.2
  1 9 2 239.033762418183 0.2
  1 10 2 484.235914434426 0.2
  1 11 2 232.609093854384 0.2
  1 12 2 440.671305577519 0.2
  1 13 2 505.172450906335 0.2
  1 14 2 904.836296690951 0.2
  1 15 2 1251.90097896453 0.2
  1 16 2 151.81083900914 0.2
  1 17 2 441.657081900508 0.2
  1 18 2 812.291926969477 0.2
  1 19 2 1615.01750989861 0.2
  1 20 2 1355.16843958175 0.2
  1 21 2 1248.45068656909 0.2
  1 22 2 3816.63379367606 0.2
  1 23 2 1052.05462143497 0.2
  1 24 2 1615.9606239546 0.2
  1 25 2 1145.48106475695 0.2
  1 26 2 1218.28112312893 0.2
  1 27 2 3091.42160172904 0.2
  1 28 2 1286.5947459628 0.2
  1 29 2 1265.89311097897 0.2
  1 30 2 4880.77353454954 0.2
  1 31 2 1510.18891663668 0.2
  1 32 2 348.618806448529 0.2
  1 33 2 2052.93890236206 0.2
  1 34 2 2970.60509532844 0.2
  1 35 2 2143.7610854404 0.2
  1 36 2 6299.04300909383 0.2
  1 37 2 4529.97374452311 0.2
  1 38 2 1505.89920352499 0.2
  1 39 2 1369.34046040279 0.2
  1 40 2 1835.75112068145 0.2
  1 41 2 1597.67743546037 0.2
  1 42 2 1955.27228339457 0.2
  1 1 1 22124.0474004285 0.2
  1 2 1 19096.4280820406 0.2
  1 3 1 13298.5045108821 0.2
  1 4 1 9560.50213684344 0.2
  1 5 1 10226.6076489277 0.2
  1 6 1 13065.3297089386 0.2
  1 7 1 9154.69482536815 0.2
  1 8 1 7483.71530345692 0.2
  1 9 1 9270.39723410403 0.2
  1 10 1 11579.8018841436 0.2
  1 11 1 11933.5202914614 0.2
  1 12 1 14404.0711376078 0.2
  1 13 1 6851.8652031538 0.2
  1 14 1 5427.09208837012 0.2
  1 15 1 9787.65535831812 0.2
  1 16 1 6692.7302987996 0.2
  1 17 1 7053.12630276307 0.2
  1 18 1 3282.45636878154 0.2
  1 19 1 3325.06423799644 0.2
  1 20 1 5027.16760813818 0.2
  1 21 1 6070.78989219689 0.2
  1 22 1 4689.2161255208 0.2
  1 23 1 6101.76600983416 0.2
  1 24 1 4789.61209129933 0.2
  1 25 1 7998.39928963341 0.2
  1 26 1 15916.05074243 0.2
  1 27 1 3622.43111689851 0.2
  1 28 1 3268.11990250824 0.2
  1 29 1 2931.60917619219 0.2
  1 30 1 8769.65720506661 0.2
  1 31 1 1948.86014554679 0.2
  1 32 1 4026.34386547261 0.2
  1 33 1 1348.04689667141 0.2
  1 34 1 4216.10516990516 0.2
  1 35 1 1897.47048892257 0.2
  1 36 1 2504.10012813672 0.2
  1 37 1 733.417316931449 0.2
  1 38 1 2384.71428415514 0.2
  1 39 1 1824.82441086888 0.2
  1 40 1 3584.41477277019 0.2
  1 41 1 2179.6072852351 0.2
  1 42 1 1749.54770200928 0.2
  1 1 3 70.0063300654432 0.2
  1 2 3 126.367506867619 0.2
  1 3 3 78.3563542630497 0.2
  1 4 3 57.7891678876067 0.2
  1 5 3 229.621645736502 0.2
  1 6 3 211.850536545776 0.2
  1 7 3 208.032063118226 0.2
  1 8 3 178.302150535081 0.2
  1 9 3 385.987641234702 0.2
  1 10 3 148.095287549854 0.2
  1 11 3 274.930656275432 0.2
  1 12 3 563.87249468593 0.2
  1 13 3 356.813069869789 0.2
  1 14 3 759.085374991855 0.2
  1 15 3 293.470334092539 0.2
  1 16 3 1130.56511132486 0.2
  1 17 3 291.505729879122 0.2
  1 18 3 400.772010388979 0.2
  1 19 3 878.219150095816 0.2
  1 20 3 185.235947254168 0.2
  1 21 3 417.980670134444 0.2
  1 22 3 326.993426477892 0.2
  1 23 3 206.638882441302 0.2
  1 24 3 277.285123878201 0.2
  1 25 3 353.274148080109 0.2
  1 26 3 241.599497658714 0.2
  1 27 3 415.439843877202 0.2
  1 28 3 598.137286130139 0.2
  1 29 3 244.766564253637 0.2
  1 30 3 204.550182344373 0.2
  1 31 3 268.313322169492 0.2
  1 32 3 968.596479897811 0.2
  1 33 3 51.7809171468314 0.2
  1 34 3 139.890264412222 0.2
  1 35 3 85.766684116761 0.2
  1 36 3 91.604955968292 0.2
  1 37 3 113.9266295963 0.2
  1 38 3 273.742033509554 0.2
  1 39 3 604.757193876953 0.2
  1 40 3 377.656982599087 0.2
  1 41 3 150305.623161617 0.2
  1 42 3 46798.84975508 0.2
# end survey index observations 
#  
# Survey size comp data 
# Number of observations, init_int Nsurvey_size_obs 
  166
# init_matrix obs_survey_size(1,Nsurvey_size_obs,1,ncol) 
# Survey  Year  Species Type (0=whole, 1=retained, 2=discard) InpN, proportion by length bin 
  1 1 1 0 25 0 0.38 0.54 0.08 0
  1 2 1 0 25 0 0.36 0.58 0.06 0
  1 3 1 0 25 0 0.39 0.55 0.06 0
  1 4 1 0 25 0.02 0.47 0.44 0.07 0
  1 5 1 0 25 0.02 0.27 0.69 0.02 0
  1 6 1 0 25 0.04 0.27 0.66 0.03 0
  1 7 1 0 25 0.01 0.36 0.59 0.04 0
  1 8 1 0 25 0.03 0.35 0.56 0.06 0
  1 9 1 0 25 0 0.46 0.51 0.03 0
  1 10 1 0 25 0.01 0.46 0.5 0.03 0
  1 11 1 0 25 0.02 0.31 0.61 0.06 0
  1 12 1 0 25 0.01 0.34 0.59 0.06 0
  1 13 1 0 25 0.01 0.3 0.6 0.09 0
  1 14 1 0 25 0.05 0.32 0.62 0.01 0
  1 15 1 0 25 0.01 0.29 0.62 0.08 0
  1 16 1 0 25 0.01 0.27 0.65 0.07 0
  1 17 1 0 25 0.04 0.43 0.44 0.09 0
  1 18 1 0 25 0.02 0.41 0.54 0.03 0
  1 19 1 0 25 0.03 0.36 0.57 0.04 0
  1 20 1 0 25 0.02 0.38 0.53 0.07 0
  1 21 1 0 25 0.01 0.31 0.64 0.04 0
  1 22 1 0 25 0.01 0.21 0.68 0.1 0
  1 23 1 0 25 0.01 0.28 0.56 0.15 0
  1 24 1 0 25 0.01 0.27 0.56 0.16 0
  1 25 1 0 25 0.01 0.25 0.6 0.14 0
  1 26 1 0 25 0.01 0.16 0.72 0.11 0
  1 27 1 0 25 0.02 0.24 0.54 0.2 0
  1 28 1 0 25 0.01 0.3 0.55 0.14 0
  1 29 1 0 25 0 0.32 0.53 0.15 0
  1 30 1 0 25 0.01 0.26 0.57 0.16 0
  1 31 1 0 25 0 0.26 0.57 0.17 0
  1 32 1 0 25 0.01 0.22 0.53 0.24 0
  1 33 1 0 25 0.01 0.2 0.55 0.24 0
  1 34 1 0 25 0.01 0.19 0.6 0.2 0
  1 35 1 0 25 0 0.28 0.6 0.12 0
  1 36 1 0 25 0 0.3 0.6 0.1 0
  1 37 1 0 25 0.01 0.25 0.63 0.11 0
  1 38 1 0 25 0.02 0.34 0.57 0.07 0
  1 39 1 0 25 0 0.3 0.56 0.14 0
  1 40 1 0 25 0.02 0.26 0.55 0.17 0
  1 41 1 0 25 0.06 0.28 0.49 0.17 0
  1 42 1 0 25 0.02 0.56 0.33 0.09 0
  1 1 2 0 25 0 0.02 0.12 0.6 0.26
  1 4 2 0 25 0 0.15 0.29 0.43 0.13
  1 5 2 0 25 0 0.1 0.21 0.58 0.11
  1 6 2 0 25 0 0.16 0.23 0.52 0.09
  1 7 2 0 25 0 0.1 0.29 0.6 0.01
  1 8 2 0 25 0 0.12 0.4 0.47 0.01
  1 9 2 0 25 0 0.2 0.31 0.47 0.02
  1 10 2 0 25 0 0.19 0.36 0.44 0.01
  1 11 2 0 25 0 0.17 0.3 0.5 0.03
  1 12 2 0 25 0 0.13 0.34 0.53 0
  1 13 2 0 25 0 0.07 0.34 0.59 0
  1 14 2 0 25 0 0.13 0.32 0.55 0
  1 15 2 0 25 0 0.11 0.19 0.7 0
  1 16 2 0 25 0 0.07 0.34 0.59 0
  1 17 2 0 25 0 0.52 0.13 0.34 0.01
  1 18 2 0 25 0 0.36 0.44 0.2 0
  1 19 2 0 25 0 0.07 0.69 0.24 0
  1 20 2 0 25 0 0.1 0.45 0.45 0
  1 21 2 0 25 0 0.09 0.32 0.59 0
  1 22 2 0 25 0 0.03 0.27 0.7 0
  1 23 2 0 25 0 0.05 0.16 0.79 0
  1 24 2 0 25 0 0.11 0.17 0.72 0
  1 25 2 0 25 0 0.05 0.23 0.72 0
  1 26 2 0 25 0 0.24 0.15 0.61 0
  1 27 2 0 25 0 0.07 0.32 0.61 0
  1 28 2 0 25 0 0.05 0.32 0.63 0
  1 29 2 0 25 0 0.05 0.23 0.72 0
  1 30 2 0 25 0 0.05 0.28 0.67 0
  1 31 2 0 25 0 0.39 0.17 0.44 0
  1 32 2 0 25 0 0.07 0.56 0.37 0
  1 33 2 0 25 0 0.09 0.36 0.55 0
  1 34 2 0 25 0 0.05 0.33 0.62 0
  1 35 2 0 25 0 0.06 0.24 0.7 0
  1 36 2 0 25 0 0 0.14 0.86 0
  1 37 2 0 25 0 0.06 0.14 0.8 0
  1 38 2 0 25 0 0.06 0.17 0.77 0
  1 39 2 0 25 0 0.06 0.09 0.85 0
  1 40 2 0 25 0 0.08 0.16 0.76 0
  1 41 2 0 25 0 0.07 0.16 0.77 0
  1 42 2 0 25 0 0.3 0.12 0.58 0
  1 1 3 0 25 0 0.21 0.24 0.55 0
  1 2 3 0 25 0.06 0.2 0.23 0.51 0
  1 3 3 0 25 0.1 0.49 0.21 0.2 0
  1 4 3 0 25 0.06 0.4 0.37 0.17 0
  1 5 3 0 25 0.03 0.29 0.44 0.23 0.01
  1 6 3 0 25 0.01 0.15 0.48 0.36 0
  1 7 3 0 25 0.01 0.14 0.46 0.39 0
  1 8 3 0 25 0.01 0.11 0.47 0.41 0
  1 9 3 0 25 0.01 0.16 0.37 0.46 0
  1 10 3 0 25 0.03 0.1 0.33 0.54 0
  1 11 3 0 25 0.02 0.13 0.3 0.55 0
  1 12 3 0 25 0.03 0.14 0.31 0.52 0
  1 13 3 0 25 0.03 0.15 0.25 0.57 0
  1 14 3 0 25 0.02 0.13 0.29 0.56 0
  1 15 3 0 25 0.03 0.17 0.31 0.49 0
  1 16 3 0 25 0.03 0.1 0.35 0.52 0
  1 17 3 0 25 0.01 0.12 0.36 0.51 0
  1 18 3 0 25 0 0.15 0.37 0.48 0
  1 19 3 0 25 0.03 0.22 0.24 0.51 0
  1 20 3 0 25 0.02 0.15 0.33 0.5 0
  1 21 3 0 25 0.02 0.15 0.31 0.52 0
  1 22 3 0 25 0.02 0.14 0.28 0.56 0
  1 23 3 0 25 0.02 0.14 0.32 0.52 0
  1 24 3 0 25 0.01 0.12 0.35 0.52 0
  1 25 3 0 25 0.02 0.12 0.27 0.59 0
  1 26 3 0 25 0 0.11 0.34 0.55 0
  1 27 3 0 25 0.01 0.1 0.31 0.58 0
  1 28 3 0 25 0.04 0.13 0.26 0.57 0
  1 29 3 0 25 0.01 0.08 0.34 0.57 0
  1 30 3 0 25 0.02 0.07 0.28 0.63 0
  1 31 3 0 25 0.01 0.07 0.32 0.6 0
  1 32 3 0 25 0.01 0.06 0.23 0.7 0
  1 33 3 0 25 0.01 0.17 0.3 0.52 0
  1 34 3 0 25 0.06 0.32 0.22 0.4 0
  1 35 3 0 25 0.07 0.25 0.38 0.3 0
  1 36 3 0 25 0.08 0.29 0.34 0.29 0
  1 37 3 0 25 0.02 0.25 0.46 0.27 0
  1 38 3 0 25 0.01 0.18 0.41 0.4 0
  1 39 3 0 25 0.04 0.14 0.41 0.41 0
  1 40 3 0 25 0.02 0.18 0.41 0.39 0
  1 41 3 0 25 0.03 0.12 0.37 0.48 0
  1 42 3 0 25 0.01 0.14 0.35 0.5 0
  1 1 4 0 25 0.04 0.33 0.5 0.13 0
  1 2 4 0 25 0.02 0.31 0.53 0.14 0
  1 3 4 0 25 0.02 0.39 0.55 0.04 0
  1 4 4 0 25 0.03 0.34 0.49 0.14 0
  1 5 4 0 25 0.02 0.36 0.56 0.06 0
  1 6 4 0 25 0.02 0.43 0.48 0.07 0
  1 7 4 0 25 0 0.34 0.61 0.05 0
  1 8 4 0 25 0.01 0.45 0.48 0.06 0
  1 9 4 0 25 0.03 0.42 0.51 0.04 0
  1 10 4 0 25 0.01 0.36 0.51 0.12 0
  1 11 4 0 25 0.03 0.27 0.64 0.06 0
  1 12 4 0 25 0.02 0.35 0.54 0.09 0
  1 13 4 0 25 0.02 0.34 0.56 0.08 0
  1 14 4 0 25 0.04 0.33 0.57 0.06 0
  1 15 4 0 25 0.02 0.33 0.6 0.05 0
  1 16 4 0 25 0 0.38 0.58 0.04 0
  1 17 4 0 25 0.02 0.31 0.6 0.07 0
  1 18 4 0 25 0.04 0.39 0.53 0.04 0
  1 19 4 0 25 0.03 0.33 0.61 0.03 0
  1 20 4 0 25 0.01 0.36 0.58 0.05 0
  1 21 4 0 25 0.02 0.34 0.57 0.07 0
  1 22 4 0 25 0.02 0.31 0.61 0.06 0
  1 23 4 0 25 0 0.38 0.53 0.09 0
  1 24 4 0 25 0.01 0.31 0.6 0.08 0
  1 25 4 0 25 0.01 0.3 0.57 0.12 0
  1 26 4 0 25 0 0.33 0.56 0.11 0
  1 27 4 0 25 0.03 0.24 0.63 0.1 0
  1 28 4 0 25 0 0.21 0.62 0.17 0
  1 29 4 0 25 0.01 0.2 0.63 0.16 0
  1 30 4 0 25 0.02 0.28 0.52 0.18 0
  1 31 4 0 25 0 0.22 0.59 0.19 0
  1 32 4 0 25 0.01 0.26 0.62 0.11 0
  1 33 4 0 25 0.03 0.22 0.63 0.12 0
  1 34 4 0 25 0.02 0.26 0.58 0.14 0
  1 35 4 0 25 0.01 0.23 0.61 0.15 0
  1 36 4 0 25 0.02 0.25 0.61 0.12 0
  1 37 4 0 25 0.02 0.36 0.47 0.15 0
  1 38 4 0 25 0.03 0.27 0.55 0.15 0
  1 39 4 0 25 0.03 0.21 0.63 0.13 0
  1 40 4 0 25 0 0.29 0.6 0.11 0
  1 41 4 0 25 0.04 0.27 0.54 0.15 0
  1 42 4 0 25 0.02 0.39 0.44 0.15 0
# end survey length observations 
#  
# Fishery catch data 
# Number of observations, init_int Ncatch_obs
  168
# init_matrix obs_catch_biomass(1,Ncatch_obs,1,6) 
# Fleet	Area	Year	Species	Catch(biomass t)	CV 
  1 1 1 1 44819.0210812106 0.05
  1 1 2 1 33511.4926665003 0.05
  1 1 3 1 22700.7669318764 0.05
  1 1 4 1 24963.7943579395 0.05
  1 1 5 1 12895.0879496488 0.05
  1 1 6 1 13601.0729239308 0.05
  1 1 7 1 17251.5134118863 0.05
  1 1 8 1 15560.2588866488 0.05
  1 1 9 1 12994.0024262193 0.05
  1 1 10 1 13960.5694971696 0.05
  1 1 11 1 17133.7898244211 0.05
  1 1 12 1 18534.397473599 0.05
  1 1 13 1 17262.2155470991 0.05
  1 1 14 1 12279.2246660104 0.05
  1 1 15 1 12102.397246994 0.05
  1 1 16 1 12938.7542960759 0.05
  1 1 17 1 7349.06362727083 0.05
  1 1 18 1 7560.73174377094 0.05
  1 1 19 1 5183.74070101628 0.05
  1 1 20 1 7597.83564586836 0.05
  1 1 21 1 4311.68616822842 0.05
  1 1 22 1 4833.57131277059 0.05
  1 1 23 1 6265.67100824627 0.05
  1 1 24 1 6028.61736400715 0.05
  1 1 25 1 6072.85120299476 0.05
  1 1 26 1 3976.18668688291 0.05
  1 1 27 1 4822.1449278592 0.05
  1 1 28 1 2822.94993949955 0.05
  1 1 29 1 2849.64093672086 0.05
  1 1 30 1 3837.1277805731 0.05
  1 1 31 1 2522.91943078097 0.05
  1 1 32 1 3709.13710033207 0.05
  1 1 33 1 2719.45292146154 0.05
  1 1 34 1 1823.49482154884 0.05
  1 1 35 1 1597.96893162241 0.05
  1 1 36 1 1907.71421602038 0.05
  1 1 37 1 1115.38570501438 0.05
  1 1 38 1 1087.32557738082 0.05
  1 1 39 1 1131.24653269828 0.05
  1 1 40 1 1200.40171585771 0.05
  1 1 41 1 1024.01603876348 0.05
  1 1 42 1 1102.66011412786 0.05
  1 1 1 4 8455.85026455654 0.05
  1 1 2 4 7262.71741357076 0.05
  1 1 3 4 6834.50170848942 0.05
  1 1 4 4 5848.52396028967 0.05
  1 1 5 4 10367.6398614444 0.05
  1 1 6 4 8530.59563675731 0.05
  1 1 7 4 5051.91728544977 0.05
  1 1 8 4 6939.70135550456 0.05
  1 1 9 4 6581.19003827843 0.05
  1 1 10 4 7971.35887734225 0.05
  1 1 11 4 6284.31686485168 0.05
  1 1 12 4 6019.88456620255 0.05
  1 1 13 4 6963.1592011291 0.05
  1 1 14 4 6474.28090115908 0.05
  1 1 15 4 10682.7860136352 0.05
  1 1 16 4 10278.5526451112 0.05
  1 1 17 4 9718.1989910339 0.05
  1 1 18 4 6739.75298706259 0.05
  1 1 19 4 5305.67712898909 0.05
  1 1 20 4 4398.40775634316 0.05
  1 1 21 4 3568.39686395998 0.05
  1 1 22 4 3912.30617953896 0.05
  1 1 23 4 4710.77067136672 0.05
  1 1 24 4 5456.59386793284 0.05
  1 1 25 4 5221.16090226634 0.05
  1 1 26 4 5961.87453565739 0.05
  1 1 27 4 4619.39490875088 0.05
  1 1 28 4 4122.39498922311 0.05
  1 1 29 4 4781.31683632207 0.05
  1 1 30 4 6158.82218646588 0.05
  1 1 31 4 4607.98050382432 0.05
  1 1 32 4 4721.96292904336 0.05
  1 1 33 4 4705.48342745505 0.05
  1 1 34 4 6203.0161504402 0.05
  1 1 35 4 5924.86340499117 0.05
  1 1 36 4 7492.0098843643 0.05
  1 1 37 4 6373.34090657082 0.05
  1 1 38 4 6527.79454900016 0.05
  1 1 39 4 6284.72152578463 0.05
  1 1 40 4 7998.45183248027 0.05
  1 1 41 4 5236.36601414069 0.05
  1 1 42 4 5267.77695733341 0.05
  2 1 1 2 1317.03828433536 0.05
  2 1 2 2 716.851420817998 0.05
  2 1 3 2 926.151802475268 0.05
  2 1 4 2 1113.85160192323 0.05
  2 1 5 2 964.376968943534 0.05
  2 1 6 2 791.812706320497 0.05
  2 1 7 2 821.013264325616 0.05
  2 1 8 2 776.185372400149 0.05
  2 1 9 2 933.643486540621 0.05
  2 1 10 2 868.957771322671 0.05
  2 1 11 2 1498.24760585236 0.05
  2 1 12 2 2138.4362572573 0.05
  2 1 13 2 1739.3349650539 0.05
  2 1 14 2 2100.97404995344 0.05
  2 1 15 2 2094.93472494221 0.05
  2 1 16 2 2394.9523236555 0.05
  2 1 17 2 3386.79837002878 0.05
  2 1 18 2 2875.21665690838 0.05
  2 1 19 2 2929.41172709177 0.05
  2 1 20 2 6900.22308351194 0.05
  2 1 21 2 7559.07131751619 0.05
  2 1 22 2 11165.3133091007 0.05
  2 1 23 2 10285.2054743291 0.05
  2 1 24 2 12232.6164723996 0.05
  2 1 25 2 9689.17805736816 0.05
  2 1 26 2 5172.35266142288 0.05
  2 1 27 2 10272.0389985112 0.05
  2 1 28 2 6941.96566205116 0.05
  2 1 29 2 9490.10821615069 0.05
  2 1 30 2 11887.8976916149 0.05
  2 1 31 2 8169.03233064304 0.05
  2 1 32 2 7373.10732678049 0.05
  2 1 33 2 16056.0150692851 0.05
  2 1 34 2 11926.1591890041 0.05
  2 1 35 2 19775.1911531572 0.05
  2 1 36 2 18645.3659916195 0.05
  2 1 37 2 11229.3775368301 0.05
  2 1 38 2 11592.9629187873 0.05
  2 1 39 2 10140.8796336355 0.05
  2 1 40 2 14289.497670436 0.05
  2 1 41 2 6753.71025405092 0.05
  2 1 42 2 4800.37932857187 0.05
  2 1 1 3 478.779823090582 0.05
  2 1 2 3 635.525565770057 0.05
  2 1 3 3 663.708596748474 0.05
  2 1 4 3 601.237891769436 0.05
  2 1 5 3 1001.27583477656 0.05
  2 1 6 3 1625.91873547484 0.05
  2 1 7 3 1855.53834482473 0.05
  2 1 8 3 1411.0275432785 0.05
  2 1 9 3 1718.84509562949 0.05
  2 1 10 3 1805.07767069153 0.05
  2 1 11 3 1785.01626044563 0.05
  2 1 12 3 1275.74069316486 0.05
  2 1 13 3 1548.39036289122 0.05
  2 1 14 3 1447.50144003168 0.05
  2 1 15 3 1227.61541670591 0.05
  2 1 16 3 1269.19447358311 0.05
  2 1 17 3 1192.23435569328 0.05
  2 1 18 3 1688.89107546299 0.05
  2 1 19 3 1218.33725084874 0.05
  2 1 20 3 1118.81313632455 0.05
  2 1 21 3 1433.05115941642 0.05
  2 1 22 3 1222.17336603602 0.05
  2 1 23 3 1181.39721532942 0.05
  2 1 24 3 965.752217881895 0.05
  2 1 25 3 1410.85599381428 0.05
  2 1 26 3 958.4852187468 0.05
  2 1 27 3 1153.33204697775 0.05
  2 1 28 3 1178.80940416986 0.05
  2 1 29 3 1302.45358355289 0.05
  2 1 30 3 1201.19728983751 0.05
  2 1 31 3 799.398118657324 0.05
  2 1 32 3 806.867606939803 0.05
  2 1 33 3 608.673162016917 0.05
  2 1 34 3 1247.33733577943 0.05
  2 1 35 3 839.134544765301 0.05
  2 1 36 3 1059.13618655025 0.05
  2 1 37 3 1619.58780002059 0.05
  2 1 38 3 1287.46799921465 0.05
  2 1 39 3 1159.29586763781 0.05
  2 1 40 3 1857.95323396225 0.05
  2 1 41 3 64720.2338243707 0.05
  2 1 42 3 43256.6866382019 0.05
# end catch observations 
#  
# Fishery size comp data 
# Number of observations, init_int Ncatch_size_obs 
  168
# init_matrix obs_catch_size(1,Ncatch_size_obs,1,ncol) 
# Fleet Area  Year  Species Type (0=whole, 1=retained, 2=discard) InpN, proportion by size bin 
  1 1 1 1 0 25 0.02 0.35 0.6 0.03 0
  1 1 2 1 0 25 0.01 0.3 0.62 0.07 0
  1 1 3 1 0 25 0.01 0.27 0.61 0.11 0
  1 1 4 1 0 25 0.03 0.32 0.6 0.05 0
  1 1 5 1 0 25 0.02 0.52 0.39 0.07 0
  1 1 6 1 0 25 0 0.33 0.66 0.01 0
  1 1 7 1 0 25 0.05 0.3 0.61 0.04 0
  1 1 8 1 0 25 0.03 0.45 0.49 0.03 0
  1 1 9 1 0 25 0.05 0.33 0.57 0.05 0
  1 1 10 1 0 25 0.02 0.56 0.4 0.02 0
  1 1 11 1 0 25 0.02 0.34 0.6 0.04 0
  1 1 12 1 0 25 0 0.39 0.59 0.02 0
  1 1 13 1 0 25 0.03 0.46 0.47 0.04 0
  1 1 14 1 0 25 0.01 0.34 0.57 0.08 0
  1 1 15 1 0 25 0.03 0.38 0.55 0.04 0
  1 1 16 1 0 25 0 0.44 0.5 0.06 0
  1 1 17 1 0 25 0.03 0.37 0.57 0.03 0
  1 1 18 1 0 25 0.03 0.35 0.52 0.1 0
  1 1 19 1 0 25 0.03 0.37 0.58 0.02 0
  1 1 20 1 0 25 0.03 0.47 0.48 0.02 0
  1 1 21 1 0 25 0.04 0.35 0.6 0.01 0
  1 1 22 1 0 25 0.02 0.31 0.58 0.09 0
  1 1 23 1 0 25 0.04 0.3 0.59 0.07 0
  1 1 24 1 0 25 0.01 0.34 0.56 0.09 0
  1 1 25 1 0 25 0.01 0.21 0.69 0.09 0
  1 1 26 1 0 25 0 0.29 0.66 0.05 0
  1 1 27 1 0 25 0.02 0.23 0.6 0.15 0
  1 1 28 1 0 25 0.03 0.29 0.53 0.15 0
  1 1 29 1 0 25 0.01 0.23 0.62 0.14 0
  1 1 30 1 0 25 0.03 0.23 0.62 0.12 0
  1 1 31 1 0 25 0.02 0.18 0.63 0.17 0
  1 1 32 1 0 25 0 0.21 0.68 0.11 0
  1 1 33 1 0 25 0.04 0.09 0.61 0.26 0
  1 1 34 1 0 25 0.02 0.23 0.58 0.17 0
  1 1 35 1 0 25 0 0.18 0.56 0.26 0
  1 1 36 1 0 25 0.03 0.2 0.66 0.11 0
  1 1 37 1 0 25 0.01 0.26 0.56 0.17 0
  1 1 38 1 0 25 0.02 0.35 0.53 0.1 0
  1 1 39 1 0 25 0.02 0.24 0.66 0.08 0
  1 1 40 1 0 25 0.02 0.25 0.57 0.16 0
  1 1 41 1 0 25 0.01 0.21 0.67 0.11 0
  1 1 42 1 0 25 0.03 0.3 0.59 0.08 0
  1 1 1 4 0 25 0.04 0.27 0.56 0.13 0
  1 1 2 4 0 25 0.02 0.3 0.47 0.21 0
  1 1 3 4 0 25 0.03 0.35 0.53 0.09 0
  1 1 4 4 0 25 0.02 0.35 0.57 0.06 0
  1 1 5 4 0 25 0.03 0.35 0.53 0.09 0
  1 1 6 4 0 25 0.01 0.37 0.55 0.07 0
  1 1 7 4 0 25 0.01 0.4 0.54 0.05 0
  1 1 8 4 0 25 0 0.4 0.55 0.05 0
  1 1 9 4 0 25 0.02 0.28 0.65 0.05 0
  1 1 10 4 0 25 0.05 0.37 0.51 0.07 0
  1 1 11 4 0 25 0.02 0.32 0.62 0.04 0
  1 1 12 4 0 25 0.02 0.34 0.56 0.08 0
  1 1 13 4 0 25 0.01 0.35 0.56 0.08 0
  1 1 14 4 0 25 0.02 0.25 0.69 0.04 0
  1 1 15 4 0 25 0.02 0.26 0.64 0.08 0
  1 1 16 4 0 25 0.01 0.36 0.54 0.09 0
  1 1 17 4 0 25 0 0.43 0.49 0.08 0
  1 1 18 4 0 25 0.04 0.36 0.55 0.05 0
  1 1 19 4 0 25 0.01 0.25 0.67 0.07 0
  1 1 20 4 0 25 0.02 0.44 0.5 0.04 0
  1 1 21 4 0 25 0 0.32 0.63 0.05 0
  1 1 22 4 0 25 0.01 0.34 0.61 0.04 0
  1 1 23 4 0 25 0.03 0.26 0.61 0.1 0
  1 1 24 4 0 25 0.03 0.21 0.64 0.12 0
  1 1 25 4 0 25 0 0.24 0.61 0.15 0
  1 1 26 4 0 25 0 0.28 0.63 0.09 0
  1 1 27 4 0 25 0.02 0.25 0.63 0.1 0
  1 1 28 4 0 25 0.01 0.28 0.58 0.13 0
  1 1 29 4 0 25 0.01 0.25 0.62 0.12 0
  1 1 30 4 0 25 0 0.27 0.56 0.17 0
  1 1 31 4 0 25 0 0.2 0.7 0.1 0
  1 1 32 4 0 25 0.01 0.23 0.61 0.15 0
  1 1 33 4 0 25 0 0.15 0.67 0.18 0
  1 1 34 4 0 25 0.02 0.2 0.71 0.07 0
  1 1 35 4 0 25 0 0.3 0.56 0.14 0
  1 1 36 4 0 25 0.02 0.28 0.53 0.17 0
  1 1 37 4 0 25 0 0.26 0.68 0.06 0
  1 1 38 4 0 25 0 0.28 0.61 0.11 0
  1 1 39 4 0 25 0.01 0.15 0.62 0.22 0
  1 1 40 4 0 25 0.01 0.3 0.58 0.11 0
  1 1 41 4 0 25 0.02 0.24 0.59 0.15 0
  1 1 42 4 0 25 0 0.26 0.61 0.13 0
  2 1 1 2 0 25 0 0.02 0.15 0.7 0.13
  2 1 2 2 0 25 0 0.02 0.19 0.7 0.09
  2 1 3 2 0 25 0 0.05 0.09 0.7 0.16
  2 1 4 2 0 25 0.01 0.02 0.36 0.52 0.09
  2 1 5 2 0 25 0 0.03 0.33 0.55 0.09
  2 1 6 2 0 25 0 0.01 0.28 0.65 0.06
  2 1 7 2 0 25 0.01 0.03 0.39 0.51 0.06
  2 1 8 2 0 25 0 0.01 0.3 0.67 0.02
  2 1 9 2 0 25 0.01 0.05 0.36 0.52 0.06
  2 1 10 2 0 25 0 0.07 0.42 0.49 0.02
  2 1 11 2 0 25 0.02 0.04 0.51 0.43 0
  2 1 12 2 0 25 0 0.03 0.38 0.59 0
  2 1 13 2 0 25 0 0.02 0.41 0.57 0
  2 1 14 2 0 25 0 0.01 0.34 0.65 0
  2 1 15 2 0 25 0 0 0.31 0.69 0
  2 1 16 2 0 25 0 0.02 0.26 0.72 0
  2 1 17 2 0 25 0.01 0.01 0.2 0.78 0
  2 1 18 2 0 25 0.02 0.18 0.29 0.51 0
  2 1 19 2 0 25 0 0.14 0.63 0.23 0
  2 1 20 2 0 25 0 0.01 0.73 0.26 0
  2 1 21 2 0 25 0 0.02 0.48 0.5 0
  2 1 22 2 0 25 0 0 0.36 0.64 0
  2 1 23 2 0 25 0 0.02 0.36 0.62 0
  2 1 24 2 0 25 0 0.01 0.27 0.72 0
  2 1 25 2 0 25 0 0.01 0.26 0.73 0
  2 1 26 2 0 25 0 0.02 0.16 0.82 0
  2 1 27 2 0 25 0 0.02 0.23 0.75 0
  2 1 28 2 0 25 0 0.01 0.51 0.48 0
  2 1 29 2 0 25 0 0.03 0.26 0.71 0
  2 1 30 2 0 25 0 0.01 0.32 0.67 0
  2 1 31 2 0 25 0.01 0 0.18 0.81 0
  2 1 32 2 0 25 0 0.18 0.28 0.54 0
  2 1 33 2 0 25 0 0.03 0.58 0.39 0
  2 1 34 2 0 25 0 0.03 0.39 0.58 0
  2 1 35 2 0 25 0 0 0.39 0.61 0
  2 1 36 2 0 25 0 0 0.25 0.75 0
  2 1 37 2 0 25 0 0 0.22 0.78 0
  2 1 38 2 0 25 0 0 0.15 0.85 0
  2 1 39 2 0 25 0 0.01 0.21 0.78 0
  2 1 40 2 0 25 0 0.01 0.16 0.83 0
  2 1 41 2 0 25 0 0.01 0.09 0.9 0
  2 1 42 2 0 25 0 0.01 0.2 0.79 0
  2 1 1 3 0 25 0 0.48 0.11 0.41 0
  2 1 2 3 0 25 0.02 0.24 0.51 0.23 0
  2 1 3 3 0 25 0.08 0.27 0.35 0.3 0
  2 1 4 3 0 25 0.03 0.63 0.22 0.12 0
  2 1 5 3 0 25 0.01 0.45 0.47 0.07 0
  2 1 6 3 0 25 0 0.35 0.58 0.07 0
  2 1 7 3 0 25 0 0.26 0.58 0.16 0
  2 1 8 3 0 25 0 0.23 0.61 0.16 0
  2 1 9 3 0 25 0 0.1 0.66 0.24 0
  2 1 10 3 0 25 0 0.14 0.57 0.29 0
  2 1 11 3 0 25 0.01 0.22 0.53 0.24 0
  2 1 12 3 0 25 0.01 0.12 0.54 0.33 0
  2 1 13 3 0 25 0.01 0.14 0.49 0.36 0
  2 1 14 3 0 25 0.01 0.25 0.39 0.35 0
  2 1 15 3 0 25 0.01 0.26 0.51 0.22 0
  2 1 16 3 0 25 0 0.16 0.52 0.32 0
  2 1 17 3 0 25 0 0.19 0.5 0.31 0
  2 1 18 3 0 25 0 0.19 0.57 0.24 0
  2 1 19 3 0 25 0.01 0.27 0.54 0.18 0
  2 1 20 3 0 25 0.01 0.29 0.43 0.27 0
  2 1 21 3 0 25 0 0.18 0.49 0.33 0
  2 1 22 3 0 25 0 0.26 0.47 0.27 0
  2 1 23 3 0 25 0 0.27 0.48 0.25 0
  2 1 24 3 0 25 0 0.21 0.54 0.25 0
  2 1 25 3 0 25 0 0.25 0.43 0.32 0
  2 1 26 3 0 25 0.01 0.2 0.48 0.31 0
  2 1 27 3 0 25 0 0.18 0.52 0.3 0
  2 1 28 3 0 25 0.01 0.13 0.64 0.22 0
  2 1 29 3 0 25 0.01 0.16 0.48 0.35 0
  2 1 30 3 0 25 0 0.17 0.5 0.33 0
  2 1 31 3 0 25 0 0.15 0.44 0.41 0
  2 1 32 3 0 25 0.01 0.24 0.4 0.35 0
  2 1 33 3 0 25 0.02 0.24 0.42 0.32 0
  2 1 34 3 0 25 0.02 0.28 0.41 0.29 0
  2 1 35 3 0 25 0.02 0.47 0.33 0.18 0
  2 1 36 3 0 25 0.01 0.39 0.48 0.12 0
  2 1 37 3 0 25 0.04 0.43 0.39 0.14 0
  2 1 38 3 0 25 0.03 0.34 0.52 0.11 0
  2 1 39 3 0 25 0.03 0.2 0.6 0.17 0
  2 1 40 3 0 25 0 0.22 0.55 0.23 0
  2 1 41 3 0 25 0 0.21 0.59 0.2 0
  2 1 42 3 0 25 0 0.24 0.55 0.21 0
# end fishery length observations 
#  
# Survey diet proportion observations 
# Number of observations, init_int Ndietprop_obs 
  112
# init_matrix obs_dietprop(1,Ndietprop_obs,1,ncol) 
# Survey  Year  Predator  Predator_size InpN  wt_prey_1 wt_prey_2 wt_prey_3 wt_prey_4 wt_prey_5 wt_prey_6 wt_prey_7 wt_prey_8 wt_prey_9 wt_prey_10 wt_prey_11 other 
  1 12 1 2 25 0 0 0 0 1
  1 12 1 3 25 0.15 0 0 0 0.85
  1 13 1 3 25 0 0 0 0 1
  1 13 1 4 25 0 1 0 0 0
  1 15 1 2 25 0 0 0 0 1
  1 18 1 1 25 0.86 0 0 0 0.14
  1 18 1 2 25 0 0 0 0 1
  1 18 1 3 25 0 0 0 0 1
  1 19 1 2 25 0 0.99 0 0 0.01
  1 19 1 3 25 0 0 0 0 1
  1 20 1 3 25 0 0.9 0 0 0.1
  1 21 1 2 25 0 0 0 0 1
  1 21 1 3 25 0 0 0 0 1
  1 24 1 3 25 0 0.99 0 0 0.01
  1 25 1 3 25 0 0 0 0 1
  1 26 1 3 25 0 0 1 0 0
  1 27 1 3 25 0 0 0.73 0 0.27
  1 28 1 3 25 0 1 0 0 0
  1 33 1 3 25 0 0 0 0 1
  1 34 1 3 25 0 0.93 0 0 0.07
  1 35 1 3 25 0 0 0 0 1
  1 38 1 3 25 0 0 0 0 1
  1 39 1 3 25 0 0 0 0 1
  1 40 1 2 25 0 0 0 0 1
  1 41 1 2 25 0 0 0.77 0 0.23
  2 2 1 4 25 1 0 0 0 0
  2 11 1 3 25 0 0 0 0 1
  2 14 1 3 25 0 0 0 0 1
  2 14 1 4 25 0 0 0 0 1
  2 15 1 3 25 0 0 0 0 1
  2 16 1 3 25 0 0.26 0 0 0.74
  2 16 1 4 25 0 0.35 0 0 0.65
  2 19 1 3 25 0 0.29 0.05 0 0.66
  2 19 1 4 25 0 0.83 0 0 0.17
  2 21 1 3 25 0 0.84 0 0 0.16
  2 21 1 4 25 0 0 0 0 1
  2 22 1 3 25 0 0 0 0 1
  2 23 1 3 25 0 0.64 0 0 0.36
  2 24 1 3 25 0 0 0 0 1
  2 24 1 4 25 0 1 0 0 0
  2 25 1 2 25 0 0 0 0 1
  2 25 1 3 25 0 0 0 0 1
  2 26 1 3 25 0 0.75 0 0 0.25
  2 27 1 3 25 0 0 0 0 1
  2 27 1 4 25 0 0 0 0 1
  2 29 1 3 25 0 0.32 0 0 0.68
  2 33 1 3 25 0 0 0 0 1
  2 35 1 1 25 0 0.85 0 0 0.15
  2 35 1 2 25 0 0 0 0 1
  2 35 1 3 25 0 0.63 0 0 0.37
  2 36 1 3 25 0 1 0 0 0
  2 39 1 3 25 0 0 0.1 0 0.9
  2 40 1 2 25 0 0 0 0 1
  1 8 4 2 25 0 0 0 0 1
  1 8 4 3 25 0 0 0 0 1
  1 11 4 3 25 0 0 0 0 1
  1 13 4 2 25 0 0 0 0 1
  1 13 4 3 25 0 0.46 0 0 0.54
  1 13 4 4 25 0 0 0 0 1
  1 14 4 3 25 0 0 0 0 1
  1 15 4 3 25 0 1 0 0 0
  1 15 4 4 25 0 0.03 0 0 0.97
  1 16 4 3 25 0 1 0 0 0
  1 16 4 4 25 0 0.33 0 0 0.67
  1 17 4 3 25 0 0 0 0 1
  1 18 4 3 25 0 0 0 0 1
  1 19 4 2 25 0 0 0 0 1
  1 19 4 3 25 0 0.7 0 0 0.3
  1 20 4 2 25 0 0 0.58 0 0.42
  1 20 4 3 25 0 0.18 0 0 0.82
  1 21 4 3 25 0 0.22 0 0 0.78
  1 22 4 2 25 0 0 0 0 1
  1 23 4 3 25 0 0 0 0 1
  1 24 4 3 25 0 0 0 0 1
  1 25 4 3 25 0 0 0 0 1
  1 25 4 4 25 0 1 0 0 0
  1 26 4 3 25 0 0 0 0 1
  1 27 4 2 25 0 0 0 0 1
  1 27 4 3 25 0 0.02 0 0 0.98
  1 28 4 2 25 0 0 0.99 0 0.01
  1 28 4 3 25 0 0 0 0 1
  1 29 4 3 25 0 0 0 0 1
  1 31 4 3 25 0 0.29 0 0 0.71
  1 31 4 4 25 0 0 0 0 1
  1 34 4 3 25 0 0 0 0 1
  1 40 4 3 25 0 0 0.62 0 0.38
  1 40 4 4 25 0 0 1 0 0
  1 42 4 3 25 0 0 0 0 1
  2 6 4 3 25 0 0 0.25 0 0.75
  2 8 4 3 25 0 0 0.32 0 0.68
  2 9 4 4 25 0 0 0 0 1
  2 14 4 4 25 0 0 0 0 1
  2 15 4 3 25 0 0 0 0 1
  2 16 4 3 25 0 0 0 0 1
  2 17 4 2 25 0 0 0 0 1
  2 18 4 3 25 0 0 0 0 1
  2 19 4 3 25 0 0 0 0 1
  2 21 4 3 25 0 0 0 0 1
  2 22 4 3 25 0 0.96 0 0 0.04
  2 23 4 3 25 0 0 0 0 1
  2 24 4 3 25 0 0.94 0.06 0 0
  2 25 4 3 25 0 0.06 0 0 0.94
  2 25 4 4 25 0 0 1 0 0
  2 27 4 3 25 0 0 0 0 1
  2 30 4 3 25 0 0 0 0 1
  2 33 4 3 25 0 0.02 0 0 0.98
  2 34 4 3 25 0 1 0 0 0
  2 35 4 3 25 0 0.62 0 0 0.38
  2 36 4 2 25 0 0.01 0 0 0.99
  2 36 4 3 25 0 0.34 0 0 0.66
  2 37 4 3 25 0 0 0 0 1
  2 42 4 3 25 0 0 0.46 0 0.54
# end survey diet proportion observations 
#  
