# This file was created using the write_tsDatFile function and used all the simulated data from sim_dta.rds found in repo:Hydra-self-testing
# Survey index data 
# Number of observations, init_int Nsurvey_obs
  166
# init_matrix obs_survey_biomass(1,Nsurvey_obs,1,5)
# survey year spp value cv
  1 1 4 132733.572518651 0.2
  1 2 4 77067.5609008609 0.2
  1 3 4 141296.26201358 0.2
  1 4 4 88267.7412810529 0.2
  1 5 4 180685.186693313 0.2
  1 6 4 44696.0243695689 0.2
  1 7 4 107788.660147678 0.2
  1 8 4 60583.2800848841 0.2
  1 9 4 100496.853933256 0.2
  1 10 4 113390.994655226 0.2
  1 11 4 110241.800261118 0.2
  1 12 4 103986.692471848 0.2
  1 13 4 221519.798965758 0.2
  1 14 4 67084.9067321038 0.2
  1 15 4 179441.382999636 0.2
  1 16 4 69712.7851445294 0.2
  1 17 4 287008.445359675 0.2
  1 18 4 204055.854032985 0.2
  1 19 4 197866.677516568 0.2
  1 20 4 139685.049290794 0.2
  1 21 4 93627.8366400469 0.2
  1 22 4 99117.6761802448 0.2
  1 23 4 94458.4811042282 0.2
  1 24 4 312271.421226207 0.2
  1 25 4 80347.1162851667 0.2
  1 26 4 220501.182964976 0.2
  1 27 4 157838.631552936 0.2
  1 28 4 154532.043244189 0.2
  1 29 4 97915.4186160136 0.2
  1 30 4 163077.067186018 0.2
  1 31 4 93633.9602964269 0.2
  1 32 4 234658.53563859 0.2
  1 33 4 170158.937568482 0.2
  1 34 4 221142.744339189 0.2
  1 35 4 332075.040207071 0.2
  1 36 4 322174.124217892 0.2
  1 37 4 347062.460849536 0.2
  1 38 4 248895.872795786 0.2
  1 39 4 317464.865153409 0.2
  1 40 4 181027.828993712 0.2
  1 41 4 265041.755459189 0.2
  1 42 4 602978.216316126 0.2
  1 1 2 213.626632205364 0.2
  1 4 2 97.7833535395248 0.2
  1 5 2 335.007405108066 0.2
  1 6 2 239.153687781087 0.2
  1 7 2 70.6599463353513 0.2
  1 8 2 112.044178121996 0.2
  1 9 2 163.577780388106 0.2
  1 10 2 355.682276689894 0.2
  1 11 2 813.350267519145 0.2
  1 12 2 501.834357016669 0.2
  1 13 2 869.374867418036 0.2
  1 14 2 186.188564383044 0.2
  1 15 2 991.07416835517 0.2
  1 16 2 214.504807088772 0.2
  1 17 2 470.258426218336 0.2
  1 18 2 912.973505500971 0.2
  1 19 2 1142.67062591835 0.2
  1 20 2 732.770947189058 0.2
  1 21 2 2359.2263824219 0.2
  1 22 2 1135.94309966924 0.2
  1 23 2 1947.55309387784 0.2
  1 24 2 1171.51263213285 0.2
  1 25 2 1271.31817267464 0.2
  1 26 2 669.316086094746 0.2
  1 27 2 1661.99528343495 0.2
  1 28 2 1466.93869506258 0.2
  1 29 2 2313.2804267766 0.2
  1 30 2 1521.9224901996 0.2
  1 31 2 287.3038900975 0.2
  1 32 2 1340.81654113072 0.2
  1 33 2 2678.95181337794 0.2
  1 34 2 2335.3536857865 0.2
  1 35 2 1145.50901269358 0.2
  1 36 2 2337.69023628807 0.2
  1 37 2 1773.31595655635 0.2
  1 38 2 5076.44167529478 0.2
  1 39 2 680.612222424075 0.2
  1 40 2 572.63437327647 0.2
  1 41 2 2329.87358294219 0.2
  1 42 2 1458.91362788994 0.2
  1 1 1 35623.330766971 0.2
  1 2 1 21142.3982298401 0.2
  1 3 1 15207.3540447444 0.2
  1 4 1 10326.9958289983 0.2
  1 5 1 12989.3449512647 0.2
  1 6 1 5106.15316952377 0.2
  1 7 1 8169.76588152162 0.2
  1 8 1 10942.6743912291 0.2
  1 9 1 9847.97039161387 0.2
  1 10 1 17318.2406092513 0.2
  1 11 1 15579.253129758 0.2
  1 12 1 14306.9382635786 0.2
  1 13 1 18644.9506691815 0.2
  1 14 1 8993.8390779547 0.2
  1 15 1 7439.29252806621 0.2
  1 16 1 7215.54682883042 0.2
  1 17 1 3301.03378710958 0.2
  1 18 1 6809.72219257101 0.2
  1 19 1 4644.24418951237 0.2
  1 20 1 8986.36153352479 0.2
  1 21 1 6553.69195278953 0.2
  1 22 1 6427.59714055518 0.2
  1 23 1 7456.47443518649 0.2
  1 24 1 13190.02329026 0.2
  1 25 1 4537.19708215661 0.2
  1 26 1 5945.2294353782 0.2
  1 27 1 19963.4659759647 0.2
  1 28 1 6793.28044286398 0.2
  1 29 1 3377.48073310578 0.2
  1 30 1 2717.22098427485 0.2
  1 31 1 2945.19766381569 0.2
  1 32 1 5759.33274300426 0.2
  1 33 1 5193.62887530773 0.2
  1 34 1 2038.16353538096 0.2
  1 35 1 2069.2903526944 0.2
  1 36 1 5726.3196108134 0.2
  1 37 1 1502.89604554994 0.2
  1 38 1 2395.35571364257 0.2
  1 39 1 3465.00723034776 0.2
  1 40 1 2514.16656690916 0.2
  1 41 1 1769.4476030141 0.2
  1 42 1 2387.69444176028 0.2
  1 1 3 62.4509555097074 0.2
  1 2 3 470.901244884566 0.2
  1 3 3 194.598876961888 0.2
  1 4 3 235.577244381627 0.2
  1 5 3 287.550579471819 0.2
  1 6 3 244.566185650967 0.2
  1 7 3 5076.62046721528 0.2
  1 8 3 653.614323574101 0.2
  1 9 3 216.897104706618 0.2
  1 10 3 533.88161612991 0.2
  1 11 3 499.682735645243 0.2
  1 12 3 617.946379310353 0.2
  1 13 3 324.318639103298 0.2
  1 14 3 209.900507957845 0.2
  1 15 3 258.242533830835 0.2
  1 16 3 73.9118908694847 0.2
  1 17 3 410.489917163294 0.2
  1 18 3 235.340569732118 0.2
  1 19 3 605.238568673441 0.2
  1 20 3 235.144711393448 0.2
  1 21 3 387.361083532448 0.2
  1 22 3 566.427721941924 0.2
  1 23 3 344.628025977861 0.2
  1 24 3 101.328612577965 0.2
  1 25 3 382.035985419349 0.2
  1 26 3 320.365163070864 0.2
  1 27 3 122.963458807244 0.2
  1 28 3 389.322020405216 0.2
  1 29 3 177.523652610256 0.2
  1 30 3 502.078587193005 0.2
  1 31 3 84.4490531807876 0.2
  1 32 3 208.269406370339 0.2
  1 33 3 133.604273159197 0.2
  1 34 3 550.17960046717 0.2
  1 35 3 112.78263141397 0.2
  1 36 3 355.256219107559 0.2
  1 37 3 607.355240450611 0.2
  1 38 3 755.862319963676 0.2
  1 39 3 213.700538866607 0.2
  1 40 3 675.732245409398 0.2
  1 41 3 151095.38282416 0.2
  1 42 3 112740.034028219 0.2
# end survey index observations 
#  
# Survey size comp data 
# Number of observations, init_int Nsurvey_size_obs 
  166
# init_matrix obs_survey_size(1,Nsurvey_size_obs,1,ncol) 
# Survey  Year  Species Type (0=whole, 1=retained, 2=discard) InpN, proportion by length bin 
  1 1 1 0 57 0.03 0.22 0.69 0.06 0
  1 2 1 0 65 0.01 0.29 0.63 0.07 0
  1 3 1 0 32 0 0.35 0.57 0.08 0
  1 4 1 0 32 0.02 0.43 0.46 0.09 0
  1 5 1 0 21 0 0.34 0.63 0.03 0
  1 6 1 0 18 0.01 0.31 0.61 0.07 0
  1 7 1 0 25 0 0.37 0.56 0.07 0
  1 8 1 0 20 0.02 0.33 0.61 0.04 0
  1 9 1 0 16 0.04 0.51 0.4 0.05 0
  1 10 1 0 19 0.01 0.39 0.56 0.04 0
  1 11 1 0 20 0.01 0.35 0.59 0.05 0
  1 12 1 0 22 0.02 0.28 0.65 0.05 0
  1 13 1 0 23 0 0.32 0.56 0.12 0
  1 14 1 0 14 0 0.22 0.68 0.1 0
  1 15 1 0 21 0 0.38 0.57 0.05 0
  1 16 1 0 14 0.01 0.36 0.54 0.09 0
  1 17 1 0 17 0 0.33 0.65 0.02 0
  1 18 1 0 19 0 0.46 0.51 0.03 0
  1 19 1 0 18 0.03 0.29 0.61 0.07 0
  1 20 1 0 15 0.01 0.35 0.54 0.1 0
  1 21 1 0 21 0.01 0.36 0.52 0.11 0
  1 22 1 0 13 0.03 0.3 0.61 0.06 0
  1 23 1 0 14 0.01 0.34 0.52 0.13 0
  1 24 1 0 14 0 0.27 0.61 0.12 0
  1 25 1 0 18 0 0.19 0.68 0.13 0
  1 26 1 0 14 0.01 0.22 0.62 0.15 0
  1 27 1 0 23 0 0.22 0.56 0.22 0
  1 28 1 0 14 0.01 0.21 0.66 0.12 0
  1 29 1 0 17 0 0.31 0.57 0.12 0
  1 30 1 0 18 0.01 0.26 0.54 0.19 0
  1 31 1 0 20 0.01 0.22 0.58 0.19 0
  1 32 1 0 10 0 0.19 0.66 0.15 0
  1 33 1 0 15 0.01 0.16 0.64 0.19 0
  1 34 1 0 18 0.02 0.25 0.56 0.17 0
  1 35 1 0 8 0 0.22 0.64 0.14 0
  1 36 1 0 12 0.02 0.26 0.54 0.18 0
  1 37 1 0 8 0.04 0.32 0.52 0.12 0
  1 38 1 0 16 0 0.3 0.58 0.12 0
  1 39 1 0 10 0.01 0.29 0.58 0.12 0
  1 40 1 0 10 0 0.41 0.46 0.13 0
  1 41 1 0 13 0.01 0.21 0.62 0.16 0
  1 42 1 0 8 0.03 0.45 0.43 0.09 0
  1 1 2 0 11 0 0.03 0.19 0.53 0.25
  1 4 2 0 1 0 0.11 0.25 0.55 0.09
  1 5 2 0 5 0 0.13 0.31 0.45 0.11
  1 6 2 0 1 0 0.11 0.27 0.51 0.11
  1 7 2 0 3 0 0.14 0.25 0.54 0.07
  1 8 2 0 4 0 0.21 0.22 0.53 0.04
  1 9 2 0 5 0 0.25 0.25 0.47 0.03
  1 10 2 0 10 0 0.22 0.37 0.38 0.03
  1 11 2 0 13 0 0.13 0.4 0.46 0.01
  1 12 2 0 15 0 0.11 0.43 0.45 0.01
  1 13 2 0 9 0 0.09 0.31 0.6 0
  1 14 2 0 6 0 0.07 0.32 0.61 0
  1 15 2 0 13 0 0.12 0.3 0.58 0
  1 16 2 0 10 0 0.08 0.21 0.7 0.01
  1 17 2 0 10 0 0.42 0.18 0.4 0
  1 18 2 0 18 0 0.49 0.32 0.19 0
  1 19 2 0 27 0 0.12 0.59 0.29 0
  1 20 2 0 23 0 0.07 0.35 0.58 0
  1 21 2 0 25 0 0.08 0.41 0.51 0
  1 22 2 0 9 0 0.06 0.23 0.71 0
  1 23 2 0 8 0 0.06 0.17 0.77 0
  1 24 2 0 9 0 0.08 0.18 0.74 0
  1 25 2 0 14 0 0.09 0.19 0.72 0
  1 26 2 0 18 0 0.21 0.15 0.64 0
  1 27 2 0 16 0 0.12 0.4 0.48 0
  1 28 2 0 6 0 0.13 0.17 0.7 0
  1 29 2 0 8 0 0.11 0.26 0.63 0
  1 30 2 0 17 0 0.03 0.26 0.71 0
  1 31 2 0 9 0 0.47 0.15 0.38 0
  1 32 2 0 30 0 0.17 0.48 0.35 0
  1 33 2 0 24 0 0.07 0.42 0.51 0
  1 34 2 0 25 0 0.05 0.33 0.62 0
  1 35 2 0 16 0 0.03 0.19 0.78 0
  1 36 2 0 13 0 0.06 0.09 0.85 0
  1 37 2 0 8 0 0.03 0.19 0.78 0
  1 38 2 0 10 0 0.07 0.09 0.84 0
  1 39 2 0 13 0 0.02 0.15 0.83 0
  1 40 2 0 8 0 0.05 0.11 0.84 0
  1 41 2 0 5 0 0.1 0.16 0.74 0
  1 42 2 0 17 0 0.33 0.13 0.54 0
  1 1 3 0 27 0 0.2 0.28 0.5 0.02
  1 2 3 0 13 0.05 0.14 0.32 0.49 0
  1 3 3 0 5 0.17 0.43 0.2 0.2 0
  1 4 3 0 2 0.06 0.4 0.33 0.21 0
  1 5 3 0 5 0.02 0.3 0.37 0.31 0
  1 6 3 0 1 0.01 0.23 0.48 0.28 0
  1 7 3 0 3 0.01 0.17 0.43 0.39 0
  1 8 3 0 3 0.01 0.17 0.44 0.38 0
  1 9 3 0 4 0.03 0.1 0.38 0.49 0
  1 10 3 0 4 0.02 0.06 0.34 0.58 0
  1 11 3 0 4 0.03 0.08 0.3 0.59 0
  1 12 3 0 2 0.01 0.13 0.31 0.55 0
  1 13 3 0 8 0.03 0.15 0.31 0.51 0
  1 14 3 0 19 0.04 0.18 0.35 0.43 0
  1 15 3 0 15 0.01 0.15 0.37 0.47 0
  1 16 3 0 12 0 0.16 0.32 0.52 0
  1 17 3 0 14 0.02 0.09 0.4 0.49 0
  1 18 3 0 14 0.01 0.13 0.26 0.6 0
  1 19 3 0 15 0 0.13 0.36 0.51 0
  1 20 3 0 17 0.02 0.12 0.26 0.6 0
  1 21 3 0 12 0.04 0.08 0.32 0.56 0
  1 22 3 0 11 0.01 0.14 0.36 0.49 0
  1 23 3 0 16 0.02 0.16 0.41 0.41 0
  1 24 3 0 15 0.07 0.09 0.37 0.47 0
  1 25 3 0 4 0.01 0.12 0.27 0.6 0
  1 26 3 0 14 0.02 0.15 0.31 0.52 0
  1 27 3 0 6 0.02 0.13 0.34 0.51 0
  1 28 3 0 4 0.02 0.16 0.29 0.53 0
  1 29 3 0 2 0.02 0.17 0.29 0.52 0
  1 30 3 0 10 0.01 0.14 0.22 0.63 0
  1 31 3 0 9 0 0.13 0.3 0.57 0
  1 32 3 0 12 0.02 0.1 0.27 0.61 0
  1 33 3 0 5 0.04 0.19 0.18 0.59 0
  1 34 3 0 9 0.11 0.31 0.21 0.37 0
  1 35 3 0 5 0.01 0.23 0.42 0.34 0
  1 36 3 0 5 0.04 0.25 0.38 0.33 0
  1 37 3 0 3 0.03 0.33 0.33 0.31 0
  1 38 3 0 15 0.02 0.17 0.45 0.36 0
  1 39 3 0 12 0.03 0.12 0.37 0.48 0
  1 40 3 0 9 0.01 0.16 0.38 0.45 0
  1 41 3 0 8 0.01 0.07 0.51 0.41 0
  1 42 3 0 12 0.03 0.12 0.33 0.52 0
  1 1 4 0 86 0.05 0.25 0.51 0.19 0
  1 2 4 0 100 0.02 0.33 0.51 0.14 0
  1 3 4 0 33 0.02 0.4 0.47 0.11 0
  1 4 4 0 44 0.02 0.36 0.54 0.08 0
  1 5 4 0 34 0.03 0.39 0.55 0.03 0
  1 6 4 0 40 0.02 0.42 0.52 0.04 0
  1 7 4 0 39 0.03 0.43 0.49 0.05 0
  1 8 4 0 49 0.02 0.41 0.53 0.04 0
  1 9 4 0 36 0.02 0.29 0.6 0.09 0
  1 10 4 0 43 0.03 0.34 0.56 0.07 0
  1 11 4 0 41 0 0.4 0.53 0.07 0
  1 12 4 0 35 0.02 0.32 0.55 0.11 0
  1 13 4 0 32 0 0.36 0.52 0.12 0
  1 14 4 0 21 0.02 0.38 0.53 0.07 0
  1 15 4 0 30 0.02 0.3 0.65 0.03 0
  1 16 4 0 19 0.02 0.43 0.48 0.07 0
  1 17 4 0 35 0.02 0.31 0.62 0.05 0
  1 18 4 0 27 0.03 0.3 0.6 0.07 0
  1 19 4 0 34 0.02 0.3 0.59 0.09 0
  1 20 4 0 42 0.03 0.4 0.49 0.08 0
  1 21 4 0 41 0 0.32 0.6 0.08 0
  1 22 4 0 44 0.02 0.32 0.57 0.09 0
  1 23 4 0 28 0.01 0.27 0.62 0.1 0
  1 24 4 0 34 0.02 0.29 0.6 0.09 0
  1 25 4 0 36 0.02 0.24 0.55 0.19 0
  1 26 4 0 31 0.01 0.33 0.56 0.1 0
  1 27 4 0 39 0.02 0.29 0.57 0.12 0
  1 28 4 0 38 0.01 0.34 0.49 0.16 0
  1 29 4 0 48 0.01 0.26 0.59 0.14 0
  1 30 4 0 38 0.01 0.23 0.63 0.13 0
  1 31 4 0 61 0.04 0.19 0.63 0.14 0
  1 32 4 0 48 0 0.29 0.56 0.15 0
  1 33 4 0 49 0.02 0.16 0.63 0.19 0
  1 34 4 0 44 0.02 0.25 0.59 0.14 0
  1 35 4 0 61 0.04 0.19 0.59 0.18 0
  1 36 4 0 67 0.01 0.27 0.64 0.08 0
  1 37 4 0 57 0.01 0.32 0.58 0.09 0
  1 38 4 0 38 0 0.22 0.6 0.18 0
  1 39 4 0 52 0.03 0.22 0.65 0.1 0
  1 40 4 0 43 0.05 0.24 0.56 0.15 0
  1 41 4 0 42 0 0.29 0.54 0.17 0
  1 42 4 0 61 0.01 0.23 0.65 0.11 0
# end survey length observations 
#  
# Fishery catch data 
# Number of observations, init_int Ncatch_obs
  168
# init_matrix obs_catch_biomass(1,Ncatch_obs,1,6) 
# Fleet	Area	Year	Species	Catch(biomass t)	CV 
  1 1 1 1 37843.5537789722 0.05
  1 1 2 1 25551.7640710018 0.05
  1 1 3 1 23364.4131884569 0.05
  1 1 4 1 19652.1700787397 0.05
  1 1 5 1 19886.2215776968 0.05
  1 1 6 1 23662.0413623085 0.05
  1 1 7 1 15676.0330627173 0.05
  1 1 8 1 18662.105223411 0.05
  1 1 9 1 18091.0699707253 0.05
  1 1 10 1 15450.9779832007 0.05
  1 1 11 1 11219.5231858421 0.05
  1 1 12 1 16277.3283958052 0.05
  1 1 13 1 24312.1549160911 0.05
  1 1 14 1 20663.281312667 0.05
  1 1 15 1 10169.3856304057 0.05
  1 1 16 1 10783.0965042184 0.05
  1 1 17 1 5915.20024454565 0.05
  1 1 18 1 8473.97979602653 0.05
  1 1 19 1 5564.07664417361 0.05
  1 1 20 1 7889.49083870096 0.05
  1 1 21 1 3025.7791448132 0.05
  1 1 22 1 3451.56243912712 0.05
  1 1 23 1 6557.35618354186 0.05
  1 1 24 1 4823.96216391988 0.05
  1 1 25 1 4990.07650269528 0.05
  1 1 26 1 5982.54239750031 0.05
  1 1 27 1 4824.77785259798 0.05
  1 1 28 1 3031.94584539253 0.05
  1 1 29 1 3044.15230908526 0.05
  1 1 30 1 2652.20014160771 0.05
  1 1 31 1 2933.00835216443 0.05
  1 1 32 1 4003.83732230899 0.05
  1 1 33 1 1892.47743818723 0.05
  1 1 34 1 2477.93846187559 0.05
  1 1 35 1 1777.88263409003 0.05
  1 1 36 1 1407.56782545584 0.05
  1 1 37 1 1160.86911679462 0.05
  1 1 38 1 1595.22219261065 0.05
  1 1 39 1 1022.11933458745 0.05
  1 1 40 1 1002.87207582353 0.05
  1 1 41 1 1744.28813229033 0.05
  1 1 42 1 1109.48283107361 0.05
  1 1 1 4 8042.26084872561 0.05
  1 1 2 4 7249.39280672428 0.05
  1 1 3 4 7496.53663738235 0.05
  1 1 4 4 5535.37397264506 0.05
  1 1 5 4 9948.83431222725 0.05
  1 1 6 4 7485.94319636485 0.05
  1 1 7 4 8526.05951874895 0.05
  1 1 8 4 8062.25422608969 0.05
  1 1 9 4 9380.32429947258 0.05
  1 1 10 4 7615.97054600625 0.05
  1 1 11 4 7551.69442740561 0.05
  1 1 12 4 6748.62688967342 0.05
  1 1 13 4 10203.5496345009 0.05
  1 1 14 4 6620.0043642331 0.05
  1 1 15 4 8922.48833104152 0.05
  1 1 16 4 5765.89786745144 0.05
  1 1 17 4 8333.0948733137 0.05
  1 1 18 4 9482.21927652835 0.05
  1 1 19 4 8087.43573970309 0.05
  1 1 20 4 7997.68523206748 0.05
  1 1 21 4 3021.00784393881 0.05
  1 1 22 4 3655.27933679005 0.05
  1 1 23 4 3077.37902957696 0.05
  1 1 24 4 5131.53732514409 0.05
  1 1 25 4 5882.89546261311 0.05
  1 1 26 4 5360.24548864676 0.05
  1 1 27 4 7354.26306525065 0.05
  1 1 28 4 5450.70803144131 0.05
  1 1 29 4 4601.09867731915 0.05
  1 1 30 4 4543.77412947128 0.05
  1 1 31 4 5636.07532580395 0.05
  1 1 32 4 5170.98654762779 0.05
  1 1 33 4 4850.95091105511 0.05
  1 1 34 4 5572.94916383901 0.05
  1 1 35 4 7238.27403604114 0.05
  1 1 36 4 5948.79996132906 0.05
  1 1 37 4 4675.87309053732 0.05
  1 1 38 4 4543.64159030659 0.05
  1 1 39 4 7122.47065326667 0.05
  1 1 40 4 5437.33015512358 0.05
  1 1 41 4 6439.84216300941 0.05
  1 1 42 4 4651.45957798857 0.05
  2 1 1 2 1012.18992298078 0.05
  2 1 2 2 1355.30779865404 0.05
  2 1 3 2 743.455257998666 0.05
  2 1 4 2 881.861814598598 0.05
  2 1 5 2 822.72612069036 0.05
  2 1 6 2 653.977003449691 0.05
  2 1 7 2 614.53278034972 0.05
  2 1 8 2 831.104103032092 0.05
  2 1 9 2 1210.46899359988 0.05
  2 1 10 2 1611.58802047879 0.05
  2 1 11 2 980.969214650235 0.05
  2 1 12 2 1545.78847963147 0.05
  2 1 13 2 1853.81083404796 0.05
  2 1 14 2 1768.8586612526 0.05
  2 1 15 2 2289.29248299478 0.05
  2 1 16 2 1610.74552155496 0.05
  2 1 17 2 2197.8558630499 0.05
  2 1 18 2 2713.96342200748 0.05
  2 1 19 2 3870.29220909416 0.05
  2 1 20 2 7775.53448952914 0.05
  2 1 21 2 14991.1470965114 0.05
  2 1 22 2 12442.503306058 0.05
  2 1 23 2 8429.12704109844 0.05
  2 1 24 2 15336.4669288941 0.05
  2 1 25 2 8552.57952670935 0.05
  2 1 26 2 8688.67240623541 0.05
  2 1 27 2 11242.5216842527 0.05
  2 1 28 2 9535.91395363492 0.05
  2 1 29 2 7165.32182158808 0.05
  2 1 30 2 7480.23477088582 0.05
  2 1 31 2 7557.52333782452 0.05
  2 1 32 2 7897.58789395629 0.05
  2 1 33 2 8435.78697102315 0.05
  2 1 34 2 16699.4387216017 0.05
  2 1 35 2 18267.898416497 0.05
  2 1 36 2 12630.925154054 0.05
  2 1 37 2 12811.1720998366 0.05
  2 1 38 2 13568.9215514913 0.05
  2 1 39 2 10860.8953295359 0.05
  2 1 40 2 9003.37991986604 0.05
  2 1 41 2 7541.64134647489 0.05
  2 1 42 2 5069.96145935092 0.05
  2 1 1 3 621.598840122459 0.05
  2 1 2 3 451.737468334513 0.05
  2 1 3 3 509.199005313106 0.05
  2 1 4 3 515.332499718689 0.05
  2 1 5 3 774.440429974481 0.05
  2 1 6 3 1226.86740087215 0.05
  2 1 7 3 1460.96500673651 0.05
  2 1 8 3 1555.38876564019 0.05
  2 1 9 3 1672.59041915344 0.05
  2 1 10 3 1856.62548354488 0.05
  2 1 11 3 1617.01802461959 0.05
  2 1 12 3 1632.84517770192 0.05
  2 1 13 3 975.611141812613 0.05
  2 1 14 3 1783.92718957052 0.05
  2 1 15 3 1510.52624956395 0.05
  2 1 16 3 1275.0829673921 0.05
  2 1 17 3 1583.96405949222 0.05
  2 1 18 3 1502.42240073835 0.05
  2 1 19 3 1363.74598791497 0.05
  2 1 20 3 1866.55627907057 0.05
  2 1 21 3 1112.57246967458 0.05
  2 1 22 3 1236.32693944749 0.05
  2 1 23 3 941.013498553396 0.05
  2 1 24 3 783.735656488594 0.05
  2 1 25 3 1158.67915051051 0.05
  2 1 26 3 1191.99217203596 0.05
  2 1 27 3 908.931598502455 0.05
  2 1 28 3 1261.38760148794 0.05
  2 1 29 3 773.551963789646 0.05
  2 1 30 3 781.577740591041 0.05
  2 1 31 3 773.013919771341 0.05
  2 1 32 3 858.227191478059 0.05
  2 1 33 3 696.48496127212 0.05
  2 1 34 3 711.051773878397 0.05
  2 1 35 3 772.682503516425 0.05
  2 1 36 3 994.057257800697 0.05
  2 1 37 3 949.340736428858 0.05
  2 1 38 3 1969.37562183746 0.05
  2 1 39 3 1385.34056221742 0.05
  2 1 40 3 2101.21779577218 0.05
  2 1 41 3 33677.2276305466 0.05
  2 1 42 3 27517.4472461698 0.05
# end catch observations 
#  
# Fishery size comp data 
# Number of observations, init_int Ncatch_size_obs 
  168
# init_matrix obs_catch_size(1,Ncatch_size_obs,1,ncol) 
# Fleet Area  Year  Species Type (0=whole, 1=retained, 2=discard) InpN, proportion by size bin 
  1 1 1 1 0 81 0.01 0.29 0.64 0.05 0.01
  1 1 2 1 0 73 0.02 0.33 0.59 0.06 0
  1 1 3 1 0 65 0.01 0.39 0.54 0.06 0
  1 1 4 1 0 56 0.04 0.29 0.58 0.09 0
  1 1 5 1 0 120 0.07 0.5 0.4 0.03 0
  1 1 6 1 0 130 0.02 0.41 0.51 0.06 0
  1 1 7 1 0 94 0.02 0.33 0.59 0.06 0
  1 1 8 1 0 94 0.04 0.37 0.52 0.07 0
  1 1 9 1 0 82 0.08 0.32 0.57 0.03 0
  1 1 10 1 0 76 0.06 0.51 0.39 0.04 0
  1 1 11 1 0 74 0 0.43 0.53 0.04 0
  1 1 12 1 0 65 0.03 0.37 0.58 0.02 0
  1 1 13 1 0 77 0.03 0.48 0.43 0.06 0
  1 1 14 1 0 88 0.02 0.35 0.54 0.09 0
  1 1 15 1 0 66 0.02 0.39 0.54 0.05 0
  1 1 16 1 0 69 0.01 0.39 0.56 0.04 0
  1 1 17 1 0 43 0.05 0.33 0.57 0.05 0
  1 1 18 1 0 34 0 0.51 0.45 0.04 0
  1 1 19 1 0 55 0.02 0.32 0.63 0.03 0
  1 1 20 1 0 64 0.01 0.38 0.53 0.08 0
  1 1 21 1 0 77 0.02 0.44 0.51 0.03 0
  1 1 22 1 0 67 0.04 0.33 0.55 0.08 0
  1 1 23 1 0 133 0.01 0.28 0.63 0.08 0
  1 1 24 1 0 98 0 0.17 0.7 0.13 0
  1 1 25 1 0 91 0 0.17 0.65 0.18 0
  1 1 26 1 0 77 0 0.27 0.64 0.09 0
  1 1 27 1 0 102 0.03 0.22 0.6 0.15 0
  1 1 28 1 0 76 0.01 0.27 0.59 0.13 0
  1 1 29 1 0 110 0.03 0.21 0.63 0.13 0
  1 1 30 1 0 100 0.04 0.31 0.58 0.07 0
  1 1 31 1 0 108 0.02 0.24 0.62 0.12 0
  1 1 32 1 0 118 0.02 0.22 0.63 0.13 0
  1 1 33 1 0 129 0.01 0.16 0.59 0.24 0
  1 1 34 1 0 90 0 0.15 0.67 0.18 0
  1 1 35 1 0 69 0.03 0.18 0.64 0.15 0
  1 1 36 1 0 80 0.03 0.2 0.64 0.13 0
  1 1 37 1 0 62 0.05 0.25 0.65 0.05 0
  1 1 38 1 0 94 0.03 0.31 0.59 0.07 0
  1 1 39 1 0 75 0 0.27 0.63 0.1 0
  1 1 40 1 0 75 0.01 0.27 0.63 0.09 0
  1 1 41 1 0 35 0.01 0.3 0.57 0.12 0
  1 1 42 1 0 22 0.07 0.35 0.46 0.12 0
  1 1 1 4 0 5 0.02 0.23 0.65 0.1 0
  1 1 2 4 0 5 0.01 0.28 0.57 0.14 0
  1 1 3 4 0 5 0.02 0.29 0.6 0.09 0
  1 1 4 4 0 5 0.01 0.32 0.54 0.13 0
  1 1 5 4 0 5 0.01 0.48 0.45 0.06 0
  1 1 6 4 0 5 0.01 0.35 0.58 0.06 0
  1 1 7 4 0 5 0.03 0.4 0.46 0.11 0
  1 1 8 4 0 5 0.01 0.43 0.48 0.08 0
  1 1 9 4 0 5 0 0.43 0.48 0.09 0
  1 1 10 4 0 5 0 0.31 0.61 0.08 0
  1 1 11 4 0 1 0.01 0.4 0.55 0.04 0
  1 1 12 4 0 5 0.01 0.36 0.56 0.07 0
  1 1 13 4 0 1 0.02 0.38 0.54 0.06 0
  1 1 14 4 0 2 0.03 0.38 0.53 0.06 0
  1 1 15 4 0 8 0.02 0.34 0.58 0.06 0
  1 1 16 4 0 3 0.02 0.37 0.55 0.06 0
  1 1 17 4 0 3 0.02 0.3 0.64 0.04 0
  1 1 18 4 0 1 0.01 0.36 0.57 0.06 0
  1 1 19 4 0 3 0.02 0.41 0.51 0.06 0
  1 1 20 4 0 3 0.01 0.33 0.61 0.05 0
  1 1 21 4 0 3 0 0.3 0.65 0.05 0
  1 1 22 4 0 2 0.03 0.3 0.57 0.1 0
  1 1 23 4 0 6 0.01 0.33 0.57 0.09 0
  1 1 24 4 0 1 0 0.33 0.57 0.1 0
  1 1 25 4 0 1 0.03 0.3 0.59 0.08 0
  1 1 26 4 0 2 0.01 0.23 0.69 0.07 0
  1 1 27 4 0 2 0.01 0.29 0.61 0.09 0
  1 1 28 4 0 4 0.02 0.29 0.59 0.1 0
  1 1 29 4 0 7 0.01 0.26 0.65 0.08 0
  1 1 30 4 0 6 0 0.21 0.65 0.14 0
  1 1 31 4 0 10 0.02 0.26 0.51 0.21 0
  1 1 32 4 0 7 0.02 0.28 0.57 0.13 0
  1 1 33 4 0 15 0.01 0.25 0.63 0.11 0
  1 1 34 4 0 19 0 0.25 0.61 0.14 0
  1 1 35 4 0 13 0 0.32 0.56 0.12 0
  1 1 36 4 0 23 0.01 0.23 0.62 0.14 0
  1 1 37 4 0 7 0.02 0.24 0.56 0.18 0
  1 1 38 4 0 7 0 0.27 0.55 0.18 0
  1 1 39 4 0 19 0.02 0.22 0.62 0.14 0
  1 1 40 4 0 25 0 0.21 0.69 0.1 0
  1 1 41 4 0 31 0 0.23 0.6 0.17 0
  1 1 42 4 0 31 0.02 0.18 0.66 0.14 0
  2 1 1 2 0 2 0 0.02 0.14 0.6 0.24
  2 1 2 2 0 5 0 0 0.17 0.63 0.2
  2 1 3 2 0 2 0 0.03 0.21 0.63 0.13
  2 1 4 2 0 5 0 0.06 0.23 0.62 0.09
  2 1 5 2 0 5 0 0.04 0.3 0.58 0.08
  2 1 6 2 0 5 0.01 0.05 0.28 0.63 0.03
  2 1 7 2 0 5 0 0.01 0.39 0.58 0.02
  2 1 8 2 0 1 0 0 0.37 0.61 0.02
  2 1 9 2 0 5 0 0.04 0.41 0.53 0.02
  2 1 10 2 0 5 0 0.08 0.38 0.54 0
  2 1 11 2 0 2 0 0.05 0.47 0.48 0
  2 1 12 2 0 5 0.01 0.03 0.33 0.62 0.01
  2 1 13 2 0 5 0 0.04 0.43 0.53 0
  2 1 14 2 0 5 0 0.01 0.32 0.67 0
  2 1 15 2 0 5 0 0.03 0.33 0.64 0
  2 1 16 2 0 5 0 0.01 0.28 0.71 0
  2 1 17 2 0 5 0.04 0.02 0.34 0.58 0.02
  2 1 18 2 0 5 0.01 0.2 0.21 0.57 0.01
  2 1 19 2 0 5 0 0.11 0.65 0.24 0
  2 1 20 2 0 30 0 0.07 0.6 0.33 0
  2 1 21 2 0 46 0.01 0.02 0.47 0.5 0
  2 1 22 2 0 10 0 0.01 0.41 0.58 0
  2 1 23 2 0 19 0 0.03 0.34 0.63 0
  2 1 24 2 0 61 0 0.01 0.31 0.68 0
  2 1 25 2 0 29 0 0 0.24 0.76 0
  2 1 26 2 0 32 0 0.01 0.17 0.82 0
  2 1 27 2 0 16 0 0.15 0.2 0.65 0
  2 1 28 2 0 31 0 0.03 0.43 0.54 0
  2 1 29 2 0 44 0.01 0.01 0.3 0.68 0
  2 1 30 2 0 29 0 0 0.27 0.73 0
  2 1 31 2 0 25 0 0.02 0.29 0.69 0
  2 1 32 2 0 22 0 0.08 0.21 0.71 0
  2 1 33 2 0 35 0 0.06 0.56 0.38 0
  2 1 34 2 0 28 0 0.05 0.48 0.47 0
  2 1 35 2 0 45 0 0 0.31 0.69 0
  2 1 36 2 0 51 0 0 0.33 0.67 0
  2 1 37 2 0 41 0 0.01 0.18 0.81 0
  2 1 38 2 0 36 0 0 0.13 0.87 0
  2 1 39 2 0 20 0 0 0.15 0.85 0
  2 1 40 2 0 14 0 0 0.12 0.88 0
  2 1 41 2 0 17 0 0 0.12 0.88 0
  2 1 42 2 0 24 0.01 0.01 0.17 0.81 0
  2 1 1 3 0 1 0 0.54 0.09 0.37 0
  2 1 2 3 0 5 0 0.22 0.51 0.27 0
  2 1 3 3 0 5 0.06 0.2 0.43 0.31 0
  2 1 4 3 0 1 0.01 0.64 0.18 0.17 0
  2 1 5 3 0 6 0.01 0.49 0.41 0.09 0
  2 1 6 3 0 4 0 0.3 0.6 0.1 0
  2 1 7 3 0 5 0 0.26 0.61 0.13 0
  2 1 8 3 0 1 0 0.26 0.6 0.14 0
  2 1 9 3 0 1 0 0.16 0.55 0.29 0
  2 1 10 3 0 1 0 0.16 0.55 0.29 0
  2 1 11 3 0 2 0 0.14 0.55 0.31 0
  2 1 12 3 0 5 0 0.2 0.53 0.27 0
  2 1 13 3 0 4 0 0.15 0.61 0.24 0
  2 1 14 3 0 8 0 0.29 0.41 0.3 0
  2 1 15 3 0 11 0 0.15 0.5 0.35 0
  2 1 16 3 0 5 0 0.24 0.57 0.19 0
  2 1 17 3 0 5 0.02 0.28 0.47 0.23 0
  2 1 18 3 0 1 0 0.17 0.46 0.37 0
  2 1 19 3 0 1 0.01 0.24 0.41 0.34 0
  2 1 20 3 0 4 0 0.25 0.43 0.32 0
  2 1 21 3 0 3 0.01 0.22 0.47 0.3 0
  2 1 22 3 0 4 0.01 0.34 0.41 0.24 0
  2 1 23 3 0 3 0.02 0.19 0.5 0.29 0
  2 1 24 3 0 3 0.02 0.18 0.44 0.36 0
  2 1 25 3 0 2 0 0.28 0.45 0.27 0
  2 1 26 3 0 4 0 0.23 0.45 0.32 0
  2 1 27 3 0 5 0.01 0.25 0.48 0.26 0
  2 1 28 3 0 4 0 0.23 0.43 0.34 0
  2 1 29 3 0 4 0 0.25 0.44 0.31 0
  2 1 30 3 0 24 0.01 0.13 0.47 0.39 0
  2 1 31 3 0 10 0.01 0.16 0.49 0.34 0
  2 1 32 3 0 12 0 0.18 0.47 0.35 0
  2 1 33 3 0 4 0 0.17 0.45 0.38 0
  2 1 34 3 0 6 0.02 0.27 0.37 0.34 0
  2 1 35 3 0 2 0.03 0.48 0.35 0.14 0
  2 1 36 3 0 10 0 0.49 0.38 0.13 0
  2 1 37 3 0 9 0.02 0.33 0.52 0.13 0
  2 1 38 3 0 13 0.01 0.24 0.65 0.1 0
  2 1 39 3 0 16 0 0.35 0.43 0.22 0
  2 1 40 3 0 27 0 0.3 0.46 0.24 0
  2 1 41 3 0 15 0.01 0.26 0.55 0.18 0
  2 1 42 3 0 16 0.02 0.18 0.56 0.24 0
# end fishery length observations 
#  
# Survey diet proportion observations 
# Number of observations, init_int Ndietprop_obs 
  112
# init_matrix obs_dietprop(1,Ndietprop_obs,1,ncol) 
# Survey  Year  Predator  Predator_size InpN  wt_prey_1 wt_prey_2 wt_prey_3 wt_prey_4 wt_prey_5 wt_prey_6 wt_prey_7 wt_prey_8 wt_prey_9 wt_prey_10 wt_prey_11 other 
  1 12 1 2 25 0 0 0 0 1
  1 12 1 3 25 0.4 0 0 0 0.6
  1 13 1 3 25 0 0 0 0 1
  1 13 1 4 25 0 1 0 0 0
  1 15 1 2 25 0 0 0 0 1
  1 18 1 1 25 0.65 0 0 0 0.35
  1 18 1 2 25 0 0 0 0 1
  1 18 1 3 25 0 0 0 0 1
  1 19 1 2 25 0 1 0 0 0
  1 19 1 3 25 0 0 0 0 1
  1 20 1 3 25 0 0.98 0 0 0.02
  1 21 1 2 25 0 0 0 0 1
  1 21 1 3 25 0 0 0 0 1
  1 24 1 3 25 0 1 0 0 0
  1 25 1 3 25 0 0 0 0 1
  1 26 1 3 25 0 0 1 0 0
  1 27 1 3 25 0 0 0.85 0 0.15
  1 28 1 3 25 0 1 0 0 0
  1 33 1 3 25 0 0 0 0 1
  1 34 1 3 25 0 0.97 0 0 0.03
  1 35 1 3 25 0 0 0 0 1
  1 38 1 3 25 0 0 0 0 1
  1 39 1 3 25 0 0 0 0 1
  1 40 1 2 25 0 0 0 0 1
  1 41 1 2 25 0 0 0.8 0 0.2
  2 2 1 4 25 1 0 0 0 0
  2 11 1 3 25 0 0 0 0 1
  2 14 1 3 25 0 0 0 0 1
  2 14 1 4 25 0 0 0 0 1
  2 15 1 3 25 0 0 0 0 1
  2 16 1 3 25 0 0.26 0 0 0.74
  2 16 1 4 25 0 0.48 0 0 0.52
  2 19 1 3 25 0 0.34 0.04 0 0.62
  2 19 1 4 25 0 0.93 0 0 0.07
  2 21 1 3 25 0 0.84 0 0 0.16
  2 21 1 4 25 0 0 0 0 1
  2 22 1 3 25 0 0 0 0 1
  2 23 1 3 25 0 0.81 0 0 0.19
  2 24 1 3 25 0 0 0 0 1
  2 24 1 4 25 0 1 0 0 0
  2 25 1 2 25 0 0 0 0 1
  2 25 1 3 25 0 0 0 0 1
  2 26 1 3 25 0 0.91 0 0 0.09
  2 27 1 3 25 0 0 0 0 1
  2 27 1 4 25 0 0 0 0 1
  2 29 1 3 25 0 0.08 0 0 0.92
  2 33 1 3 25 0 0 0 0 1
  2 35 1 1 25 0 0.82 0 0 0.18
  2 35 1 2 25 0 0 0 0 1
  2 35 1 3 25 0 0.48 0 0 0.52
  2 36 1 3 25 0 1 0 0 0
  2 39 1 3 25 0 0 0.08 0 0.92
  2 40 1 2 25 0 0 0 0 1
  1 8 4 2 25 0 0 0 0 1
  1 8 4 3 25 0 0 0 0 1
  1 11 4 3 25 0 0 0 0 1
  1 13 4 2 25 0 0 0 0 1
  1 13 4 3 25 0 0.51 0 0 0.49
  1 13 4 4 25 0 0 0 0 1
  1 14 4 3 25 0 0 0 0 1
  1 15 4 3 25 0 1 0 0 0
  1 15 4 4 25 0 0.02 0 0 0.98
  1 16 4 3 25 0 1 0 0 0
  1 16 4 4 25 0 0.4 0 0 0.6
  1 17 4 3 25 0 0 0 0 1
  1 18 4 3 25 0 0 0 0 1
  1 19 4 2 25 0 0 0 0 1
  1 19 4 3 25 0 0.64 0 0 0.36
  1 20 4 2 25 0 0 0.46 0 0.54
  1 20 4 3 25 0 0.26 0 0 0.74
  1 21 4 3 25 0 0.06 0 0 0.94
  1 22 4 2 25 0 0 0 0 1
  1 23 4 3 25 0 0 0 0 1
  1 24 4 3 25 0 0 0 0 1
  1 25 4 3 25 0 0 0 0 1
  1 25 4 4 25 0 1 0 0 0
  1 26 4 3 25 0 0 0 0 1
  1 27 4 2 25 0 0 0 0 1
  1 27 4 3 25 0 0 0 0 1
  1 28 4 2 25 0 0 1 0 0
  1 28 4 3 25 0 0 0 0 1
  1 29 4 3 25 0 0 0 0 1
  1 31 4 3 25 0 0.36 0 0 0.64
  1 31 4 4 25 0 0 0 0 1
  1 34 4 3 25 0 0 0 0 1
  1 40 4 3 25 0 0 0.39 0 0.61
  1 40 4 4 25 0 0 1 0 0
  1 42 4 3 25 0 0 0 0 1
  2 6 4 3 25 0 0 0.4 0 0.6
  2 8 4 3 25 0 0 0.26 0 0.74
  2 9 4 4 25 0 0 0 0 1
  2 14 4 4 25 0 0 0 0 1
  2 15 4 3 25 0 0 0 0 1
  2 16 4 3 25 0 0 0 0 1
  2 17 4 2 25 0 0 0 0 1
  2 18 4 3 25 0 0 0 0 1
  2 19 4 3 25 0 0 0 0 1
  2 21 4 3 25 0 0 0 0 1
  2 22 4 3 25 0 0.98 0 0 0.02
  2 23 4 3 25 0 0 0 0 1
  2 24 4 3 25 0 0.93 0.07 0 0
  2 25 4 3 25 0 0.01 0 0 0.99
  2 25 4 4 25 0 0 1 0 0
  2 27 4 3 25 0 0 0 0 1
  2 30 4 3 25 0 0 0 0 1
  2 33 4 3 25 0 0 0 0 1
  2 34 4 3 25 0 1 0 0 0
  2 35 4 3 25 0 0.5 0 0 0.5
  2 36 4 2 25 0 0.03 0 0 0.97
  2 36 4 3 25 0 0.23 0 0 0.77
  2 37 4 3 25 0 0 0 0 1
  2 42 4 3 25 0 0 0.59 0 0.41
# end survey diet proportion observations 
#  
