# This file was created using the write_tsDatFile function and used all the simulated data from sim_dta.rds found in repo:Hydra-self-testing
# Survey index data 
# Number of observations, init_int Nsurvey_obs
  166
# init_matrix obs_survey_biomass(1,Nsurvey_obs,1,5)
# survey year spp value cv
  1 1 4 107691.119533462 0.2
  1 2 4 97730.4159909249 0.2
  1 3 4 81440.7487256412 0.2
  1 4 4 91409.4787276231 0.2
  1 5 4 73891.5457093447 0.2
  1 6 4 129987.381323221 0.2
  1 7 4 65855.0992057354 0.2
  1 8 4 114717.200920423 0.2
  1 9 4 103124.716245123 0.2
  1 10 4 71187.2233181832 0.2
  1 11 4 170991.013149321 0.2
  1 12 4 107214.112570119 0.2
  1 13 4 101264.424496076 0.2
  1 14 4 145738.669683834 0.2
  1 15 4 107925.55929111 0.2
  1 16 4 299665.28360687 0.2
  1 17 4 129005.224542317 0.2
  1 18 4 184968.606907044 0.2
  1 19 4 234744.641285446 0.2
  1 20 4 211070.560258391 0.2
  1 21 4 127379.14023172 0.2
  1 22 4 123664.958224703 0.2
  1 23 4 103717.418004875 0.2
  1 24 4 196081.819138139 0.2
  1 25 4 115294.845787179 0.2
  1 26 4 99202.6981143781 0.2
  1 27 4 171809.289568683 0.2
  1 28 4 134398.747316484 0.2
  1 29 4 738778.149720076 0.2
  1 30 4 340681.933945095 0.2
  1 31 4 181925.418603833 0.2
  1 32 4 212654.367148591 0.2
  1 33 4 315724.957623664 0.2
  1 34 4 375731.492313746 0.2
  1 35 4 175662.2099206 0.2
  1 36 4 228396.273644361 0.2
  1 37 4 233678.898664022 0.2
  1 38 4 375612.454740272 0.2
  1 39 4 159063.310976691 0.2
  1 40 4 195423.467331249 0.2
  1 41 4 322831.279874164 0.2
  1 42 4 184029.243616404 0.2
  1 1 2 204.203124130108 0.2
  1 4 2 130.827627087295 0.2
  1 5 2 161.133461519316 0.2
  1 6 2 233.71019021642 0.2
  1 7 2 374.997124496986 0.2
  1 8 2 181.613934754658 0.2
  1 9 2 208.536506763663 0.2
  1 10 2 685.31350179533 0.2
  1 11 2 439.988838524977 0.2
  1 12 2 992.649800975515 0.2
  1 13 2 295.440243378399 0.2
  1 14 2 339.82336578153 0.2
  1 15 2 676.736993573129 0.2
  1 16 2 922.371617260074 0.2
  1 17 2 143.106524099858 0.2
  1 18 2 587.639703602619 0.2
  1 19 2 505.36903754477 0.2
  1 20 2 1211.38789966201 0.2
  1 21 2 1916.0080746604 0.2
  1 22 2 2470.64067789367 0.2
  1 23 2 1410.43550597364 0.2
  1 24 2 569.971764162144 0.2
  1 25 2 2870.66058051121 0.2
  1 26 2 1767.07582146408 0.2
  1 27 2 2395.22358171778 0.2
  1 28 2 901.884991590561 0.2
  1 29 2 2441.92410898425 0.2
  1 30 2 677.310017030521 0.2
  1 31 2 836.267505839263 0.2
  1 32 2 859.332668310539 0.2
  1 33 2 2551.80810350462 0.2
  1 34 2 1139.25050410205 0.2
  1 35 2 7217.48353344119 0.2
  1 36 2 4373.42514222141 0.2
  1 37 2 2327.87417974622 0.2
  1 38 2 1998.37658593813 0.2
  1 39 2 3855.87734301663 0.2
  1 40 2 1133.794511306 0.2
  1 41 2 112.949480938757 0.2
  1 42 2 2046.37208078477 0.2
  1 1 1 17081.9974933322 0.2
  1 2 1 15572.6849754191 0.2
  1 3 1 18224.729127083 0.2
  1 4 1 11221.7484375409 0.2
  1 5 1 15719.6495166722 0.2
  1 6 1 9799.37085892267 0.2
  1 7 1 11030.7359888181 0.2
  1 8 1 18996.0702113469 0.2
  1 9 1 5583.1949842514 0.2
  1 10 1 12073.2686381845 0.2
  1 11 1 8147.41340596628 0.2
  1 12 1 10409.557930471 0.2
  1 13 1 10223.3268182756 0.2
  1 14 1 5742.77978699037 0.2
  1 15 1 6491.934341412 0.2
  1 16 1 5935.68070171939 0.2
  1 17 1 5940.21572776923 0.2
  1 18 1 4576.13119635508 0.2
  1 19 1 4441.20606718003 0.2
  1 20 1 3427.63836173781 0.2
  1 21 1 4458.85860898234 0.2
  1 22 1 15268.211033919 0.2
  1 23 1 7352.17808027045 0.2
  1 24 1 11411.1544985762 0.2
  1 25 1 5418.77092429161 0.2
  1 26 1 5081.74359206063 0.2
  1 27 1 1473.45964785529 0.2
  1 28 1 2615.01396611543 0.2
  1 29 1 7918.92918490388 0.2
  1 30 1 4676.69667861463 0.2
  1 31 1 4534.6305619149 0.2
  1 32 1 5992.98422961298 0.2
  1 33 1 1974.29005838317 0.2
  1 34 1 4202.19599926864 0.2
  1 35 1 2208.24212408472 0.2
  1 36 1 6453.23515858719 0.2
  1 37 1 2844.32958332386 0.2
  1 38 1 1976.61906753316 0.2
  1 39 1 3857.27490965881 0.2
  1 40 1 1887.50119994932 0.2
  1 41 1 1388.17392316809 0.2
  1 42 1 5057.17636067754 0.2
  1 1 3 147.860265728955 0.2
  1 2 3 108.207423744259 0.2
  1 3 3 61.1206464982502 0.2
  1 4 3 96.5325955817223 0.2
  1 5 3 208.789301563351 0.2
  1 6 3 963.234621994136 0.2
  1 7 3 229.824191625757 0.2
  1 8 3 147.104238453282 0.2
  1 9 3 183.005188906544 0.2
  1 10 3 793.263545372493 0.2
  1 11 3 330.614554366632 0.2
  1 12 3 1151.1387575585 0.2
  1 13 3 292.094137957954 0.2
  1 14 3 123.801756600028 0.2
  1 15 3 438.702195839846 0.2
  1 16 3 201.593954987323 0.2
  1 17 3 512.904504464168 0.2
  1 18 3 171.054008489322 0.2
  1 19 3 481.398542627357 0.2
  1 20 3 144.165067378784 0.2
  1 21 3 296.145550251302 0.2
  1 22 3 2795.53291961973 0.2
  1 23 3 239.708621970292 0.2
  1 24 3 705.559697419115 0.2
  1 25 3 983.853898576084 0.2
  1 26 3 190.47945809229 0.2
  1 27 3 327.970482846442 0.2
  1 28 3 326.554614811242 0.2
  1 29 3 227.029096540393 0.2
  1 30 3 460.161429880773 0.2
  1 31 3 523.143313826692 0.2
  1 32 3 417.675159627071 0.2
  1 33 3 1117.26437681402 0.2
  1 34 3 190.443531070378 0.2
  1 35 3 187.239420524368 0.2
  1 36 3 203.510150213859 0.2
  1 37 3 755.428625791329 0.2
  1 38 3 629.710934300222 0.2
  1 39 3 433.307930153286 0.2
  1 40 3 585.122931043272 0.2
  1 41 3 94566.4462692662 0.2
  1 42 3 121948.697707151 0.2
# end survey index observations 
#  
# Survey size comp data 
# Number of observations, init_int Nsurvey_size_obs 
  166
# init_matrix obs_survey_size(1,Nsurvey_size_obs,1,ncol) 
# Survey  Year  Species Type (0=whole, 1=retained, 2=discard) InpN, proportion by length bin 
  1 1 1 0 25 0.02 0.35 0.56 0.07 0
  1 2 1 0 25 0.02 0.27 0.65 0.06 0
  1 3 1 0 25 0.02 0.32 0.59 0.07 0
  1 4 1 0 25 0.02 0.45 0.43 0.1 0
  1 5 1 0 25 0 0.32 0.67 0.01 0
  1 6 1 0 25 0 0.34 0.6 0.06 0
  1 7 1 0 25 0.01 0.4 0.51 0.08 0
  1 8 1 0 25 0 0.36 0.58 0.06 0
  1 9 1 0 25 0.03 0.6 0.35 0.02 0
  1 10 1 0 25 0.02 0.38 0.59 0.01 0
  1 11 1 0 25 0.02 0.36 0.57 0.05 0
  1 12 1 0 25 0.01 0.32 0.6 0.07 0
  1 13 1 0 25 0 0.34 0.61 0.05 0
  1 14 1 0 25 0 0.34 0.61 0.05 0
  1 15 1 0 25 0 0.3 0.65 0.05 0
  1 16 1 0 25 0.01 0.32 0.56 0.11 0
  1 17 1 0 25 0.02 0.42 0.52 0.04 0
  1 18 1 0 25 0.01 0.39 0.55 0.05 0
  1 19 1 0 25 0.01 0.24 0.63 0.12 0
  1 20 1 0 25 0.01 0.44 0.5 0.05 0
  1 21 1 0 25 0.01 0.35 0.58 0.06 0
  1 22 1 0 25 0.03 0.27 0.66 0.04 0
  1 23 1 0 25 0.01 0.31 0.59 0.09 0
  1 24 1 0 25 0.02 0.26 0.6 0.12 0
  1 25 1 0 25 0 0.23 0.64 0.13 0
  1 26 1 0 25 0 0.24 0.59 0.17 0
  1 27 1 0 25 0.01 0.23 0.6 0.16 0
  1 28 1 0 25 0.01 0.24 0.59 0.16 0
  1 29 1 0 25 0.01 0.26 0.59 0.14 0
  1 30 1 0 25 0.01 0.27 0.61 0.11 0
  1 31 1 0 25 0 0.19 0.67 0.14 0
  1 32 1 0 25 0 0.17 0.58 0.25 0
  1 33 1 0 25 0.03 0.15 0.53 0.29 0
  1 34 1 0 25 0 0.18 0.52 0.3 0
  1 35 1 0 25 0 0.29 0.52 0.19 0
  1 36 1 0 25 0.02 0.29 0.55 0.14 0
  1 37 1 0 25 0.01 0.23 0.63 0.13 0
  1 38 1 0 25 0.02 0.33 0.54 0.11 0
  1 39 1 0 25 0.02 0.23 0.63 0.12 0
  1 40 1 0 25 0.01 0.27 0.6 0.12 0
  1 41 1 0 25 0.03 0.29 0.52 0.16 0
  1 42 1 0 25 0.01 0.48 0.39 0.12 0
  1 1 2 0 25 0 0.04 0.14 0.44 0.38
  1 4 2 0 25 0 0.17 0.25 0.42 0.16
  1 5 2 0 25 0 0.09 0.31 0.46 0.14
  1 6 2 0 25 0 0.11 0.32 0.5 0.07
  1 7 2 0 25 0 0.17 0.27 0.48 0.08
  1 8 2 0 25 0 0.15 0.26 0.58 0.01
  1 9 2 0 25 0 0.24 0.28 0.45 0.03
  1 10 2 0 25 0 0.15 0.39 0.45 0.01
  1 11 2 0 25 0 0.11 0.35 0.54 0
  1 12 2 0 25 0 0.18 0.25 0.57 0
  1 13 2 0 25 0 0.13 0.32 0.55 0
  1 14 2 0 25 0 0.11 0.3 0.59 0
  1 15 2 0 25 0 0.12 0.23 0.65 0
  1 16 2 0 25 0 0.04 0.25 0.71 0
  1 17 2 0 25 0 0.51 0.13 0.36 0
  1 18 2 0 25 0 0.4 0.38 0.22 0
  1 19 2 0 25 0 0.18 0.59 0.23 0
  1 20 2 0 25 0 0.08 0.42 0.5 0
  1 21 2 0 25 0 0.09 0.38 0.53 0
  1 22 2 0 25 0 0.03 0.38 0.59 0
  1 23 2 0 25 0 0.08 0.16 0.76 0
  1 24 2 0 25 0 0.03 0.25 0.72 0
  1 25 2 0 25 0 0.09 0.17 0.74 0
  1 26 2 0 25 0 0.21 0.17 0.62 0
  1 27 2 0 25 0 0.11 0.33 0.56 0
  1 28 2 0 25 0 0.05 0.31 0.64 0
  1 29 2 0 25 0 0.04 0.2 0.76 0
  1 30 2 0 25 0 0.05 0.24 0.71 0
  1 31 2 0 25 0 0.47 0.13 0.4 0
  1 32 2 0 25 0 0.14 0.37 0.49 0
  1 33 2 0 25 0 0.08 0.37 0.55 0
  1 34 2 0 25 0 0.02 0.34 0.64 0
  1 35 2 0 25 0 0.03 0.24 0.73 0
  1 36 2 0 25 0 0.08 0.14 0.78 0
  1 37 2 0 25 0 0.03 0.15 0.82 0
  1 38 2 0 25 0 0.07 0.12 0.81 0
  1 39 2 0 25 0 0.01 0.12 0.87 0
  1 40 2 0 25 0 0.04 0.08 0.88 0
  1 41 2 0 25 0 0.11 0.12 0.77 0
  1 42 2 0 25 0 0.28 0.15 0.57 0
  1 1 3 0 25 0 0.17 0.29 0.54 0
  1 2 3 0 25 0.04 0.15 0.28 0.53 0
  1 3 3 0 25 0.18 0.37 0.17 0.28 0
  1 4 3 0 25 0.07 0.32 0.32 0.29 0
  1 5 3 0 25 0.04 0.23 0.52 0.21 0
  1 6 3 0 25 0.01 0.13 0.56 0.3 0
  1 7 3 0 25 0.01 0.15 0.5 0.34 0
  1 8 3 0 25 0.04 0.09 0.41 0.46 0
  1 9 3 0 25 0.03 0.08 0.36 0.53 0
  1 10 3 0 25 0.02 0.07 0.4 0.51 0
  1 11 3 0 25 0.01 0.1 0.36 0.53 0
  1 12 3 0 25 0.04 0.12 0.32 0.52 0
  1 13 3 0 25 0.02 0.15 0.29 0.54 0
  1 14 3 0 25 0.03 0.15 0.27 0.55 0
  1 15 3 0 25 0.02 0.18 0.23 0.57 0
  1 16 3 0 25 0.01 0.15 0.31 0.53 0
  1 17 3 0 25 0.02 0.13 0.31 0.54 0
  1 18 3 0 25 0.01 0.12 0.28 0.59 0
  1 19 3 0 25 0 0.21 0.28 0.51 0
  1 20 3 0 25 0.01 0.08 0.32 0.59 0
  1 21 3 0 25 0.04 0.1 0.33 0.53 0
  1 22 3 0 25 0.02 0.14 0.34 0.5 0
  1 23 3 0 25 0.02 0.15 0.23 0.6 0
  1 24 3 0 25 0.03 0.12 0.29 0.56 0
  1 25 3 0 25 0.03 0.12 0.3 0.55 0
  1 26 3 0 25 0.02 0.17 0.24 0.57 0
  1 27 3 0 25 0.03 0.12 0.36 0.49 0
  1 28 3 0 25 0.02 0.06 0.3 0.62 0
  1 29 3 0 25 0 0.12 0.3 0.58 0
  1 30 3 0 25 0 0.1 0.29 0.61 0
  1 31 3 0 25 0.01 0.11 0.25 0.63 0
  1 32 3 0 25 0.02 0.11 0.26 0.61 0
  1 33 3 0 25 0.05 0.19 0.19 0.57 0
  1 34 3 0 25 0.08 0.4 0.25 0.27 0
  1 35 3 0 25 0.06 0.37 0.25 0.32 0
  1 36 3 0 25 0.05 0.17 0.43 0.35 0
  1 37 3 0 25 0.01 0.17 0.42 0.4 0
  1 38 3 0 25 0.04 0.17 0.39 0.4 0
  1 39 3 0 25 0.02 0.12 0.48 0.38 0
  1 40 3 0 25 0.03 0.15 0.39 0.43 0
  1 41 3 0 25 0.03 0.11 0.41 0.45 0
  1 42 3 0 25 0.02 0.18 0.32 0.48 0
  1 1 4 0 25 0.08 0.25 0.5 0.17 0
  1 2 4 0 25 0.02 0.32 0.53 0.12 0.01
  1 3 4 0 25 0.03 0.32 0.53 0.12 0
  1 4 4 0 25 0.03 0.35 0.53 0.09 0
  1 5 4 0 25 0.05 0.38 0.51 0.06 0
  1 6 4 0 25 0.02 0.31 0.58 0.09 0
  1 7 4 0 25 0.01 0.32 0.55 0.12 0
  1 8 4 0 25 0.01 0.42 0.5 0.07 0
  1 9 4 0 25 0.04 0.38 0.5 0.08 0
  1 10 4 0 25 0.03 0.36 0.54 0.07 0
  1 11 4 0 25 0.02 0.34 0.6 0.04 0
  1 12 4 0 25 0.02 0.43 0.5 0.05 0
  1 13 4 0 25 0.05 0.36 0.56 0.03 0
  1 14 4 0 25 0.01 0.42 0.48 0.09 0
  1 15 4 0 25 0.04 0.3 0.56 0.1 0
  1 16 4 0 25 0.04 0.35 0.54 0.07 0
  1 17 4 0 25 0.01 0.45 0.48 0.06 0
  1 18 4 0 25 0 0.35 0.61 0.04 0
  1 19 4 0 25 0.01 0.39 0.52 0.08 0
  1 20 4 0 25 0.01 0.37 0.56 0.06 0
  1 21 4 0 25 0.03 0.39 0.5 0.08 0
  1 22 4 0 25 0.02 0.32 0.56 0.1 0
  1 23 4 0 25 0.03 0.36 0.54 0.07 0
  1 24 4 0 25 0.01 0.22 0.65 0.12 0
  1 25 4 0 25 0.01 0.34 0.54 0.11 0
  1 26 4 0 25 0.02 0.27 0.55 0.16 0
  1 27 4 0 25 0.02 0.24 0.58 0.16 0
  1 28 4 0 25 0 0.2 0.7 0.1 0
  1 29 4 0 25 0.02 0.25 0.56 0.17 0
  1 30 4 0 25 0 0.26 0.61 0.13 0
  1 31 4 0 25 0.01 0.22 0.6 0.17 0
  1 32 4 0 25 0.02 0.22 0.61 0.15 0
  1 33 4 0 25 0.01 0.27 0.56 0.16 0
  1 34 4 0 25 0.03 0.33 0.54 0.1 0
  1 35 4 0 25 0.02 0.29 0.58 0.11 0
  1 36 4 0 25 0.01 0.28 0.61 0.1 0
  1 37 4 0 25 0 0.26 0.66 0.08 0
  1 38 4 0 25 0.02 0.29 0.58 0.11 0
  1 39 4 0 25 0.01 0.39 0.47 0.13 0
  1 40 4 0 25 0 0.25 0.6 0.15 0
  1 41 4 0 25 0.01 0.29 0.55 0.15 0
  1 42 4 0 25 0 0.23 0.6 0.17 0
# end survey length observations 
#  
# Fishery catch data 
# Number of observations, init_int Ncatch_obs
  168
# init_matrix obs_catch_biomass(1,Ncatch_obs,1,6) 
# Fleet	Area	Year	Species	Catch(biomass t)	CV 
  1 1 1 1 44852.9431167854 0.05
  1 1 2 1 34312.5945342457 0.05
  1 1 3 1 36465.3772722714 0.05
  1 1 4 1 17148.6959311405 0.05
  1 1 5 1 10612.4684843794 0.05
  1 1 6 1 17908.468902288 0.05
  1 1 7 1 12731.0884886711 0.05
  1 1 8 1 11952.9487136267 0.05
  1 1 9 1 13752.6978440987 0.05
  1 1 10 1 12937.3166859719 0.05
  1 1 11 1 16716.0249904077 0.05
  1 1 12 1 16762.4724113734 0.05
  1 1 13 1 14767.2713666436 0.05
  1 1 14 1 11658.5031487579 0.05
  1 1 15 1 10595.7202515206 0.05
  1 1 16 1 9848.95409387432 0.05
  1 1 17 1 7320.36377234515 0.05
  1 1 18 1 6713.65866663653 0.05
  1 1 19 1 7446.09115790514 0.05
  1 1 20 1 5372.57455791673 0.05
  1 1 21 1 2265.18783034216 0.05
  1 1 22 1 4011.82790209293 0.05
  1 1 23 1 7915.57577107192 0.05
  1 1 24 1 5780.63585275303 0.05
  1 1 25 1 5616.48747119439 0.05
  1 1 26 1 5067.94899257386 0.05
  1 1 27 1 3977.39556809351 0.05
  1 1 28 1 3644.84513759675 0.05
  1 1 29 1 3379.03117153133 0.05
  1 1 30 1 2843.23313077773 0.05
  1 1 31 1 3383.51115959481 0.05
  1 1 32 1 2388.53429904848 0.05
  1 1 33 1 2730.16283036009 0.05
  1 1 34 1 2415.25758444979 0.05
  1 1 35 1 1645.95837333684 0.05
  1 1 36 1 1408.48118593627 0.05
  1 1 37 1 1103.7114421525 0.05
  1 1 38 1 1178.37431307775 0.05
  1 1 39 1 1282.6454338781 0.05
  1 1 40 1 1223.45203522939 0.05
  1 1 41 1 844.490123582641 0.05
  1 1 42 1 1083.88931750834 0.05
  1 1 1 4 8899.58989117335 0.05
  1 1 2 4 9053.14619570084 0.05
  1 1 3 4 5730.0601552145 0.05
  1 1 4 4 9630.7045600718 0.05
  1 1 5 4 7472.87105075553 0.05
  1 1 6 4 6793.39564632766 0.05
  1 1 7 4 6415.3044602666 0.05
  1 1 8 4 8086.75858609437 0.05
  1 1 9 4 8196.18444898572 0.05
  1 1 10 4 7511.84661239208 0.05
  1 1 11 4 8371.25218196497 0.05
  1 1 12 4 7211.99139468814 0.05
  1 1 13 4 6065.15976181852 0.05
  1 1 14 4 6336.49659184091 0.05
  1 1 15 4 8269.87189441971 0.05
  1 1 16 4 5402.37907527211 0.05
  1 1 17 4 5317.9917505701 0.05
  1 1 18 4 6622.7033750592 0.05
  1 1 19 4 4301.32849244616 0.05
  1 1 20 4 6449.16276197073 0.05
  1 1 21 4 5277.39125936675 0.05
  1 1 22 4 4093.80141457866 0.05
  1 1 23 4 5904.85892343256 0.05
  1 1 24 4 3918.02379919723 0.05
  1 1 25 4 4437.63192965651 0.05
  1 1 26 4 5082.67727905794 0.05
  1 1 27 4 5057.12277336301 0.05
  1 1 28 4 5380.67481298786 0.05
  1 1 29 4 5131.66827299188 0.05
  1 1 30 4 5095.4485469996 0.05
  1 1 31 4 3882.71030416181 0.05
  1 1 32 4 7100.61940361893 0.05
  1 1 33 4 5154.41808050416 0.05
  1 1 34 4 6334.98049788764 0.05
  1 1 35 4 6265.54206940255 0.05
  1 1 36 4 6116.38702185678 0.05
  1 1 37 4 5938.84012064564 0.05
  1 1 38 4 4697.52525215623 0.05
  1 1 39 4 6598.96034110481 0.05
  1 1 40 4 4879.94860261652 0.05
  1 1 41 4 5354.81014760037 0.05
  1 1 42 4 7500.05987085433 0.05
  2 1 1 2 1070.71771522349 0.05
  2 1 2 2 1580.08362397542 0.05
  2 1 3 2 978.861513693045 0.05
  2 1 4 2 826.215947342582 0.05
  2 1 5 2 1101.89557459935 0.05
  2 1 6 2 1019.0074247617 0.05
  2 1 7 2 935.974732293042 0.05
  2 1 8 2 897.311852566969 0.05
  2 1 9 2 908.927888640823 0.05
  2 1 10 2 1139.10416289535 0.05
  2 1 11 2 1809.05845503272 0.05
  2 1 12 2 1666.69833300514 0.05
  2 1 13 2 1283.31165192601 0.05
  2 1 14 2 1968.1543565848 0.05
  2 1 15 2 2519.53407422985 0.05
  2 1 16 2 2188.24493071194 0.05
  2 1 17 2 1901.32095676917 0.05
  2 1 18 2 2892.16449290069 0.05
  2 1 19 2 2650.22440784976 0.05
  2 1 20 2 6072.83294833776 0.05
  2 1 21 2 7640.25539770252 0.05
  2 1 22 2 11678.7124636935 0.05
  2 1 23 2 8876.63921705601 0.05
  2 1 24 2 10017.035165284 0.05
  2 1 25 2 10546.0153103199 0.05
  2 1 26 2 9342.85479950626 0.05
  2 1 27 2 7295.95337809484 0.05
  2 1 28 2 5420.86646347838 0.05
  2 1 29 2 6422.02645670997 0.05
  2 1 30 2 8120.9916624988 0.05
  2 1 31 2 7252.61844722217 0.05
  2 1 32 2 7267.82011829924 0.05
  2 1 33 2 13353.0558181708 0.05
  2 1 34 2 15448.9489294749 0.05
  2 1 35 2 11328.7396393967 0.05
  2 1 36 2 14909.7653680003 0.05
  2 1 37 2 13357.6448844788 0.05
  2 1 38 2 9240.19619544452 0.05
  2 1 39 2 8866.12935015491 0.05
  2 1 40 2 9204.51305210422 0.05
  2 1 41 2 9480.99553321005 0.05
  2 1 42 2 6274.2190127474 0.05
  2 1 1 3 619.423600991469 0.05
  2 1 2 3 514.491179028934 0.05
  2 1 3 3 638.664378348813 0.05
  2 1 4 3 551.791347562959 0.05
  2 1 5 3 1069.97174135217 0.05
  2 1 6 3 1248.42965875621 0.05
  2 1 7 3 1476.68054283459 0.05
  2 1 8 3 1373.04925849928 0.05
  2 1 9 3 2040.08487268947 0.05
  2 1 10 3 1832.33068993236 0.05
  2 1 11 3 1445.29600602248 0.05
  2 1 12 3 1436.02821474077 0.05
  2 1 13 3 1572.76179864037 0.05
  2 1 14 3 1099.57151541436 0.05
  2 1 15 3 1473.7238581924 0.05
  2 1 16 3 1091.44216410136 0.05
  2 1 17 3 1606.28916390383 0.05
  2 1 18 3 2025.12656320651 0.05
  2 1 19 3 1662.0218978047 0.05
  2 1 20 3 1581.6723101536 0.05
  2 1 21 3 1259.56104084565 0.05
  2 1 22 3 1516.66552818504 0.05
  2 1 23 3 1171.04796096562 0.05
  2 1 24 3 771.238241362352 0.05
  2 1 25 3 1051.38761576261 0.05
  2 1 26 3 1401.80811977746 0.05
  2 1 27 3 1358.51766167234 0.05
  2 1 28 3 1082.66133165417 0.05
  2 1 29 3 615.673334908553 0.05
  2 1 30 3 880.931756223799 0.05
  2 1 31 3 905.170766597675 0.05
  2 1 32 3 977.269000041647 0.05
  2 1 33 3 840.014659475696 0.05
  2 1 34 3 1119.86031879012 0.05
  2 1 35 3 916.769256431332 0.05
  2 1 36 3 1010.38381345168 0.05
  2 1 37 3 1386.68186860311 0.05
  2 1 38 3 1624.18109171854 0.05
  2 1 39 3 1849.18845039417 0.05
  2 1 40 3 1702.41875606335 0.05
  2 1 41 3 51966.8954194106 0.05
  2 1 42 3 59014.2211833395 0.05
# end catch observations 
#  
# Fishery size comp data 
# Number of observations, init_int Ncatch_size_obs 
  168
# init_matrix obs_catch_size(1,Ncatch_size_obs,1,ncol) 
# Fleet Area  Year  Species Type (0=whole, 1=retained, 2=discard) InpN, proportion by size bin 
  1 1 1 1 0 25 0 0.29 0.68 0.02 0.01
  1 1 2 1 0 25 0.03 0.36 0.55 0.06 0
  1 1 3 1 0 25 0.01 0.35 0.56 0.08 0
  1 1 4 1 0 25 0.04 0.26 0.66 0.04 0
  1 1 5 1 0 25 0.01 0.52 0.43 0.04 0
  1 1 6 1 0 25 0.01 0.4 0.53 0.06 0
  1 1 7 1 0 25 0.04 0.32 0.6 0.04 0
  1 1 8 1 0 25 0 0.41 0.56 0.03 0
  1 1 9 1 0 25 0.11 0.4 0.44 0.05 0
  1 1 10 1 0 25 0.01 0.56 0.41 0.02 0
  1 1 11 1 0 25 0.03 0.33 0.62 0.02 0
  1 1 12 1 0 25 0.02 0.3 0.62 0.06 0
  1 1 13 1 0 25 0.01 0.5 0.46 0.03 0
  1 1 14 1 0 25 0.01 0.38 0.58 0.03 0
  1 1 15 1 0 25 0 0.47 0.53 0 0
  1 1 16 1 0 25 0.03 0.39 0.56 0.02 0
  1 1 17 1 0 25 0.04 0.36 0.55 0.05 0
  1 1 18 1 0 25 0.03 0.46 0.43 0.08 0
  1 1 19 1 0 25 0.03 0.4 0.56 0.01 0
  1 1 20 1 0 25 0.05 0.29 0.62 0.04 0
  1 1 21 1 0 25 0.04 0.43 0.45 0.08 0
  1 1 22 1 0 25 0.03 0.31 0.57 0.09 0
  1 1 23 1 0 25 0.02 0.22 0.68 0.08 0
  1 1 24 1 0 25 0.01 0.24 0.66 0.09 0
  1 1 25 1 0 25 0 0.2 0.7 0.1 0
  1 1 26 1 0 25 0.02 0.24 0.65 0.09 0
  1 1 27 1 0 25 0.03 0.18 0.6 0.19 0
  1 1 28 1 0 25 0.01 0.21 0.67 0.11 0
  1 1 29 1 0 25 0.04 0.24 0.54 0.18 0
  1 1 30 1 0 25 0 0.22 0.69 0.09 0
  1 1 31 1 0 25 0.01 0.28 0.58 0.13 0
  1 1 32 1 0 25 0 0.2 0.59 0.21 0
  1 1 33 1 0 25 0 0.18 0.67 0.15 0
  1 1 34 1 0 25 0.01 0.11 0.75 0.13 0
  1 1 35 1 0 25 0 0.21 0.58 0.21 0
  1 1 36 1 0 25 0.04 0.19 0.58 0.19 0
  1 1 37 1 0 25 0.02 0.28 0.52 0.18 0
  1 1 38 1 0 25 0.02 0.36 0.54 0.08 0
  1 1 39 1 0 25 0.01 0.29 0.58 0.12 0
  1 1 40 1 0 25 0 0.31 0.6 0.09 0
  1 1 41 1 0 25 0.02 0.16 0.68 0.14 0
  1 1 42 1 0 25 0.04 0.21 0.64 0.11 0
  1 1 1 4 0 25 0.03 0.15 0.7 0.12 0
  1 1 2 4 0 25 0.04 0.26 0.62 0.08 0
  1 1 3 4 0 25 0.05 0.32 0.45 0.18 0
  1 1 4 4 0 25 0.01 0.31 0.54 0.14 0
  1 1 5 4 0 25 0 0.34 0.5 0.16 0
  1 1 6 4 0 25 0.01 0.25 0.65 0.09 0
  1 1 7 4 0 25 0.01 0.36 0.56 0.07 0
  1 1 8 4 0 25 0.01 0.31 0.64 0.04 0
  1 1 9 4 0 25 0.03 0.34 0.58 0.05 0
  1 1 10 4 0 25 0.02 0.36 0.52 0.1 0
  1 1 11 4 0 25 0 0.4 0.52 0.08 0
  1 1 12 4 0 25 0.02 0.34 0.61 0.03 0
  1 1 13 4 0 25 0.03 0.31 0.55 0.11 0
  1 1 14 4 0 25 0.03 0.45 0.48 0.04 0
  1 1 15 4 0 25 0.01 0.34 0.56 0.09 0
  1 1 16 4 0 25 0.04 0.36 0.54 0.06 0
  1 1 17 4 0 25 0.02 0.37 0.54 0.07 0
  1 1 18 4 0 25 0.03 0.33 0.58 0.06 0
  1 1 19 4 0 25 0.01 0.3 0.61 0.08 0
  1 1 20 4 0 25 0.01 0.38 0.57 0.04 0
  1 1 21 4 0 25 0.02 0.3 0.58 0.1 0
  1 1 22 4 0 25 0.03 0.37 0.56 0.04 0
  1 1 23 4 0 25 0.01 0.29 0.66 0.04 0
  1 1 24 4 0 25 0.01 0.2 0.67 0.12 0
  1 1 25 4 0 25 0 0.29 0.59 0.12 0
  1 1 26 4 0 25 0.01 0.31 0.61 0.07 0
  1 1 27 4 0 25 0 0.3 0.56 0.14 0
  1 1 28 4 0 25 0.01 0.29 0.59 0.11 0
  1 1 29 4 0 25 0.01 0.18 0.67 0.14 0
  1 1 30 4 0 25 0.01 0.19 0.68 0.12 0
  1 1 31 4 0 25 0 0.28 0.58 0.14 0
  1 1 32 4 0 25 0 0.29 0.55 0.16 0
  1 1 33 4 0 25 0.02 0.24 0.63 0.11 0
  1 1 34 4 0 25 0 0.19 0.64 0.17 0
  1 1 35 4 0 25 0.01 0.2 0.69 0.1 0
  1 1 36 4 0 25 0.02 0.23 0.62 0.13 0
  1 1 37 4 0 25 0.02 0.22 0.62 0.14 0
  1 1 38 4 0 25 0.01 0.33 0.52 0.14 0
  1 1 39 4 0 25 0 0.22 0.63 0.15 0
  1 1 40 4 0 25 0.02 0.24 0.62 0.12 0
  1 1 41 4 0 25 0.01 0.29 0.55 0.15 0
  1 1 42 4 0 25 0.02 0.2 0.64 0.14 0
  2 1 1 2 0 25 0 0.01 0.11 0.65 0.23
  2 1 2 2 0 25 0 0.02 0.19 0.59 0.2
  2 1 3 2 0 25 0 0.07 0.19 0.63 0.11
  2 1 4 2 0 25 0 0.03 0.29 0.57 0.11
  2 1 5 2 0 25 0 0.04 0.34 0.58 0.04
  2 1 6 2 0 25 0 0.02 0.34 0.6 0.04
  2 1 7 2 0 25 0 0.03 0.44 0.51 0.02
  2 1 8 2 0 25 0 0.03 0.34 0.61 0.02
  2 1 9 2 0 25 0.01 0.05 0.39 0.53 0.02
  2 1 10 2 0 25 0.02 0.13 0.33 0.5 0.02
  2 1 11 2 0 25 0 0.06 0.43 0.48 0.03
  2 1 12 2 0 25 0 0.03 0.38 0.58 0.01
  2 1 13 2 0 25 0 0.01 0.44 0.55 0
  2 1 14 2 0 25 0.01 0.03 0.36 0.59 0.01
  2 1 15 2 0 25 0 0.04 0.28 0.68 0
  2 1 16 2 0 25 0 0.06 0.3 0.63 0.01
  2 1 17 2 0 25 0.02 0.01 0.36 0.61 0
  2 1 18 2 0 25 0.01 0.2 0.17 0.62 0
  2 1 19 2 0 25 0 0.14 0.56 0.3 0
  2 1 20 2 0 25 0 0.04 0.63 0.33 0
  2 1 21 2 0 25 0 0.01 0.53 0.46 0
  2 1 22 2 0 25 0 0.04 0.36 0.6 0
  2 1 23 2 0 25 0 0.01 0.28 0.71 0
  2 1 24 2 0 25 0 0.01 0.25 0.74 0
  2 1 25 2 0 25 0 0.01 0.26 0.73 0
  2 1 26 2 0 25 0 0.05 0.19 0.76 0
  2 1 27 2 0 25 0 0.09 0.31 0.6 0
  2 1 28 2 0 25 0.01 0.01 0.35 0.63 0
  2 1 29 2 0 25 0 0.03 0.26 0.71 0
  2 1 30 2 0 25 0 0.01 0.3 0.69 0
  2 1 31 2 0 25 0 0.04 0.26 0.7 0
  2 1 32 2 0 25 0 0.1 0.25 0.65 0
  2 1 33 2 0 25 0 0 0.59 0.41 0
  2 1 34 2 0 25 0 0.02 0.44 0.54 0
  2 1 35 2 0 25 0 0.01 0.3 0.69 0
  2 1 36 2 0 25 0 0.01 0.26 0.73 0
  2 1 37 2 0 25 0 0 0.19 0.81 0
  2 1 38 2 0 25 0.01 0 0.19 0.8 0
  2 1 39 2 0 25 0 0.02 0.26 0.72 0
  2 1 40 2 0 25 0 0 0.16 0.84 0
  2 1 41 2 0 25 0 0.01 0.17 0.82 0
  2 1 42 2 0 25 0.01 0.02 0.14 0.83 0
  2 1 1 3 0 25 0 0.58 0.06 0.36 0
  2 1 2 3 0 25 0.01 0.24 0.45 0.3 0
  2 1 3 3 0 25 0.07 0.28 0.44 0.21 0
  2 1 4 3 0 25 0.02 0.7 0.15 0.13 0
  2 1 5 3 0 25 0.01 0.34 0.56 0.09 0
  2 1 6 3 0 25 0.01 0.35 0.56 0.08 0
  2 1 7 3 0 25 0 0.3 0.51 0.19 0
  2 1 8 3 0 25 0 0.14 0.59 0.27 0
  2 1 9 3 0 25 0 0.17 0.6 0.23 0
  2 1 10 3 0 25 0 0.12 0.59 0.29 0
  2 1 11 3 0 25 0.01 0.22 0.49 0.28 0
  2 1 12 3 0 25 0 0.16 0.43 0.41 0
  2 1 13 3 0 25 0.02 0.27 0.37 0.34 0
  2 1 14 3 0 25 0 0.2 0.5 0.3 0
  2 1 15 3 0 25 0 0.29 0.45 0.26 0
  2 1 16 3 0 25 0 0.18 0.53 0.29 0
  2 1 17 3 0 25 0.01 0.18 0.52 0.29 0
  2 1 18 3 0 25 0 0.23 0.55 0.22 0
  2 1 19 3 0 25 0.01 0.23 0.43 0.33 0
  2 1 20 3 0 25 0 0.25 0.47 0.28 0
  2 1 21 3 0 25 0 0.28 0.49 0.23 0
  2 1 22 3 0 25 0.01 0.18 0.45 0.36 0
  2 1 23 3 0 25 0 0.2 0.46 0.34 0
  2 1 24 3 0 25 0 0.26 0.49 0.25 0
  2 1 25 3 0 25 0 0.25 0.43 0.32 0
  2 1 26 3 0 25 0 0.2 0.48 0.32 0
  2 1 27 3 0 25 0 0.22 0.46 0.32 0
  2 1 28 3 0 25 0 0.19 0.51 0.3 0
  2 1 29 3 0 25 0.01 0.18 0.5 0.31 0
  2 1 30 3 0 25 0 0.19 0.59 0.22 0
  2 1 31 3 0 25 0 0.17 0.45 0.38 0
  2 1 32 3 0 25 0 0.18 0.5 0.32 0
  2 1 33 3 0 25 0.01 0.14 0.45 0.4 0
  2 1 34 3 0 25 0.05 0.36 0.36 0.23 0
  2 1 35 3 0 25 0.02 0.59 0.24 0.15 0
  2 1 36 3 0 25 0.01 0.42 0.43 0.14 0
  2 1 37 3 0 25 0 0.39 0.46 0.15 0
  2 1 38 3 0 25 0 0.31 0.52 0.17 0
  2 1 39 3 0 25 0.01 0.33 0.52 0.14 0
  2 1 40 3 0 25 0 0.21 0.61 0.18 0
  2 1 41 3 0 25 0 0.27 0.49 0.24 0
  2 1 42 3 0 25 0 0.19 0.52 0.29 0
# end fishery length observations 
#  
# Survey diet proportion observations 
# Number of observations, init_int Ndietprop_obs 
  112
# init_matrix obs_dietprop(1,Ndietprop_obs,1,ncol) 
# Survey  Year  Predator  Predator_size InpN  wt_prey_1 wt_prey_2 wt_prey_3 wt_prey_4 wt_prey_5 wt_prey_6 wt_prey_7 wt_prey_8 wt_prey_9 wt_prey_10 wt_prey_11 other 
  1 12 1 2 25 0 0 0 0 1
  1 12 1 3 25 0.44 0 0 0 0.56
  1 13 1 3 25 0 0 0 0 1
  1 13 1 4 25 0 1 0 0 0
  1 15 1 2 25 0 0 0 0 1
  1 18 1 1 25 0.7 0 0 0 0.3
  1 18 1 2 25 0 0 0 0 1
  1 18 1 3 25 0 0 0 0 1
  1 19 1 2 25 0 0.25 0 0 0.75
  1 19 1 3 25 0 0 0 0 1
  1 20 1 3 25 0 0.74 0 0 0.26
  1 21 1 2 25 0 0 0 0 1
  1 21 1 3 25 0 0.23 0 0 0.77
  1 24 1 3 25 0 0.73 0 0 0.27
  1 25 1 3 25 0 0.14 0 0 0.86
  1 26 1 3 25 0 0.14 0.86 0 0
  1 27 1 3 25 0 0.04 0.77 0 0.19
  1 28 1 3 25 0 1 0 0 0
  1 33 1 3 25 0 0 0 0 1
  1 34 1 3 25 0 0.27 0 0 0.73
  1 35 1 3 25 0 0.13 0 0 0.87
  1 38 1 3 25 0 0 0 0 1
  1 39 1 3 25 0 0.12 0 0 0.88
  1 40 1 2 25 0 0.23 0 0 0.77
  1 41 1 2 25 0 0 0.56 0 0.44
  2 2 1 4 25 1 0 0 0 0
  2 11 1 3 25 0 0 0 0 1
  2 14 1 3 25 0 0 0 0 1
  2 14 1 4 25 0 0 0 0 1
  2 15 1 3 25 0 0 0 0 1
  2 16 1 3 25 0 0.24 0 0 0.76
  2 16 1 4 25 0 0.11 0 0 0.89
  2 19 1 3 25 0 0.22 0.04 0 0.74
  2 19 1 4 25 0 0.61 0 0 0.39
  2 21 1 3 25 0 0.61 0 0 0.39
  2 21 1 4 25 0 0 0.08 0 0.92
  2 22 1 3 25 0 0.04 0 0 0.96
  2 23 1 3 25 0 0.55 0 0 0.45
  2 24 1 3 25 0 0 0.06 0 0.94
  2 24 1 4 25 0 1 0 0 0
  2 25 1 2 25 0 0 0 0 1
  2 25 1 3 25 0 0 0 0 1
  2 26 1 3 25 0 0.65 0 0 0.35
  2 27 1 3 25 0 0 0 0 1
  2 27 1 4 25 0 0 0 0 1
  2 29 1 3 25 0 0.07 0 0 0.93
  2 33 1 3 25 0 0 0 0 1
  2 35 1 1 25 0 0.37 0 0 0.63
  2 35 1 2 25 0 0 0 0 1
  2 35 1 3 25 0 0.32 0 0 0.68
  2 36 1 3 25 0 0.76 0 0 0.24
  2 39 1 3 25 0 0 0.1 0 0.9
  2 40 1 2 25 0 0 0 0 1
  1 8 4 2 25 0 0 0 0 1
  1 8 4 3 25 0 0 0 0 1
  1 11 4 3 25 0 0 0 0 1
  1 13 4 2 25 0 0 0 0 1
  1 13 4 3 25 0 0.68 0 0 0.32
  1 13 4 4 25 0 0.17 0 0 0.83
  1 14 4 3 25 0 0 0 0 1
  1 15 4 3 25 0 0.98 0 0 0.02
  1 15 4 4 25 0 0.18 0 0 0.82
  1 16 4 3 25 0 1 0 0 0
  1 16 4 4 25 0 0.83 0 0 0.17
  1 17 4 3 25 0 0 0 0 1
  1 18 4 3 25 0 0 0 0 1
  1 19 4 2 25 0 0.15 0 0 0.85
  1 19 4 3 25 0 0.55 0 0 0.45
  1 20 4 2 25 0 0 0.46 0 0.54
  1 20 4 3 25 0 0.08 0 0 0.92
  1 21 4 3 25 0 0.36 0 0 0.64
  1 22 4 2 25 0 0 0 0 1
  1 23 4 3 25 0 0.31 0 0 0.69
  1 24 4 3 25 0 0 0 0 1
  1 25 4 3 25 0 0 0 0 1
  1 25 4 4 25 0 1 0 0 0
  1 26 4 3 25 0 0 0 0 1
  1 27 4 2 25 0 0 0 0 1
  1 27 4 3 25 0 0.24 0 0 0.76
  1 28 4 2 25 0 0 0.75 0 0.25
  1 28 4 3 25 0 0 0 0 1
  1 29 4 3 25 0 0 0 0 1
  1 31 4 3 25 0 0.51 0 0 0.49
  1 31 4 4 25 0 0 0 0 1
  1 34 4 3 25 0 0 0 0 1
  1 40 4 3 25 0 0 0.77 0 0.23
  1 40 4 4 25 0 0 0.82 0 0.18
  1 42 4 3 25 0 0.16 0 0 0.84
  2 6 4 3 25 0 0 0.24 0 0.76
  2 8 4 3 25 0 0 0.29 0 0.71
  2 9 4 4 25 0 0 0 0 1
  2 14 4 4 25 0 0 0 0 1
  2 15 4 3 25 0 0 0 0 1
  2 16 4 3 25 0 0 0 0 1
  2 17 4 2 25 0 0 0 0 1
  2 18 4 3 25 0 0 0 0 1
  2 19 4 3 25 0 0 0 0 1
  2 21 4 3 25 0 0.04 0 0 0.96
  2 22 4 3 25 0 0.68 0 0 0.32
  2 23 4 3 25 0 0.04 0 0 0.96
  2 24 4 3 25 0 0.56 0.25 0 0.19
  2 25 4 3 25 0 0.53 0 0 0.47
  2 25 4 4 25 0 0 0.98 0 0.02
  2 27 4 3 25 0 0.04 0 0 0.96
  2 30 4 3 25 0 0 0 0 1
  2 33 4 3 25 0 0.04 0 0 0.96
  2 34 4 3 25 0 1 0 0 0
  2 35 4 3 25 0 0.89 0 0 0.11
  2 36 4 2 25 0 0.35 0 0 0.65
  2 36 4 3 25 0 0.13 0 0 0.87
  2 37 4 3 25 0 0 0 0 1
  2 42 4 3 25 0 0 0.39 0 0.61
# end survey diet proportion observations 
#  
