# This file was created using the write_tsDatFile function and used all the simulated data from sim_dta.rds found in repo:Hydra-self-testing
# Survey index data 
# Number of observations, init_int Nsurvey_obs
  166
# init_matrix obs_survey_biomass(1,Nsurvey_obs,1,5)
# survey year spp value cv
  1 1 4 117268.537803063 0.2
  1 2 4 101893.963859469 0.2
  1 3 4 98365.84690093 0.2
  1 4 4 116009.045325774 0.2
  1 5 4 110687.631775573 0.2
  1 6 4 93946.7957138897 0.2
  1 7 4 144533.109202601 0.2
  1 8 4 96675.1659284333 0.2
  1 9 4 120012.270133532 0.2
  1 10 4 146765.355917372 0.2
  1 11 4 90409.1919966452 0.2
  1 12 4 90663.4896562905 0.2
  1 13 4 171580.154581478 0.2
  1 14 4 146362.56482261 0.2
  1 15 4 84590.5970914621 0.2
  1 16 4 101550.81131225 0.2
  1 17 4 150829.966511914 0.2
  1 18 4 90901.2516713975 0.2
  1 19 4 124857.115724665 0.2
  1 20 4 111580.068466053 0.2
  1 21 4 127771.328999305 0.2
  1 22 4 128200.284377757 0.2
  1 23 4 192101.392271819 0.2
  1 24 4 150707.827756058 0.2
  1 25 4 258005.553067902 0.2
  1 26 4 118909.827694269 0.2
  1 27 4 173139.235355634 0.2
  1 28 4 203527.749416055 0.2
  1 29 4 275543.618882092 0.2
  1 30 4 190145.227037684 0.2
  1 31 4 207440.150146855 0.2
  1 32 4 232158.032973176 0.2
  1 33 4 160484.563793714 0.2
  1 34 4 239603.073799979 0.2
  1 35 4 224267.359989348 0.2
  1 36 4 232673.132198169 0.2
  1 37 4 186340.498178659 0.2
  1 38 4 160261.655299981 0.2
  1 39 4 217777.590149736 0.2
  1 40 4 280383.82361646 0.2
  1 41 4 335502.021654406 0.2
  1 42 4 190399.189471552 0.2
  1 1 2 434.888031448427 0.2
  1 4 2 153.485323484412 0.2
  1 5 2 229.039006670216 0.2
  1 6 2 291.769377833052 0.2
  1 7 2 258.399978109733 0.2
  1 8 2 275.586238730085 0.2
  1 9 2 306.451142000264 0.2
  1 10 2 336.048605150151 0.2
  1 11 2 436.415150625168 0.2
  1 12 2 338.836439543314 0.2
  1 13 2 426.112986785069 0.2
  1 14 2 481.381878796102 0.2
  1 15 2 403.876914416294 0.2
  1 16 2 378.5857608605 0.2
  1 17 2 499.208111479058 0.2
  1 18 2 825.22403743199 0.2
  1 19 2 1169.91507351773 0.2
  1 20 2 1476.65402626655 0.2
  1 21 2 1948.38387437268 0.2
  1 22 2 2032.80259360134 0.2
  1 23 2 2528.65889587868 0.2
  1 24 2 2708.6457904818 0.2
  1 25 2 3231.5390928485 0.2
  1 26 2 1387.7026760611 0.2
  1 27 2 2307.55082478546 0.2
  1 28 2 1907.84853322627 0.2
  1 29 2 1721.13540477409 0.2
  1 30 2 1477.23916477874 0.2
  1 31 2 1919.88895950037 0.2
  1 32 2 1836.74293648244 0.2
  1 33 2 1979.30036129664 0.2
  1 34 2 2064.62377002195 0.2
  1 35 2 2551.1719087263 0.2
  1 36 2 2683.31659778956 0.2
  1 37 2 3259.88033296993 0.2
  1 38 2 2528.05626526106 0.2
  1 39 2 2099.35684272603 0.2
  1 40 2 1388.63987471228 0.2
  1 41 2 1849.85121292954 0.2
  1 42 2 1509.97158728976 0.2
  1 1 1 19926.7050302409 0.2
  1 2 1 20076.9837087963 0.2
  1 3 1 19443.5988125899 0.2
  1 4 1 10822.5439388873 0.2
  1 5 1 12627.2416494522 0.2
  1 6 1 8883.03814387259 0.2
  1 7 1 8459.6122229399 0.2
  1 8 1 8771.2771269802 0.2
  1 9 1 12245.5716777963 0.2
  1 10 1 10448.9971735107 0.2
  1 11 1 10943.8398919353 0.2
  1 12 1 10863.8329075958 0.2
  1 13 1 13396.8673416494 0.2
  1 14 1 7400.03892687119 0.2
  1 15 1 5021.29148652626 0.2
  1 16 1 4663.3555315365 0.2
  1 17 1 3671.60139282557 0.2
  1 18 1 4860.24316844096 0.2
  1 19 1 3478.92640928204 0.2
  1 20 1 4541.3099447991 0.2
  1 21 1 6160.66144051501 0.2
  1 22 1 7785.10525164638 0.2
  1 23 1 8933.1309756036 0.2
  1 24 1 6948.05001685831 0.2
  1 25 1 6344.89179282191 0.2
  1 26 1 5269.72905395115 0.2
  1 27 1 4099.06478465555 0.2
  1 28 1 4348.53950332961 0.2
  1 29 1 5116.00219832033 0.2
  1 30 1 3565.28816511114 0.2
  1 31 1 4369.87005384935 0.2
  1 32 1 3586.08872873589 0.2
  1 33 1 3033.98422996006 0.2
  1 34 1 1654.30442985939 0.2
  1 35 1 1781.42807371186 0.2
  1 36 1 2034.62753307477 0.2
  1 37 1 1375.81163125598 0.2
  1 38 1 1673.43344561781 0.2
  1 39 1 1986.46322295227 0.2
  1 40 1 1594.27602642825 0.2
  1 41 1 1917.53799585983 0.2
  1 42 1 2560.4580229489 0.2
  1 1 3 155.318962151865 0.2
  1 2 3 136.800473102991 0.2
  1 3 3 187.773227246116 0.2
  1 4 3 236.086640415426 0.2
  1 5 3 192.979052034878 0.2
  1 6 3 306.080382388432 0.2
  1 7 3 382.066782789625 0.2
  1 8 3 495.140841782924 0.2
  1 9 3 444.190355981801 0.2
  1 10 3 568.918466841145 0.2
  1 11 3 491.63138452037 0.2
  1 12 3 338.758219639583 0.2
  1 13 3 406.837878608382 0.2
  1 14 3 409.323905502522 0.2
  1 15 3 271.801661840987 0.2
  1 16 3 472.07532313015 0.2
  1 17 3 314.460570547617 0.2
  1 18 3 339.212456178268 0.2
  1 19 3 358.73385570715 0.2
  1 20 3 219.472440746378 0.2
  1 21 3 340.43355017494 0.2
  1 22 3 333.599361975797 0.2
  1 23 3 330.397570846157 0.2
  1 24 3 295.11786855492 0.2
  1 25 3 312.15219489873 0.2
  1 26 3 289.733399793052 0.2
  1 27 3 337.0905910974 0.2
  1 28 3 270.492246959953 0.2
  1 29 3 214.603548623047 0.2
  1 30 3 215.688791073117 0.2
  1 31 3 276.712846354516 0.2
  1 32 3 238.5307316414 0.2
  1 33 3 230.226399592898 0.2
  1 34 3 235.695533211586 0.2
  1 35 3 171.124239232664 0.2
  1 36 3 322.441384352684 0.2
  1 37 3 338.974126488192 0.2
  1 38 3 430.024682507295 0.2
  1 39 3 363.677832188573 0.2
  1 40 3 444.975003131897 0.2
  1 41 3 597.302733532354 0.2
  1 42 3 467.545417939959 0.2
# end survey index observations 
#  
# Survey size comp data 
# Number of observations, init_int Nsurvey_size_obs 
  166
# init_matrix obs_survey_size(1,Nsurvey_size_obs,1,ncol) 
# Survey  Year  Species Type (0=whole, 1=retained, 2=discard) InpN, proportion by length bin 
  1 1 1 0 100 0 0.06 0.75 0.19 0
  1 2 1 0 100 0 0.11 0.54 0.35 0
  1 3 1 0 100 0.04 0.13 0.83 0 0
  1 4 1 0 100 0 0.12 0.51 0.37 0
  1 5 1 0 100 0 0.26 0.67 0.07 0
  1 6 1 0 100 0 0.28 0.72 0 0
  1 7 1 0 100 0.07 0.11 0.82 0 0
  1 8 1 0 100 0 0 1 0 0
  1 9 1 0 100 0 0.37 0.63 0 0
  1 10 1 0 100 0 0.44 0.07 0 0.49
  1 11 1 0 100 0 0.13 0.87 0 0
  1 12 1 0 100 0.06 0.4 0.2 0.34 0
  1 13 1 0 100 0 0.36 0.41 0.23 0
  1 14 1 0 100 0 0.17 0.83 0 0
  1 15 1 0 100 0 0.6 0.4 0 0
  1 16 1 0 100 0 0.04 0.96 0 0
  1 17 1 0 100 0 0.59 0.41 0 0
  1 18 1 0 100 0 0.2 0.8 0 0
  1 19 1 0 100 0 0.41 0.59 0 0
  1 20 1 0 100 0 0.63 0.37 0 0
  1 21 1 0 100 0 0.93 0.07 0 0
  1 22 1 0 100 0 0.18 0.82 0 0
  1 23 1 0 100 0.13 0.25 0.62 0 0
  1 24 1 0 100 0.09 0.59 0.32 0 0
  1 25 1 0 100 0 0 1 0 0
  1 26 1 0 100 0 0.29 0.71 0 0
  1 27 1 0 100 0.19 0.25 0.56 0 0
  1 28 1 0 100 0 0.67 0.33 0 0
  1 29 1 0 100 0.13 0.87 0 0 0
  1 30 1 0 100 0.01 0.61 0.38 0 0
  1 31 1 0 100 0 0.45 0.55 0 0
  1 32 1 0 100 0 1 0 0 0
  1 33 1 0 100 0.03 0.3 0.67 0 0
  1 34 1 0 100 0.08 0.09 0.38 0.45 0
  1 35 1 0 100 0 0.27 0.34 0.39 0
  1 36 1 0 100 0 0.76 0.24 0 0
  1 37 1 0 100 0.02 0.98 0 0 0
  1 38 1 0 100 0 1 0 0 0
  1 39 1 0 100 0 1 0 0 0
  1 40 1 0 100 0 0.32 0.68 0 0
  1 41 1 0 100 0 0.76 0.24 0 0
  1 42 1 0 100 0.24 0.76 0 0 0
  1 1 2 0 100 0 0 0 1 0
  1 4 2 0 100 0 0 0 1 0
  1 5 2 0 100 0 0 0 1 0
  1 6 2 0 100 0 0 1 0 0
  1 7 2 0 100 0 0 0 1 0
  1 8 2 0 100 0 0 0 1 0
  1 9 2 0 100 0 0 0.68 0.32 0
  1 10 2 0 100 0 0.03 0.86 0.11 0
  1 11 2 0 100 0 0.15 0.25 0.6 0
  1 12 2 0 100 0 0.26 0.41 0.33 0
  1 13 2 0 100 0 0 0.54 0.46 0
  1 14 2 0 100 0 0.09 0.2 0.71 0
  1 15 2 0 100 0 0 0.69 0.31 0
  1 16 2 0 100 0 0 1 0 0
  1 17 2 0 100 0 0.03 0.59 0.38 0
  1 18 2 0 100 0 0.33 0.67 0 0
  1 19 2 0 100 0 0.08 0.58 0.34 0
  1 20 2 0 100 0 0 0.97 0.03 0
  1 21 2 0 100 0 0 0.8 0.2 0
  1 22 2 0 100 0 0 0.87 0.13 0
  1 23 2 0 100 0 0 0.92 0.08 0
  1 24 2 0 100 0 0 0.87 0.13 0
  1 25 2 0 100 0 0.19 0.03 0.78 0
  1 26 2 0 100 0 0.5 0.5 0 0
  1 27 2 0 100 0 0 0.86 0.14 0
  1 28 2 0 100 0 0 0.84 0.16 0
  1 29 2 0 100 0 0 0.49 0.51 0
  1 30 2 0 100 0 0 0.64 0.36 0
  1 31 2 0 100 0 0 0.64 0.36 0
  1 32 2 0 100 0 0 1 0 0
  1 33 2 0 100 0 0.06 0.94 0 0
  1 34 2 0 100 0 0 1 0 0
  1 35 2 0 100 0 0 1 0 0
  1 36 2 0 100 0 0.02 0.29 0.69 0
  1 37 2 0 100 0 0 1 0 0
  1 38 2 0 100 0 0 0.8 0.2 0
  1 39 2 0 100 0 0 1 0 0
  1 40 2 0 100 0 0 0.48 0.52 0
  1 41 2 0 100 0 0 0.17 0.83 0
  1 42 2 0 100 0 0.69 0.31 0 0
  1 1 3 0 100 0 0.25 0.23 0.52 0
  1 2 3 0 100 0 0 0.66 0.34 0
  1 3 3 0 100 0 0 0.37 0.63 0
  1 4 3 0 100 0 0 1 0 0
  1 5 3 0 100 0 0.11 0.67 0.22 0
  1 6 3 0 100 0 0 1 0 0
  1 7 3 0 100 0 0.07 0.93 0 0
  1 8 3 0 100 0 0.21 0.79 0 0
  1 9 3 0 100 0 1 0 0 0
  1 10 3 0 100 0 0.49 0.51 0 0
  1 11 3 0 100 0 0 1 0 0
  1 12 3 0 100 0 0.72 0.28 0 0
  1 13 3 0 100 0 0.61 0.39 0 0
  1 14 3 0 100 0 0.69 0.31 0 0
  1 15 3 0 100 0 0.07 0.93 0 0
  1 16 3 0 100 0 0.36 0.64 0 0
  1 17 3 0 100 0 0 1 0 0
  1 18 3 0 100 0 0.74 0.26 0 0
  1 19 3 0 100 0 0.84 0.16 0 0
  1 20 3 0 100 0 0 1 0 0
  1 21 3 0 100 0 0.85 0.15 0 0
  1 22 3 0 100 0 0.05 0.95 0 0
  1 23 3 0 100 0 0.4 0.6 0 0
  1 24 3 0 100 0 0.2 0.8 0 0
  1 25 3 0 100 0 0.52 0.48 0 0
  1 26 3 0 100 0 0.95 0.05 0 0
  1 27 3 0 100 0 0.25 0.75 0 0
  1 28 3 0 100 0 0.6 0.4 0 0
  1 29 3 0 100 0 1 0 0 0
  1 30 3 0 100 0 1 0 0 0
  1 31 3 0 100 0 0 1 0 0
  1 32 3 0 100 0 0.13 0.87 0 0
  1 33 3 0 100 0 0.6 0.4 0 0
  1 34 3 0 100 0 0.38 0.62 0 0
  1 35 3 0 100 0 0.17 0.83 0 0
  1 36 3 0 100 0 0.36 0.64 0 0
  1 37 3 0 100 0 0 1 0 0
  1 38 3 0 100 0 0 1 0 0
  1 39 3 0 100 0 0.02 0.98 0 0
  1 40 3 0 100 0 0.92 0.08 0 0
  1 41 3 0 100 0 0.17 0.83 0 0
  1 42 3 0 100 0 0 1 0 0
  1 1 4 0 100 0.1 0.41 0.47 0.02 0
  1 2 4 0 100 0 0.2 0.64 0.16 0
  1 3 4 0 100 0 0.01 0.99 0 0
  1 4 4 0 100 0 0.72 0.25 0.03 0
  1 5 4 0 100 0.05 0.49 0.36 0.1 0
  1 6 4 0 100 0 0.83 0.06 0.11 0
  1 7 4 0 100 0 0.47 0.3 0.23 0
  1 8 4 0 100 0 0.76 0.15 0.09 0
  1 9 4 0 100 0.01 0.41 0.44 0.14 0
  1 10 4 0 100 0 0.28 0.72 0 0
  1 11 4 0 100 0.01 0.4 0.59 0 0
  1 12 4 0 100 0.05 0.52 0.41 0.02 0
  1 13 4 0 100 0 0.11 0.8 0.09 0
  1 14 4 0 100 0 0.43 0.57 0 0
  1 15 4 0 100 0.01 0.37 0.62 0 0
  1 16 4 0 100 0 0.38 0.5 0.12 0
  1 17 4 0 100 0 0.22 0.65 0.13 0
  1 18 4 0 100 0 0.55 0.45 0 0
  1 19 4 0 100 0 0.6 0.4 0 0
  1 20 4 0 100 0 0.66 0.34 0 0
  1 21 4 0 100 0 0.92 0.08 0 0
  1 22 4 0 100 0 0.52 0.48 0 0
  1 23 4 0 100 0 0.53 0.47 0 0
  1 24 4 0 100 0 0.54 0.46 0 0
  1 25 4 0 100 0 0.18 0.82 0 0
  1 26 4 0 100 0 0 1 0 0
  1 27 4 0 100 0 0.23 0.77 0 0
  1 28 4 0 100 0 0.06 0.94 0 0
  1 29 4 0 100 0 0 1 0 0
  1 30 4 0 100 0 0 1 0 0
  1 31 4 0 100 0 0.31 0.69 0 0
  1 32 4 0 100 0 0.12 0.88 0 0
  1 33 4 0 100 0.01 0.37 0.62 0 0
  1 34 4 0 100 0.2 0.42 0.38 0 0
  1 35 4 0 100 0.16 0.73 0.11 0 0
  1 36 4 0 100 0 0.82 0.18 0 0
  1 37 4 0 100 0 0.94 0.06 0 0
  1 38 4 0 100 0 0.87 0.13 0 0
  1 39 4 0 100 0 0.9 0.1 0 0
  1 40 4 0 100 0 0.92 0.08 0 0
  1 41 4 0 100 0 0.79 0.21 0 0
  1 42 4 0 100 0 0.72 0.28 0 0
# end survey length observations 
#  
# Fishery catch data 
# Number of observations, init_int Ncatch_obs
  168
# init_matrix obs_catch_biomass(1,Ncatch_obs,1,6) 
# Fleet	Area	Year	Species	Catch(biomass t)	CV 
  1 1 1 1 58004.6473273485 0.15
  1 1 2 1 44039.3361169937 0.15
  1 1 3 1 22823.2528868308 0.15
  1 1 4 1 25695.7093883792 0.15
  1 1 5 1 19593.8013647873 0.15
  1 1 6 1 23705.2591070063 0.15
  1 1 7 1 14451.4818705931 0.15
  1 1 8 1 12734.5923136696 0.15
  1 1 9 1 11534.5433090646 0.15
  1 1 10 1 13924.4132944197 0.15
  1 1 11 1 20650.493281969 0.15
  1 1 12 1 21234.4879946702 0.15
  1 1 13 1 16915.4526888618 0.15
  1 1 14 1 14465.2500841348 0.15
  1 1 15 1 11365.5864728299 0.15
  1 1 16 1 8516.00979476099 0.15
  1 1 17 1 7092.39349472649 0.15
  1 1 18 1 5819.2208476791 0.15
  1 1 19 1 6520.35448422614 0.15
  1 1 20 1 6242.07155714208 0.15
  1 1 21 1 3324.99136220862 0.15
  1 1 22 1 3755.01920796594 0.15
  1 1 23 1 5538.126496207 0.15
  1 1 24 1 6370.07737124512 0.15
  1 1 25 1 4882.39635706097 0.15
  1 1 26 1 5207.7501146062 0.15
  1 1 27 1 4825.63890100976 0.15
  1 1 28 1 4791.16721427953 0.15
  1 1 29 1 4873.64308280368 0.15
  1 1 30 1 3155.20477236071 0.15
  1 1 31 1 3131.73939717429 0.15
  1 1 32 1 2644.67390730159 0.15
  1 1 33 1 2989.56441377005 0.15
  1 1 34 1 2084.28103405288 0.15
  1 1 35 1 1791.30430155743 0.15
  1 1 36 1 1251.003607672 0.15
  1 1 37 1 1361.01254167569 0.15
  1 1 38 1 989.0974520218 0.15
  1 1 39 1 1256.74459011013 0.15
  1 1 40 1 1607.00688119601 0.15
  1 1 41 1 1291.71603404033 0.15
  1 1 42 1 1020.90602813 0.15
  1 1 1 4 8171.41074134233 0.15
  1 1 2 4 7556.20950177292 0.15
  1 1 3 4 8212.46374711602 0.15
  1 1 4 4 7919.41464171475 0.15
  1 1 5 4 5285.08905859917 0.15
  1 1 6 4 6580.70682849788 0.15
  1 1 7 4 8432.54467299911 0.15
  1 1 8 4 6997.54515864627 0.15
  1 1 9 4 7841.30312315244 0.15
  1 1 10 4 7709.50337999513 0.15
  1 1 11 4 8112.20088200937 0.15
  1 1 12 4 7458.26713474823 0.15
  1 1 13 4 8740.12946388121 0.15
  1 1 14 4 9220.55179319603 0.15
  1 1 15 4 8274.22347149909 0.15
  1 1 16 4 6751.17681726065 0.15
  1 1 17 4 6320.40637369549 0.15
  1 1 18 4 7812.6896330812 0.15
  1 1 19 4 8546.49571455326 0.15
  1 1 20 4 7705.1428569397 0.15
  1 1 21 4 4616.53767280442 0.15
  1 1 22 4 3457.36855800022 0.15
  1 1 23 4 5485.60623453058 0.15
  1 1 24 4 4644.4270803951 0.15
  1 1 25 4 3834.55589214941 0.15
  1 1 26 4 5708.93331134321 0.15
  1 1 27 4 5527.5226937944 0.15
  1 1 28 4 7317.29804222392 0.15
  1 1 29 4 5942.80338244108 0.15
  1 1 30 4 5718.26752300304 0.15
  1 1 31 4 6314.05313682812 0.15
  1 1 32 4 5936.7402405389 0.15
  1 1 33 4 6811.99046151093 0.15
  1 1 34 4 5497.06918850591 0.15
  1 1 35 4 6231.1662833318 0.15
  1 1 36 4 4397.67603270683 0.15
  1 1 37 4 6410.98142304879 0.15
  1 1 38 4 4448.67341596219 0.15
  1 1 39 4 5703.85417998687 0.15
  1 1 40 4 7009.62974840277 0.15
  1 1 41 4 6566.02231132328 0.15
  1 1 42 4 5431.90038192658 0.15
  2 1 1 2 1269.34757641491 0.15
  2 1 2 2 940.066131328745 0.15
  2 1 3 2 1245.58873807669 0.15
  2 1 4 2 773.60055169212 0.15
  2 1 5 2 807.451144439583 0.15
  2 1 6 2 893.22309596755 0.15
  2 1 7 2 730.243770975979 0.15
  2 1 8 2 1196.97749218986 0.15
  2 1 9 2 1260.53727334437 0.15
  2 1 10 2 1099.26782953514 0.15
  2 1 11 2 1333.01285058309 0.15
  2 1 12 2 1784.09418103869 0.15
  2 1 13 2 2105.52323855306 0.15
  2 1 14 2 1992.76190258025 0.15
  2 1 15 2 2323.129622783 0.15
  2 1 16 2 2041.9765512489 0.15
  2 1 17 2 1899.02203260226 0.15
  2 1 18 2 1628.49390200621 0.15
  2 1 19 2 4290.9097457391 0.15
  2 1 20 2 5610.5187159131 0.15
  2 1 21 2 8974.62215109114 0.15
  2 1 22 2 10832.3819569038 0.15
  2 1 23 2 10664.755674613 0.15
  2 1 24 2 13094.5208475222 0.15
  2 1 25 2 9650.79998388924 0.15
  2 1 26 2 7757.6629610565 0.15
  2 1 27 2 9046.79922566632 0.15
  2 1 28 2 9071.69281880196 0.15
  2 1 29 2 10102.410999511 0.15
  2 1 30 2 6836.62378464772 0.15
  2 1 31 2 6149.48169006952 0.15
  2 1 32 2 8883.52578105466 0.15
  2 1 33 2 11180.1383592838 0.15
  2 1 34 2 9880.14202243414 0.15
  2 1 35 2 16755.9003051721 0.15
  2 1 36 2 14322.2362160624 0.15
  2 1 37 2 13418.8120029511 0.15
  2 1 38 2 13566.8065179887 0.15
  2 1 39 2 10096.8568923356 0.15
  2 1 40 2 7615.95628420017 0.15
  2 1 41 2 7710.56381457588 0.15
  2 1 42 2 5528.06904759672 0.15
  2 1 1 3 396.218844567189 0.15
  2 1 2 3 557.229237627221 0.15
  2 1 3 3 480.21269960208 0.15
  2 1 4 3 649.496483583875 0.15
  2 1 5 3 965.133515516037 0.15
  2 1 6 3 1429.91467871323 0.15
  2 1 7 3 1814.27573608369 0.15
  2 1 8 3 1792.28788269558 0.15
  2 1 9 3 1744.91537253735 0.15
  2 1 10 3 1626.01977434646 0.15
  2 1 11 3 1859.27241895818 0.15
  2 1 12 3 1631.36721044306 0.15
  2 1 13 3 1546.03417386917 0.15
  2 1 14 3 1327.60421702145 0.15
  2 1 15 3 1332.05443275694 0.15
  2 1 16 3 1287.33886571156 0.15
  2 1 17 3 1251.75039478869 0.15
  2 1 18 3 1606.27161194026 0.15
  2 1 19 3 988.279699257474 0.15
  2 1 20 3 1442.37311587777 0.15
  2 1 21 3 1255.18815533103 0.15
  2 1 22 3 936.104294123642 0.15
  2 1 23 3 1172.93852124667 0.15
  2 1 24 3 1275.94148963137 0.15
  2 1 25 3 1066.32779082457 0.15
  2 1 26 3 1680.28490688459 0.15
  2 1 27 3 1512.31526755108 0.15
  2 1 28 3 978.38538452639 0.15
  2 1 29 3 1286.28500167 0.15
  2 1 30 3 1029.62443147601 0.15
  2 1 31 3 966.372511415875 0.15
  2 1 32 3 724.137203056174 0.15
  2 1 33 3 763.811224691707 0.15
  2 1 34 3 632.344886397987 0.15
  2 1 35 3 673.537382086408 0.15
  2 1 36 3 1061.0840547926 0.15
  2 1 37 3 1246.17919142133 0.15
  2 1 38 3 1443.90831841853 0.15
  2 1 39 3 1457.12033730981 0.15
  2 1 40 3 1792.33515423471 0.15
  2 1 41 3 2087.01850193473 0.15
  2 1 42 3 2098.42303581284 0.15
# end catch observations 
#  
# Fishery size comp data 
# Number of observations, init_int Ncatch_size_obs 
  168
# init_matrix obs_catch_size(1,Ncatch_size_obs,1,ncol) 
# Fleet Area  Year  Species Type (0=whole, 1=retained, 2=discard) InpN, proportion by size bin 
  1 1 1 1 0 100 0 0.39 0.58 0.03 0
  1 1 2 1 0 100 0 0.34 0.62 0.04 0
  1 1 3 1 0 100 0 0.48 0.46 0.06 0
  1 1 4 1 0 100 0 0.3 0.55 0.15 0
  1 1 5 1 0 100 0 0.51 0.33 0.12 0.04
  1 1 6 1 0 100 0 0.42 0.58 0 0
  1 1 7 1 0 100 0 0.19 0.81 0 0
  1 1 8 1 0 100 0 0.33 0.67 0 0
  1 1 9 1 0 100 0 0.34 0.65 0.01 0
  1 1 10 1 0 100 0 0.74 0.26 0 0
  1 1 11 1 0 100 0 0.52 0.35 0.13 0
  1 1 12 1 0 100 0 0.33 0.66 0.01 0
  1 1 13 1 0 100 0 0.64 0.28 0.08 0
  1 1 14 1 0 100 0 0.31 0.64 0.05 0
  1 1 15 1 0 100 0 0.44 0.52 0.04 0
  1 1 16 1 0 100 0 0.41 0.52 0.07 0
  1 1 17 1 0 100 0 0.24 0.67 0.09 0
  1 1 18 1 0 100 0 0.31 0.5 0.19 0
  1 1 19 1 0 100 0 0.58 0.42 0 0
  1 1 20 1 0 100 0 0.51 0.45 0.04 0
  1 1 21 1 0 100 0 0.25 0.72 0.03 0
  1 1 22 1 0 100 0 0.45 0.52 0.03 0
  1 1 23 1 0 100 0 0.25 0.64 0.11 0
  1 1 24 1 0 100 0 0.4 0.53 0.07 0
  1 1 25 1 0 100 0 0.28 0.72 0 0
  1 1 26 1 0 100 0 0.01 0.99 0 0
  1 1 27 1 0 100 0 0.03 0.83 0.13 0.01
  1 1 28 1 0 100 0 0.21 0.72 0.07 0
  1 1 29 1 0 100 0 0.17 0.68 0.15 0
  1 1 30 1 0 100 0 0.1 0.9 0 0
  1 1 31 1 0 100 0 0.12 0.88 0 0
  1 1 32 1 0 100 0 0.09 0.91 0 0
  1 1 33 1 0 100 0 0.26 0.58 0.16 0
  1 1 34 1 0 100 0 0.03 0.97 0 0
  1 1 35 1 0 100 0 0.23 0.77 0 0
  1 1 36 1 0 100 0 0.33 0.67 0 0
  1 1 37 1 0 100 0 0.4 0.6 0 0
  1 1 38 1 0 100 0 0.33 0.67 0 0
  1 1 39 1 0 100 0 0.32 0.68 0 0
  1 1 40 1 0 100 0 0 0.94 0.06 0
  1 1 41 1 0 100 0 0 0.81 0.19 0
  1 1 42 1 0 100 0 0.17 0.72 0.11 0
  1 1 1 4 0 100 0 0.08 0.1 0.48 0.34
  1 1 2 4 0 100 0 0.16 0.33 0.42 0.09
  1 1 3 4 0 100 0 0.01 0.3 0.69 0
  1 1 4 4 0 100 0 0.07 0.29 0.63 0.01
  1 1 5 4 0 100 0 0.11 0.28 0.41 0.2
  1 1 6 4 0 100 0 0.14 0.46 0.4 0
  1 1 7 4 0 100 0 0.07 0.29 0.63 0.01
  1 1 8 4 0 100 0 0.17 0.04 0.79 0
  1 1 9 4 0 100 0 0 0.47 0.4 0.13
  1 1 10 4 0 100 0 0.28 0.28 0.44 0
  1 1 11 4 0 100 0 0.12 0.44 0.29 0.15
  1 1 12 4 0 100 0 0.24 0.31 0.29 0.16
  1 1 13 4 0 100 0 0 0.34 0.66 0
  1 1 14 4 0 100 0 0 0.21 0.7 0.09
  1 1 15 4 0 100 0 0 0.19 0.67 0.14
  1 1 16 4 0 100 0 0.01 0.44 0.55 0
  1 1 17 4 0 100 0 0 0.06 0.93 0.01
  1 1 18 4 0 100 0 0 0.26 0.74 0
  1 1 19 4 0 100 0 0 0.34 0.66 0
  1 1 20 4 0 100 0 0 0.3 0.7 0
  1 1 21 4 0 100 0 0 0.35 0.65 0
  1 1 22 4 0 100 0 0 0.07 0.93 0
  1 1 23 4 0 100 0 0 0.42 0.58 0
  1 1 24 4 0 100 0 0 0.16 0.81 0.03
  1 1 25 4 0 100 0 0.22 0.37 0.41 0
  1 1 26 4 0 100 0 0 0.45 0.55 0
  1 1 27 4 0 100 0 0 0.49 0.51 0
  1 1 28 4 0 100 0 0 0.37 0.63 0
  1 1 29 4 0 100 0 0 0.22 0.78 0
  1 1 30 4 0 100 0 0 0.22 0.78 0
  1 1 31 4 0 100 0 0 0.13 0.85 0.02
  1 1 32 4 0 100 0 0 0.12 0.88 0
  1 1 33 4 0 100 0 0 0.3 0.61 0.09
  1 1 34 4 0 100 0 0 0.9 0.1 0
  1 1 35 4 0 100 0 0 0.06 0.94 0
  1 1 36 4 0 100 0 0 0.06 0.94 0
  1 1 37 4 0 100 0 0 0.17 0.83 0
  1 1 38 4 0 100 0 0 0.1 0.9 0
  1 1 39 4 0 100 0 0 0.08 0.92 0
  1 1 40 4 0 100 0 0 0.34 0.66 0
  1 1 41 4 0 100 0 0 0.12 0.88 0
  1 1 42 4 0 100 0 0 0.21 0.79 0
  2 1 1 2 0 100 0 0 0.67 0.33 0
  2 1 2 2 0 100 0 0 0.14 0.86 0
  2 1 3 2 0 100 0 0.05 0.63 0.32 0
  2 1 4 2 0 100 0 0.13 0.09 0.78 0
  2 1 5 2 0 100 0 0 0.27 0.73 0
  2 1 6 2 0 100 0 0.05 0.62 0.33 0
  2 1 7 2 0 100 0 0.32 0.62 0.06 0
  2 1 8 2 0 100 0 0 0.87 0.13 0
  2 1 9 2 0 100 0 0.05 0.75 0.2 0
  2 1 10 2 0 100 0 0.07 0.89 0.04 0
  2 1 11 2 0 100 0 0 0.78 0.22 0
  2 1 12 2 0 100 0 0 0.29 0.71 0
  2 1 13 2 0 100 0 0 0.53 0.47 0
  2 1 14 2 0 100 0 0 0.44 0.44 0.12
  2 1 15 2 0 100 0 0 0.58 0.42 0
  2 1 16 2 0 100 0 0.08 0.69 0.23 0
  2 1 17 2 0 100 0 0 0.91 0.09 0
  2 1 18 2 0 100 0 0.07 0.71 0.19 0.03
  2 1 19 2 0 100 0 0.07 0.79 0.14 0
  2 1 20 2 0 100 0 0.03 0.47 0.5 0
  2 1 21 2 0 100 0 0.01 0.75 0.24 0
  2 1 22 2 0 100 0 0 0.69 0.31 0
  2 1 23 2 0 100 0 0.02 0.64 0.34 0
  2 1 24 2 0 100 0 0 0.89 0.11 0
  2 1 25 2 0 100 0 0.03 0.97 0 0
  2 1 26 2 0 100 0 0.14 0.84 0.02 0
  2 1 27 2 0 100 0 0.45 0.51 0.04 0
  2 1 28 2 0 100 0 0.02 0.92 0.06 0
  2 1 29 2 0 100 0 0 0.85 0.15 0
  2 1 30 2 0 100 0 0 1 0 0
  2 1 31 2 0 100 0 0.07 0.89 0.04 0
  2 1 32 2 0 100 0 0 0.99 0.01 0
  2 1 33 2 0 100 0 0.01 0.99 0 0
  2 1 34 2 0 100 0 0.85 0.15 0 0
  2 1 35 2 0 100 0 0.05 0.95 0 0
  2 1 36 2 0 100 0 0 1 0 0
  2 1 37 2 0 100 0 0.05 0.95 0 0
  2 1 38 2 0 100 0 0.32 0.68 0 0
  2 1 39 2 0 100 0 0.11 0.89 0 0
  2 1 40 2 0 100 0 0.45 0.55 0 0
  2 1 41 2 0 100 0 0 1 0 0
  2 1 42 2 0 100 0 0.06 0.94 0 0
  2 1 1 3 0 100 0 0 0.36 0.64 0
  2 1 2 3 0 100 0 0 0.24 0.76 0
  2 1 3 3 0 100 0 0 0.47 0.53 0
  2 1 4 3 0 100 0 0 0.94 0.06 0
  2 1 5 3 0 100 0 0 0.51 0.49 0
  2 1 6 3 0 100 0 0 0.35 0.65 0
  2 1 7 3 0 100 0 0 0.17 0.83 0
  2 1 8 3 0 100 0 0 0.26 0.74 0
  2 1 9 3 0 100 0 0 0.4 0.6 0
  2 1 10 3 0 100 0 0 0.16 0.84 0
  2 1 11 3 0 100 0 0 0.34 0.66 0
  2 1 12 3 0 100 0 0 0.27 0.73 0
  2 1 13 3 0 100 0 0 0.07 0.93 0
  2 1 14 3 0 100 0 0 0.46 0.54 0
  2 1 15 3 0 100 0 0 0.47 0.53 0
  2 1 16 3 0 100 0 0 0.46 0.54 0
  2 1 17 3 0 100 0 0 0.59 0.41 0
  2 1 18 3 0 100 0 0 0.69 0.31 0
  2 1 19 3 0 100 0 0 0.96 0.04 0
  2 1 20 3 0 100 0.16 0 0.82 0.02 0
  2 1 21 3 0 100 0 0 1 0 0
  2 1 22 3 0 100 0 0 0.96 0.04 0
  2 1 23 3 0 100 0 0 0.98 0.02 0
  2 1 24 3 0 100 0 0 0.95 0.05 0
  2 1 25 3 0 100 0 0 0.93 0.07 0
  2 1 26 3 0 100 0 0 0.84 0.16 0
  2 1 27 3 0 100 0 0 0.87 0.13 0
  2 1 28 3 0 100 0 0 0.95 0.05 0
  2 1 29 3 0 100 0 0 0.88 0.12 0
  2 1 30 3 0 100 0 0 0.93 0.07 0
  2 1 31 3 0 100 0 0 0.87 0.13 0
  2 1 32 3 0 100 0 0 0.78 0.22 0
  2 1 33 3 0 100 0 0 0.96 0.04 0
  2 1 34 3 0 100 0 0 0.77 0.23 0
  2 1 35 3 0 100 0 0 0.82 0.18 0
  2 1 36 3 0 100 0 0 0.73 0.27 0
  2 1 37 3 0 100 0 0 0.75 0.25 0
  2 1 38 3 0 100 0 0 0.85 0.15 0
  2 1 39 3 0 100 0 0 0.93 0.07 0
  2 1 40 3 0 100 0 0 0.92 0.08 0
  2 1 41 3 0 100 0 0 0.93 0.07 0
  2 1 42 3 0 100 0 0 0.93 0.07 0
# end fishery length observations 
#  
# Survey diet proportion observations 
# Number of observations, init_int Ndietprop_obs 
  89
# init_matrix obs_dietprop(1,Ndietprop_obs,1,ncol) 
# Survey  Year  Predator  Predator_size InpN  wt_prey_1 wt_prey_2 wt_prey_3 wt_prey_4 wt_prey_5 wt_prey_6 wt_prey_7 wt_prey_8 wt_prey_9 wt_prey_10 wt_prey_11 other 
  1 2 1 4 100 1 0 0 0 0
  1 6 4 3 100 0 0 0 0 1
  1 8 4 2 100 0.41 0 0 0 0.59
  1 8 4 3 100 0 0 0 0 1
  1 9 4 4 100 0 0.12 0 0 0.88
  1 11 1 3 100 0 0.6 0 0 0.4
  1 11 4 3 100 0 0.67 0 0 0.33
  1 12 1 2 100 0 0 0 0 1
  1 12 1 3 100 0 0.22 0 0 0.78
  1 13 1 3 100 0 0.47 0 0 0.53
  1 13 1 4 100 0 0.13 0 0 0.87
  1 13 4 2 100 0 0.12 0 0 0.88
  1 13 4 3 100 0 0.37 0.01 0 0.62
  1 13 4 4 100 0 0.26 0.06 0 0.68
  1 14 1 3 100 0 0.27 0 0 0.73
  1 14 1 4 100 0 0.15 0 0 0.85
  1 14 4 3 100 0.4 0 0 0 0.6
  1 14 4 4 100 0 0 0 0 1
  1 15 1 2 100 0 0.11 0 0 0.89
  1 15 1 3 100 0 0 0.1 0 0.9
  1 15 4 3 100 0 0 0 0 1
  1 15 4 4 100 0 0.24 0 0 0.76
  1 16 1 3 100 0 0 0.1 0 0.9
  1 16 1 4 100 0 0.54 0 0 0.46
  1 16 4 3 100 0 0.33 0.18 0 0.49
  1 16 4 4 100 0 0.31 0 0 0.69
  1 17 4 2 100 0 0.78 0 0 0.22
  1 17 4 3 100 0 0.01 0 0 0.99
  1 18 1 1 100 0 0 0 0 1
  1 18 1 2 100 0 0.78 0 0 0.22
  1 18 1 3 100 0 0.04 0.08 0 0.88
  1 18 4 3 100 0 0.11 0 0 0.89
  1 19 1 2 100 0 0.2 0 0 0.8
  1 19 1 3 100 0 0.18 0.22 0 0.6
  1 19 1 4 100 0 0.05 0 0 0.95
  1 19 4 2 100 0 0.17 0.03 0 0.8
  1 19 4 3 100 0 0.38 0 0 0.62
  1 20 1 3 100 0 0.01 0 0 0.99
  1 20 4 2 100 0 0.56 0.25 0 0.19
  1 20 4 3 100 0 0.06 0.08 0 0.86
  1 21 1 2 100 0 0 0.33 0 0.67
  1 21 1 3 100 0.07 0 0 0 0.93
  1 21 1 4 100 0 0.05 0 0 0.95
  1 21 4 3 100 0.11 0 0 0 0.89
  1 22 1 3 100 0 0 0.02 0 0.98
  1 22 4 2 100 0 0.15 0 0 0.85
  1 22 4 3 100 0 0.35 0 0 0.65
  1 23 1 3 100 0 0 0 0 1
  1 23 4 3 100 0 0.22 0 0 0.78
  1 24 1 3 100 0 0 0 0 1
  1 24 1 4 100 0 0.21 0.04 0 0.75
  1 24 4 3 100 0 0.34 0 0 0.66
  1 25 1 2 100 0 0 0.62 0 0.38
  1 25 1 3 100 0 0.06 0 0 0.94
  1 25 4 3 100 0 0.48 0 0 0.52
  1 25 4 4 100 0 0.99 0 0 0.01
  1 26 1 3 100 0 0.18 0 0 0.82
  1 26 4 3 100 0 0 0 0 1
  1 27 1 3 100 0 0.04 0 0 0.96
  1 27 1 4 100 0 0.03 0 0 0.97
  1 27 4 2 100 0 0.08 0 0 0.92
  1 27 4 3 100 0 1 0 0 0
  1 28 1 3 100 0 0.23 0 0 0.77
  1 28 4 2 100 0 0.28 0 0 0.72
  1 28 4 3 100 0 0 0 0 1
  1 29 1 3 100 0 0.03 0 0 0.97
  1 29 4 3 100 0 0.61 0 0 0.39
  1 30 4 3 100 0 0.15 0 0 0.85
  1 31 4 3 100 0 0.4 0.02 0 0.58
  1 31 4 4 100 0 0.08 0 0 0.92
  1 33 1 3 100 0 0.77 0 0 0.23
  1 33 4 3 100 0 0.55 0 0 0.45
  1 34 1 3 100 0 0.56 0 0 0.44
  1 34 4 3 100 0 0.03 0 0 0.97
  1 35 1 1 100 0 0 0 0 1
  1 35 1 2 100 0 0.45 0 0 0.55
  1 35 1 3 100 0 0.05 0.29 0 0.66
  1 35 4 3 100 0 0 0 0 1
  1 36 1 3 100 0 0.29 0 0 0.71
  1 36 4 2 100 0 0 0.37 0 0.63
  1 36 4 3 100 0 0.18 0 0 0.82
  1 37 4 3 100 0 0 0.06 0 0.94
  1 38 1 3 100 0 0 0 0 1
  1 39 1 3 100 0 0 0.87 0 0.13
  1 40 1 2 100 0 0.57 0 0 0.43
  1 40 4 3 100 0 0.13 0 0 0.87
  1 40 4 4 100 0 0.29 0.09 0 0.62
  1 41 1 2 100 0 0.16 0 0 0.84
  1 42 4 3 100 0 0.14 0.42 0 0.44
# end survey diet proportion observations 
#  
