# This file was created using create_datpin_files.R function write_tsDatFile
      #and used all inputs from csv files found in folder:
      #hydradata/data-raw
# Survey index data 
# Number of observations, init_int Nsurvey_obs
  329
# init_matrix obs_survey_biomass(1,Nsurvey_obs,1,5)
# survey year spp value cv
  1 1 4 237835.626738252 0.212720515437525
  2 1 4 217381.139821624 0.25363203301826
  1 2 4 88891.4526159279 0.222168779300385
  2 2 4 80120.2684624455 0.187773345626693
  1 3 4 47664.3416614393 0.394113240257454
  2 3 4 34283.5042508617 0.423618201694685
  1 4 4 72933.9202888288 0.310035034727007
  2 4 4 42131.0607928075 0.327069686277164
  1 5 4 86003.8574292247 0.378629084128514
  2 5 4 61361.1238772499 0.391316523019912
  1 6 4 75308.7093670447 0.494427832556011
  2 6 4 53569.634440661 0.376280830351703
  1 7 4 47550.7274895737 0.759062286891916
  2 7 4 37810.6482141033 0.665352569827422
  1 8 4 13120.0885819946 0.383150869515862
  2 8 4 11095.1879730715 0.433685089735353
  1 9 4 17733.0450811498 0.48934963094834
  2 9 4 8612.07418605487 0.392371299771634
  1 10 4 24697.273876738 0.382452035825211
  2 10 4 15703.5132003237 0.333798529002863
  1 11 4 15553.6106447197 0.566792532611316
  2 11 4 11064.1343430647 0.868042030585988
  1 12 4 15067.6519484808 0.381518572031255
  2 12 4 8292.6908086904 0.445144789260538
  1 13 4 10202.0357978831 0.438380584739347
  2 13 4 6323.48293924099 0.947226139495183
  1 14 4 11259.3173586016 0.482345652338289
  2 14 4 5711.79727211453 0.377075764230608
  1 15 4 7103.13429876185 0.420835086749712
  2 15 4 4708.1820869531 0.614716212748607
  1 16 4 2298.36936903826 0.515165860253858
  2 16 4 1435.75051060596 0.704031323768783
  1 17 4 8551.04031271431 0.559532625975744
  2 17 4 3259.16548936192 0.319774204956139
  1 18 4 8472.9491330756 0.479008946214672
  2 18 4 5714.79076428353 0.41351869139049
  1 19 4 5258.61953086866 0.429419179801904
  2 19 4 3144.12913263241 0.387615780132326
  1 20 4 7827.56073861215 0.477074256852948
  2 20 4 3631.47821081824 0.315868813200741
  1 21 4 12995.848333878 0.410621521476155
  2 21 4 7513.81575129306 0.630050999524052
  1 22 4 14150.8486311161 0.294672690077384
  2 22 4 9112.75895919189 0.335469505128288
  1 23 4 10816.5208015237 0.477447511398437
  2 23 4 6713.43277438268 0.407625761955908
  1 24 4 10057.0632455367 0.384568504019134
  2 24 4 5875.89371665495 0.43049173366256
  1 25 4 10083.6622044851 0.333261603198005
  2 25 4 6086.05287387885 0.843960441627036
  1 26 4 6536.27805225412 0.685474246042822
  2 26 4 4366.82720342212 0.429620783824035
  1 27 4 6919.64579091768 0.286882992344226
  2 27 4 4013.1504958464 0.81343687860715
  1 28 4 8532.15244356438 0.371822434434906
  2 28 4 5520.48413291576 0.53327636373572
  1 29 4 15655.1721415601 0.592639130460935
  2 29 4 7989.1716200708 0.590339711107796
  1 30 4 21495.9911219632 0.374062101432949
  2 30 4 14439.0938276068 0.701775131617819
  1 31 4 17417.3094917988 0.304499664309564
  2 31 4 13412.1688573415 0.210828956182955
  1 32 4 19366.7088472346 0.233962995093855
  2 32 4 11339.6697986404 0.329779252894958
  1 33 4 17542.2090145669 0.270006842918168
  2 33 4 13241.124317795 0.460124990024536
  1 34 4 8528.03067690743 0.350007507053818
  2 34 4 6371.96086781284 0.837656243552001
  1 35 4 7473.35246534095 0.34274593698132
  2 35 4 4334.79898421948 0.291986952078346
  1 36 4 14855.2637458134 0.261906583866089
  2 36 4 8072.86374715993 0.425399553458769
  1 37 4 29924.5240424474 0.417429035160016
  2 37 4 16754.9046543683 0.287702894520317
  1 38 4 39677.5907334606 0.441211421515246
  2 38 4 26865.3261284618 0.866971810340233
  1 39 4 36635.7632735148 0.495234601454268
  2 39 4 25881.0055786269 0.556663444153977
  1 40 4 22879.4156053922 0.237858203733512
  2 40 4 18187.1154888416 0.295404104464232
  1 41 4 6543.4687733347 0.327346172729995
  2 41 4 5463.39395864584 0.994030515469621
  1 42 4 1483.99863228066 0.368315456462939
  2 42 4 1034.79279444257 0.461505384764764
  1 1 2 3832.13222147129 0.601375663623589
  2 1 2 3120.66984715396 0.565196579518992
  2 2 2 1947.22595939804 0.686052062200317
  2 3 2 1083.47248202371 0.378997614818957
  1 4 2 790.707638057862 1
  2 4 2 623.454519819705 0.459316778181236
  1 5 2 237.021475031697 0.611089023955187
  2 5 2 219.007910648159 0.780615956536472
  1 6 2 180.945237230272 0.702037850017464
  2 6 2 179.661608482828 0.461790555986525
  1 7 2 159.013813485453 0.948289691951521
  2 7 2 153.289467061744 0.685175011742778
  1 8 2 99.2605154245925 0.544380631361087
  2 8 2 102.616543329086 0.424096495665332
  1 9 2 156.018173485049 0.5393131982084
  2 9 2 164.948281849528 0.454629127333952
  1 10 2 250.040966226601 0.88095039530815
  2 10 2 238.69907553167 0.419344308350161
  1 11 2 384.591997688771 0.799987970388403
  2 11 2 415.241171349067 0.839124360078806
  1 12 2 1058.87349842298 0.774991903603438
  2 12 2 1045.56322316537 0.424721667998453
  1 13 2 999.427970096619 0.863215133786584
  2 13 2 831.472319427735 0.387073469025502
  1 14 2 588.875366152085 0.704083892007286
  2 14 2 536.750788635918 0.312793018147624
  1 15 2 809.207462617868 0.457459057188701
  2 15 2 782.569260932257 0.459652287866146
  1 16 2 800.195500999658 0.853197309912465
  2 16 2 676.88614182966 0.628928805514438
  1 17 2 70.6511286003649 0.61116783920211
  2 17 2 54.0785455721651 0.3895964128798
  1 18 2 228.010903300627 0.416775375911518
  2 18 2 283.592831658777 0.495180348393774
  1 19 2 824.985292910113 0.69077510766454
  2 19 2 886.320329276452 0.347120352110889
  1 20 2 1732.11351740693 0.793751288508348
  2 20 2 1713.15715729252 0.526946514998015
  1 21 2 2156.402874191 0.339376634127756
  2 21 2 2117.17896250458 0.609998621037514
  1 22 2 2070.48873706627 0.601950919776798
  2 22 2 1931.29909771306 0.389299707202565
  1 23 2 2552.76189034682 0.658556209578282
  2 23 2 2602.76171846289 0.288585466763824
  1 24 2 3178.45496265694 0.637453135075156
  2 24 2 2954.12848337114 0.480513100150493
  1 25 2 2477.70657452703 0.510473149998029
  2 25 2 2102.68086619252 0.338488147626423
  1 26 2 1071.25776804956 0.548437091427541
  2 26 2 1071.4851209299 0.345955330423839
  1 27 2 1154.83071931262 0.492912195981742
  2 27 2 1194.35258658935 0.33164245084141
  1 28 2 1766.72486064681 0.747597319880804
  2 28 2 1726.25133039353 0.447853531697379
  1 29 2 1949.41010548889 0.451616070879294
  2 29 2 1826.05518051114 0.305275882623724
  1 30 2 2024.28840055462 0.797269558848634
  2 30 2 1860.51441483429 0.605264936420634
  1 31 2 2139.13246065731 0.666772556553203
  2 31 2 2118.89971592945 0.359836468902791
  1 32 2 2275.68894897266 0.96787270074405
  2 32 2 2188.51973725352 0.422601396160012
  1 33 2 2799.02973991173 0.404694020855087
  2 33 2 2708.77906511909 0.465820030674526
  1 34 2 3943.88458258869 0.814873375751391
  2 34 2 3969.14780345091 0.505954372112585
  1 35 2 5171.09444624514 0.533219898766676
  2 35 2 4616.06831119083 0.287403659199158
  1 36 2 3425.47801435546 0.371953858881132
  2 36 2 3216.97604983654 0.365560779244073
  1 37 2 4217.95428021531 0.791301167226987
  2 37 2 4182.09775341441 0.487536998609889
  1 38 2 5394.31718033323 0.633364993316759
  2 38 2 4877.04525056431 0.644823084547079
  1 39 2 4394.10349289665 0.827253682697507
  2 39 2 3676.25272526595 0.354235596542703
  1 40 2 1843.71626439813 0.900216415173481
  2 40 2 1527.22892701912 0.395846441583114
  1 41 2 580.34385068611 0.957770995377006
  2 41 2 507.671077385322 0.496084887173497
  1 42 2 334.291375227129 0.55870584954739
  2 42 2 286.776907191413 0.604660139936764
  1 1 1 100435.250863828 0.241799049430762
  2 1 1 225426.506151268 0.250018379470286
  1 2 1 48100.7445824103 0.142636213550947
  2 2 1 108268.099446565 0.163647146277456
  1 3 1 28787.2896674939 0.225478190042395
  2 3 1 59479.6421206747 0.192013183632222
  1 4 1 43565.3825496244 0.323579734794357
  2 4 1 77860.9463738858 0.162432383538487
  1 5 1 75177.5045618134 0.320666395151501
  2 5 1 160378.852860806 0.822390366318268
  1 6 1 50857.0524436599 0.452044832991261
  2 6 1 113311.871891525 0.192408532269243
  1 7 1 24205.6756152876 0.28209645893665
  2 7 1 55200.2311594574 0.262097825842625
  1 8 1 7584.05861485306 0.414010381101596
  2 8 1 17568.4971860885 0.189959250209439
  1 9 1 7501.69763595644 0.40638853202345
  2 9 1 10475.348466366 0.178404315527443
  1 10 1 19717.0579402438 0.290993157294119
  2 10 1 41471.469320229 0.156753980046499
  1 11 1 11319.6001156821 0.324615016521962
  2 11 1 25046.2245858563 0.174348711952217
  1 12 1 6377.02018333478 0.294780938380682
  2 12 1 12024.8894231541 0.195232854572048
  1 13 1 6090.52880121368 0.440402569626277
  2 13 1 13024.1387983439 0.185762358850192
  1 14 1 3960.73148395732 0.372421878022742
  2 14 1 7232.73478739108 0.151581173531864
  1 15 1 4111.77847796955 0.341871348717721
  2 15 1 8764.39943698109 0.233364310094868
  1 16 1 1383.38345678835 0.416897355424411
  2 16 1 3069.7489202113 0.283802183917676
  1 17 1 1132.80762193869 0.500820840736393
  2 17 1 1629.06649964367 0.495024013362717
  1 18 1 2447.23862201939 0.389853340834037
  2 18 1 5015.5598264908 0.390988792530431
  1 19 1 1448.00185601346 0.293941849282161
  2 19 1 3158.92544674849 0.322403741112933
  1 20 1 1015.81330325272 0.525509720403112
  2 20 1 1661.54093297679 0.218361153170241
  1 21 1 2752.308578351 0.266433769579894
  2 21 1 4792.36884011276 0.421115605185845
  1 22 1 4343.78695055205 0.374831371194202
  2 22 1 9199.91843165789 0.227391091044855
  1 23 1 2322.65660235804 0.352011231642473
  2 23 1 5145.80149924575 0.384269029090844
  1 24 1 1673.82480118548 0.34725908523047
  2 24 1 2721.98073446409 0.331291933735556
  1 25 1 2902.1840453848 0.578696888706846
  2 25 1 6126.19463619552 0.247394190789157
  1 26 1 1793.36703597641 0.459728456052307
  2 26 1 3587.51081339726 0.394189312610479
  1 27 1 1679.93672049138 0.539982548576019
  2 27 1 3625.43653259581 0.72948972943007
  1 28 1 1540.59404997447 0.364309332200766
  2 28 1 2733.49554328888 0.278656828353639
  1 29 1 2500.39058008581 0.562793580097325
  2 29 1 5307.28909865431 0.316141323613091
  1 30 1 3441.92657394778 0.420348818797864
  2 30 1 5317.43984756145 0.30511736182771
  1 31 1 8072.28984256938 0.403753427903273
  2 31 1 17022.7710551088 0.278331587636247
  1 32 1 5729.44196092872 0.491331418922754
  2 32 1 12682.8287181103 0.329726795744574
  1 33 1 2874.91563227982 0.537081122476055
  2 33 1 6525.91631628692 0.33086845072982
  1 34 1 1042.4473218172 0.379030815152119
  2 34 1 2400.70283033265 0.278881417082292
  1 35 1 514.408471861023 0.519511456600017
  2 35 1 965.988981566731 0.27351876283918
  1 36 1 921.927460863531 0.556056214854877
  2 36 1 1818.70293088945 0.714061811185508
  1 37 1 1411.4523839936 0.588197671943964
  2 37 1 2580.96515249729 0.340315242626747
  1 38 1 2231.79844025205 0.324588369174256
  2 38 1 4758.70753203211 0.300199803594678
  1 39 1 1500.78376549604 0.501841796783066
  2 39 1 3336.27617181173 0.438397059851219
  1 40 1 718.25919902446 0.403101009292275
  2 40 1 1632.68789649001 0.410378233550251
  1 41 1 230.409354598795 0.478602624152216
  2 41 1 530.724178629673 0.362128776577143
  1 42 1 64.1380303390075 0.646634922078809
  2 42 1 134.989906571285 0.816170985475773
  1 1 3 1157.6087929471 0.499484636786782
  1 2 3 782.97847952499 0.358153914340203
  2 2 3 771.570149420055 0.577110518633802
  1 3 3 444.032844032828 0.678339172154909
  2 3 3 443.919884837736 0.738121970739642
  1 4 3 307.447669094924 1
  2 4 3 346.125474967607 0.52056341701904
  1 5 3 231.36331319373 0.693225535250834
  2 5 3 309.982315593043 1
  1 6 3 305.168309428536 1
  2 6 3 395.016708343269 0.48452157876779
  1 7 3 335.078582076713 0.912293822979085
  1 8 3 191.279968766816 0.655734850091527
  2 8 3 245.097896541176 0.750382084373246
  1 9 3 229.060566642158 0.670809892238012
  2 9 3 313.914133342996 0.47273108889926
  1 10 3 426.851159286834 0.631102684426709
  2 10 3 521.473718719072 0.919260399745188
  1 11 3 394.841445240896 0.496475444687371
  1 12 3 531.333260739698 0.740682868109632
  2 12 3 606.554207978806 1
  1 13 3 481.290389133811 0.360862225436052
  1 14 3 379.502890569755 0.547901331396328
  2 14 3 416.613348771021 0.478873954421528
  1 15 3 400.310188875307 0.429608216382601
  2 15 3 456.072294805456 0.654713783069401
  1 16 3 508.845424552373 0.69118921143411
  2 16 3 636.983906747156 0.8614889831113
  1 17 3 212.539193523535 0.426971754606328
  2 17 3 275.084919114081 0.572182042928152
  1 18 3 349.198032035196 0.505524319387353
  2 18 3 380.80517678114 0.488492827246527
  1 19 3 251.762652955697 0.644591984223249
  2 19 3 260.540997648907 0.51925665989311
  1 20 3 145.839629813711 0.899065435378594
  2 20 3 156.091483389916 0.59569628754064
  1 21 3 105.624034151396 0.543826822033971
  2 21 3 136.7701251585 0.466111862829518
  1 22 3 119.529291622179 0.88174616562504
  2 22 3 154.45155481872 0.568444982816852
  1 23 3 123.771379811637 0.408104676406013
  2 23 3 132.3378327237 0.357346049869971
  1 24 3 89.4466105691742 0.92608255019157
  2 24 3 104.490645608213 0.539541007788685
  1 25 3 100.090538319796 0.648664057223823
  2 25 3 134.579660611713 0.576168087832409
  1 26 3 97.6669393231144 0.695927823776047
  2 26 3 132.220199607911 0.549529982814455
  1 27 3 89.9236612173787 0.708713243925404
  2 27 3 113.01880130359 0.496269825160911
  1 28 3 115.253200717944 0.489543853646182
  1 29 3 156.226990610542 0.703511357168505
  2 29 3 215.077655413259 0.875017095315649
  1 30 3 259.642921180675 0.631659802692532
  2 30 3 313.760003809246 0.908152223575802
  1 31 3 229.53133860545 0.626570332091694
  2 31 3 242.722234087319 0.712465807947941
  1 32 3 107.026489395873 0.661895735249442
  2 32 3 108.71817348947 0.86012943797605
  1 33 3 44.8988839257134 0.783155911787346
  2 33 3 45.8302892739421 0.598390099709208
  1 34 3 23.9948655663 0.542775440757204
  2 34 3 25.8366548998589 0.743173480285892
  1 35 3 51.0531094388048 0.870542376054271
  2 35 3 82.9197010261188 0.446478967244395
  1 36 3 119.435896706446 0.492193512682958
  2 36 3 178.490560729836 0.490110041691513
  1 37 3 235.893272706109 0.909630520329322
  2 37 3 287.993525700876 0.433872317628348
  1 38 3 293.078473809571 0.644773009949607
  2 38 3 329.055730855353 0.484949159815328
  1 39 3 310.731433373644 0.515045488987725
  2 39 3 359.305558988508 0.388710136036013
  1 40 3 256.92504679237 0.442573167063876
  2 40 3 278.725262983178 0.395139923022642
  1 41 3 118.956200757474 0.88587618368699
  2 41 3 125.235021144728 0.537531419606343
  1 42 3 237835.157447416 0.983269433580366
  2 42 3 217381.065434442 0.849696423298534
# end survey index observations 
#  
# Survey size comp data 
# Number of observations, init_int Nsurvey_size_obs 
  329
# init_matrix obs_survey_size(1,Nsurvey_size_obs,1,ncol) 
# Survey  Year  Species Type (0=whole, 1=retained, 2=discard) InpN, proportion by length bin 
  1 1 1 0 57 0 0.105263157894737 0.789473684210526 0.105263157894737 0
  1 2 1 0 65 0 0.215384615384615 0.615384615384615 0.169230769230769 0
  1 3 1 0 32 0 0.5 0.4375 0.0625 0
  1 4 1 0 32 0 0.6875 0.28125 0.03125 0
  1 5 1 0 21 0 0.142857142857143 0.857142857142857 0 0
  1 6 1 0 18 0 0.0555555555555556 0.888888888888889 0.0555555555555556 0
  1 7 1 0 25 0 0.04 0.64 0.32 0
  1 8 1 0 20 0 0 0.75 0.25 0
  1 9 1 0 16 0 1 0 0 0
  1 10 1 0 19 0 0.368421052631579 0.631578947368421 0 0
  1 11 1 0 20 0 0.1 0.9 0 0
  1 12 1 0 22 0 0.590909090909091 0.227272727272727 0.181818181818182 0
  1 13 1 0 23 0 0.347826086956522 0.565217391304348 0.0869565217391304 0
  1 14 1 0 14 0 0.642857142857143 0.214285714285714 0.142857142857143 0
  1 15 1 0 21 0 0.285714285714286 0.714285714285714 0 0
  1 16 1 0 14 0 0.142857142857143 0.785714285714286 0.0714285714285714 0
  1 17 1 0 17 0 0.941176470588235 0.0588235294117647 0 0
  1 18 1 0 19 0 0.263157894736842 0.736842105263158 0 0
  1 19 1 0 18 0 0.222222222222222 0.666666666666667 0.111111111111111 0
  1 20 1 0 15 0 0.933333333333333 0 0.0666666666666667 0
  1 21 1 0 21 0.0476190476190476 0.666666666666667 0.285714285714286 0 0
  1 22 1 0 13 0 0.384615384615385 0.615384615384615 0 0
  1 23 1 0 14 0 0.142857142857143 0.785714285714286 0.0714285714285714 0
  1 24 1 0 14 0 0.785714285714286 0.214285714285714 0 0
  1 25 1 0 18 0 0.277777777777778 0.722222222222222 0 0
  1 26 1 0 14 0 0.857142857142857 0.142857142857143 0 0
  1 27 1 0 23 0 0.173913043478261 0.826086956521739 0 0
  1 28 1 0 14 0 0.714285714285714 0.214285714285714 0.0714285714285714 0
  1 29 1 0 17 0 0.235294117647059 0.764705882352941 0 0
  1 30 1 0 18 0 0.944444444444444 0.0555555555555556 0 0
  1 31 1 0 20 0 0.25 0.75 0 0
  1 32 1 0 10 0 0.1 0.9 0 0
  1 33 1 0 15 0 0.2 0.666666666666667 0.133333333333333 0
  1 34 1 0 18 0 0 0.777777777777778 0.222222222222222 0
  1 35 1 0 8 0 0.5 0.375 0.125 0
  1 36 1 0 12 0 0.333333333333333 0.583333333333333 0.0833333333333333 0
  1 37 1 0 8 0 0.5 0.5 0 0
  1 38 1 0 16 0 0.375 0.625 0 0
  1 39 1 0 10 0 0.1 0.8 0.1 0
  1 40 1 0 10 0 0.2 0.8 0 0
  1 41 1 0 13 0 0.153846153846154 0.769230769230769 0.0769230769230769 0
  1 42 1 0 8 0 0.5 0.375 0.125 0
  1 1 2 0 11 0 0 0.545454545454545 0.363636363636364 0.0909090909090909
  1 4 2 0 1 0 0 1 0 0
  1 5 2 0 5 0 0.4 0.4 0.2 0
  1 6 2 0 1 0 0 1 0 0
  1 7 2 0 3 0 1 0 0 0
  1 8 2 0 4 0 0.5 0.25 0.25 0
  1 9 2 0 5 0 0.6 0.4 0 0
  1 10 2 0 10 0 0.5 0.5 0 0
  1 11 2 0 13 0 0.846153846153846 0.0769230769230769 0.0769230769230769 0
  1 12 2 0 15 0 0.266666666666667 0.6 0.133333333333333 0
  1 13 2 0 9 0 0.333333333333333 0.444444444444444 0.222222222222222 0
  1 14 2 0 6 0 0.666666666666667 0 0.333333333333333 0
  1 15 2 0 13 0 0.461538461538462 0.538461538461538 0 0
  1 16 2 0 10 0 0 0.4 0.6 0
  1 17 2 0 10 0 0 0.1 0.9 0
  1 18 2 0 18 0 1 0 0 0
  1 19 2 0 27 0 0.592592592592593 0.407407407407407 0 0
  1 20 2 0 23 0 0.521739130434783 0.304347826086957 0.173913043478261 0
  1 21 2 0 25 0 0.6 0.24 0.16 0
  1 22 2 0 9 0 0.333333333333333 0.666666666666667 0 0
  1 23 2 0 8 0 0.75 0.25 0 0
  1 24 2 0 9 0 0 0.777777777777778 0.222222222222222 0
  1 25 2 0 14 0 0.642857142857143 0.142857142857143 0.214285714285714 0
  1 26 2 0 18 0 0.888888888888889 0.111111111111111 0 0
  1 27 2 0 16 0 0.8125 0.125 0.0625 0
  1 28 2 0 6 0 0.666666666666667 0.166666666666667 0.166666666666667 0
  1 29 2 0 8 0 0.625 0.125 0.25 0
  1 30 2 0 17 0 0.294117647058824 0.352941176470588 0.352941176470588 0
  1 31 2 0 9 0 0.777777777777778 0.111111111111111 0.111111111111111 0
  1 32 2 0 30 0 0.2 0.633333333333333 0.166666666666667 0
  1 33 2 0 24 0 0.666666666666667 0.166666666666667 0.166666666666667 0
  1 34 2 0 25 0 0.4 0.56 0.04 0
  1 35 2 0 16 0 0.1875 0.5 0.3125 0
  1 36 2 0 13 0 0.846153846153846 0.0769230769230769 0.0769230769230769 0
  1 37 2 0 8 0 0.5 0.375 0.125 0
  1 38 2 0 10 0 0.5 0.1 0.4 0
  1 39 2 0 13 0 0.384615384615385 0.384615384615385 0.230769230769231 0
  1 40 2 0 8 0 0.125 0.5 0.375 0
  1 41 2 0 5 0 0.4 0.6 0 0
  1 42 2 0 17 0 0.470588235294118 0.352941176470588 0.176470588235294 0
  1 1 3 0 27 0 0.111111111111111 0.333333333333333 0.555555555555556 0
  1 2 3 0 13 0 0.0769230769230769 0.384615384615385 0.538461538461538 0
  1 3 3 0 5 0.2 0 0.2 0.6 0
  1 4 3 0 2 0 1 0 0 0
  1 5 3 0 5 0 0.6 0.2 0.2 0
  1 6 3 0 1 0 0 0 1 0
  1 7 3 0 3 0 0 1 0 0
  1 8 3 0 3 0 0.666666666666667 0.333333333333333 0 0
  1 9 3 0 4 0 0.5 0.5 0 0
  1 10 3 0 4 0 0.5 0.25 0.25 0
  1 11 3 0 4 0 0.25 0.25 0.5 0
  1 12 3 0 2 0 0 0.5 0.5 0
  1 13 3 0 8 0 0 0.375 0.625 0
  1 14 3 0 19 0 0.421052631578947 0.105263157894737 0.473684210526316 0
  1 15 3 0 15 0 0.266666666666667 0.733333333333333 0 0
  1 16 3 0 12 0.0833333333333333 0.5 0.0833333333333333 0.333333333333333 0
  1 17 3 0 14 0 0.357142857142857 0.5 0.142857142857143 0
  1 18 3 0 14 0 0 0.714285714285714 0.285714285714286 0
  1 19 3 0 15 0 0.333333333333333 0.2 0.466666666666667 0
  1 20 3 0 17 0 0.235294117647059 0.352941176470588 0.411764705882353 0
  1 21 3 0 12 0.0833333333333333 0.75 0.0833333333333333 0.0833333333333333 0
  1 22 3 0 11 0.0909090909090909 0.0909090909090909 0.818181818181818 0 0
  1 23 3 0 16 0 0.0625 0.625 0.3125 0
  1 24 3 0 15 0.0666666666666667 0.733333333333333 0.0666666666666667 0.133333333333333 0
  1 25 3 0 4 0 0.5 0.25 0.25 0
  1 26 3 0 14 0.214285714285714 0.571428571428571 0.214285714285714 0 0
  1 27 3 0 6 0.166666666666667 0.333333333333333 0.5 0 0
  1 28 3 0 4 0 0.25 0.5 0.25 0
  1 29 3 0 2 0 0.5 0.5 0 0
  1 30 3 0 10 0 0.3 0.4 0.3 0
  1 31 3 0 9 0 0.222222222222222 0.222222222222222 0.555555555555556 0
  1 32 3 0 12 0 0.0833333333333333 0.416666666666667 0.5 0
  1 33 3 0 5 0 0 0.2 0.8 0
  1 34 3 0 9 0 0.333333333333333 0.333333333333333 0.333333333333333 0
  1 35 3 0 5 0 1 0 0 0
  1 36 3 0 5 0 0.6 0.2 0.2 0
  1 37 3 0 3 0 0 0.666666666666667 0.333333333333333 0
  1 38 3 0 15 0.0666666666666667 0.333333333333333 0.333333333333333 0.266666666666667 0
  1 39 3 0 12 0 0.25 0.666666666666667 0.0833333333333333 0
  1 40 3 0 9 0 0.222222222222222 0.444444444444444 0.333333333333333 0
  1 41 3 0 8 0 0.125 0.625 0.25 0
  1 42 3 0 12 0.0833333333333333 0.416666666666667 0.25 0.25 0
  1 1 4 0 86 0 0.244186046511628 0.546511627906977 0.209302325581395 0
  1 2 4 0 100 0 0.32 0.53 0.15 0
  1 3 4 0 33 0 0.757575757575758 0.242424242424242 0 0
  1 4 4 0 44 0.0454545454545455 0.909090909090909 0.0454545454545455 0 0
  1 5 4 0 34 0.0294117647058824 0.588235294117647 0.382352941176471 0 0
  1 6 4 0 40 0 0.675 0.325 0 0
  1 7 4 0 39 0 0.538461538461538 0.461538461538462 0 0
  1 8 4 0 49 0 0.469387755102041 0.530612244897959 0 0
  1 9 4 0 36 0 1 0 0 0
  1 10 4 0 43 0 0.813953488372093 0.186046511627907 0 0
  1 11 4 0 41 0 0.707317073170732 0.292682926829268 0 0
  1 12 4 0 35 0 0.942857142857143 0.0571428571428571 0 0
  1 13 4 0 32 0 0.75 0.25 0 0
  1 14 4 0 21 0 0.952380952380952 0.0476190476190476 0 0
  1 15 4 0 30 0.0333333333333333 0.666666666666667 0.3 0 0
  1 16 4 0 19 0 0.736842105263158 0.263157894736842 0 0
  1 17 4 0 35 0 1 0 0 0
  1 18 4 0 27 0 0.666666666666667 0.333333333333333 0 0
  1 19 4 0 34 0 0.852941176470588 0.147058823529412 0 0
  1 20 4 0 42 0 1 0 0 0
  1 21 4 0 41 0 0.951219512195122 0.0487804878048781 0 0
  1 22 4 0 44 0 0.795454545454545 0.181818181818182 0.0227272727272727 0
  1 23 4 0 28 0 0.892857142857143 0.107142857142857 0 0
  1 24 4 0 34 0 0.764705882352941 0.235294117647059 0 0
  1 25 4 0 36 0 0.833333333333333 0.166666666666667 0 0
  1 26 4 0 31 0 0.806451612903226 0.193548387096774 0 0
  1 27 4 0 39 0 0.846153846153846 0.153846153846154 0 0
  1 28 4 0 38 0.0526315789473684 0.815789473684211 0.131578947368421 0 0
  1 29 4 0 48 0 0.895833333333333 0.104166666666667 0 0
  1 30 4 0 38 0 0.842105263157895 0.157894736842105 0 0
  1 31 4 0 61 0 0.557377049180328 0.442622950819672 0 0
  1 32 4 0 48 0 0.8125 0.1875 0 0
  1 33 4 0 49 0 0.591836734693878 0.408163265306122 0 0
  1 34 4 0 44 0 0.613636363636364 0.386363636363636 0 0
  1 35 4 0 61 0 0.868852459016393 0.114754098360656 0.0163934426229508 0
  1 36 4 0 67 0 0.895522388059702 0.104477611940299 0 0
  1 37 4 0 57 0 0.912280701754386 0.087719298245614 0 0
  1 38 4 0 38 0 0.789473684210526 0.210526315789474 0 0
  1 39 4 0 52 0 0.692307692307692 0.307692307692308 0 0
  1 40 4 0 43 0 0.674418604651163 0.325581395348837 0 0
  1 41 4 0 42 0 0.428571428571429 0.547619047619048 0.0238095238095238 0
  1 42 4 0 61 0 0.885245901639344 0.0983606557377049 0.0163934426229508 0
  2 1 1 0 58 0 0 0.862068965517241 0.137931034482759 0
  2 2 1 0 83 0 0.120481927710843 0.602409638554217 0.27710843373494 0
  2 3 1 0 63 0 0.301587301587302 0.476190476190476 0.222222222222222 0
  2 4 1 0 56 0 0.535714285714286 0.428571428571429 0.0357142857142857 0
  2 5 1 0 55 0 0.0909090909090909 0.890909090909091 0.0181818181818182 0
  2 6 1 0 45 0 0.0444444444444444 0.866666666666667 0.0888888888888889 0
  2 7 1 0 46 0 0.0434782608695652 0.739130434782609 0.217391304347826 0
  2 8 1 0 56 0 0 0.607142857142857 0.392857142857143 0
  2 9 1 0 51 0 0.745098039215686 0.156862745098039 0.0980392156862745 0
  2 10 1 0 44 0 0.136363636363636 0.863636363636364 0 0
  2 11 1 0 49 0 0.0408163265306122 0.918367346938776 0.0408163265306122 0
  2 12 1 0 50 0 0.36 0.42 0.22 0
  2 13 1 0 48 0 0.0416666666666667 0.9375 0.0208333333333333 0
  2 14 1 0 52 0 0.480769230769231 0.461538461538462 0.0576923076923077 0
  2 15 1 0 31 0 0.0645161290322581 0.935483870967742 0 0
  2 16 1 0 38 0 0.105263157894737 0.815789473684211 0.0789473684210526 0
  2 17 1 0 26 0 0.846153846153846 0.153846153846154 0 0
  2 18 1 0 33 0 0.242424242424242 0.757575757575758 0 0
  2 19 1 0 31 0 0.0645161290322581 0.903225806451613 0.032258064516129 0
  2 20 1 0 38 0 0.447368421052632 0.447368421052632 0.105263157894737 0
  2 21 1 0 30 0 0.4 0.6 0 0
  2 22 1 0 35 0 0.114285714285714 0.885714285714286 0 0
  2 23 1 0 35 0 0.0285714285714286 0.885714285714286 0.0857142857142857 0
  2 24 1 0 26 0 0.730769230769231 0.230769230769231 0.0384615384615385 0
  2 25 1 0 32 0 0.125 0.84375 0.03125 0
  2 26 1 0 26 0 0.230769230769231 0.769230769230769 0 0
  2 27 1 0 37 0 0.135135135135135 0.756756756756757 0.108108108108108 0
  2 28 1 0 35 0 0.514285714285714 0.457142857142857 0.0285714285714286 0
  2 29 1 0 33 0 0.0606060606060606 0.909090909090909 0.0303030303030303 0
  2 30 1 0 45 0 0.6 0.333333333333333 0.0666666666666667 0
  2 31 1 0 34 0 0.0882352941176471 0.882352941176471 0.0294117647058824 0
  2 32 1 0 36 0 0.0555555555555556 0.861111111111111 0.0833333333333333 0
  2 33 1 0 42 0 0 0.761904761904762 0.238095238095238 0
  2 34 1 0 34 0 0.0588235294117647 0.676470588235294 0.264705882352941 0
  2 35 1 0 35 0 0.342857142857143 0.428571428571429 0.228571428571429 0
  2 36 1 0 28 0 0.428571428571429 0.535714285714286 0.0357142857142857 0
  2 37 1 0 22 0 0.545454545454545 0.454545454545455 0 0
  2 38 1 0 32 0 0.0625 0.875 0.0625 0
  2 39 1 0 27 0 0.037037037037037 0.925925925925926 0.037037037037037 0
  2 40 1 0 39 0 0.0256410256410256 0.692307692307692 0.282051282051282 0
  2 41 1 0 20 0 0 0.7 0.3 0
  2 42 1 0 30 0 0.233333333333333 0.466666666666667 0.3 0
  2 1 2 0 16 0 0.0625 0.625 0.3125 0
  2 2 2 0 20 0 0.65 0.1 0.25 0
  2 3 2 0 34 0 0.176470588235294 0.558823529411765 0.264705882352941 0
  2 4 2 0 15 0 0.2 0.333333333333333 0.466666666666667 0
  2 5 2 0 4 0 0.75 0.25 0 0
  2 6 2 0 7 0 0.571428571428571 0.285714285714286 0.142857142857143 0
  2 7 2 0 18 0 0.722222222222222 0.166666666666667 0.111111111111111 0
  2 8 2 0 22 0 0.909090909090909 0.0454545454545455 0.0454545454545455 0
  2 9 2 0 21 0 0.857142857142857 0.0952380952380952 0.0476190476190476 0
  2 10 2 0 11 0 0.545454545454545 0.454545454545455 0 0
  2 11 2 0 7 0 0.857142857142857 0 0.142857142857143 0
  2 12 2 0 19 0 0.421052631578947 0.578947368421053 0 0
  2 13 2 0 32 0 0.4375 0.40625 0.15625 0
  2 14 2 0 34 0 0.852941176470588 0.117647058823529 0.0294117647058824 0
  2 15 2 0 27 0 0.518518518518518 0.444444444444444 0.037037037037037 0
  2 16 2 0 42 0 0.119047619047619 0.666666666666667 0.214285714285714 0
  2 17 2 0 34 0 0.0294117647058824 0.205882352941176 0.764705882352941 0
  2 18 2 0 28 0 0.964285714285714 0 0.0357142857142857 0
  2 19 2 0 26 0 0.692307692307692 0.307692307692308 0 0
  2 20 2 0 32 0 0.59375 0.28125 0.125 0
  2 21 2 0 37 0 0.702702702702703 0.27027027027027 0.027027027027027 0
  2 22 2 0 38 0 0.5 0.421052631578947 0.0789473684210526 0
  2 23 2 0 41 0 0.853658536585366 0.0975609756097561 0.0487804878048781 0
  2 24 2 0 33 0 0.151515151515152 0.757575757575758 0.0909090909090909 0
  2 25 2 0 45 0 0.733333333333333 0.0666666666666667 0.2 0
  2 26 2 0 28 0 0.857142857142857 0.107142857142857 0.0357142857142857 0
  2 27 2 0 47 0 0.851063829787234 0.127659574468085 0.0212765957446809 0
  2 28 2 0 22 0 0.636363636363636 0.318181818181818 0.0454545454545455 0
  2 29 2 0 40 0 0.625 0.275 0.1 0
  2 30 2 0 28 0 0.5 0.321428571428571 0.178571428571429 0
  2 31 2 0 32 0 0.625 0.28125 0.09375 0
  2 32 2 0 40 0 0.325 0.625 0.05 0
  2 33 2 0 43 0 0.837209302325581 0.0930232558139535 0.0697674418604651 0
  2 34 2 0 46 0 0.673913043478261 0.304347826086957 0.0217391304347826 0
  2 35 2 0 60 0 0.366666666666667 0.5 0.133333333333333 0
  2 36 2 0 49 0 0.775510204081633 0.122448979591837 0.102040816326531 0
  2 37 2 0 32 0 0.6875 0.28125 0.03125 0
  2 38 2 0 30 0 0.5 0.366666666666667 0.133333333333333 0
  2 39 2 0 29 0 0.275862068965517 0.482758620689655 0.241379310344828 0
  2 40 2 0 31 0 0.451612903225806 0.225806451612903 0.32258064516129 0
  2 41 2 0 14 0 0.571428571428571 0.285714285714286 0.142857142857143 0
  2 42 2 0 19 0 0.473684210526316 0.263157894736842 0.263157894736842 0
  2 2 3 0 3 0 0 0.333333333333333 0.666666666666667 0
  2 3 3 0 3 0 0 1 0 0
  2 4 3 0 7 0 0.714285714285714 0.142857142857143 0.142857142857143 0
  2 5 3 0 1 0 1 0 0 0
  2 6 3 0 14 0 0.571428571428571 0.214285714285714 0.214285714285714 0
  2 8 3 0 10 0.1 0.8 0.1 0 0
  2 9 3 0 6 0 0.833333333333333 0 0.166666666666667 0
  2 10 3 0 2 0 0.5 0.5 0 0
  2 12 3 0 1 0 1 0 0 0
  2 14 3 0 9 0 0.666666666666667 0.111111111111111 0.222222222222222 0
  2 15 3 0 5 0 0.4 0.4 0.2 0
  2 16 3 0 9 0.222222222222222 0.555555555555556 0.111111111111111 0.111111111111111 0
  2 17 3 0 9 0.111111111111111 0.444444444444444 0.444444444444444 0 0
  2 18 3 0 13 0 0.461538461538462 0.461538461538462 0.0769230769230769 0
  2 19 3 0 14 0.0714285714285714 0.428571428571429 0.214285714285714 0.285714285714286 0
  2 20 3 0 19 0 0.315789473684211 0.578947368421053 0.105263157894737 0
  2 21 3 0 20 0.05 0.85 0.1 0 0
  2 22 3 0 23 0 0.347826086956522 0.608695652173913 0.0434782608695652 0
  2 23 3 0 26 0 0.153846153846154 0.538461538461538 0.307692307692308 0
  2 24 3 0 28 0.142857142857143 0.571428571428571 0.178571428571429 0.107142857142857 0
  2 25 3 0 20 0 0.85 0.15 0 0
  2 26 3 0 7 0 0.857142857142857 0.142857142857143 0 0
  2 27 3 0 5 0.2 0.6 0.2 0 0
  2 29 3 0 6 0.166666666666667 0.833333333333333 0 0 0
  2 30 3 0 14 0 0.5 0.5 0 0
  2 31 3 0 7 0 0 0.714285714285714 0.285714285714286 0
  2 32 3 0 20 0.05 0.15 0.6 0.2 0
  2 33 3 0 18 0 0.5 0.111111111111111 0.388888888888889 0
  2 34 3 0 15 0 0.666666666666667 0.2 0.133333333333333 0
  2 35 3 0 28 0.178571428571429 0.75 0.0714285714285714 0 0
  2 36 3 0 25 0.08 0.84 0.08 0 0
  2 37 3 0 19 0.105263157894737 0.210526315789474 0.631578947368421 0.0526315789473684 0
  2 38 3 0 33 0.0303030303030303 0.454545454545455 0.303030303030303 0.212121212121212 0
  2 39 3 0 32 0.03125 0.40625 0.4375 0.125 0
  2 40 3 0 34 0.0588235294117647 0.294117647058824 0.441176470588235 0.205882352941176 0
  2 41 3 0 20 0.05 0.4 0.3 0.25 0
  2 42 3 0 27 0.037037037037037 0.740740740740741 0.111111111111111 0.111111111111111 0
  2 1 4 0 44 0 0.136363636363636 0.636363636363636 0.227272727272727 0
  2 2 4 0 75 0 0.213333333333333 0.56 0.226666666666667 0
  2 3 4 0 66 0 0.484848484848485 0.409090909090909 0.106060606060606 0
  2 4 4 0 54 0 0.666666666666667 0.333333333333333 0 0
  2 5 4 0 31 0 0.451612903225806 0.516129032258065 0.032258064516129 0
  2 6 4 0 24 0 0.541666666666667 0.458333333333333 0 0
  2 7 4 0 20 0 0.4 0.5 0.1 0
  2 8 4 0 25 0 0.24 0.76 0 0
  2 9 4 0 44 0 0.863636363636364 0.136363636363636 0 0
  2 10 4 0 36 0 0.611111111111111 0.388888888888889 0 0
  2 11 4 0 22 0 0.454545454545455 0.5 0.0454545454545455 0
  2 12 4 0 21 0 0.714285714285714 0.285714285714286 0 0
  2 13 4 0 26 0 0.692307692307692 0.307692307692308 0 0
  2 14 4 0 35 0 0.714285714285714 0.285714285714286 0 0
  2 15 4 0 21 0 0.523809523809524 0.476190476190476 0 0
  2 16 4 0 30 0 0.733333333333333 0.266666666666667 0 0
  2 17 4 0 40 0 0.925 0.05 0.025 0
  2 18 4 0 42 0 0.476190476190476 0.523809523809524 0 0
  2 19 4 0 46 0 0.652173913043478 0.347826086956522 0 0
  2 20 4 0 37 0.0540540540540541 0.837837837837838 0.108108108108108 0 0
  2 21 4 0 44 0 0.75 0.25 0 0
  2 22 4 0 42 0 0.452380952380952 0.547619047619048 0 0
  2 23 4 0 35 0 0.657142857142857 0.342857142857143 0 0
  2 24 4 0 26 0 0.692307692307692 0.307692307692308 0 0
  2 25 4 0 19 0 0.684210526315789 0.315789473684211 0 0
  2 26 4 0 29 0 0.586206896551724 0.413793103448276 0 0
  2 27 4 0 10 0 0.6 0.3 0.1 0
  2 28 4 0 20 0 0.7 0.3 0 0
  2 29 4 0 25 0 0.8 0.2 0 0
  2 30 4 0 18 0.111111111111111 0.555555555555556 0.333333333333333 0 0
  2 31 4 0 24 0 0.291666666666667 0.666666666666667 0.0416666666666667 0
  2 32 4 0 21 0 0.761904761904762 0.19047619047619 0.0476190476190476 0
  2 33 4 0 10 0 0.3 0.7 0 0
  2 34 4 0 12 0 0.25 0.75 0 0
  2 35 4 0 29 0 0.655172413793103 0.344827586206897 0 0
  2 36 4 0 17 0 0.764705882352941 0.235294117647059 0 0
  2 37 4 0 39 0 0.794871794871795 0.205128205128205 0 0
  2 38 4 0 9 0 0.333333333333333 0.555555555555556 0.111111111111111 0
  2 39 4 0 50 0 0.42 0.56 0.02 0
  2 40 4 0 15 0 0.333333333333333 0.6 0.0666666666666667 0
  2 41 4 0 7 0 0.142857142857143 0.857142857142857 0 0
  2 42 4 0 9 0 0.666666666666667 0.333333333333333 0 0
# end survey length observations 
#  
# Fishery catch data 
# Number of observations, init_int Ncatch_obs
  168
# init_matrix obs_catch_biomass(1,Ncatch_obs,1,6) 
# Fleet	Area	Year	Species	Catch(biomass t)	CV 
  1 1 1 1 17791.5216656737 0.05
  1 1 2 1 18836.3136587826 0.05
  1 1 3 1 22062.1117942598 0.05
  1 1 4 1 19562.8276633049 0.05
  1 1 5 1 29134.2447745769 0.05
  1 1 6 1 21515.9058187594 0.05
  1 1 7 1 15012.963389184 0.05
  1 1 8 1 16960.2152647695 0.05
  1 1 9 1 15004.935097399 0.05
  1 1 10 1 18171.6654218821 0.05
  1 1 11 1 19922.5196737721 0.05
  1 1 12 1 16950.0493205052 0.05
  1 1 13 1 19147.9529669437 0.05
  1 1 14 1 16184.9192267173 0.05
  1 1 15 1 12772.717241157 0.05
  1 1 16 1 7632.08496767421 0.05
  1 1 17 1 6914.26477419895 0.05
  1 1 18 1 5138.98441956747 0.05
  1 1 19 1 4214.54454378566 0.05
  1 1 20 1 5046.58616212546 0.05
  1 1 21 1 4646.57077595169 0.05
  1 1 22 1 4982.1957543052 0.05
  1 1 23 1 4803.07027681244 0.05
  1 1 24 1 6150.2484045384 0.05
  1 1 25 1 5183.66437762808 0.05
  1 1 26 1 5392.19351189952 0.05
  1 1 27 1 2445.77069630403 0.05
  1 1 28 1 1898.76628081088 0.05
  1 1 29 1 2382.84124818352 0.05
  1 1 30 1 3788.77582986167 0.05
  1 1 31 1 4704.33205575062 0.05
  1 1 32 1 3660.53226854298 0.05
  1 1 33 1 2128.7676933462 0.05
  1 1 34 1 1830.91103390293 0.05
  1 1 35 1 1247.23834355293 0.05
  1 1 36 1 692.477365035966 0.05
  1 1 37 1 1066.34126386601 0.05
  1 1 38 1 1011.54778778343 0.05
  1 1 39 1 910.094629578652 0.05
  1 1 40 1 640.978670708751 0.05
  1 1 41 1 591.167937963078 0.05
  1 1 42 1 370.943385615905 0.05
  1 1 1 4 5881.25697080167 0.05
  1 1 2 4 4587.77472812175 0.05
  1 1 3 4 6821.80830715852 0.05
  1 1 4 4 6655.84238475263 0.05
  1 1 5 4 8136.55905728393 0.05
  1 1 6 4 8121.32584656149 0.05
  1 1 7 4 6061.64885429857 0.05
  1 1 8 4 5758.87350322508 0.05
  1 1 9 4 6369.74025973402 0.05
  1 1 10 4 6848.7641827279 0.05
  1 1 11 4 7932.26895570042 0.05
  1 1 12 4 10224.3596506869 0.05
  1 1 13 4 12244.387442761 0.05
  1 1 14 4 13697.0150876322 0.05
  1 1 15 4 7699.76481531533 0.05
  1 1 16 4 5666.02933125639 0.05
  1 1 17 4 14390.5462534159 0.05
  1 1 18 4 5141.22191059237 0.05
  1 1 19 4 5947.43885873675 0.05
  1 1 20 4 10489.7436646164 0.05
  1 1 21 4 4854.33936745905 0.05
  1 1 22 4 4802.039282826 0.05
  1 1 23 4 7720.72054869811 0.05
  1 1 24 4 7524.59717278955 0.05
  1 1 25 4 6109.84849893059 0.05
  1 1 26 4 4996.81519082718 0.05
  1 1 27 4 3380.98031322242 0.05
  1 1 28 4 1891.5693188988 0.05
  1 1 29 4 5371.7519790868 0.05
  1 1 30 4 3400.18342923669 0.05
  1 1 31 4 2118.85361807318 0.05
  1 1 32 4 3902.06556138268 0.05
  1 1 33 4 2854.49413451419 0.05
  1 1 34 4 3449.90228577855 0.05
  1 1 35 4 3892.65964278503 0.05
  1 1 36 4 2997.19173994821 0.05
  1 1 37 4 5098.21326813514 0.05
  1 1 38 4 4632.26958921755 0.05
  1 1 39 4 5589.58763494003 0.05
  1 1 40 4 4111.75055725694 0.05
  1 1 41 4 3325.01869945114 0.05
  1 1 42 4 2254.88928667056 0.05
  2 1 1 2 1457.11226440463 0.05
  2 1 2 2 763.468549253261 0.05
  2 1 3 2 1364.77022229507 0.05
  2 1 4 2 866.160723886481 0.05
  2 1 5 2 1250.97522170872 0.05
  2 1 6 2 1138.68255956267 0.05
  2 1 7 2 738.001227237981 0.05
  2 1 8 2 929.42863256573 0.05
  2 1 9 2 891.649132294623 0.05
  2 1 10 2 838.784776646698 0.05
  2 1 11 2 1068.1630259749 0.05
  2 1 12 2 994.401780815558 0.05
  2 1 13 2 3250.81029036905 0.05
  2 1 14 2 1598.60300255909 0.05
  2 1 15 2 1106.87210289086 0.05
  2 1 16 2 2312.2779631735 0.05
  2 1 17 2 2050.97108129539 0.05
  2 1 18 2 32.347428591776 0.05
  2 1 19 2 3176.00173483544 0.05
  2 1 20 2 5379.11492170572 0.05
  2 1 21 2 11775.8567738056 0.05
  2 1 22 2 13410.2067904273 0.05
  2 1 23 2 9276.52541012691 0.05
  2 1 24 2 17737.7735459438 0.05
  2 1 25 2 8389.22224469499 0.05
  2 1 26 2 11526.8713757256 0.05
  2 1 27 2 10244.6215384155 0.05
  2 1 28 2 8668.65246403315 0.05
  2 1 29 2 9370.86469837947 0.05
  2 1 30 2 7562.82444586122 0.05
  2 1 31 2 7773.80417757281 0.05
  2 1 32 2 16598.8652146141 0.05
  2 1 33 2 9067.10853451718 0.05
  2 1 34 2 16901.952849602 0.05
  2 1 35 2 17426.0427176169 0.05
  2 1 36 2 17986.7910928288 0.05
  2 1 37 2 17958.9911341158 0.05
  2 1 38 2 16928.383269448 0.05
  2 1 39 2 9350.7848445466 0.05
  2 1 40 2 6439.584331518 0.05
  2 1 41 2 5084.48696817374 0.05
  2 1 42 2 1328.2626216389 0.05
  2 1 1 3 449.177522630339 0.05
  2 1 2 3 272.661159899417 0.05
  2 1 3 3 350.345977400885 0.05
  2 1 4 3 399.156458723037 0.05
  2 1 5 3 2806.19976831152 0.05
  2 1 6 3 3527.22358014203 0.05
  2 1 7 3 2579.87496446497 0.05
  2 1 8 3 2322.96470985882 0.05
  2 1 9 3 3127.78010239296 0.05
  2 1 10 3 2370.13149622864 0.05
  2 1 11 3 3091.80390280655 0.05
  2 1 12 3 569.467402766846 0.05
  2 1 13 3 2437.58026361931 0.05
  2 1 14 3 1367.91613558989 0.05
  2 1 15 3 966.568249407659 0.05
  2 1 16 3 1025.68970204869 0.05
  2 1 17 3 13421.1843853002 0.05
  2 1 18 3 988.783342864406 0.05
  2 1 19 3 877.016083142664 0.05
  2 1 20 3 724.820956942891 0.05
  2 1 21 3 513.823944021238 0.05
  2 1 22 3 2041.53327474031 0.05
  2 1 23 3 910.841724644445 0.05
  2 1 24 3 292.678633480023 0.05
  2 1 25 3 996.164476653138 0.05
  2 1 26 3 2011.9915334207 0.05
  2 1 27 3 2217.01334597861 0.05
  2 1 28 3 657.994120755425 0.05
  2 1 29 3 1601.32548411893 0.05
  2 1 30 3 2052.91491886178 0.05
  2 1 31 3 1564.05171878219 0.05
  2 1 32 3 652.101720895136 0.05
  2 1 33 3 173.386255872059 0.05
  2 1 34 3 132.310591738354 0.05
  2 1 35 3 138.413340248347 0.05
  2 1 36 3 2117.25015591315 0.05
  2 1 37 3 2184.9784149935 0.05
  2 1 38 3 1061.66069604196 0.05
  2 1 39 3 1055.344045839 0.05
  2 1 40 3 1475.82168408902 0.05
  2 1 41 3 17791.422509113 0.05
  2 1 42 3 18836.3928483434 0.05
# end catch observations 
#  
# Fishery size comp data 
# Number of observations, init_int Ncatch_size_obs 
  168
# init_matrix obs_catch_size(1,Ncatch_size_obs,1,ncol) 
# Fleet Area  Year  Species Type (0=whole, 1=retained, 2=discard) InpN, proportion by size bin 
  1 1 1 1 0 81 0.0123456790123457 0.691358024691358 0.283950617283951 0.0123456790123457 0
  1 1 2 1 0 73 0.73972602739726 0.0958904109589041 0.164383561643836 0 0
  1 1 3 1 0 65 0.938461538461538 0.0615384615384615 0 0 0
  1 1 4 1 0 56 0.946428571428571 0.0357142857142857 0.0178571428571429 0 0
  1 1 5 1 0 120 0.466666666666667 0.533333333333333 0 0 0
  1 1 6 1 0 130 0.292307692307692 0.484615384615385 0.215384615384615 0.00769230769230769 0
  1 1 7 1 0 94 0.170212765957447 0.393617021276596 0.393617021276596 0.0425531914893617 0
  1 1 8 1 0 94 0.127659574468085 0.351063829787234 0.382978723404255 0.138297872340426 0
  1 1 9 1 0 82 0.98780487804878 0.0121951219512195 0 0 0
  1 1 10 1 0 76 0.486842105263158 0.5 0.0131578947368421 0 0
  1 1 11 1 0 74 0.243243243243243 0.567567567567568 0.189189189189189 0 0
  1 1 12 1 0 65 0.984615384615385 0.0153846153846154 0 0 0
  1 1 13 1 0 77 0.545454545454545 0.428571428571429 0.012987012987013 0.012987012987013 0
  1 1 14 1 0 88 0.954545454545455 0.0227272727272727 0.0227272727272727 0 0
  1 1 15 1 0 66 0.484848484848485 0.515151515151515 0 0 0
  1 1 16 1 0 69 0.333333333333333 0.492753623188406 0.173913043478261 0 0
  1 1 17 1 0 43 0.976744186046512 0.0232558139534884 0 0 0
  1 1 18 1 0 34 0.764705882352941 0.235294117647059 0 0 0
  1 1 19 1 0 55 0.490909090909091 0.454545454545455 0.0545454545454545 0 0
  1 1 20 1 0 64 0.96875 0.015625 0.015625 0 0
  1 1 21 1 0 77 0.922077922077922 0.0779220779220779 0 0 0
  1 1 22 1 0 67 0.462686567164179 0.522388059701492 0.0149253731343284 0 0
  1 1 23 1 0 133 0.255639097744361 0.518796992481203 0.225563909774436 0 0
  1 1 24 1 0 98 0.969387755102041 0.0102040816326531 0.0204081632653061 0 0
  1 1 25 1 0 91 0.527472527472527 0.461538461538462 0.010989010989011 0 0
  1 1 26 1 0 77 0.922077922077922 0.0649350649350649 0.012987012987013 0 0
  1 1 27 1 0 102 0.529411764705882 0.441176470588235 0.0196078431372549 0.00980392156862745 0
  1 1 28 1 0 76 0.986842105263158 0 0.0131578947368421 0 0
  1 1 29 1 0 110 0.590909090909091 0.372727272727273 0.0272727272727273 0.00909090909090909 0
  1 1 30 1 0 100 0.99 0.01 0 0 0
  1 1 31 1 0 108 0.583333333333333 0.416666666666667 0 0 0
  1 1 32 1 0 118 0.330508474576271 0.5 0.169491525423729 0 0
  1 1 33 1 0 129 0.178294573643411 0.496124031007752 0.302325581395349 0.0232558139534884 0
  1 1 34 1 0 90 0.166666666666667 0.388888888888889 0.388888888888889 0.0555555555555556 0
  1 1 35 1 0 69 0.985507246376812 0 0.0144927536231884 0 0
  1 1 36 1 0 80 0.8375 0.1625 0 0 0
  1 1 37 1 0 62 0.935483870967742 0.0483870967741935 0.0161290322580645 0 0
  1 1 38 1 0 94 0.468085106382979 0.5 0.0212765957446809 0.0106382978723404 0
  1 1 39 1 0 75 0.28 0.613333333333333 0.106666666666667 0 0
  1 1 40 1 0 75 0.133333333333333 0.6 0.253333333333333 0.0133333333333333 0
  1 1 41 1 0 35 0.285714285714286 0.142857142857143 0.4 0.171428571428571 0
  1 1 42 1 0 22 0.909090909090909 0 0.0454545454545455 0.0454545454545455 0
  1 1 1 4 0 5 0 0.4 0 0 0
  1 1 2 4 0 5 0 0 1 0 0
  1 1 3 4 0 5 0 0.4 0 0 0
  1 1 4 4 0 5 0 0.8 0.2 0 0
  1 1 5 4 0 5 0 1 0 0 0
  1 1 6 4 0 5 0 1 0 0 0
  1 1 7 4 0 5 0 0.8 0.2 0 0
  1 1 8 4 0 5 0 0.2 0 0 0
  1 1 9 4 0 5 0 0.6 0.4 0 0
  1 1 10 4 0 5 0 1 0 0 0
  1 1 11 4 0 1 0 2 0 0 0
  1 1 12 4 0 5 0 1 0 0 0
  1 1 13 4 0 1 0 4 1 0 0
  1 1 14 4 0 2 0 2.5 0 0 0
  1 1 15 4 0 8 0 0.625 0 0 0
  1 1 16 4 0 3 0 1.33333333333333 0.333333333333333 0 0
  1 1 17 4 0 3 0 0.333333333333333 1 0.333333333333333 0
  1 1 18 4 0 1 0 2 1 2 0
  1 1 19 4 0 3 0 1.66666666666667 0 0 0
  1 1 20 4 0 3 0 9 1 0 0
  1 1 21 4 0 3 0 14.6666666666667 0.666666666666667 0 0
  1 1 22 4 0 2 0 4.5 0.5 0 0
  1 1 23 4 0 6 0 2.5 0.666666666666667 0 0
  1 1 24 4 0 1 0 60 1 0 0
  1 1 25 4 0 1 0 10 19 0 0
  1 1 26 4 0 2 0 14.5 1 0.5 0
  1 1 27 4 0 2 0 6.5 1 0.5 0
  1 1 28 4 0 4 0 7.25 0.5 0 0
  1 1 29 4 0 7 0 5.42857142857143 0.857142857142857 0 0
  1 1 30 4 0 6 0 4.33333333333333 0.5 0 0
  1 1 31 4 0 10 0 2.3 0.2 0 0
  1 1 32 4 0 7 0 2.85714285714286 0.285714285714286 0 0
  1 1 33 4 0 15 0 1.86666666666667 0.466666666666667 0 0
  1 1 34 4 0 19 0 1.31578947368421 0.157894736842105 0 0
  1 1 35 4 0 13 0 3.30769230769231 0.153846153846154 0 0
  1 1 36 4 0 23 0 1.21739130434783 0.956521739130435 0.0434782608695652 0
  1 1 37 4 0 7 0 5.71428571428571 0.142857142857143 0 0
  1 1 38 4 0 7 0 4.57142857142857 0.571428571428571 0 0
  1 1 39 4 0 19 0 0.894736842105263 0.157894736842105 0 0
  1 1 40 4 0 25 0 0.36 0.16 0.04 0
  1 1 41 4 0 31 0 0.516129032258065 0.032258064516129 0 0
  1 1 42 4 0 31 0 0.645161290322581 0.129032258064516 0 0
  2 1 1 2 0 2 0 0.5 0 0 0
  2 1 2 2 0 5 0 0.8 0.2 0 0
  2 1 3 2 0 2 0 2 0.5 0 0
  2 1 4 2 0 5 0 0.2 0 0 0
  2 1 5 2 0 5 0 1.2 0 0 0
  2 1 6 2 0 5 0 0.6 0.2 0 0
  2 1 7 2 0 5 0 0.6 0.4 0 0
  2 1 8 2 0 1 0 1 0 0 0
  2 1 9 2 0 5 0 0.2 0 0 0
  2 1 10 2 0 5 0 0.2 0 0 0
  2 1 11 2 0 2 0 1 0 0 0
  2 1 12 2 0 5 0 1 0 0 0
  2 1 13 2 0 5 0 0.8 0 0 0
  2 1 14 2 0 5 0 1.4 0.2 0 0
  2 1 15 2 0 5 0 2.2 0 0 0
  2 1 16 2 0 5 0 1 0 0 0
  2 1 17 2 0 5 0 1 0 0 0
  2 1 18 2 0 5 0 0.2 0 0 0
  2 1 19 2 0 5 0 0 0.2 0 0
  2 1 20 2 0 30 0 0.1 0.0333333333333333 0 0
  2 1 21 2 0 46 0 0.0434782608695652 0.0217391304347826 0 0
  2 1 22 2 0 10 0 0.4 0 0 0
  2 1 23 2 0 19 0 0.157894736842105 0 0 0
  2 1 24 2 0 61 0 0.0327868852459016 0.0163934426229508 0 0
  2 1 25 2 0 29 0 0.0689655172413793 0 0 0
  2 1 26 2 0 32 0 0.125 0 0 0
  2 1 27 2 0 16 0 0.3125 0 0 0
  2 1 28 2 0 31 0 0.129032258064516 0 0 0
  2 1 29 2 0 44 0 0.0909090909090909 0 0 0
  2 1 30 2 0 29 0 0.793103448275862 0.0344827586206897 0 0
  2 1 31 2 0 25 0 0.36 0.04 0 0
  2 1 32 2 0 22 0 0.5 0.0454545454545455 0 0
  2 1 33 2 0 35 0 0.0857142857142857 0.0285714285714286 0 0
  2 1 34 2 0 28 0 0.214285714285714 0 0 0
  2 1 35 2 0 45 0 0.0444444444444444 0 0 0
  2 1 36 2 0 51 0 0.196078431372549 0 0 0
  2 1 37 2 0 41 0 0.219512195121951 0 0 0
  2 1 38 2 0 36 0 0.305555555555556 0.0555555555555556 0 0
  2 1 39 2 0 20 0 0.6 0.2 0 0
  2 1 40 2 0 14 0 1.5 0.428571428571429 0 0
  2 1 41 2 0 17 0 0.882352941176471 0 0 0
  2 1 42 2 0 24 0 0.625 0.0416666666666667 0 0
  2 1 1 3 0 1 0 2 2 1 0
  2 1 2 3 0 5 0.4 0.4 0.2 0 0
  2 1 3 3 0 5 1 0 0 0 0
  2 1 4 3 0 1 5 0 0 0 0
  2 1 5 3 0 6 0.5 0.333333333333333 0 0 0
  2 1 6 3 0 4 0.5 0.75 0 0 0
  2 1 7 3 0 5 0.8 0.2 0 0 0
  2 1 8 3 0 1 2 3 0 0 0
  2 1 9 3 0 1 5 0 0 0 0
  2 1 10 3 0 1 5 0 0 0 0
  2 1 11 3 0 2 0.5 0 0 0 0
  2 1 12 3 0 5 1 0 0 0 0
  2 1 13 3 0 4 0.25 0 0 0 0
  2 1 14 3 0 8 0.25 0 0 0 0
  2 1 15 3 0 11 0.727272727272727 0 0 0 0
  2 1 16 3 0 5 0.6 0 0 0 0
  2 1 17 3 0 5 0.6 0 0 0 0
  2 1 18 3 0 1 1 0 0 0 0
  2 1 19 3 0 1 3 0 0 0 0
  2 1 20 3 0 4 0.75 0 0 0 0
  2 1 21 3 0 3 1 0 0 0 0
  2 1 22 3 0 4 0.5 0 0 0 0
  2 1 23 3 0 3 2 0 0 0 0
  2 1 24 3 0 3 0.333333333333333 0 0 0 0
  2 1 25 3 0 2 0.5 0 0 0 0
  2 1 26 3 0 4 0.5 0 0 0 0
  2 1 27 3 0 5 0.4 0 0 0 0
  2 1 28 3 0 4 1 0 0 0 0
  2 1 29 3 0 4 1.5 0.25 0 0 0
  2 1 30 3 0 24 0.208333333333333 0.0416666666666667 0 0 0
  2 1 31 3 0 10 0.8 0.2 0 0 0
  2 1 32 3 0 12 0.583333333333333 0 0 0 0
  2 1 33 3 0 4 3.5 0.25 0 0 0
  2 1 34 3 0 6 2.66666666666667 0.5 0 0 0
  2 1 35 3 0 2 6 0.5 0 0 0
  2 1 36 3 0 10 2.1 0.2 0 0 0
  2 1 37 3 0 9 0.777777777777778 0 0 0 0
  2 1 38 3 0 13 0.461538461538462 0.0769230769230769 0 0 0
  2 1 39 3 0 16 1.125 0.0625 0 0 0
  2 1 40 3 0 27 0.703703703703704 0.222222222222222 0 0 0
  2 1 41 3 0 15 1.53333333333333 0.533333333333333 0 0 0
  2 1 42 3 0 16 1.875 0.0625 0 0 0
# end fishery length observations 
#  
# Survey diet proportion observations 
# Number of observations, init_int Ndietprop_obs 
  115
# init_matrix obs_dietprop(1,Ndietprop_obs,1,ncol) 
# Survey  Year  Predator  Predator_size InpN  wt_prey_1 wt_prey_2 wt_prey_3 wt_prey_4 wt_prey_5 wt_prey_6 wt_prey_7 wt_prey_8 wt_prey_9 wt_prey_10 wt_prey_11 other 
  1 12 1 2 100 0.06 0 0 0 0.94
  1 12 1 3 100 0.63 0 0 0 0.37
  1 13 1 3 100 0 0.07 0 0 0.93
  1 13 1 4 100 0 0.98 0 0 0.02
  1 15 1 2 100 0 0.09 0 0 0.91
  1 18 1 1 100 0.51 0 0 0 0.49
  1 18 1 2 100 0.05 0 0 0 0.95
  1 18 1 3 100 0 0.11 0 0 0.89
  1 19 1 2 100 0 0.26 0 0 0.74
  1 19 1 3 100 0 0.12 0 0 0.88
  1 20 1 3 100 0 0.08 0 0 0.92
  1 21 1 2 100 0 0.06 0 0 0.94
  1 21 1 3 100 0 0.25 0 0 0.75
  1 24 1 3 100 0 0.32 0 0 0.68
  1 25 1 3 100 0 0.3 0 0 0.7
  1 26 1 3 100 0 0.26 0.27 0 0.47
  1 27 1 3 100 0 0.26 0.2 0 0.54
  1 28 1 3 100 0 0.72 0 0 0.28
  1 33 1 3 100 0 0.19 0 0 0.81
  1 34 1 3 100 0 0.35 0 0 0.65
  1 35 1 3 100 0 0.33 0 0 0.67
  1 38 1 3 100 0 0.08 0 0 0.92
  1 39 1 3 100 0 0.39 0 0 0.61
  1 40 1 2 100 0 0.29 0 0 0.71
  1 41 1 2 100 0 0 0.47 0 0.53
  2 2 1 4 100 0.03 0 0 0 0.97
  2 11 1 3 100 0.02 0 0 0 0.98
  2 14 1 3 100 0 0.01 0 0 0.99
  2 14 1 4 100 0 0 0 0 1
  2 15 1 3 100 0 0.48 0 0 0.52
  2 16 1 3 100 0 0.24 0.06 0 0.7
  2 16 1 4 100 0 0.07 0 0 0.93
  2 19 1 3 100 0 0.61 0 0 0.39
  2 19 1 4 100 0 0.42 0 0 0.58
  2 21 1 3 100 0 0.63 0 0 0.37
  2 21 1 4 100 0 0.75 0 0 0.25
  2 22 1 3 100 0 0.01 0 0 0.99
  2 23 1 3 100 0 0.13 0 0 0.87
  2 24 1 3 100 0 0.04 0 0 0.96
  2 24 1 4 100 0 0.15 0 0 0.85
  2 25 1 2 100 0 0 0 0 1
  2 25 1 3 100 0 0.02 0 0 0.98
  2 26 1 3 100 0 0.22 0 0 0.78
  2 27 1 3 100 0 0 0.14 0 0.86
  2 27 1 4 100 0 0.32 0 0 0.68
  2 29 1 3 100 0 0 0 0.02 0.98
  2 33 1 3 100 0 0 0 0 1
  2 35 1 1 100 0 1 0 0 0
  2 35 1 2 100 0 0.04 0 0 0.96
  2 35 1 3 100 0 0.45 0 0 0.55
  2 36 1 3 100 0 0.46 0 0 0.54
  2 39 1 3 100 0 0 0.37 0 0.63
  2 40 1 2 100 0 0.17 0.06 0 0.77
  2 36 2 3 100 0 0.05 0 0 0.95
  2 30 3 2 100 0 0.28 0 0 0.72
  2 30 3 4 100 0 0.33 0 0 0.67
  1 8 4 2 100 0 0.04 0.03 0 0.93
  1 8 4 3 100 0 0 0.43 0 0.57
  1 11 4 3 100 0 0 0.78 0 0.22
  1 13 4 2 100 0 0.09 0 0 0.91
  1 13 4 3 100 1 0 0 0 0
  1 13 4 4 100 0 0.1 0 0 0.9
  1 14 4 3 100 0 0.06 0 0 0.94
  1 15 4 3 100 0 0 0 0.02 0.98
  1 15 4 4 100 0 0.13 0 0 0.87
  1 16 4 3 100 0 0.22 0 0 0.78
  1 16 4 4 100 0 0.37 0 0 0.63
  1 17 4 3 100 0 0.1 0.01 0 0.89
  1 18 4 3 100 0 0.34 0 0 0.66
  1 19 4 2 100 0 0.19 0.08 0 0.73
  1 19 4 3 100 0 0 0.14 0 0.86
  1 20 4 2 100 0 0.26 0 0 0.74
  1 20 4 3 100 0 0.22 0.04 0 0.74
  1 21 4 3 100 0 0.16 0.02 0 0.82
  1 22 4 2 100 0 0.94 0 0 0.06
  1 23 4 3 100 0 0.08 0 0 0.92
  1 24 4 3 100 0 0.09 0 0 0.91
  1 25 4 3 100 0 0.16 0 0 0.84
  1 25 4 4 100 0.03 0.03 0 0 0.94
  1 26 4 3 100 0 0.15 0 0 0.85
  1 27 4 2 100 0 0.14 0 0 0.86
  1 27 4 3 100 0 0.03 0 0 0.97
  1 28 4 2 100 0 0.78 0 0 0.22
  1 28 4 3 100 0 0.3 0 0 0.7
  1 29 4 3 100 0 0.08 0.12 0 0.8
  1 31 4 3 100 0 0.54 0 0 0.46
  1 31 4 4 100 0 0 0.13 0 0.87
  1 34 4 3 100 0 0 0.12 0 0.88
  1 40 4 3 100 0 0.07 0 0 0.93
  1 40 4 4 100 0 0.28 0 0 0.72
  1 42 4 3 100 0 1 0 0 0
  2 6 4 3 100 0 0 0.04 0 0.96
  2 8 4 3 100 0 0 0.15 0 0.85
  2 9 4 4 100 0 0 0 0 1
  2 14 4 4 100 0.04 0 0 0 0.96
  2 15 4 3 100 0 0.02 0 0 0.98
  2 16 4 3 100 0 0.05 0 0 0.95
  2 17 4 2 100 0 0.04 0 0 0.96
  2 18 4 3 100 0 0.03 0 0 0.97
  2 19 4 3 100 0 0.13 0 0 0.87
  2 21 4 3 100 0 0.08 0 0 0.92
  2 22 4 3 100 0 0.31 0 0 0.69
  2 23 4 3 100 0 0.11 0.05 0 0.84
  2 24 4 3 100 0 0.23 0.21 0 0.56
  2 25 4 3 100 0 0.25 0 0 0.75
  2 25 4 4 100 0 0 0.78 0 0.22
  2 27 4 3 100 0 0.22 0 0 0.78
  2 30 4 3 100 0 0.27 0 0 0.73
  2 33 4 3 100 0 0.14 0 0 0.86
  2 34 4 3 100 0 1 0 0 0
  2 35 4 3 100 0 0.72 0 0 0.28
  2 36 4 2 100 0 0.54 0 0 0.46
  2 36 4 3 100 0 0.86 0 0 0.14
  2 37 4 3 100 0 0.16 0 0 0.84
  2 42 4 3 100 0 0 0.83 0 0.17
# end survey diet proportion observations 
#  
