# Number of parameters = 292 Objective function value = 88139.3873989212  Maximum gradient component = 1.92094289779726
# ln_yr1N:
 -77.0967057984614 4.28393444192015 3.58604567148206 -182.802828162659 -2.94814763017792
 5.70430425111999 6.65857807520585 3.92517708995763 -94.5725198483768 -94.7859162513714
 -71.1820535185437 4.76206586351483 -19.0589962330723 1.01068767787354 -47.6151144826469
 -1.61870836232552 4.06222537986300 2.27354956048860 1.68292146633480 -235.326360642319
# recruitment_alpha:
 0.00000000000000 0.00000000000000 0.00000000000000 0.00000000000000
# recruitment_shape:
 0.00000000000000 0.00000000000000 0.00000000000000 0.00000000000000
# recruitment_beta:
 0.00000000000000 0.00000000000000 0.00000000000000 0.00000000000000
# ln_avg_recruitment:
 3.00038442090629 8.26057687792310 5.90230287206992 5.30552696987583
# recruitment_devs:
 2.39266335710848 3.32680305263067 4.63103203298260 -0.542131383440438 -1.25630264668183 -1.54550640791980 -2.77356688737171 3.61947005569126 1.78302206440284 -0.914744887853341 3.01243432412986 0.550940535631048 2.84283696439808 -0.369363877725171 -2.09588283742707 2.30176234257646 0.373346113907867 -2.13033260850671 1.71020926951479 1.62578852523911 1.14867208281601 -3.10961374138004 1.96174037192251 -0.940190613391908 1.55262436934361 -2.06021671872248 1.26758404967230 -2.11941871941053 2.61021579170412 0.386905025635992 -1.63292101686749 -3.23945799639720 -3.50239543872940 0.468596729205370 -0.563186231913097 1.22968601649739 -0.724501201694757 -1.92353393429273 -2.90763297538467 -2.76930739194529 -1.67618732067839
 0.198989768696994 -1.32552724485268 -0.744921092913906 -0.538296305193617 -0.725355437997209 -1.07809833771719 -1.16493067498184 -0.656680488409446 -0.951754311980805 -0.0446009229182833 -0.557878807399242 -0.515700980091119 -0.905211623485346 -0.287516376557439 -1.70363059385066 -1.79924999107401 -0.397315041349165 -0.0984459746293112 0.717618072737137 0.790604489045990 0.449540766275392 0.906385571754472 -0.372660496023624 0.639441790024182 0.124684241387754 0.397644159599193 0.331941140118878 0.403936595190281 0.361487138632055 1.15016336004369 0.208173050554261 1.03091272354707 1.07126238415665 0.960473389542141 1.20855805241906 1.44932546508968 0.846738649964451 0.304076906622083 0.108514658311892 0.0584482798824765 0.148803871176591
 -0.832558652168125 -0.640930871656077 -0.190989416342161 1.77784974543465 1.61854148814194 0.0111667659545875 0.00291099553738714 1.85444801086420 1.51316444406687 -1.24077067935796 -0.187440643397870 0.628812465085441 0.128785048661417 -1.36736612645581 1.24072159955097 2.01712432658830 -2.89406608223227 0.0683568207903096 -1.57918128403936 -0.0854398968694040 0.597842676056773 -2.67469403742044 -0.952803487894115 0.223336460925813 0.720138388878178 0.614143471991421 -0.892296412261655 1.00016322809107 0.770358234455061 -1.38301039570747 -2.45779476312088 -2.62853813816559 -1.98984338894225 -1.48767540273409 1.28520866438422 0.0743213261908474 0.615963590247406 -0.458769922977858 0.539906459295115 3.03846369269996 3.60241285308524
 -0.477277626104192 1.14956831718195 2.04520659679547 1.27853827759044 1.35298398820324 -1.47831490821012 -3.21978119827313 1.23021278292804 0.678464312835237 0.0330795565849480 1.04884184248885 0.420194407047569 1.26897641072118 -0.477705623781468 -0.367289469081069 1.45314346790473 -2.20301833891275 -0.362533105822212 0.848258998159086 0.166425087669727 0.207459496381872 0.128392102728446 0.502043820472238 -0.209906245170008 0.0697526602320888 -0.515595012340066 -0.385887387013940 0.414202856333698 0.644851690619181 -1.09618430797856 0.690656855958586 -2.10920802083982 -0.700433279964641 0.0634296678199836 0.0627931572660227 1.15863410918404 0.889370333506747 0.375949035350775 -2.42632877703363 -0.513616213065574 -1.63831652335360
# ln_recsigma:
 0.00000000000000 0.00000000000000 0.00000000000000 0.00000000000000
# avg_F:
 -0.467030711641496 0.260342605976347
# F_devs:
 -1.67853490262596 -0.916228187827097 -0.419993014218783 -1.35541666905547 -1.16537243136822 -1.04542831351990 -0.589355980812630 0.747731515380428 -0.273384918731548 -0.230671255466437 0.446595573384192 0.335947583627348 0.907331845115186 0.390715235925806 0.541296648472453 1.33158107384506 0.453343441811848 0.390861827629254 1.02797226847539 0.737390861502975 0.152178077136377 0.116235688217658 0.853376612777128 0.563182104735571 0.753336256214536 0.739339676861369 0.712026167165884 -0.0445124662168790 0.300739876530445 -0.660603637930698 -0.802833696975592 -0.627732791511877 -0.430904427239775 0.460193839757678 0.299117490061006 -0.228219744004108 -0.738196759042993 -1.04905878321223 -0.787988917010563 -0.442618461509325 0.236764782560495 0.989933921243509
 -2.05743977997200 -1.86406350874816 -1.18367989134255 -1.00423133486992 -0.0753918819494242 -0.143420047003470 -0.0599798810359968 0.743910700865729 0.118890380587896 -0.611892421107107 -0.0866310796983789 -1.34806043225628 0.167548240034477 0.00399382732243508 0.0697686357053570 -0.581224611158000 1.09550799582870 0.154421669070649 0.150481042930014 0.249641440791153 -0.000765371584610922 0.463253700222104 0.521993576063648 0.184835047969263 0.596541313220451 0.862178826353446 0.865538695762994 0.294370759427213 0.228274949656000 0.101269130300560 0.301926111756555 0.398586537495712 0.383169538540553 0.328879730652253 -0.0479406984607491 0.331299998514070 0.373426011050602 -0.245298718401321 -0.313729117024339 0.116910992588782 0.753302269846352 -0.236051403829696
# fishsel_pars:
 2.15585555642032e-08 1.52657439230916
 2.97120967908285e-07 -1.69520802073077
# ln_fishery_q:
 0.284001861288139 -0.656250574179949
# ln_survey_q:
 0.320760075938406 1.99999680157121 1.99999808632488 1.99999999144068
 1.41633688292476 1.99999999788085 1.99999999983912 1.99999999440368
# survey_selpars:
 3.95335027238763 4.10596555879329
 2.62734459842523 2.71565389834529
# ln_M1ann:
 0.00000000000000 0.00000000000000 0.00000000000000 0.00000000000000
# ln_otherFood_base:
0.00000000000
# otherFood_dev:
 0.00000000000 0.00000000000 0.00000000000
