# Number of parameters = 292  Objective function value = 89073.2  Maximum gradient component = 0.000498619
# ln_yr1N:
 -55.1801 4.08741 3.67241 -54.6122 -136.741
 8.09804 -83.1049 5.56146 -6.47239 -70.6131
 3.83022 4.58947 -35.0350 1.40217 -8.09167
 -39.6962 3.86105 3.23907 -133.939 -124.998
# recruitment_alpha:
 0.00000 0.00000 0.00000 0.00000
# recruitment_shape:
 0.00000 0.00000 0.00000 0.00000
# recruitment_beta:
 0.00000 0.00000 0.00000 0.00000
# ln_avg_recruitment:
 2.90091 8.15086 5.98351 5.32379
# recruitment_devs:
 2.61949 3.61586 4.67709 -0.563380 -1.39138 -1.70365 -2.42106 3.80722 0.746927 -1.09435 3.16332 0.674293 2.97096 -1.18720 -1.76181 2.37775 0.670972 -1.68624 1.75756 1.94427 0.849247 -3.01692 2.05620 -1.16635 1.71161 -2.30801 1.30312 -1.48013 2.66865 0.876824 -2.10023 -3.47673 -3.77930 0.527732 -0.321251 1.16922 0.0643469 -2.36428 -2.97077 -4.05723 -1.40239
 0.0144910 -0.757220 -0.829993 -0.373680 -0.686728 -0.961161 -1.07666 -0.587101 -0.826806 0.0812992 -0.546759 -0.422397 -0.776308 -0.227214 -1.66024 -1.66065 -0.286630 0.0315628 0.865293 0.756858 0.579136 1.00659 -0.167567 0.788860 0.176491 0.539751 0.412818 0.488932 0.481298 1.27171 0.416384 1.04052 1.20144 1.01809 1.38024 1.50739 0.842533 0.415063 0.237121 0.521851 -4.22862
 -1.26265 -0.456359 0.450678 1.55478 1.49675 -0.485439 0.417096 1.72433 1.40905 -0.387556 -0.182603 0.245088 0.177813 -1.02038 1.14813 1.91396 -2.65453 0.0270514 -1.66037 -0.102577 0.443881 -2.23169 -0.796547 0.306650 0.514121 0.315746 -0.523695 0.883632 0.705700 -1.60283 -2.26573 -2.75053 -2.60262 -1.37279 1.19970 0.326859 0.157887 -0.386502 0.451525 3.08970 3.78527
 -0.241396 1.17142 2.10959 1.03913 1.32970 -1.42372 -3.19967 1.28164 0.595215 -0.0632013 1.01382 0.428559 1.26101 -0.505130 -0.386994 1.40067 -1.58457 -0.368534 0.788658 0.262592 0.183757 0.102320 0.430022 -0.178605 0.0500200 -0.518874 -0.464667 0.339993 0.637629 -1.12559 0.712423 -2.20761 -0.752188 0.0254847 0.0657657 1.02908 0.883859 0.435369 -2.36837 -0.565748 -1.62285
# ln_recsigma:
 0.00000 0.00000 0.00000 0.00000
# avg_F:
 -0.474698 0.288926
# F_devs:
 -1.66346 -0.925260 -0.502809 -1.41510 -1.16344 -1.02419 -0.557064 0.815266 -0.346375 -0.254914 0.496668 0.369476 0.932338 0.381084 0.532256 1.31455 0.491575 0.407052 0.986100 0.792529 0.0572653 0.0473475 0.790150 0.568845 0.768208 0.729341 0.662444 -0.00195475 0.377385 -0.618903 -0.778618 -0.643377 -0.458561 0.425681 0.310001 -0.245845 -0.635840 -0.986835 -0.784777 -0.465426 0.241034 0.976146
 -2.06592 -1.76348 -1.15926 -1.30388 -0.121016 -0.105262 0.0924349 0.707167 0.169123 -0.526352 -0.0531169 -1.40820 0.213997 0.115171 0.0735597 -0.571360 1.15344 0.234293 0.163338 0.219654 -0.0801557 0.614110 0.769586 0.182093 0.412506 0.721784 0.998772 0.287864 0.242398 0.125213 0.286778 0.318958 0.157856 0.458332 -0.0390965 0.384116 0.244114 -0.243592 -0.202985 0.233240 0.590044 -0.526265
# fishsel_pars:
 1.44476e-009 1.51885
 1.91861e-008 -1.75536
# ln_fishery_q:
 0.296244 -0.731664
# ln_survey_q:
 0.276826 2.00000 2.00000 2.00000
 1.41803 2.00000 2.00000 2.00000
# survey_selpars:
 3.94284 4.11256
 2.61752 2.71009
# ln_M1ann:
 0.00000 0.00000 0.00000 0.00000
# ln_otherFood_base:
0.00000000000
# otherFood_dev:
 0.00000000000 0.00000000000 0.00000000000
