# Number of parameters = 122 Objective function value = 11656.1968200138  Maximum gradient component = 9.95686547858957e-05
# ln_yr1N:
 5.18582125172022 3.27475304504393 3.75581971889940 -0.577184706479181 1.92318209174777
 -255.312463735719 1.77724096686161 4.08169045825521 3.91044997254920 3.28969563253646
 9.18508519459333 4.17289385844342 4.50997433477453 5.04459299028862 -52.0475129840952
 3.66796447058563 3.78793827346407 1.65871788336931 0.401102001707868 -5.42375232245966
# recruitment_alpha:
 0.00000000000000 0.00000000000000 0.00000000000000 0.00000000000000
# recruitment_shape:
 0.00000000000000 0.00000000000000 0.00000000000000 0.00000000000000
# recruitment_beta:
 0.00000000000000 0.00000000000000 0.00000000000000 0.00000000000000
# ln_avg_recruitment:
 2.86886225021281 5.67935257537536 5.01531703079984 2.84922977131669
# recruitment_devs:
 0.00000000000000 0.00000000000000 0.00000000000000 0.00000000000000 0.00000000000000 0.00000000000000 0.00000000000000 0.00000000000000 0.00000000000000 0.00000000000000 0.00000000000000 0.00000000000000 0.00000000000000 0.00000000000000 0.00000000000000 0.00000000000000 0.00000000000000 0.00000000000000 0.00000000000000 0.00000000000000 0.00000000000000 0.00000000000000 0.00000000000000 0.00000000000000 0.00000000000000 0.00000000000000 0.00000000000000 0.00000000000000 0.00000000000000 0.00000000000000 0.00000000000000 0.00000000000000 0.00000000000000 0.00000000000000 0.00000000000000 0.00000000000000 0.00000000000000 0.00000000000000 0.00000000000000 0.00000000000000 0.00000000000000
 0.00000000000000 0.00000000000000 0.00000000000000 0.00000000000000 0.00000000000000 0.00000000000000 0.00000000000000 0.00000000000000 0.00000000000000 0.00000000000000 0.00000000000000 0.00000000000000 0.00000000000000 0.00000000000000 0.00000000000000 0.00000000000000 0.00000000000000 0.00000000000000 0.00000000000000 0.00000000000000 0.00000000000000 0.00000000000000 0.00000000000000 0.00000000000000 0.00000000000000 0.00000000000000 0.00000000000000 0.00000000000000 0.00000000000000 0.00000000000000 0.00000000000000 0.00000000000000 0.00000000000000 0.00000000000000 0.00000000000000 0.00000000000000 0.00000000000000 0.00000000000000 0.00000000000000 0.00000000000000 0.00000000000000
 0.00000000000000 0.00000000000000 0.00000000000000 0.00000000000000 0.00000000000000 0.00000000000000 0.00000000000000 0.00000000000000 0.00000000000000 0.00000000000000 0.00000000000000 0.00000000000000 0.00000000000000 0.00000000000000 0.00000000000000 0.00000000000000 0.00000000000000 0.00000000000000 0.00000000000000 0.00000000000000 0.00000000000000 0.00000000000000 0.00000000000000 0.00000000000000 0.00000000000000 0.00000000000000 0.00000000000000 0.00000000000000 0.00000000000000 0.00000000000000 0.00000000000000 0.00000000000000 0.00000000000000 0.00000000000000 0.00000000000000 0.00000000000000 0.00000000000000 0.00000000000000 0.00000000000000 0.00000000000000 0.00000000000000
 0.00000000000000 0.00000000000000 0.00000000000000 0.00000000000000 0.00000000000000 0.00000000000000 0.00000000000000 0.00000000000000 0.00000000000000 0.00000000000000 0.00000000000000 0.00000000000000 0.00000000000000 0.00000000000000 0.00000000000000 0.00000000000000 0.00000000000000 0.00000000000000 0.00000000000000 0.00000000000000 0.00000000000000 0.00000000000000 0.00000000000000 0.00000000000000 0.00000000000000 0.00000000000000 0.00000000000000 0.00000000000000 0.00000000000000 0.00000000000000 0.00000000000000 0.00000000000000 0.00000000000000 0.00000000000000 0.00000000000000 0.00000000000000 0.00000000000000 0.00000000000000 0.00000000000000 0.00000000000000 0.00000000000000
# ln_recsigma:
 -0.693147181000000 -0.693147181000000 -0.693147181000000 -2.30258509300000
# avg_F:
 -2.92755792652824 -1.39226031751720
# F_devs:
 0.773762465629810 0.783576101580119 0.434524957561800 0.214258494895358 0.374465545547260 0.522722187264072 0.438909527615851 0.382851497057250 0.574959083823227 0.637090988262801 0.757680296000777 0.949336497091152 0.961628868062707 0.704607088268607 1.04246028310242 0.789774734160292 0.794424833601944 0.663334392339073 0.627701955236628 0.754068416159775 -0.245950157087060 -0.292829754292134 -0.140358679995405 0.0956829078161156 0.136809632907189 0.0218820995855081 -0.195772015756379 -0.282744290274111 -0.399267517901910 -0.296855078338033 -0.399983841343870 -0.592199945922695 -0.803254856167166 -0.734048232843999 -0.720624290435451 -1.15113899795143 -1.14851147182767 -1.27967365143533 -1.24800815052459 -1.26885732191460 -0.983959820753002 -1.25247476129596
 -0.713816749682616 -0.929778822566871 -1.09850283234817 -0.799989706516426 -1.06618215169906 -1.08457439620974 -1.02431380128956 -1.29869712923270 -1.23314168717612 -1.21081042742381 -1.00419162973838 -1.07396150354676 -0.940083815057696 -0.829704253631722 -0.783830125394977 -0.673029701607089 -0.756064773970682 -0.791223282842710 -0.164736592389031 -0.107819860876382 -0.0615803496787983 0.0586194035848595 0.173430547801002 0.385020984886262 0.226064554265707 0.448934592941497 0.257843001956660 0.522057754629003 0.511180226639399 0.355585632777920 0.362156842172427 0.269495607948952 0.432096228193372 0.619993832238626 0.600851320694087 0.614177394442105 1.04811199495377 1.13229886092230 1.15354302603975 0.876922058534288 3.99755081064375 3.60009890800493
# logit_vuln:
 5.00000000000000 5.00000000000000 5.00000000000000 5.00000000000000
# fishsel_pars:
 3.86269698452662 3.50929278496885
 3.09990444290153 2.57330201542139
# ln_fishery_q:
 1.51851757740752 -3.31970571156625
# ln_survey_q:
 -3.03260575504457 -3.25820581298717 -5.19658643366991 1.83821650628106
# survey_selpars:
 4.09991871435174
 3.38834229696359
# ln_M1ann:
 -1.23787435600000 -1.60943800000000 -1.60943800000000 -2.28278246600000
# ln_otherFood_base:
13.5278300000
# otherFood_dev:
 0.00000000000
