# Number of parameters = 122 Objective function value = 12600.0661129027  Maximum gradient component = 9.40574596926558e-05
# ln_yr1N:
 5.32227439213409 3.65903312243985 3.44321416010335 1.30320025564340 1.72498014446457
 -36.9982210932270 -34.8182517805452 4.02869542053312 3.46617308997792 3.30243494044153
 9.31128723324995 4.16560089222010 4.35864778931858 5.36638975666684 -0.593646875226543
 3.13169429621682 3.91195002857228 1.58018404127416 0.373904184047721 -194.093877589621
# recruitment_alpha:
 0.00000000000000 0.00000000000000 0.00000000000000 0.00000000000000
# recruitment_shape:
 0.00000000000000 0.00000000000000 0.00000000000000 0.00000000000000
# recruitment_beta:
 0.00000000000000 0.00000000000000 0.00000000000000 0.00000000000000
# ln_avg_recruitment:
 2.66634425590412 5.55312327295935 5.20893780865327 2.88763841437542
# recruitment_devs:
 0.00000000000000 0.00000000000000 0.00000000000000 0.00000000000000 0.00000000000000 0.00000000000000 0.00000000000000 0.00000000000000 0.00000000000000 0.00000000000000 0.00000000000000 0.00000000000000 0.00000000000000 0.00000000000000 0.00000000000000 0.00000000000000 0.00000000000000 0.00000000000000 0.00000000000000 0.00000000000000 0.00000000000000 0.00000000000000 0.00000000000000 0.00000000000000 0.00000000000000 0.00000000000000 0.00000000000000 0.00000000000000 0.00000000000000 0.00000000000000 0.00000000000000 0.00000000000000 0.00000000000000 0.00000000000000 0.00000000000000 0.00000000000000 0.00000000000000 0.00000000000000 0.00000000000000 0.00000000000000 0.00000000000000
 0.00000000000000 0.00000000000000 0.00000000000000 0.00000000000000 0.00000000000000 0.00000000000000 0.00000000000000 0.00000000000000 0.00000000000000 0.00000000000000 0.00000000000000 0.00000000000000 0.00000000000000 0.00000000000000 0.00000000000000 0.00000000000000 0.00000000000000 0.00000000000000 0.00000000000000 0.00000000000000 0.00000000000000 0.00000000000000 0.00000000000000 0.00000000000000 0.00000000000000 0.00000000000000 0.00000000000000 0.00000000000000 0.00000000000000 0.00000000000000 0.00000000000000 0.00000000000000 0.00000000000000 0.00000000000000 0.00000000000000 0.00000000000000 0.00000000000000 0.00000000000000 0.00000000000000 0.00000000000000 0.00000000000000
 0.00000000000000 0.00000000000000 0.00000000000000 0.00000000000000 0.00000000000000 0.00000000000000 0.00000000000000 0.00000000000000 0.00000000000000 0.00000000000000 0.00000000000000 0.00000000000000 0.00000000000000 0.00000000000000 0.00000000000000 0.00000000000000 0.00000000000000 0.00000000000000 0.00000000000000 0.00000000000000 0.00000000000000 0.00000000000000 0.00000000000000 0.00000000000000 0.00000000000000 0.00000000000000 0.00000000000000 0.00000000000000 0.00000000000000 0.00000000000000 0.00000000000000 0.00000000000000 0.00000000000000 0.00000000000000 0.00000000000000 0.00000000000000 0.00000000000000 0.00000000000000 0.00000000000000 0.00000000000000 0.00000000000000
 0.00000000000000 0.00000000000000 0.00000000000000 0.00000000000000 0.00000000000000 0.00000000000000 0.00000000000000 0.00000000000000 0.00000000000000 0.00000000000000 0.00000000000000 0.00000000000000 0.00000000000000 0.00000000000000 0.00000000000000 0.00000000000000 0.00000000000000 0.00000000000000 0.00000000000000 0.00000000000000 0.00000000000000 0.00000000000000 0.00000000000000 0.00000000000000 0.00000000000000 0.00000000000000 0.00000000000000 0.00000000000000 0.00000000000000 0.00000000000000 0.00000000000000 0.00000000000000 0.00000000000000 0.00000000000000 0.00000000000000 0.00000000000000 0.00000000000000 0.00000000000000 0.00000000000000 0.00000000000000 0.00000000000000
# ln_recsigma:
 -0.693147181000000 -0.693147181000000 -0.693147181000000 -2.30258509300000
# avg_F:
 -2.76074957018180 -1.13111447309435
# F_devs:
 0.951700034800116 0.739220113238894 0.451511426811573 0.158747725904877 0.0507146523420359 0.242568164338801 0.296269113609025 0.351028162580858 0.431266863359411 0.447036646788765 0.759386359874885 0.974674538816015 0.870869680156102 1.15251249022035 1.10591418520672 0.846795585360592 0.963171740069548 0.761684259254576 0.978946995430522 0.754870650291896 -0.287180749488003 -0.219579590523089 -0.0187589187185731 -0.0797494139169365 0.0448224013323515 -0.000759332781281826 -0.0869000658876181 -0.474480078270795 -0.340643548288316 -0.610493408703070 -0.348859448564674 -0.701909049625688 -0.837105023981373 -1.04473791330772 -0.868242980773230 -0.814310429600751 -0.997300272770544 -1.31104608793719 -1.02716880046602 -1.18065569745576 -0.820228023552946 -1.26360298200584
 -1.06577994730601 -0.765362153785744 -1.01251934669266 -0.963486780012711 -1.15217885003014 -0.949712262715491 -1.38386591680520 -1.16351230242265 -0.956533828225608 -1.21542051746191 -0.973816256892411 -1.04707644481920 -0.857356991019673 -0.949365988928628 -0.971431178216250 -0.667217602564491 -0.999560878631380 -0.715465494877713 -0.437036350398127 -0.330015227909809 0.180889650341941 0.320132465577195 0.355956825989214 0.316222395194989 0.207724170536334 0.406036597308182 0.0968426539390111 0.253058936590469 0.404790949889076 0.212350883819694 0.197356915944387 0.318726843676208 0.296990097578989 0.505677481107536 0.763224419132546 0.930956350495175 1.11810478337137 1.20105352501798 1.01455838698271 1.25943818170928 4.21644154579048 4.00018028021455
# logit_vuln:
 5.00000000000000 5.00000000000000 5.00000000000000 5.00000000000000
# fishsel_pars:
 3.87395621422357 3.52753600530941
 3.13994739553850 2.58330550809197
# ln_fishery_q:
 1.13434594040039 -3.70419073422366
# ln_survey_q:
 -2.83953741860325 -3.19456825000304 -5.37696183377055 1.59246559577435
# survey_selpars:
 4.08062595078425
 3.40625257708202
# ln_M1ann:
 -1.23787435600000 -1.60943800000000 -1.60943800000000 -2.28278246600000
# ln_otherFood_base:
13.5278300000
# otherFood_dev:
 0.00000000000
