# Number of parameters = 122 Objective function value = 13051.8844392412  Maximum gradient component = 5.26097980315134e-05
# ln_yr1N:
 5.48934750314623 3.65583580110938 3.76388106667376 1.42529237775723 2.20604600087006
 -25.0232632290968 -27.8956476767970 5.31279456248258 -77.3666317877701 2.03420097854609
 9.38761667346706 4.35155263633471 3.80536940690416 4.53574519438264 -35.6333002217181
 3.06607867746999 4.02051249553169 1.32889470919488 0.900938748469067 -35.1375988988967
# recruitment_alpha:
 0.00000000000000 0.00000000000000 0.00000000000000 0.00000000000000
# recruitment_shape:
 0.00000000000000 0.00000000000000 0.00000000000000 0.00000000000000
# recruitment_beta:
 0.00000000000000 0.00000000000000 0.00000000000000 0.00000000000000
# ln_avg_recruitment:
 2.88018526311399 5.58936122408858 5.12747061723503 2.97259345710245
# recruitment_devs:
 0.00000000000000 0.00000000000000 0.00000000000000 0.00000000000000 0.00000000000000 0.00000000000000 0.00000000000000 0.00000000000000 0.00000000000000 0.00000000000000 0.00000000000000 0.00000000000000 0.00000000000000 0.00000000000000 0.00000000000000 0.00000000000000 0.00000000000000 0.00000000000000 0.00000000000000 0.00000000000000 0.00000000000000 0.00000000000000 0.00000000000000 0.00000000000000 0.00000000000000 0.00000000000000 0.00000000000000 0.00000000000000 0.00000000000000 0.00000000000000 0.00000000000000 0.00000000000000 0.00000000000000 0.00000000000000 0.00000000000000 0.00000000000000 0.00000000000000 0.00000000000000 0.00000000000000 0.00000000000000 0.00000000000000
 0.00000000000000 0.00000000000000 0.00000000000000 0.00000000000000 0.00000000000000 0.00000000000000 0.00000000000000 0.00000000000000 0.00000000000000 0.00000000000000 0.00000000000000 0.00000000000000 0.00000000000000 0.00000000000000 0.00000000000000 0.00000000000000 0.00000000000000 0.00000000000000 0.00000000000000 0.00000000000000 0.00000000000000 0.00000000000000 0.00000000000000 0.00000000000000 0.00000000000000 0.00000000000000 0.00000000000000 0.00000000000000 0.00000000000000 0.00000000000000 0.00000000000000 0.00000000000000 0.00000000000000 0.00000000000000 0.00000000000000 0.00000000000000 0.00000000000000 0.00000000000000 0.00000000000000 0.00000000000000 0.00000000000000
 0.00000000000000 0.00000000000000 0.00000000000000 0.00000000000000 0.00000000000000 0.00000000000000 0.00000000000000 0.00000000000000 0.00000000000000 0.00000000000000 0.00000000000000 0.00000000000000 0.00000000000000 0.00000000000000 0.00000000000000 0.00000000000000 0.00000000000000 0.00000000000000 0.00000000000000 0.00000000000000 0.00000000000000 0.00000000000000 0.00000000000000 0.00000000000000 0.00000000000000 0.00000000000000 0.00000000000000 0.00000000000000 0.00000000000000 0.00000000000000 0.00000000000000 0.00000000000000 0.00000000000000 0.00000000000000 0.00000000000000 0.00000000000000 0.00000000000000 0.00000000000000 0.00000000000000 0.00000000000000 0.00000000000000
 0.00000000000000 0.00000000000000 0.00000000000000 0.00000000000000 0.00000000000000 0.00000000000000 0.00000000000000 0.00000000000000 0.00000000000000 0.00000000000000 0.00000000000000 0.00000000000000 0.00000000000000 0.00000000000000 0.00000000000000 0.00000000000000 0.00000000000000 0.00000000000000 0.00000000000000 0.00000000000000 0.00000000000000 0.00000000000000 0.00000000000000 0.00000000000000 0.00000000000000 0.00000000000000 0.00000000000000 0.00000000000000 0.00000000000000 0.00000000000000 0.00000000000000 0.00000000000000 0.00000000000000 0.00000000000000 0.00000000000000 0.00000000000000 0.00000000000000 0.00000000000000 0.00000000000000 0.00000000000000 0.00000000000000
# ln_recsigma:
 -0.693147181000000 -0.693147181000000 -0.693147181000000 -2.30258509300000
# avg_F:
 -3.10287531570579 -1.04156956145079
# F_devs:
 0.703793073138506 0.852869643660166 0.255933740162895 0.318176413064606 -0.0736617360082561 0.169596062592581 0.352807226475194 0.196981933208151 -0.0160335669801590 0.504941630358249 0.645522774622737 0.851330566907798 0.864016180990863 0.823984027594855 0.906749736451959 0.911561991376156 0.884853818244664 0.896278708296643 0.732822380655735 0.933455858456637 0.0621271561433282 0.0295588463402665 0.475450376262048 0.234711205289729 0.221186941877585 -0.0934419736067223 -0.0821213369169363 -0.447655040891186 -0.350578858298908 -0.431279153439310 -0.557094140056869 -0.785412577006915 -0.582733780573029 -0.960072238233396 -0.657037087795136 -1.09425788429970 -1.06727069004159 -1.02981801906540 -0.929679645966258 -1.10788667408400 -1.29120487111189 -1.27147102295230
 -0.150885658582422 -0.117890680255640 -0.678738128176314 -0.836135039717400 -1.08524349391451 -1.07813371040907 -1.26272258520589 -1.16441226104743 -1.05029129753133 -1.24906644766273 -1.11747436633099 -1.03010549252304 -1.15562819313445 -1.04179471056363 -0.802163809944636 -0.686046134223493 -0.955482642796845 -0.779565852068140 -0.489923552740619 -0.348204025902542 0.142926966904855 0.142122869806832 0.136838637958834 0.186783478940364 0.238799833432632 0.134054607737089 0.263107617224140 0.345346907840624 0.427329962515691 0.202543908950926 0.196274028124145 0.480739813464137 0.344809425627372 0.446413789463916 0.702546639666455 0.604840583661591 0.784106471407285 0.996053007947389 1.22656101738636 1.23777924344221 3.92479479621488 3.91513447598589
# logit_vuln:
 5.00000000000000 5.00000000000000 5.00000000000000 5.00000000000000
# fishsel_pars:
 3.84047351515732 3.54101083255217
 3.08792046095604 2.50888023512591
# ln_fishery_q:
 1.67089617037677 -3.70244818098630
# ln_survey_q:
 -3.18057798997643 -3.28162614579384 -5.49121847226653 1.73144927498728
# survey_selpars:
 4.08082132973262
 3.31990667258723
# ln_M1ann:
 -1.23787435600000 -1.60943800000000 -1.60943800000000 -2.28278246600000
# ln_otherFood_base:
13.5278300000
# otherFood_dev:
 0.00000000000
