# Number of parameters = 122 Objective function value = 12311.7853253311  Maximum gradient component = 0.000343884749412042
# ln_yr1N:
 4.99342701082369 3.41673430538608 3.51100376741570 1.00273517389911 2.10290170009688
 -16.2261671971925 1.03215582076736 2.97257352621270 3.72616306586903 3.33287759906856
 9.39840657786414 3.91857580394331 4.71744051843325 5.17216099881394 -21.7685428852067
 3.35579795068994 3.86403028001392 -0.00800659167913915 0.0930382549416808 -6.34837914135448
# recruitment_alpha:
 0.00000000000000 0.00000000000000 0.00000000000000 0.00000000000000
# recruitment_shape:
 0.00000000000000 0.00000000000000 0.00000000000000 0.00000000000000
# recruitment_beta:
 0.00000000000000 0.00000000000000 0.00000000000000 0.00000000000000
# ln_avg_recruitment:
 2.76513412651706 5.64784706774411 5.13749534986735 2.81444487857827
# recruitment_devs:
 0.00000000000000 0.00000000000000 0.00000000000000 0.00000000000000 0.00000000000000 0.00000000000000 0.00000000000000 0.00000000000000 0.00000000000000 0.00000000000000 0.00000000000000 0.00000000000000 0.00000000000000 0.00000000000000 0.00000000000000 0.00000000000000 0.00000000000000 0.00000000000000 0.00000000000000 0.00000000000000 0.00000000000000 0.00000000000000 0.00000000000000 0.00000000000000 0.00000000000000 0.00000000000000 0.00000000000000 0.00000000000000 0.00000000000000 0.00000000000000 0.00000000000000 0.00000000000000 0.00000000000000 0.00000000000000 0.00000000000000 0.00000000000000 0.00000000000000 0.00000000000000 0.00000000000000 0.00000000000000 0.00000000000000
 0.00000000000000 0.00000000000000 0.00000000000000 0.00000000000000 0.00000000000000 0.00000000000000 0.00000000000000 0.00000000000000 0.00000000000000 0.00000000000000 0.00000000000000 0.00000000000000 0.00000000000000 0.00000000000000 0.00000000000000 0.00000000000000 0.00000000000000 0.00000000000000 0.00000000000000 0.00000000000000 0.00000000000000 0.00000000000000 0.00000000000000 0.00000000000000 0.00000000000000 0.00000000000000 0.00000000000000 0.00000000000000 0.00000000000000 0.00000000000000 0.00000000000000 0.00000000000000 0.00000000000000 0.00000000000000 0.00000000000000 0.00000000000000 0.00000000000000 0.00000000000000 0.00000000000000 0.00000000000000 0.00000000000000
 0.00000000000000 0.00000000000000 0.00000000000000 0.00000000000000 0.00000000000000 0.00000000000000 0.00000000000000 0.00000000000000 0.00000000000000 0.00000000000000 0.00000000000000 0.00000000000000 0.00000000000000 0.00000000000000 0.00000000000000 0.00000000000000 0.00000000000000 0.00000000000000 0.00000000000000 0.00000000000000 0.00000000000000 0.00000000000000 0.00000000000000 0.00000000000000 0.00000000000000 0.00000000000000 0.00000000000000 0.00000000000000 0.00000000000000 0.00000000000000 0.00000000000000 0.00000000000000 0.00000000000000 0.00000000000000 0.00000000000000 0.00000000000000 0.00000000000000 0.00000000000000 0.00000000000000 0.00000000000000 0.00000000000000
 0.00000000000000 0.00000000000000 0.00000000000000 0.00000000000000 0.00000000000000 0.00000000000000 0.00000000000000 0.00000000000000 0.00000000000000 0.00000000000000 0.00000000000000 0.00000000000000 0.00000000000000 0.00000000000000 0.00000000000000 0.00000000000000 0.00000000000000 0.00000000000000 0.00000000000000 0.00000000000000 0.00000000000000 0.00000000000000 0.00000000000000 0.00000000000000 0.00000000000000 0.00000000000000 0.00000000000000 0.00000000000000 0.00000000000000 0.00000000000000 0.00000000000000 0.00000000000000 0.00000000000000 0.00000000000000 0.00000000000000 0.00000000000000 0.00000000000000 0.00000000000000 0.00000000000000 0.00000000000000 0.00000000000000
# ln_recsigma:
 -0.693147181000000 -0.693147181000000 -0.693147181000000 -2.30258509300000
# avg_F:
 -2.70653295440257 -1.28230810555436
# F_devs:
 0.967958366568180 0.635386650878605 0.624139318711546 0.134026982289060 0.221638217376703 0.334443420507219 0.636682699956547 0.598961745731559 0.748980029531917 0.457666065120416 0.804607999500804 0.968355454040931 0.919127666304325 1.08134512867407 1.13675014018061 0.817641577597522 0.848758942398571 0.522952248817624 0.913731023222595 0.841144346340995 -0.296999420482982 -0.255305866249615 -0.0655233452599447 0.0463049146249502 0.0954021747523024 0.0942685391081636 -0.244973995832260 -0.282407622196919 -0.507635310701100 -0.675672395716560 -0.756194870846981 -0.535905434990768 -0.379768688972892 -1.11797845821943 -0.858149831374825 -1.00084942552467 -1.09375651964969 -1.47654518766872 -1.18501572643111 -1.41522774644343 -1.06335456963263 -1.23900920106671
 -0.880922012447521 -0.699607898602553 -0.833967409020446 -0.965938500651218 -1.06917503315637 -1.04706561712940 -0.941675976366739 -1.22142286513390 -1.21651494466367 -1.09938373331061 -1.09966784839886 -1.19520147259924 -1.03000384270980 -0.916040792770714 -0.719021177064795 -0.682782184438552 -0.575154000890592 -0.572225080018036 -0.528539356758524 -0.359742966247249 0.0236281449052829 0.0220858373453791 -0.00715278534462584 0.448515362750602 0.289933019468514 0.275384004443935 0.264888535537026 0.250699481082204 0.542420944244459 0.107078632004791 0.429034949414077 0.272320860030791 0.403351707617097 0.455660446193542 0.734372844097050 0.623751146482188 0.707662193086307 1.05074837730775 1.10302922692866 1.09108390573579 4.35881557445073 4.20674030980854
# logit_vuln:
 5.00000000000000 5.00000000000000 5.00000000000000 5.00000000000000
# fishsel_pars:
 3.89649803670470 3.51305084163802
 3.14561464128133 2.49485674990879
# ln_fishery_q:
 1.46957147311760 -3.69964161382133
# ln_survey_q:
 -2.80321042615680 -3.48617613578590 -5.47951215125558 1.99999999936837
# survey_selpars:
 4.11831243044394
 3.37472238844701
# ln_M1ann:
 -1.23787435600000 -1.60943800000000 -1.60943800000000 -2.28278246600000
# ln_otherFood_base:
13.5278300000
# otherFood_dev:
 0.00000000000
