# Number of parameters = 122 Objective function value = 12566.5120349384  Maximum gradient component = 0.000193154873202517
# ln_yr1N:
 5.00211707953766 3.52317183023678 3.41102605759671 0.915785746104204 1.36163745377399
 -86.8645516137116 3.69597855464321 -38.4418285559384 4.23487805072384 3.30716241959957
 9.31676079533750 4.21455418404893 4.34898927712521 5.34690678320204 -1.76549786843002
 3.80054060914659 3.59327342435734 1.74034713185601 0.537007368069848 -4.98463223037465
# recruitment_alpha:
 0.00000000000000 0.00000000000000 0.00000000000000 0.00000000000000
# recruitment_shape:
 0.00000000000000 0.00000000000000 0.00000000000000 0.00000000000000
# recruitment_beta:
 0.00000000000000 0.00000000000000 0.00000000000000 0.00000000000000
# ln_avg_recruitment:
 2.60113187276833 5.56805668826365 5.17519621074512 2.99285090871029
# recruitment_devs:
 0.00000000000000 0.00000000000000 0.00000000000000 0.00000000000000 0.00000000000000 0.00000000000000 0.00000000000000 0.00000000000000 0.00000000000000 0.00000000000000 0.00000000000000 0.00000000000000 0.00000000000000 0.00000000000000 0.00000000000000 0.00000000000000 0.00000000000000 0.00000000000000 0.00000000000000 0.00000000000000 0.00000000000000 0.00000000000000 0.00000000000000 0.00000000000000 0.00000000000000 0.00000000000000 0.00000000000000 0.00000000000000 0.00000000000000 0.00000000000000 0.00000000000000 0.00000000000000 0.00000000000000 0.00000000000000 0.00000000000000 0.00000000000000 0.00000000000000 0.00000000000000 0.00000000000000 0.00000000000000 0.00000000000000
 0.00000000000000 0.00000000000000 0.00000000000000 0.00000000000000 0.00000000000000 0.00000000000000 0.00000000000000 0.00000000000000 0.00000000000000 0.00000000000000 0.00000000000000 0.00000000000000 0.00000000000000 0.00000000000000 0.00000000000000 0.00000000000000 0.00000000000000 0.00000000000000 0.00000000000000 0.00000000000000 0.00000000000000 0.00000000000000 0.00000000000000 0.00000000000000 0.00000000000000 0.00000000000000 0.00000000000000 0.00000000000000 0.00000000000000 0.00000000000000 0.00000000000000 0.00000000000000 0.00000000000000 0.00000000000000 0.00000000000000 0.00000000000000 0.00000000000000 0.00000000000000 0.00000000000000 0.00000000000000 0.00000000000000
 0.00000000000000 0.00000000000000 0.00000000000000 0.00000000000000 0.00000000000000 0.00000000000000 0.00000000000000 0.00000000000000 0.00000000000000 0.00000000000000 0.00000000000000 0.00000000000000 0.00000000000000 0.00000000000000 0.00000000000000 0.00000000000000 0.00000000000000 0.00000000000000 0.00000000000000 0.00000000000000 0.00000000000000 0.00000000000000 0.00000000000000 0.00000000000000 0.00000000000000 0.00000000000000 0.00000000000000 0.00000000000000 0.00000000000000 0.00000000000000 0.00000000000000 0.00000000000000 0.00000000000000 0.00000000000000 0.00000000000000 0.00000000000000 0.00000000000000 0.00000000000000 0.00000000000000 0.00000000000000 0.00000000000000
 0.00000000000000 0.00000000000000 0.00000000000000 0.00000000000000 0.00000000000000 0.00000000000000 0.00000000000000 0.00000000000000 0.00000000000000 0.00000000000000 0.00000000000000 0.00000000000000 0.00000000000000 0.00000000000000 0.00000000000000 0.00000000000000 0.00000000000000 0.00000000000000 0.00000000000000 0.00000000000000 0.00000000000000 0.00000000000000 0.00000000000000 0.00000000000000 0.00000000000000 0.00000000000000 0.00000000000000 0.00000000000000 0.00000000000000 0.00000000000000 0.00000000000000 0.00000000000000 0.00000000000000 0.00000000000000 0.00000000000000 0.00000000000000 0.00000000000000 0.00000000000000 0.00000000000000 0.00000000000000 0.00000000000000
# ln_recsigma:
 -0.693147181000000 -0.693147181000000 -0.693147181000000 -2.30258509300000
# avg_F:
 -2.56706884417222 -1.34948538408186
# F_devs:
 0.867939134714698 0.762238934535168 0.742015276247504 0.438318431462050 0.232169366082094 0.393520396490391 0.489005261017392 0.464922706513044 0.530552230301236 0.646252659303850 0.688998537577412 0.826120237073243 0.808378919162631 1.08718091520686 0.971302210638964 0.885104566487931 0.923875126837456 0.798417588946129 0.632318827001154 0.859031817535126 -0.153998429680802 -0.000952225031317481 0.183569585554225 0.0527241422554296 -0.0918483487785006 0.112479950160870 -0.279955589204970 -0.286689791890333 -0.253179155128765 -0.578902553687998 -0.639697725197253 -0.943975968846738 -0.614773800146652 -1.03505665580301 -1.00641872439415 -1.11580616293956 -1.26429711262247 -1.16018177527805 -1.07571659238872 -1.10987909571762 -1.39498274786411 -1.39012434212153
 -0.865429644813424 -0.542146980556367 -1.00718572399695 -1.38189687219704 -1.13220066482566 -0.904738641868558 -1.10279051943517 -1.34256461820614 -1.17748433104958 -1.21372592628933 -1.22277390496404 -1.02367004152218 -0.853281940315945 -0.958275949752353 -0.881795855481406 -1.03285354263970 -0.745366668186770 -0.790406592949046 -0.658982137793818 -0.0219460875685157 0.0628970603808477 0.160689620838809 0.421082601815323 0.415343843327687 0.0505307980740744 0.130841793372066 0.473142409518631 0.504208189499472 0.0670727712881923 0.473815412945313 0.211225441830065 0.334888745862089 0.361226644150493 0.478512998996026 0.682018009645825 1.11478475563033 1.15898398154179 1.19847239036747 1.52820438853987 0.882607963676860 4.29141905645227 3.85754775972351
# logit_vuln:
 5.00000000000000 5.00000000000000 5.00000000000000 5.00000000000000
# fishsel_pars:
 3.87760628500705 3.52248251423917
 3.13312071461560 2.65985817002603
# ln_fishery_q:
 1.07347641820823 -3.52475631676604
# ln_survey_q:
 -2.69000033922136 -3.21163252861500 -5.45628189622410 1.70042079515939
# survey_selpars:
 4.09466409360841
 3.37845604344384
# ln_M1ann:
 -1.23787435600000 -1.60943800000000 -1.60943800000000 -2.28278246600000
# ln_otherFood_base:
13.5278300000
# otherFood_dev:
 0.00000000000
