# Number of parameters = 122 Objective function value = 13072.2343823553  Maximum gradient component = 0.000121886691289066
# ln_yr1N:
 5.16049434146032 3.10149867439504 3.42760110617193 0.739149665824015 1.70328147787037
 -94.0489308644433 2.78799280834619 5.13327609878614 2.96924823391415 2.71252223527166
 9.22528394071424 3.76837035847336 4.71588455246656 4.37748465055380 -67.5387130128030
 3.06330349001976 4.31986406266382 -0.0645884534085055 -0.188382512580229 -6.19167689141470
# recruitment_alpha:
 0.00000000000000 0.00000000000000 0.00000000000000 0.00000000000000
# recruitment_shape:
 0.00000000000000 0.00000000000000 0.00000000000000 0.00000000000000
# recruitment_beta:
 0.00000000000000 0.00000000000000 0.00000000000000 0.00000000000000
# ln_avg_recruitment:
 2.58254778344979 5.58239930089127 5.14184744616680 2.92144082589566
# recruitment_devs:
 0.00000000000000 0.00000000000000 0.00000000000000 0.00000000000000 0.00000000000000 0.00000000000000 0.00000000000000 0.00000000000000 0.00000000000000 0.00000000000000 0.00000000000000 0.00000000000000 0.00000000000000 0.00000000000000 0.00000000000000 0.00000000000000 0.00000000000000 0.00000000000000 0.00000000000000 0.00000000000000 0.00000000000000 0.00000000000000 0.00000000000000 0.00000000000000 0.00000000000000 0.00000000000000 0.00000000000000 0.00000000000000 0.00000000000000 0.00000000000000 0.00000000000000 0.00000000000000 0.00000000000000 0.00000000000000 0.00000000000000 0.00000000000000 0.00000000000000 0.00000000000000 0.00000000000000 0.00000000000000 0.00000000000000
 0.00000000000000 0.00000000000000 0.00000000000000 0.00000000000000 0.00000000000000 0.00000000000000 0.00000000000000 0.00000000000000 0.00000000000000 0.00000000000000 0.00000000000000 0.00000000000000 0.00000000000000 0.00000000000000 0.00000000000000 0.00000000000000 0.00000000000000 0.00000000000000 0.00000000000000 0.00000000000000 0.00000000000000 0.00000000000000 0.00000000000000 0.00000000000000 0.00000000000000 0.00000000000000 0.00000000000000 0.00000000000000 0.00000000000000 0.00000000000000 0.00000000000000 0.00000000000000 0.00000000000000 0.00000000000000 0.00000000000000 0.00000000000000 0.00000000000000 0.00000000000000 0.00000000000000 0.00000000000000 0.00000000000000
 0.00000000000000 0.00000000000000 0.00000000000000 0.00000000000000 0.00000000000000 0.00000000000000 0.00000000000000 0.00000000000000 0.00000000000000 0.00000000000000 0.00000000000000 0.00000000000000 0.00000000000000 0.00000000000000 0.00000000000000 0.00000000000000 0.00000000000000 0.00000000000000 0.00000000000000 0.00000000000000 0.00000000000000 0.00000000000000 0.00000000000000 0.00000000000000 0.00000000000000 0.00000000000000 0.00000000000000 0.00000000000000 0.00000000000000 0.00000000000000 0.00000000000000 0.00000000000000 0.00000000000000 0.00000000000000 0.00000000000000 0.00000000000000 0.00000000000000 0.00000000000000 0.00000000000000 0.00000000000000 0.00000000000000
 0.00000000000000 0.00000000000000 0.00000000000000 0.00000000000000 0.00000000000000 0.00000000000000 0.00000000000000 0.00000000000000 0.00000000000000 0.00000000000000 0.00000000000000 0.00000000000000 0.00000000000000 0.00000000000000 0.00000000000000 0.00000000000000 0.00000000000000 0.00000000000000 0.00000000000000 0.00000000000000 0.00000000000000 0.00000000000000 0.00000000000000 0.00000000000000 0.00000000000000 0.00000000000000 0.00000000000000 0.00000000000000 0.00000000000000 0.00000000000000 0.00000000000000 0.00000000000000 0.00000000000000 0.00000000000000 0.00000000000000 0.00000000000000 0.00000000000000 0.00000000000000 0.00000000000000 0.00000000000000 0.00000000000000
# ln_recsigma:
 -0.693147181000000 -0.693147181000000 -0.693147181000000 -2.30258509300000
# avg_F:
 -2.60154439678486 -1.43498869962400
# F_devs:
 1.01316949246409 0.768599026971344 0.814732862641439 0.373885287981540 0.169809240222381 0.264690120162728 0.182720974887603 0.425645052593659 0.333534615185012 0.436721738666344 0.741563446609179 0.812745948358919 0.960415150991744 1.10703480170651 0.897468573777860 0.930671488596198 0.815267322431228 0.802484341704773 0.693771127243304 0.864040875976174 -0.110730402560853 -0.0368524746768683 -0.0329790489424031 -0.0413887452800364 0.0510869772498636 0.115926822163217 -0.171538578526997 -0.148788029368234 -0.607332685304263 -0.606715862834192 -0.335457839034809 -0.681398673511297 -0.802080142985916 -1.00579781063743 -0.689408060191423 -1.14949353222590 -1.21095030771035 -1.18619678438666 -0.894851590530859 -1.17031453237445 -1.36037262365612 -1.33333761633541
 -0.414280858156302 -0.269151392518100 -1.10908517781104 -1.15142267418216 -0.962387729254394 -1.34441684408564 -1.04963416255324 -1.13090286498714 -1.21726781044189 -1.17447761417587 -1.30735269079727 -0.890392269553594 -0.890770841224348 -0.897088017150242 -0.842802085971227 -0.735155712433078 -0.735823568749542 -0.798469305884465 -0.296184669603375 -0.0273074730321967 0.0735429105897346 0.141691203297315 0.0252734422272890 0.233880888511479 0.277117337440867 0.208931418366873 0.0615726992558234 0.346805357586009 0.440937868761443 0.0880635750081680 0.366165017731833 0.369452675171870 0.178257889487132 0.537609429961053 0.805964455882285 1.03606336202562 0.955578257418749 1.05467279677692 1.04164654829803 1.13798567381433 4.03517756966640 3.82798337562549
# logit_vuln:
 5.00000000000000 5.00000000000000 5.00000000000000 5.00000000000000
# fishsel_pars:
 3.90462757071866 3.45314576315601
 3.10444201864530 2.53118085338771
# ln_fishery_q:
 1.30659789422416 -3.52813652506321
# ln_survey_q:
 -2.67486593910814 -3.25351842516321 -5.27549977245781 1.69245703112373
# survey_selpars:
 4.10374862216969
 3.34088920296059
# ln_M1ann:
 -1.23787435600000 -1.60943800000000 -1.60943800000000 -2.28278246600000
# ln_otherFood_base:
13.5278300000
# otherFood_dev:
 0.00000000000
