# Number of parameters = 122 Objective function value = 12288.2337608234  Maximum gradient component = 0.000187688329028175
# ln_yr1N:
 5.07694054946221 3.35960803420695 3.32644799301230 0.941604200785968 2.06721694293948
 0.247578437117707 -0.277632858193868 5.50817277034196 2.40331984493369 2.45599763880126
 9.17569418437064 4.16417941768451 3.97001083456874 4.42826595348879 -0.843706985422524
 3.42277185479676 3.99464996936278 0.281832377220393 0.0833797154053263 -6.17333708463290
# recruitment_alpha:
 0.00000000000000 0.00000000000000 0.00000000000000 0.00000000000000
# recruitment_shape:
 0.00000000000000 0.00000000000000 0.00000000000000 0.00000000000000
# recruitment_beta:
 0.00000000000000 0.00000000000000 0.00000000000000 0.00000000000000
# ln_avg_recruitment:
 2.52114735744376 5.66809286887592 5.01711053768249 2.98257749354349
# recruitment_devs:
 0.00000000000000 0.00000000000000 0.00000000000000 0.00000000000000 0.00000000000000 0.00000000000000 0.00000000000000 0.00000000000000 0.00000000000000 0.00000000000000 0.00000000000000 0.00000000000000 0.00000000000000 0.00000000000000 0.00000000000000 0.00000000000000 0.00000000000000 0.00000000000000 0.00000000000000 0.00000000000000 0.00000000000000 0.00000000000000 0.00000000000000 0.00000000000000 0.00000000000000 0.00000000000000 0.00000000000000 0.00000000000000 0.00000000000000 0.00000000000000 0.00000000000000 0.00000000000000 0.00000000000000 0.00000000000000 0.00000000000000 0.00000000000000 0.00000000000000 0.00000000000000 0.00000000000000 0.00000000000000 0.00000000000000
 0.00000000000000 0.00000000000000 0.00000000000000 0.00000000000000 0.00000000000000 0.00000000000000 0.00000000000000 0.00000000000000 0.00000000000000 0.00000000000000 0.00000000000000 0.00000000000000 0.00000000000000 0.00000000000000 0.00000000000000 0.00000000000000 0.00000000000000 0.00000000000000 0.00000000000000 0.00000000000000 0.00000000000000 0.00000000000000 0.00000000000000 0.00000000000000 0.00000000000000 0.00000000000000 0.00000000000000 0.00000000000000 0.00000000000000 0.00000000000000 0.00000000000000 0.00000000000000 0.00000000000000 0.00000000000000 0.00000000000000 0.00000000000000 0.00000000000000 0.00000000000000 0.00000000000000 0.00000000000000 0.00000000000000
 0.00000000000000 0.00000000000000 0.00000000000000 0.00000000000000 0.00000000000000 0.00000000000000 0.00000000000000 0.00000000000000 0.00000000000000 0.00000000000000 0.00000000000000 0.00000000000000 0.00000000000000 0.00000000000000 0.00000000000000 0.00000000000000 0.00000000000000 0.00000000000000 0.00000000000000 0.00000000000000 0.00000000000000 0.00000000000000 0.00000000000000 0.00000000000000 0.00000000000000 0.00000000000000 0.00000000000000 0.00000000000000 0.00000000000000 0.00000000000000 0.00000000000000 0.00000000000000 0.00000000000000 0.00000000000000 0.00000000000000 0.00000000000000 0.00000000000000 0.00000000000000 0.00000000000000 0.00000000000000 0.00000000000000
 0.00000000000000 0.00000000000000 0.00000000000000 0.00000000000000 0.00000000000000 0.00000000000000 0.00000000000000 0.00000000000000 0.00000000000000 0.00000000000000 0.00000000000000 0.00000000000000 0.00000000000000 0.00000000000000 0.00000000000000 0.00000000000000 0.00000000000000 0.00000000000000 0.00000000000000 0.00000000000000 0.00000000000000 0.00000000000000 0.00000000000000 0.00000000000000 0.00000000000000 0.00000000000000 0.00000000000000 0.00000000000000 0.00000000000000 0.00000000000000 0.00000000000000 0.00000000000000 0.00000000000000 0.00000000000000 0.00000000000000 0.00000000000000 0.00000000000000 0.00000000000000 0.00000000000000 0.00000000000000 0.00000000000000
# ln_recsigma:
 -0.693147181000000 -0.693147181000000 -0.693147181000000 -2.30258509300000
# avg_F:
 -2.59692504285663 -1.43803007904341
# F_devs:
 0.762561744373692 0.576647842432294 0.309374576076553 0.370580841839015 -0.117321974477933 0.105472117957937 0.441883490881327 0.263465169413313 0.198365255704525 0.716957310944239 1.03054646141641 0.860661035131586 0.962456035042269 1.24809116345512 1.12035923086231 0.946347774408515 0.563522250538833 0.763487419292377 0.921637139396276 0.698934686345246 -0.170448268829829 0.110336328270195 0.0967166756234512 0.113696712849926 -0.0684832705055124 0.0679011174553797 -0.314311068029247 -0.243742065272971 -0.253901469764100 -0.324696126552254 -0.531105831231702 -0.690423288156965 -0.636698361766887 -0.850483905997620 -0.825194708630267 -0.981315702955691 -1.04259210170893 -1.18460784658852 -1.30724782127571 -1.36512433339996 -1.11052223353503 -1.23178198852951
 -0.222830012406622 -0.434452681116946 -0.802012257485961 -0.939253348255901 -1.17857928023130 -1.45026588501035 -0.893322963450275 -1.35505741328419 -1.17376503368226 -1.10324178005872 -0.858739583062270 -1.12892788385471 -0.737069980245041 -1.16895256143431 -0.920654077537358 -0.618269772429315 -0.574535515928222 -0.530036047724718 -0.439005828006475 -0.312451193722491 0.0412382759571762 -0.0216153957090205 0.125670848567534 0.350739937384458 0.403681242871979 0.107818516676987 0.347142854949957 0.309394397933656 0.254785838803927 0.332842421823109 0.223674952286736 0.383163059355899 0.425337314931353 0.560786691733873 0.616498132336378 0.614896535005833 0.978321231227608 1.02163865454687 1.38581920312504 1.10966246714239 3.77723974991968 3.49268616753990
# logit_vuln:
 5.00000000000000 5.00000000000000 5.00000000000000 5.00000000000000
# fishsel_pars:
 3.89296526351887 3.49551536575566
 3.06723164718215 2.56764075721959
# ln_fishery_q:
 1.24103045656269 -3.19909576559092
# ln_survey_q:
 -2.67825467660260 -3.43227455925333 -4.98112932061175 1.67519154476199
# survey_selpars:
 4.09302370816104
 3.34699937549345
# ln_M1ann:
 -1.23787435600000 -1.60943800000000 -1.60943800000000 -2.28278246600000
# ln_otherFood_base:
13.5278300000
# otherFood_dev:
 0.00000000000
