# Number of parameters = 122 Objective function value = 12844.1939737679  Maximum gradient component = 2.05896046508562
# ln_yr1N:
 4.99277892874113 3.23860494942303 3.33081273503884 0.626336861179535 2.36198435654687
 -6.32051056484347 4.99225004721550 -59.1654771457826 3.78121279617207 2.36497111824081
 9.40051475803190 -82.4793996982102 5.66343111768558 4.78979175221076 -2.78747277230180
 4.65482587043556 -37.7647083168187 2.77406417447583 -0.207663292913193 -20.3957973809491
# recruitment_alpha:
 0.00000000000000 0.00000000000000 0.00000000000000 0.00000000000000
# recruitment_shape:
 0.00000000000000 0.00000000000000 0.00000000000000 0.00000000000000
# recruitment_beta:
 0.00000000000000 0.00000000000000 0.00000000000000 0.00000000000000
# ln_avg_recruitment:
 2.66611924280011 5.63907713598855 5.16300243464751 2.84604989208215
# recruitment_devs:
 0.00000000000000 0.00000000000000 0.00000000000000 0.00000000000000 0.00000000000000 0.00000000000000 0.00000000000000 0.00000000000000 0.00000000000000 0.00000000000000 0.00000000000000 0.00000000000000 0.00000000000000 0.00000000000000 0.00000000000000 0.00000000000000 0.00000000000000 0.00000000000000 0.00000000000000 0.00000000000000 0.00000000000000 0.00000000000000 0.00000000000000 0.00000000000000 0.00000000000000 0.00000000000000 0.00000000000000 0.00000000000000 0.00000000000000 0.00000000000000 0.00000000000000 0.00000000000000 0.00000000000000 0.00000000000000 0.00000000000000 0.00000000000000 0.00000000000000 0.00000000000000 0.00000000000000 0.00000000000000 0.00000000000000
 0.00000000000000 0.00000000000000 0.00000000000000 0.00000000000000 0.00000000000000 0.00000000000000 0.00000000000000 0.00000000000000 0.00000000000000 0.00000000000000 0.00000000000000 0.00000000000000 0.00000000000000 0.00000000000000 0.00000000000000 0.00000000000000 0.00000000000000 0.00000000000000 0.00000000000000 0.00000000000000 0.00000000000000 0.00000000000000 0.00000000000000 0.00000000000000 0.00000000000000 0.00000000000000 0.00000000000000 0.00000000000000 0.00000000000000 0.00000000000000 0.00000000000000 0.00000000000000 0.00000000000000 0.00000000000000 0.00000000000000 0.00000000000000 0.00000000000000 0.00000000000000 0.00000000000000 0.00000000000000 0.00000000000000
 0.00000000000000 0.00000000000000 0.00000000000000 0.00000000000000 0.00000000000000 0.00000000000000 0.00000000000000 0.00000000000000 0.00000000000000 0.00000000000000 0.00000000000000 0.00000000000000 0.00000000000000 0.00000000000000 0.00000000000000 0.00000000000000 0.00000000000000 0.00000000000000 0.00000000000000 0.00000000000000 0.00000000000000 0.00000000000000 0.00000000000000 0.00000000000000 0.00000000000000 0.00000000000000 0.00000000000000 0.00000000000000 0.00000000000000 0.00000000000000 0.00000000000000 0.00000000000000 0.00000000000000 0.00000000000000 0.00000000000000 0.00000000000000 0.00000000000000 0.00000000000000 0.00000000000000 0.00000000000000 0.00000000000000
 0.00000000000000 0.00000000000000 0.00000000000000 0.00000000000000 0.00000000000000 0.00000000000000 0.00000000000000 0.00000000000000 0.00000000000000 0.00000000000000 0.00000000000000 0.00000000000000 0.00000000000000 0.00000000000000 0.00000000000000 0.00000000000000 0.00000000000000 0.00000000000000 0.00000000000000 0.00000000000000 0.00000000000000 0.00000000000000 0.00000000000000 0.00000000000000 0.00000000000000 0.00000000000000 0.00000000000000 0.00000000000000 0.00000000000000 0.00000000000000 0.00000000000000 0.00000000000000 0.00000000000000 0.00000000000000 0.00000000000000 0.00000000000000 0.00000000000000 0.00000000000000 0.00000000000000 0.00000000000000 0.00000000000000
# ln_recsigma:
 -0.693147181000000 -0.693147181000000 -0.693147181000000 -2.30258509300000
# avg_F:
 -2.62861929006540 -1.27714377829279
# F_devs:
 0.741641531126992 0.788600678079613 0.430302614719555 0.558023896978604 0.613994539826368 0.531694455940631 0.269894085119213 0.690030129503177 0.407396856678595 0.400265792048857 0.565809717760242 0.668943348195195 0.947006643735603 0.774658334066702 0.786248319085802 1.09045188971347 0.523322148554964 0.758079009509814 0.730863125384585 0.680977749269621 0.00192690050794050 -0.0342005529441396 -0.000798629892040704 0.229916648305617 0.0244930474022768 0.0989342282680100 -0.211816289342785 -0.276235149951172 -0.440575560126283 -0.362566251099552 -0.523851336186681 -0.512204980555784 -0.735710339757012 -0.767571022043738 -0.908792034506456 -1.06486366259184 -1.05215297528430 -1.33360203229187 -1.10345686625567 -1.27637022331393 -1.27901517377805 -1.42952362892887
 -0.219846179514261 -0.482482296600470 -0.851360878774309 -1.02543783102236 -1.07828162303176 -0.971579226698911 -1.39078838361008 -1.28294696205988 -1.14506391330918 -1.58325157546648 -1.24374020589164 -1.22789257747155 -1.20184833678675 -0.982264477801212 -0.644537856064962 -0.847504048846619 -0.744754527078770 -0.710205445026899 -0.539535037882586 0.0917909837167915 -0.158767051113276 0.137585329319331 0.250893609412487 0.368537622199997 0.257621580083462 0.176631859853566 0.165609710519882 0.110108653036393 0.323993759402372 0.533916644442978 0.159708315785003 0.118628367897416 0.486960099649114 0.646240721363629 0.569362135336935 0.997854474586369 1.01272586645420 1.25437524817343 1.16112044634400 1.11139568798515 4.06260274787652 4.33447507439361
# logit_vuln:
 5.00000000000000 5.00000000000000 5.00000000000000 5.00000000000000
# fishsel_pars:
 3.85482631611846 3.50140589133390
 3.08675576206485 2.52724402253580
# ln_fishery_q:
 1.21493549760368 -3.65296470529990
# ln_survey_q:
 -2.88145669761666 -3.49657061738738 -5.49083730036747 1.86539247912852
# survey_selpars:
 4.10545671056692
 3.37610548374926
# ln_M1ann:
 -1.23787435600000 -1.60943800000000 -1.60943800000000 -2.28278246600000
# ln_otherFood_base:
13.5278300000
# otherFood_dev:
 0.00000000000
