# Number of parameters = 122 Objective function value = 11853.1729669690  Maximum gradient component = 3.70438548253303e-05
# ln_yr1N:
 5.16378161000167 3.35041007325897 3.60235290330365 0.966907040378163 1.87458049150682
 -20.9632100140134 1.64892120001732 5.01483661967377 2.99162420108419 2.71027100957657
 9.26114628715131 3.97396346687494 4.93427471239279 4.77019500411691 -1.18756127950996
 2.68204392684165 4.08941497075531 0.290236450068784 -0.0567745403736666 -5.89472073717552
# recruitment_alpha:
 0.00000000000000 0.00000000000000 0.00000000000000 0.00000000000000
# recruitment_shape:
 0.00000000000000 0.00000000000000 0.00000000000000 0.00000000000000
# recruitment_beta:
 0.00000000000000 0.00000000000000 0.00000000000000 0.00000000000000
# ln_avg_recruitment:
 2.72692936569025 5.55548688279285 5.09811053886900 2.84497251055014
# recruitment_devs:
 0.00000000000000 0.00000000000000 0.00000000000000 0.00000000000000 0.00000000000000 0.00000000000000 0.00000000000000 0.00000000000000 0.00000000000000 0.00000000000000 0.00000000000000 0.00000000000000 0.00000000000000 0.00000000000000 0.00000000000000 0.00000000000000 0.00000000000000 0.00000000000000 0.00000000000000 0.00000000000000 0.00000000000000 0.00000000000000 0.00000000000000 0.00000000000000 0.00000000000000 0.00000000000000 0.00000000000000 0.00000000000000 0.00000000000000 0.00000000000000 0.00000000000000 0.00000000000000 0.00000000000000 0.00000000000000 0.00000000000000 0.00000000000000 0.00000000000000 0.00000000000000 0.00000000000000 0.00000000000000 0.00000000000000
 0.00000000000000 0.00000000000000 0.00000000000000 0.00000000000000 0.00000000000000 0.00000000000000 0.00000000000000 0.00000000000000 0.00000000000000 0.00000000000000 0.00000000000000 0.00000000000000 0.00000000000000 0.00000000000000 0.00000000000000 0.00000000000000 0.00000000000000 0.00000000000000 0.00000000000000 0.00000000000000 0.00000000000000 0.00000000000000 0.00000000000000 0.00000000000000 0.00000000000000 0.00000000000000 0.00000000000000 0.00000000000000 0.00000000000000 0.00000000000000 0.00000000000000 0.00000000000000 0.00000000000000 0.00000000000000 0.00000000000000 0.00000000000000 0.00000000000000 0.00000000000000 0.00000000000000 0.00000000000000 0.00000000000000
 0.00000000000000 0.00000000000000 0.00000000000000 0.00000000000000 0.00000000000000 0.00000000000000 0.00000000000000 0.00000000000000 0.00000000000000 0.00000000000000 0.00000000000000 0.00000000000000 0.00000000000000 0.00000000000000 0.00000000000000 0.00000000000000 0.00000000000000 0.00000000000000 0.00000000000000 0.00000000000000 0.00000000000000 0.00000000000000 0.00000000000000 0.00000000000000 0.00000000000000 0.00000000000000 0.00000000000000 0.00000000000000 0.00000000000000 0.00000000000000 0.00000000000000 0.00000000000000 0.00000000000000 0.00000000000000 0.00000000000000 0.00000000000000 0.00000000000000 0.00000000000000 0.00000000000000 0.00000000000000 0.00000000000000
 0.00000000000000 0.00000000000000 0.00000000000000 0.00000000000000 0.00000000000000 0.00000000000000 0.00000000000000 0.00000000000000 0.00000000000000 0.00000000000000 0.00000000000000 0.00000000000000 0.00000000000000 0.00000000000000 0.00000000000000 0.00000000000000 0.00000000000000 0.00000000000000 0.00000000000000 0.00000000000000 0.00000000000000 0.00000000000000 0.00000000000000 0.00000000000000 0.00000000000000 0.00000000000000 0.00000000000000 0.00000000000000 0.00000000000000 0.00000000000000 0.00000000000000 0.00000000000000 0.00000000000000 0.00000000000000 0.00000000000000 0.00000000000000 0.00000000000000 0.00000000000000 0.00000000000000 0.00000000000000 0.00000000000000
# ln_recsigma:
 -0.693147181000000 -0.693147181000000 -0.693147181000000 -2.30258509300000
# avg_F:
 -2.77784747470988 -1.35730182697374
# F_devs:
 0.862405779741517 0.562519723289011 0.641432598294077 0.361066617070608 0.434992404948608 0.181286662729611 0.420342008091633 0.390857610722607 0.282270830988028 0.672860852911131 0.577098178496363 0.777437923023190 0.988333019358644 1.14494017021561 0.922966065544290 0.709116662243398 0.917448136515795 0.493757880248715 0.824592610009001 0.607062712096446 -0.0145413943855832 -0.122882365257208 0.116423273473848 -0.0393254990025599 0.271031764700335 -0.0117103451163635 -0.0110098898576032 -0.193924893827990 -0.589428671950758 -0.542392176622552 -0.438139229059819 -0.673711924069887 -0.431906765151002 -0.972615809624234 -0.820615751372985 -0.996411257122791 -1.28441851540392 -1.26573213741524 -1.13622113901368 -1.14985812763198 -1.29009889835806 -1.17529869366087
 -0.315374973781604 -0.318502075539293 -0.707607412764443 -1.06675152291219 -1.26515077178945 -0.956962108860210 -1.01398567627232 -0.944706104026514 -1.30617966126094 -1.28074498587005 -0.974182226443362 -1.00124960165060 -0.494591991809115 -0.858508590559479 -1.05269101737766 -1.00245359026232 -0.988741319283382 -0.452057528003089 -0.618830197326936 -0.297480597491917 0.0586356817997185 0.0822461987299393 0.0577156577961778 0.210900948380745 0.350259995905072 0.0982619500923996 0.327989497715898 0.332527940985258 0.344727505051872 0.264201187808778 0.0694471772207229 0.128491691828450 0.137178104556649 0.374820310822847 0.631185236176334 0.974692688155982 1.06747257885767 1.01710392736245 0.954306545767255 1.48086098358723 3.96959189262471 3.98413425203910
# logit_vuln:
 5.00000000000000 5.00000000000000 5.00000000000000 5.00000000000000
# fishsel_pars:
 3.87808655219771 3.46539256884580
 3.09909296093199 2.59949432777168
# ln_fishery_q:
 1.41549962487254 -3.48618996474484
# ln_survey_q:
 -2.88815998878952 -3.25706787148572 -5.36381509627414 1.89848318810159
# survey_selpars:
 4.09700432279763
 3.35472949254421
# ln_M1ann:
 -1.23787435600000 -1.60943800000000 -1.60943800000000 -2.28278246600000
# ln_otherFood_base:
13.5278300000
# otherFood_dev:
 0.00000000000
