# Number of parameters = 122 Objective function value = 11870.7161073897  Maximum gradient component = 8.79690815622993e-05
# ln_yr1N:
 5.07060804561231 3.61313485843232 3.37141263812667 1.44887814772022 1.44191207313535
 -7.35183009843333 1.23981484581016 4.55624542563905 3.37162494194988 3.01398809202481
 9.25914858754661 4.06093274387450 5.03192391784440 5.20475186373262 -27.5345775973949
 2.92461354250007 4.13839704942298 1.41576934243497 0.823681059889730 -5.07569205845111
# recruitment_alpha:
 0.00000000000000 0.00000000000000 0.00000000000000 0.00000000000000
# recruitment_shape:
 0.00000000000000 0.00000000000000 0.00000000000000 0.00000000000000
# recruitment_beta:
 0.00000000000000 0.00000000000000 0.00000000000000 0.00000000000000
# ln_avg_recruitment:
 2.60615931865266 5.53459019679210 5.17704066197882 2.88673199960694
# recruitment_devs:
 0.00000000000000 0.00000000000000 0.00000000000000 0.00000000000000 0.00000000000000 0.00000000000000 0.00000000000000 0.00000000000000 0.00000000000000 0.00000000000000 0.00000000000000 0.00000000000000 0.00000000000000 0.00000000000000 0.00000000000000 0.00000000000000 0.00000000000000 0.00000000000000 0.00000000000000 0.00000000000000 0.00000000000000 0.00000000000000 0.00000000000000 0.00000000000000 0.00000000000000 0.00000000000000 0.00000000000000 0.00000000000000 0.00000000000000 0.00000000000000 0.00000000000000 0.00000000000000 0.00000000000000 0.00000000000000 0.00000000000000 0.00000000000000 0.00000000000000 0.00000000000000 0.00000000000000 0.00000000000000 0.00000000000000
 0.00000000000000 0.00000000000000 0.00000000000000 0.00000000000000 0.00000000000000 0.00000000000000 0.00000000000000 0.00000000000000 0.00000000000000 0.00000000000000 0.00000000000000 0.00000000000000 0.00000000000000 0.00000000000000 0.00000000000000 0.00000000000000 0.00000000000000 0.00000000000000 0.00000000000000 0.00000000000000 0.00000000000000 0.00000000000000 0.00000000000000 0.00000000000000 0.00000000000000 0.00000000000000 0.00000000000000 0.00000000000000 0.00000000000000 0.00000000000000 0.00000000000000 0.00000000000000 0.00000000000000 0.00000000000000 0.00000000000000 0.00000000000000 0.00000000000000 0.00000000000000 0.00000000000000 0.00000000000000 0.00000000000000
 0.00000000000000 0.00000000000000 0.00000000000000 0.00000000000000 0.00000000000000 0.00000000000000 0.00000000000000 0.00000000000000 0.00000000000000 0.00000000000000 0.00000000000000 0.00000000000000 0.00000000000000 0.00000000000000 0.00000000000000 0.00000000000000 0.00000000000000 0.00000000000000 0.00000000000000 0.00000000000000 0.00000000000000 0.00000000000000 0.00000000000000 0.00000000000000 0.00000000000000 0.00000000000000 0.00000000000000 0.00000000000000 0.00000000000000 0.00000000000000 0.00000000000000 0.00000000000000 0.00000000000000 0.00000000000000 0.00000000000000 0.00000000000000 0.00000000000000 0.00000000000000 0.00000000000000 0.00000000000000 0.00000000000000
 0.00000000000000 0.00000000000000 0.00000000000000 0.00000000000000 0.00000000000000 0.00000000000000 0.00000000000000 0.00000000000000 0.00000000000000 0.00000000000000 0.00000000000000 0.00000000000000 0.00000000000000 0.00000000000000 0.00000000000000 0.00000000000000 0.00000000000000 0.00000000000000 0.00000000000000 0.00000000000000 0.00000000000000 0.00000000000000 0.00000000000000 0.00000000000000 0.00000000000000 0.00000000000000 0.00000000000000 0.00000000000000 0.00000000000000 0.00000000000000 0.00000000000000 0.00000000000000 0.00000000000000 0.00000000000000 0.00000000000000 0.00000000000000 0.00000000000000 0.00000000000000 0.00000000000000 0.00000000000000 0.00000000000000
# ln_recsigma:
 -0.693147181000000 -0.693147181000000 -0.693147181000000 -2.30258509300000
# avg_F:
 -2.57370152591946 -1.28119870702811
# F_devs:
 0.794412393424360 0.478380355082415 0.622861230837070 0.321486786455422 0.274483537555993 0.452484189200413 0.179079561339263 0.199352750020179 0.506058206965915 0.578415758025746 0.605340792086871 0.612012636382044 0.749512655528297 0.711307352610847 0.959877462050531 0.997844907265199 1.05807308374629 0.989319966253814 0.778429999839802 0.712520483476083 -0.365520357309431 -0.109136367474260 0.246169722866208 0.125861096805924 -0.0637077776409930 -0.0272623102265164 -0.360709606078019 -0.250897420734851 -0.257420374886882 -0.521269790408271 -0.416113515045014 -0.517136738142361 -0.588630350338244 -0.760470529421541 -0.576460043588656 -0.946030686318770 -1.06826948610999 -0.896097075014554 -1.22234813738154 -1.46941495872987 -1.20990435518553 -1.32648498832150
 -0.923844880178533 -0.648657590394900 -0.771265589315510 -1.11234548767703 -0.900220135824544 -1.30092622989107 -1.17903789141289 -1.10173121087416 -1.45436336272234 -1.40652953294590 -0.844454914043102 -1.04435529437316 -0.967054510861800 -0.871613391112299 -0.893785547208188 -0.709917006251148 -0.457800054909567 -0.272611467861750 -0.566989410546739 -0.403988883860215 0.374855638517020 -0.0629185397321289 0.195444025740358 0.283421654256785 0.279731444098762 0.288759937202137 0.371881174465360 0.408712665106318 0.384838468820290 0.222794221717150 0.363988008081042 0.207668036354342 0.318958462745350 0.554108678200307 0.643231997545984 0.828227827961472 1.02395786196684 1.01050254776985 1.00748672381919 1.00729560310634 4.23332280840873 3.88522314954408
# logit_vuln:
 5.00000000000000 5.00000000000000 5.00000000000000 5.00000000000000
# fishsel_pars:
 3.88686982026505 3.46966176590412
 3.11082727062156 2.49923169665109
# ln_fishery_q:
 1.00470387688711 -3.60690407032111
# ln_survey_q:
 -2.81208437935896 -3.11004117383256 -5.35617740897263 1.54896046552484
# survey_selpars:
 4.09538065455925
 3.42006094091619
# ln_M1ann:
 -1.23787435600000 -1.60943800000000 -1.60943800000000 -2.28278246600000
# ln_otherFood_base:
13.5278300000
# otherFood_dev:
 0.00000000000
