# Number of parameters = 122 Objective function value = 11710.6767823958  Maximum gradient component = 0.000173574368216938
# ln_yr1N:
 5.25261918586124 3.45694740717799 3.60271095764259 0.891658150520897 1.88738593355133
 -14.2593690278837 2.23871762763816 4.33206158110712 3.46862847948309 3.00780222788428
 9.25591588206611 -47.3751271803872 5.29213164330279 5.06726661593141 -26.4502104677722
 2.95301549649949 4.18637246092538 0.742801551711039 0.315854904600830 -3.98805178661442
# recruitment_alpha:
 0.00000000000000 0.00000000000000 0.00000000000000 0.00000000000000
# recruitment_shape:
 0.00000000000000 0.00000000000000 0.00000000000000 0.00000000000000
# recruitment_beta:
 0.00000000000000 0.00000000000000 0.00000000000000 0.00000000000000
# ln_avg_recruitment:
 2.82796478076200 5.64746838292236 5.08714602027717 2.90857591728686
# recruitment_devs:
 0.00000000000000 0.00000000000000 0.00000000000000 0.00000000000000 0.00000000000000 0.00000000000000 0.00000000000000 0.00000000000000 0.00000000000000 0.00000000000000 0.00000000000000 0.00000000000000 0.00000000000000 0.00000000000000 0.00000000000000 0.00000000000000 0.00000000000000 0.00000000000000 0.00000000000000 0.00000000000000 0.00000000000000 0.00000000000000 0.00000000000000 0.00000000000000 0.00000000000000 0.00000000000000 0.00000000000000 0.00000000000000 0.00000000000000 0.00000000000000 0.00000000000000 0.00000000000000 0.00000000000000 0.00000000000000 0.00000000000000 0.00000000000000 0.00000000000000 0.00000000000000 0.00000000000000 0.00000000000000 0.00000000000000
 0.00000000000000 0.00000000000000 0.00000000000000 0.00000000000000 0.00000000000000 0.00000000000000 0.00000000000000 0.00000000000000 0.00000000000000 0.00000000000000 0.00000000000000 0.00000000000000 0.00000000000000 0.00000000000000 0.00000000000000 0.00000000000000 0.00000000000000 0.00000000000000 0.00000000000000 0.00000000000000 0.00000000000000 0.00000000000000 0.00000000000000 0.00000000000000 0.00000000000000 0.00000000000000 0.00000000000000 0.00000000000000 0.00000000000000 0.00000000000000 0.00000000000000 0.00000000000000 0.00000000000000 0.00000000000000 0.00000000000000 0.00000000000000 0.00000000000000 0.00000000000000 0.00000000000000 0.00000000000000 0.00000000000000
 0.00000000000000 0.00000000000000 0.00000000000000 0.00000000000000 0.00000000000000 0.00000000000000 0.00000000000000 0.00000000000000 0.00000000000000 0.00000000000000 0.00000000000000 0.00000000000000 0.00000000000000 0.00000000000000 0.00000000000000 0.00000000000000 0.00000000000000 0.00000000000000 0.00000000000000 0.00000000000000 0.00000000000000 0.00000000000000 0.00000000000000 0.00000000000000 0.00000000000000 0.00000000000000 0.00000000000000 0.00000000000000 0.00000000000000 0.00000000000000 0.00000000000000 0.00000000000000 0.00000000000000 0.00000000000000 0.00000000000000 0.00000000000000 0.00000000000000 0.00000000000000 0.00000000000000 0.00000000000000 0.00000000000000
 0.00000000000000 0.00000000000000 0.00000000000000 0.00000000000000 0.00000000000000 0.00000000000000 0.00000000000000 0.00000000000000 0.00000000000000 0.00000000000000 0.00000000000000 0.00000000000000 0.00000000000000 0.00000000000000 0.00000000000000 0.00000000000000 0.00000000000000 0.00000000000000 0.00000000000000 0.00000000000000 0.00000000000000 0.00000000000000 0.00000000000000 0.00000000000000 0.00000000000000 0.00000000000000 0.00000000000000 0.00000000000000 0.00000000000000 0.00000000000000 0.00000000000000 0.00000000000000 0.00000000000000 0.00000000000000 0.00000000000000 0.00000000000000 0.00000000000000 0.00000000000000 0.00000000000000 0.00000000000000 0.00000000000000
# ln_recsigma:
 -0.693147181000000 -0.693147181000000 -0.693147181000000 -2.30258509300000
# avg_F:
 -2.79182704374909 -1.31245414679363
# F_devs:
 1.00370889367957 0.417000272957471 0.676679002433960 0.478639007629411 -0.144300635779587 0.535195171051951 0.275523119167599 0.247756951080964 0.353379177087855 0.457323462478068 0.767443454034718 0.972433948227456 1.27039172706606 1.19696458529536 0.999847546635058 0.854553160823537 0.835689721326482 0.766282992305490 0.589287509589622 0.809601353709289 -0.222131130410035 -0.00220115608434164 -0.415999163490789 -0.121233102217672 0.0959566829707883 0.0413558880849775 -0.164172228160555 -0.219196649582763 -0.309208570517863 -0.415796977180139 -0.634133191252738 -0.520715523845509 -0.452825342250590 -0.725982962830026 -0.850280344063539 -1.14341135170100 -1.25350246613429 -1.04237540008476 -1.59567209242879 -1.08928533918110 -1.09957412082510 -1.22301595624344
 -0.758694981615432 -0.608620230165063 -0.976336513628011 -0.821897815279568 -1.06749616174620 -1.32610141559393 -0.940692013480436 -0.972921791649436 -1.24996208046308 -1.24416112252650 -1.03502405100642 -1.01329967127340 -1.15164190596851 -0.805982134347553 -0.896799396440482 -0.775669113394123 -0.758012338193069 -0.671944585390945 -0.570768539800375 -0.130546754210836 0.152633976932678 0.364012734966482 0.194142012400380 0.116787012556729 0.330386829236998 0.572648799107569 0.226462017161638 0.312968112888463 0.275193289386628 0.115392589918797 0.0846108724733082 0.450413125824649 0.147636408609403 0.568049788125129 0.743482257658610 0.796697901974693 0.910244519716099 1.15005848083155 1.22230402297114 1.02819970357469 4.05525313673777 3.95899501876926
# logit_vuln:
 5.00000000000000 5.00000000000000 5.00000000000000 5.00000000000000
# fishsel_pars:
 3.88905419218407 3.50356007658401
 3.15654726162790 2.59344444143056
# ln_fishery_q:
 1.41296560634119 -3.48534637263571
# ln_survey_q:
 -2.98711955716292 -3.38821593836897 -5.35749497652530 1.81619651032466
# survey_selpars:
 4.10647800720414
 3.40360581058748
# ln_M1ann:
 -1.23787435600000 -1.60943800000000 -1.60943800000000 -2.28278246600000
# ln_otherFood_base:
13.5278300000
# otherFood_dev:
 0.00000000000
