# Number of parameters = 122 Objective function value = 12253.1709888465  Maximum gradient component = 7.53552626895224e-05
# ln_yr1N:
 5.14331041979367 3.41207244135519 3.51215539015174 1.11655287153345 1.91606950235006
 0.760369818676248 -2.70989679693766 5.48364891413176 1.70266920116221 1.68862415589791
 9.30214318589755 3.82151029284067 4.41752659424746 4.44028446967160 -2.14234709562190
 1.79672174834810 4.22875391573129 0.634306669139068 0.496927865282938 -5.57705257296237
# recruitment_alpha:
 0.00000000000000 0.00000000000000 0.00000000000000 0.00000000000000
# recruitment_shape:
 0.00000000000000 0.00000000000000 0.00000000000000 0.00000000000000
# recruitment_beta:
 0.00000000000000 0.00000000000000 0.00000000000000 0.00000000000000
# ln_avg_recruitment:
 2.76788927257475 5.65511211362508 5.20538271711059 2.96446258976146
# recruitment_devs:
 0.00000000000000 0.00000000000000 0.00000000000000 0.00000000000000 0.00000000000000 0.00000000000000 0.00000000000000 0.00000000000000 0.00000000000000 0.00000000000000 0.00000000000000 0.00000000000000 0.00000000000000 0.00000000000000 0.00000000000000 0.00000000000000 0.00000000000000 0.00000000000000 0.00000000000000 0.00000000000000 0.00000000000000 0.00000000000000 0.00000000000000 0.00000000000000 0.00000000000000 0.00000000000000 0.00000000000000 0.00000000000000 0.00000000000000 0.00000000000000 0.00000000000000 0.00000000000000 0.00000000000000 0.00000000000000 0.00000000000000 0.00000000000000 0.00000000000000 0.00000000000000 0.00000000000000 0.00000000000000 0.00000000000000
 0.00000000000000 0.00000000000000 0.00000000000000 0.00000000000000 0.00000000000000 0.00000000000000 0.00000000000000 0.00000000000000 0.00000000000000 0.00000000000000 0.00000000000000 0.00000000000000 0.00000000000000 0.00000000000000 0.00000000000000 0.00000000000000 0.00000000000000 0.00000000000000 0.00000000000000 0.00000000000000 0.00000000000000 0.00000000000000 0.00000000000000 0.00000000000000 0.00000000000000 0.00000000000000 0.00000000000000 0.00000000000000 0.00000000000000 0.00000000000000 0.00000000000000 0.00000000000000 0.00000000000000 0.00000000000000 0.00000000000000 0.00000000000000 0.00000000000000 0.00000000000000 0.00000000000000 0.00000000000000 0.00000000000000
 0.00000000000000 0.00000000000000 0.00000000000000 0.00000000000000 0.00000000000000 0.00000000000000 0.00000000000000 0.00000000000000 0.00000000000000 0.00000000000000 0.00000000000000 0.00000000000000 0.00000000000000 0.00000000000000 0.00000000000000 0.00000000000000 0.00000000000000 0.00000000000000 0.00000000000000 0.00000000000000 0.00000000000000 0.00000000000000 0.00000000000000 0.00000000000000 0.00000000000000 0.00000000000000 0.00000000000000 0.00000000000000 0.00000000000000 0.00000000000000 0.00000000000000 0.00000000000000 0.00000000000000 0.00000000000000 0.00000000000000 0.00000000000000 0.00000000000000 0.00000000000000 0.00000000000000 0.00000000000000 0.00000000000000
 0.00000000000000 0.00000000000000 0.00000000000000 0.00000000000000 0.00000000000000 0.00000000000000 0.00000000000000 0.00000000000000 0.00000000000000 0.00000000000000 0.00000000000000 0.00000000000000 0.00000000000000 0.00000000000000 0.00000000000000 0.00000000000000 0.00000000000000 0.00000000000000 0.00000000000000 0.00000000000000 0.00000000000000 0.00000000000000 0.00000000000000 0.00000000000000 0.00000000000000 0.00000000000000 0.00000000000000 0.00000000000000 0.00000000000000 0.00000000000000 0.00000000000000 0.00000000000000 0.00000000000000 0.00000000000000 0.00000000000000 0.00000000000000 0.00000000000000 0.00000000000000 0.00000000000000 0.00000000000000 0.00000000000000
# ln_recsigma:
 -0.693147181000000 -0.693147181000000 -0.693147181000000 -2.30258509300000
# avg_F:
 -2.77917013839896 -1.30406468150211
# F_devs:
 1.01121914783411 0.802412773895981 0.795459640186090 0.352676237490202 0.194591540526849 0.518334074354550 0.498512492623671 0.586274790274283 0.446071786716644 0.501102540745045 0.889540601664763 0.810572902593223 0.977277311242236 1.03982440422168 1.02286579737237 1.00429807189754 0.663088562765873 0.611507141340607 0.591052494924404 0.854763995941239 -0.170131980322185 -0.0215434413279121 -0.0565358138314812 0.0977112356052370 -0.174251025401214 -0.381098595489836 -0.243904018835104 -0.558777425035901 -0.398133732882095 -0.580868123186005 -0.482581555946596 -0.538830227122144 -0.609309677810447 -0.888468503956902 -0.986116151638323 -0.976158521091381 -1.16808026594987 -1.12028601045926 -1.08329257112425 -1.19195793991345 -1.27289980215781 -1.36593218819259
 0.193009771128949 -0.167578140568436 -0.725728830444851 -0.797392982814263 -0.933110116518784 -1.20551463455496 -1.18875698356052 -1.20189288223948 -0.933791658068103 -1.27123561601165 -1.04903822271412 -1.20233744376303 -0.725182901301855 -0.863133129222567 -0.616677007517216 -0.702567639581084 -0.862525579044231 -0.766565327685650 -0.696634547048386 -0.335904039418758 0.0381179793765768 0.0439802156801278 -0.170060430289700 0.287539414828474 0.242401472138727 0.188620363704021 0.383607408979492 0.169352252691970 0.151298501768936 0.292987198494741 0.486002811654824 0.289819833769849 0.427650390269612 0.444307577416550 0.548507032331131 0.460082269143009 0.846109539437979 1.01253837603088 1.01825998600310 0.971491860592248 4.10810495938167 3.81183889387045
# logit_vuln:
 5.00000000000000 5.00000000000000 5.00000000000000 5.00000000000000
# fishsel_pars:
 3.89125410901299 3.51665004744671
 3.16208822341868 2.58997925966318
# ln_fishery_q:
 1.28561193278802 -3.54996792866419
# ln_survey_q:
 -2.91256998414264 -3.51306537041607 -5.29955397009346 1.68091919619927
# survey_selpars:
 4.07232822656900
 3.34078028530030
# ln_M1ann:
 -1.23787435600000 -1.60943800000000 -1.60943800000000 -2.28278246600000
# ln_otherFood_base:
13.5278300000
# otherFood_dev:
 0.00000000000
