# Number of parameters = 122 Objective function value = 12784.4979787389  Maximum gradient component = 4.12836946309602e-05
# ln_yr1N:
 4.98200836801683 3.61173918818943 3.58357753008575 0.619595859950098 2.22418966421249
 -0.111725020623328 -5.41481140285949 5.36123224067859 -89.6405134688346 2.52166160980424
 9.45841766074508 3.96167672975019 4.66913285266756 5.00242820561460 -1.28638080996813
 4.10559080676145 3.64226531277852 0.974964724880930 0.535551560193383 -5.94037008739453
# recruitment_alpha:
 0.00000000000000 0.00000000000000 0.00000000000000 0.00000000000000
# recruitment_shape:
 0.00000000000000 0.00000000000000 0.00000000000000 0.00000000000000
# recruitment_beta:
 0.00000000000000 0.00000000000000 0.00000000000000 0.00000000000000
# ln_avg_recruitment:
 2.92202771885575 5.60168615350485 5.20538527044033 2.85898013085616
# recruitment_devs:
 0.00000000000000 0.00000000000000 0.00000000000000 0.00000000000000 0.00000000000000 0.00000000000000 0.00000000000000 0.00000000000000 0.00000000000000 0.00000000000000 0.00000000000000 0.00000000000000 0.00000000000000 0.00000000000000 0.00000000000000 0.00000000000000 0.00000000000000 0.00000000000000 0.00000000000000 0.00000000000000 0.00000000000000 0.00000000000000 0.00000000000000 0.00000000000000 0.00000000000000 0.00000000000000 0.00000000000000 0.00000000000000 0.00000000000000 0.00000000000000 0.00000000000000 0.00000000000000 0.00000000000000 0.00000000000000 0.00000000000000 0.00000000000000 0.00000000000000 0.00000000000000 0.00000000000000 0.00000000000000 0.00000000000000
 0.00000000000000 0.00000000000000 0.00000000000000 0.00000000000000 0.00000000000000 0.00000000000000 0.00000000000000 0.00000000000000 0.00000000000000 0.00000000000000 0.00000000000000 0.00000000000000 0.00000000000000 0.00000000000000 0.00000000000000 0.00000000000000 0.00000000000000 0.00000000000000 0.00000000000000 0.00000000000000 0.00000000000000 0.00000000000000 0.00000000000000 0.00000000000000 0.00000000000000 0.00000000000000 0.00000000000000 0.00000000000000 0.00000000000000 0.00000000000000 0.00000000000000 0.00000000000000 0.00000000000000 0.00000000000000 0.00000000000000 0.00000000000000 0.00000000000000 0.00000000000000 0.00000000000000 0.00000000000000 0.00000000000000
 0.00000000000000 0.00000000000000 0.00000000000000 0.00000000000000 0.00000000000000 0.00000000000000 0.00000000000000 0.00000000000000 0.00000000000000 0.00000000000000 0.00000000000000 0.00000000000000 0.00000000000000 0.00000000000000 0.00000000000000 0.00000000000000 0.00000000000000 0.00000000000000 0.00000000000000 0.00000000000000 0.00000000000000 0.00000000000000 0.00000000000000 0.00000000000000 0.00000000000000 0.00000000000000 0.00000000000000 0.00000000000000 0.00000000000000 0.00000000000000 0.00000000000000 0.00000000000000 0.00000000000000 0.00000000000000 0.00000000000000 0.00000000000000 0.00000000000000 0.00000000000000 0.00000000000000 0.00000000000000 0.00000000000000
 0.00000000000000 0.00000000000000 0.00000000000000 0.00000000000000 0.00000000000000 0.00000000000000 0.00000000000000 0.00000000000000 0.00000000000000 0.00000000000000 0.00000000000000 0.00000000000000 0.00000000000000 0.00000000000000 0.00000000000000 0.00000000000000 0.00000000000000 0.00000000000000 0.00000000000000 0.00000000000000 0.00000000000000 0.00000000000000 0.00000000000000 0.00000000000000 0.00000000000000 0.00000000000000 0.00000000000000 0.00000000000000 0.00000000000000 0.00000000000000 0.00000000000000 0.00000000000000 0.00000000000000 0.00000000000000 0.00000000000000 0.00000000000000 0.00000000000000 0.00000000000000 0.00000000000000 0.00000000000000 0.00000000000000
# ln_recsigma:
 -0.693147181000000 -0.693147181000000 -0.693147181000000 -2.30258509300000
# avg_F:
 -2.98671507015094 -1.41915611334339
# F_devs:
 0.859825236957002 0.544426650061535 0.559523281962747 0.507101024370736 0.503446359809403 0.536607336918758 0.311278052030023 0.467832310052852 0.275176358844898 0.704237199395240 1.22918430457777 0.846482921774480 0.933494811044092 0.900428842903647 1.06891036065951 0.860503896340636 0.734909440843430 0.762723095995514 0.783993174022917 0.731308827926604 -0.122431408474072 -0.130563610746926 0.170104279363666 0.0500303228331470 -0.0795197717711223 -0.301702913182982 -0.460936224569000 -0.206632350874615 -0.735332664922007 -0.326237690357262 -0.675841090852927 -0.576407907749196 -0.558958722448445 -0.786108283199617 -0.977212897000892 -1.13440621001366 -1.29425829776974 -1.16140035371592 -1.26511156348984 -1.06594771746716 -1.13248949389638 -1.35002892235845
 -0.490578836770503 -0.385639466198224 -0.791889255097243 -0.994671527058307 -1.07089305086440 -1.04532435912651 -1.48451531111994 -1.26633526155612 -1.44095092501413 -0.977208446712671 -1.18956811521204 -1.02729770351772 -0.932388595801189 -0.977718617459257 -0.842327614647446 -0.663353605296266 -0.573922775643307 -0.676819957662990 -0.644615712913434 -0.207683504823653 -0.171272751459861 0.113960424459975 0.350587212210268 0.295849584349875 0.576889520557919 0.327935377226507 0.453923658458002 0.151781546163339 0.216446053774407 0.496156152587266 0.270869334455741 -0.0350916857287477 0.589869546620178 0.375086491956699 0.494246646545971 0.673278287602067 1.04758612168815 0.865050016764678 0.944200796389377 1.41604879216390 4.36013306846567 3.87016844447327
# logit_vuln:
 5.00000000000000 5.00000000000000 5.00000000000000 5.00000000000000
# fishsel_pars:
 3.87980709887172 3.47512245393531
 3.16953467395128 2.50801401055776
# ln_fishery_q:
 1.66408565617970 -3.56832055048736
# ln_survey_q:
 -3.11019098431589 -3.32800335716833 -5.25462608580765 1.99999999742198
# survey_selpars:
 4.09947778484485
 3.33858825635379
# ln_M1ann:
 -1.23787435600000 -1.60943800000000 -1.60943800000000 -2.28278246600000
# ln_otherFood_base:
13.5278300000
# otherFood_dev:
 0.00000000000
