# Number of parameters = 122 Objective function value = 13381.3204895131  Maximum gradient component = 3.71465483688780e-05
# ln_yr1N:
 5.25158565420516 3.65764742408764 3.84871396586130 0.537697947617830 1.62692199222249
 -6.24960685459140 1.99586923171006 4.73046967425677 2.92355422805572 2.85802054174524
 9.33777954734887 5.36527914769913 -21.4119163911942 5.10790506287150 -23.5530931855170
 4.39019854423920 3.25704414524237 2.17097098310108 0.669212688930379 -5.38416623826385
# recruitment_alpha:
 0.00000000000000 0.00000000000000 0.00000000000000 0.00000000000000
# recruitment_shape:
 0.00000000000000 0.00000000000000 0.00000000000000 0.00000000000000
# recruitment_beta:
 0.00000000000000 0.00000000000000 0.00000000000000 0.00000000000000
# ln_avg_recruitment:
 2.88157806412245 5.58335708867492 5.13404859190200 2.92238403783298
# recruitment_devs:
 0.00000000000000 0.00000000000000 0.00000000000000 0.00000000000000 0.00000000000000 0.00000000000000 0.00000000000000 0.00000000000000 0.00000000000000 0.00000000000000 0.00000000000000 0.00000000000000 0.00000000000000 0.00000000000000 0.00000000000000 0.00000000000000 0.00000000000000 0.00000000000000 0.00000000000000 0.00000000000000 0.00000000000000 0.00000000000000 0.00000000000000 0.00000000000000 0.00000000000000 0.00000000000000 0.00000000000000 0.00000000000000 0.00000000000000 0.00000000000000 0.00000000000000 0.00000000000000 0.00000000000000 0.00000000000000 0.00000000000000 0.00000000000000 0.00000000000000 0.00000000000000 0.00000000000000 0.00000000000000 0.00000000000000
 0.00000000000000 0.00000000000000 0.00000000000000 0.00000000000000 0.00000000000000 0.00000000000000 0.00000000000000 0.00000000000000 0.00000000000000 0.00000000000000 0.00000000000000 0.00000000000000 0.00000000000000 0.00000000000000 0.00000000000000 0.00000000000000 0.00000000000000 0.00000000000000 0.00000000000000 0.00000000000000 0.00000000000000 0.00000000000000 0.00000000000000 0.00000000000000 0.00000000000000 0.00000000000000 0.00000000000000 0.00000000000000 0.00000000000000 0.00000000000000 0.00000000000000 0.00000000000000 0.00000000000000 0.00000000000000 0.00000000000000 0.00000000000000 0.00000000000000 0.00000000000000 0.00000000000000 0.00000000000000 0.00000000000000
 0.00000000000000 0.00000000000000 0.00000000000000 0.00000000000000 0.00000000000000 0.00000000000000 0.00000000000000 0.00000000000000 0.00000000000000 0.00000000000000 0.00000000000000 0.00000000000000 0.00000000000000 0.00000000000000 0.00000000000000 0.00000000000000 0.00000000000000 0.00000000000000 0.00000000000000 0.00000000000000 0.00000000000000 0.00000000000000 0.00000000000000 0.00000000000000 0.00000000000000 0.00000000000000 0.00000000000000 0.00000000000000 0.00000000000000 0.00000000000000 0.00000000000000 0.00000000000000 0.00000000000000 0.00000000000000 0.00000000000000 0.00000000000000 0.00000000000000 0.00000000000000 0.00000000000000 0.00000000000000 0.00000000000000
 0.00000000000000 0.00000000000000 0.00000000000000 0.00000000000000 0.00000000000000 0.00000000000000 0.00000000000000 0.00000000000000 0.00000000000000 0.00000000000000 0.00000000000000 0.00000000000000 0.00000000000000 0.00000000000000 0.00000000000000 0.00000000000000 0.00000000000000 0.00000000000000 0.00000000000000 0.00000000000000 0.00000000000000 0.00000000000000 0.00000000000000 0.00000000000000 0.00000000000000 0.00000000000000 0.00000000000000 0.00000000000000 0.00000000000000 0.00000000000000 0.00000000000000 0.00000000000000 0.00000000000000 0.00000000000000 0.00000000000000 0.00000000000000 0.00000000000000 0.00000000000000 0.00000000000000 0.00000000000000 0.00000000000000
# ln_recsigma:
 -0.693147181000000 -0.693147181000000 -0.693147181000000 -2.30258509300000
# avg_F:
 -2.91522435901543 -1.14539727353908
# F_devs:
 0.944262722167802 0.965915813432458 0.510304418259932 0.276184914495335 0.230632341369600 0.648156173776590 0.593041010879912 0.404331719574416 0.500265106404216 0.536196376615526 0.827731738553706 0.869134429050441 1.02077414289501 0.793824541317177 0.868443471887750 0.843033014880697 0.891654307656477 0.791217392308649 0.779233638896916 1.03843565004409 0.189718894786201 -0.242493379483806 -0.0636434362698593 -0.186413542862517 -0.232064594106372 0.0449509908843101 -0.201323068769684 -0.379988006962703 -0.497539374802612 -0.362685789998463 -0.641047902491429 -0.648031088644671 -0.568269151462299 -1.11901738993133 -1.14442560146506 -0.756844474341507 -1.22201542692601 -1.10904420739459 -1.09989151028653 -1.30173714609737 -1.40519707061948 -1.38577062351180
 -0.534291160627888 -0.747124616994233 -0.696142867639826 -1.10416751732093 -0.761693786512542 -0.866285612394160 -1.18360624774219 -1.00344048116760 -1.09741115698256 -1.21934252413908 -0.893946715351992 -0.998471378632577 -0.675991577952568 -1.07355469668004 -0.977972336530539 -0.887527579224364 -0.849320993069004 -0.983566120251789 -0.611844361863509 -0.119936668396494 -0.0889215008475844 0.132961953666821 0.125444066353380 0.201775803066659 0.395644987043785 0.412013011185158 0.365689091907904 0.405182009138951 0.325287720544696 0.0616251169898522 0.370366998388949 0.156228215078855 0.452115402447220 0.359618814653256 0.642764124442479 0.907416291753391 0.898264646728384 1.10344951080060 1.11725234663360 0.986049335303296 4.07648726123439 3.87892319614263
# logit_vuln:
 5.00000000000000 5.00000000000000 5.00000000000000 5.00000000000000
# fishsel_pars:
 3.86848271893945 3.54499270652013
 3.10759870245587 2.57782764460640
# ln_fishery_q:
 1.62279300821950 -3.63888581867414
# ln_survey_q:
 -3.06466507725225 -3.26848026117482 -5.28134963711464 1.89051032851503
# survey_selpars:
 4.10267331153177
 3.32748035610755
# ln_M1ann:
 -1.23787435600000 -1.60943800000000 -1.60943800000000 -2.28278246600000
# ln_otherFood_base:
13.5278300000
# otherFood_dev:
 0.00000000000
