# Number of parameters = 122 Objective function value = 12270.3969834968  Maximum gradient component = 0.000191550488784736
# ln_yr1N:
 5.12371371708106 3.42877470442664 3.64934057691131 1.37305825802981 1.55079226270251
 -0.547670803469312 1.41739369925506 5.25314240402856 -40.8677039590560 2.75217508728958
 9.40456827026742 -73.5040202127095 5.26659367215158 4.71688945593839 -925.689260207181
 2.18891434586596 4.26482381578511 1.09512330939918 0.864894070874502 -5.41099477936125
# recruitment_alpha:
 0.00000000000000 0.00000000000000 0.00000000000000 0.00000000000000
# recruitment_shape:
 0.00000000000000 0.00000000000000 0.00000000000000 0.00000000000000
# recruitment_beta:
 0.00000000000000 0.00000000000000 0.00000000000000 0.00000000000000
# ln_avg_recruitment:
 2.58234761339191 5.58162412240752 5.07622554719556 2.88853477250888
# recruitment_devs:
 0.00000000000000 0.00000000000000 0.00000000000000 0.00000000000000 0.00000000000000 0.00000000000000 0.00000000000000 0.00000000000000 0.00000000000000 0.00000000000000 0.00000000000000 0.00000000000000 0.00000000000000 0.00000000000000 0.00000000000000 0.00000000000000 0.00000000000000 0.00000000000000 0.00000000000000 0.00000000000000 0.00000000000000 0.00000000000000 0.00000000000000 0.00000000000000 0.00000000000000 0.00000000000000 0.00000000000000 0.00000000000000 0.00000000000000 0.00000000000000 0.00000000000000 0.00000000000000 0.00000000000000 0.00000000000000 0.00000000000000 0.00000000000000 0.00000000000000 0.00000000000000 0.00000000000000 0.00000000000000 0.00000000000000
 0.00000000000000 0.00000000000000 0.00000000000000 0.00000000000000 0.00000000000000 0.00000000000000 0.00000000000000 0.00000000000000 0.00000000000000 0.00000000000000 0.00000000000000 0.00000000000000 0.00000000000000 0.00000000000000 0.00000000000000 0.00000000000000 0.00000000000000 0.00000000000000 0.00000000000000 0.00000000000000 0.00000000000000 0.00000000000000 0.00000000000000 0.00000000000000 0.00000000000000 0.00000000000000 0.00000000000000 0.00000000000000 0.00000000000000 0.00000000000000 0.00000000000000 0.00000000000000 0.00000000000000 0.00000000000000 0.00000000000000 0.00000000000000 0.00000000000000 0.00000000000000 0.00000000000000 0.00000000000000 0.00000000000000
 0.00000000000000 0.00000000000000 0.00000000000000 0.00000000000000 0.00000000000000 0.00000000000000 0.00000000000000 0.00000000000000 0.00000000000000 0.00000000000000 0.00000000000000 0.00000000000000 0.00000000000000 0.00000000000000 0.00000000000000 0.00000000000000 0.00000000000000 0.00000000000000 0.00000000000000 0.00000000000000 0.00000000000000 0.00000000000000 0.00000000000000 0.00000000000000 0.00000000000000 0.00000000000000 0.00000000000000 0.00000000000000 0.00000000000000 0.00000000000000 0.00000000000000 0.00000000000000 0.00000000000000 0.00000000000000 0.00000000000000 0.00000000000000 0.00000000000000 0.00000000000000 0.00000000000000 0.00000000000000 0.00000000000000
 0.00000000000000 0.00000000000000 0.00000000000000 0.00000000000000 0.00000000000000 0.00000000000000 0.00000000000000 0.00000000000000 0.00000000000000 0.00000000000000 0.00000000000000 0.00000000000000 0.00000000000000 0.00000000000000 0.00000000000000 0.00000000000000 0.00000000000000 0.00000000000000 0.00000000000000 0.00000000000000 0.00000000000000 0.00000000000000 0.00000000000000 0.00000000000000 0.00000000000000 0.00000000000000 0.00000000000000 0.00000000000000 0.00000000000000 0.00000000000000 0.00000000000000 0.00000000000000 0.00000000000000 0.00000000000000 0.00000000000000 0.00000000000000 0.00000000000000 0.00000000000000 0.00000000000000 0.00000000000000 0.00000000000000
# ln_recsigma:
 -0.693147181000000 -0.693147181000000 -0.693147181000000 -2.30258509300000
# avg_F:
 -2.56928093215055 -1.27408273328055
# F_devs:
 0.781454436844537 0.723222543813171 0.381528030221318 0.192161951111595 0.101687416945643 0.217559196802076 0.371338850388617 0.0955245732563225 0.163948719916225 0.378460867327127 0.540637958016616 0.851826466299658 1.17819575774708 0.869481144337787 1.03615275813690 0.905118939261896 0.737244634999029 0.990079562976806 0.758051127946978 0.621796856100631 0.228289472905069 0.0347523733434772 0.133243766373049 -0.0213305484122799 -0.0698416501746850 0.0121469434108330 -0.239867622776007 -0.273748104203778 -0.396126952472675 -0.516193308481473 -0.408152389578479 -0.571572095523780 -0.615153002174303 -1.02181308246983 -0.864258616288441 -0.810012427880593 -1.03139952988155 -1.05275615402573 -0.973731955956093 -0.966025217285118 -1.17984547426229 -1.29207621239521
 -0.561130021316681 -0.567954995141235 -0.884967773429124 -1.13519663826210 -1.13066697898138 -1.06236612127447 -1.11147483910525 -1.27071049774884 -1.21789956576900 -1.40040197763682 -1.14353550909434 -1.20019301696360 -1.14974443035947 -1.00892043148747 -0.794959112033517 -0.709295872398215 -0.560460039139698 -0.549264621599536 -0.654769013714443 -0.234998966937116 0.0764726872678859 0.120790822012959 0.223278887799357 0.274221986587605 0.147693018086793 0.227441614969278 0.247876335888495 0.403002871693463 0.358168607428461 0.189556274159338 0.154998337838801 0.310681766973115 0.446478996264759 0.530134757368508 0.623538864471354 1.03074681598251 1.03386704697905 0.957670485530210 1.29366883308768 1.63292919774734 4.02458814624764 4.04110406643604
# logit_vuln:
 5.00000000000000 5.00000000000000 5.00000000000000 5.00000000000000
# fishsel_pars:
 3.89230290484783 3.46866339722119
 3.12913471124857 2.51290482713724
# ln_fishery_q:
 1.14557605633504 -3.67232340626099
# ln_survey_q:
 -2.78689268548755 -3.25546254390966 -5.52963508165952 1.70847257992872
# survey_selpars:
 4.11215241944287
 3.38415558737220
# ln_M1ann:
 -1.23787435600000 -1.60943800000000 -1.60943800000000 -2.28278246600000
# ln_otherFood_base:
13.5278300000
# otherFood_dev:
 0.00000000000
