# Number of parameters = 122 Objective function value = 13071.6369438378  Maximum gradient component = 4.07392370277719e-05
# ln_yr1N:
 5.22407701022306 3.40309582390948 3.74258436225514 0.590031600891006 1.58483536353407
 -6.40517295588129 4.96903215059244 4.59131100996504 2.58124381764266 2.32045168160483
 9.46462762870815 -106.204506638055 4.87546843791871 4.49685905996338 -21.0523579877907
 2.21223721328191 4.01046228822663 1.77530878880841 0.138774560897552 -5.09506986851466
# recruitment_alpha:
 0.00000000000000 0.00000000000000 0.00000000000000 0.00000000000000
# recruitment_shape:
 0.00000000000000 0.00000000000000 0.00000000000000 0.00000000000000
# recruitment_beta:
 0.00000000000000 0.00000000000000 0.00000000000000 0.00000000000000
# ln_avg_recruitment:
 2.81856393403675 5.62989160432561 5.14106239631341 2.85908703987418
# recruitment_devs:
 0.00000000000000 0.00000000000000 0.00000000000000 0.00000000000000 0.00000000000000 0.00000000000000 0.00000000000000 0.00000000000000 0.00000000000000 0.00000000000000 0.00000000000000 0.00000000000000 0.00000000000000 0.00000000000000 0.00000000000000 0.00000000000000 0.00000000000000 0.00000000000000 0.00000000000000 0.00000000000000 0.00000000000000 0.00000000000000 0.00000000000000 0.00000000000000 0.00000000000000 0.00000000000000 0.00000000000000 0.00000000000000 0.00000000000000 0.00000000000000 0.00000000000000 0.00000000000000 0.00000000000000 0.00000000000000 0.00000000000000 0.00000000000000 0.00000000000000 0.00000000000000 0.00000000000000 0.00000000000000 0.00000000000000
 0.00000000000000 0.00000000000000 0.00000000000000 0.00000000000000 0.00000000000000 0.00000000000000 0.00000000000000 0.00000000000000 0.00000000000000 0.00000000000000 0.00000000000000 0.00000000000000 0.00000000000000 0.00000000000000 0.00000000000000 0.00000000000000 0.00000000000000 0.00000000000000 0.00000000000000 0.00000000000000 0.00000000000000 0.00000000000000 0.00000000000000 0.00000000000000 0.00000000000000 0.00000000000000 0.00000000000000 0.00000000000000 0.00000000000000 0.00000000000000 0.00000000000000 0.00000000000000 0.00000000000000 0.00000000000000 0.00000000000000 0.00000000000000 0.00000000000000 0.00000000000000 0.00000000000000 0.00000000000000 0.00000000000000
 0.00000000000000 0.00000000000000 0.00000000000000 0.00000000000000 0.00000000000000 0.00000000000000 0.00000000000000 0.00000000000000 0.00000000000000 0.00000000000000 0.00000000000000 0.00000000000000 0.00000000000000 0.00000000000000 0.00000000000000 0.00000000000000 0.00000000000000 0.00000000000000 0.00000000000000 0.00000000000000 0.00000000000000 0.00000000000000 0.00000000000000 0.00000000000000 0.00000000000000 0.00000000000000 0.00000000000000 0.00000000000000 0.00000000000000 0.00000000000000 0.00000000000000 0.00000000000000 0.00000000000000 0.00000000000000 0.00000000000000 0.00000000000000 0.00000000000000 0.00000000000000 0.00000000000000 0.00000000000000 0.00000000000000
 0.00000000000000 0.00000000000000 0.00000000000000 0.00000000000000 0.00000000000000 0.00000000000000 0.00000000000000 0.00000000000000 0.00000000000000 0.00000000000000 0.00000000000000 0.00000000000000 0.00000000000000 0.00000000000000 0.00000000000000 0.00000000000000 0.00000000000000 0.00000000000000 0.00000000000000 0.00000000000000 0.00000000000000 0.00000000000000 0.00000000000000 0.00000000000000 0.00000000000000 0.00000000000000 0.00000000000000 0.00000000000000 0.00000000000000 0.00000000000000 0.00000000000000 0.00000000000000 0.00000000000000 0.00000000000000 0.00000000000000 0.00000000000000 0.00000000000000 0.00000000000000 0.00000000000000 0.00000000000000 0.00000000000000
# ln_recsigma:
 -0.693147181000000 -0.693147181000000 -0.693147181000000 -2.30258509300000
# avg_F:
 -2.90141284133582 -1.19145754966826
# F_devs:
 0.969074284718787 0.869988347298878 0.376668266710621 0.192100798075528 0.296331576376653 0.169132041598635 0.454230005936006 0.335998998684285 0.621770989246513 0.454917377550821 0.861037476145824 0.765039342499302 0.888747040747805 0.905552219645179 0.773924408564012 0.772225290214934 0.775817705062203 0.851851365264500 0.957486216675536 0.503188600813806 -0.179830925117916 0.143212196971088 0.134647209819902 -0.0254072312370279 -0.0631180164764498 0.0678871232019189 -0.103927102229215 -0.451726689998540 -0.420664524098757 -0.414348882355091 -0.499872955242530 -0.513139245947255 -0.847956393894189 -0.932776775578682 -0.953090036049464 -0.983834287211375 -1.17059227932142 -1.35175556010736 -1.04052521809674 -1.09473269568934 -0.968349015631066 -1.12518104975661
 -0.138558327071576 0.0277874168151230 -0.767973955128507 -1.04428716665384 -1.21141418456350 -0.971949586488593 -1.16505890676145 -1.35011096856603 -1.27869939493051 -1.21240485415106 -1.15801471287581 -1.22707170357613 -1.11174629562284 -1.24574998658300 -0.882035480815404 -0.712485178289050 -0.799937974266096 -0.833710678133941 -0.251781957348690 0.0391415487447841 0.404967516822754 0.148674687702978 0.124964853967616 0.338844031646356 0.268774898701069 0.431853905619859 0.340898150657728 0.440507805079921 0.211787040380258 0.482964420356248 0.382310397091485 0.0118907791783635 -0.00479152751670261 0.254442406046227 0.605146240396312 1.00113705574645 0.870330674658325 0.728613927462624 1.15855306957988 1.24949208708636 4.25851653320138 3.58618339300611
# logit_vuln:
 5.00000000000000 5.00000000000000 5.00000000000000 5.00000000000000
# fishsel_pars:
 3.86260451174305 3.52643433954967
 3.13976610630138 2.58978608252632
# ln_fishery_q:
 1.38425524107976 -3.65857462538687
# ln_survey_q:
 -3.08051749556845 -3.29611714678769 -5.31761756054916 1.83005920630452
# survey_selpars:
 4.07149182153551
 3.33769402478362
# ln_M1ann:
 -1.23787435600000 -1.60943800000000 -1.60943800000000 -2.28278246600000
# ln_otherFood_base:
13.5278300000
# otherFood_dev:
 0.00000000000
