# Number of parameters = 122 Objective function value = 12167.6862190136  Maximum gradient component = 0.000121037137903009
# ln_yr1N:
 5.00204632409880 3.75817137283966 3.61846205692358 0.434479859414756 2.02532469021582
 -25.4008923830446 2.59769813330217 4.07010147929619 4.00032522997450 3.01001144312079
 9.38870232774248 6.09847017066633 -74.8152997854148 5.07821427857535 -2.93465867484315
 4.12661078241143 3.32392253673845 1.87466907734705 0.177960857189853 -5.71738672145430
# recruitment_alpha:
 0.00000000000000 0.00000000000000 0.00000000000000 0.00000000000000
# recruitment_shape:
 0.00000000000000 0.00000000000000 0.00000000000000 0.00000000000000
# recruitment_beta:
 0.00000000000000 0.00000000000000 0.00000000000000 0.00000000000000
# ln_avg_recruitment:
 2.80780822223724 5.58516935302535 5.22675150631129 2.83296639988793
# recruitment_devs:
 0.00000000000000 0.00000000000000 0.00000000000000 0.00000000000000 0.00000000000000 0.00000000000000 0.00000000000000 0.00000000000000 0.00000000000000 0.00000000000000 0.00000000000000 0.00000000000000 0.00000000000000 0.00000000000000 0.00000000000000 0.00000000000000 0.00000000000000 0.00000000000000 0.00000000000000 0.00000000000000 0.00000000000000 0.00000000000000 0.00000000000000 0.00000000000000 0.00000000000000 0.00000000000000 0.00000000000000 0.00000000000000 0.00000000000000 0.00000000000000 0.00000000000000 0.00000000000000 0.00000000000000 0.00000000000000 0.00000000000000 0.00000000000000 0.00000000000000 0.00000000000000 0.00000000000000 0.00000000000000 0.00000000000000
 0.00000000000000 0.00000000000000 0.00000000000000 0.00000000000000 0.00000000000000 0.00000000000000 0.00000000000000 0.00000000000000 0.00000000000000 0.00000000000000 0.00000000000000 0.00000000000000 0.00000000000000 0.00000000000000 0.00000000000000 0.00000000000000 0.00000000000000 0.00000000000000 0.00000000000000 0.00000000000000 0.00000000000000 0.00000000000000 0.00000000000000 0.00000000000000 0.00000000000000 0.00000000000000 0.00000000000000 0.00000000000000 0.00000000000000 0.00000000000000 0.00000000000000 0.00000000000000 0.00000000000000 0.00000000000000 0.00000000000000 0.00000000000000 0.00000000000000 0.00000000000000 0.00000000000000 0.00000000000000 0.00000000000000
 0.00000000000000 0.00000000000000 0.00000000000000 0.00000000000000 0.00000000000000 0.00000000000000 0.00000000000000 0.00000000000000 0.00000000000000 0.00000000000000 0.00000000000000 0.00000000000000 0.00000000000000 0.00000000000000 0.00000000000000 0.00000000000000 0.00000000000000 0.00000000000000 0.00000000000000 0.00000000000000 0.00000000000000 0.00000000000000 0.00000000000000 0.00000000000000 0.00000000000000 0.00000000000000 0.00000000000000 0.00000000000000 0.00000000000000 0.00000000000000 0.00000000000000 0.00000000000000 0.00000000000000 0.00000000000000 0.00000000000000 0.00000000000000 0.00000000000000 0.00000000000000 0.00000000000000 0.00000000000000 0.00000000000000
 0.00000000000000 0.00000000000000 0.00000000000000 0.00000000000000 0.00000000000000 0.00000000000000 0.00000000000000 0.00000000000000 0.00000000000000 0.00000000000000 0.00000000000000 0.00000000000000 0.00000000000000 0.00000000000000 0.00000000000000 0.00000000000000 0.00000000000000 0.00000000000000 0.00000000000000 0.00000000000000 0.00000000000000 0.00000000000000 0.00000000000000 0.00000000000000 0.00000000000000 0.00000000000000 0.00000000000000 0.00000000000000 0.00000000000000 0.00000000000000 0.00000000000000 0.00000000000000 0.00000000000000 0.00000000000000 0.00000000000000 0.00000000000000 0.00000000000000 0.00000000000000 0.00000000000000 0.00000000000000 0.00000000000000
# ln_recsigma:
 -0.693147181000000 -0.693147181000000 -0.693147181000000 -2.30258509300000
# avg_F:
 -2.83403832451651 -1.30784514256414
# F_devs:
 1.07949307656587 0.668953674140272 0.688039223798585 0.398350830848654 0.298276774134587 0.573057376507475 0.247832211641040 0.400456006452633 0.549178020477717 0.304228056296349 0.869507780663700 0.819759170788392 0.908709764127759 1.09914571526334 0.850942427774379 0.907938279694850 0.921047808725408 0.817784592055475 0.709747700055491 0.716166209587511 -0.104640415999445 -0.0945405841334567 0.236183016848418 -0.0702240041315519 0.218952983899848 -0.125075448885315 -0.207658021914491 -0.320979462070518 -0.253692066357908 -0.370870025807401 -0.666317949273399 -0.574768321171152 -0.571611937338167 -0.913159627596794 -0.996735163712428 -1.08405369165460 -1.33279959485686 -1.27239307647492 -1.03473638265351 -1.22300094997896 -1.40990860605494 -1.65658544170829
 -0.835724667773062 -0.308857048231970 -0.857457596669760 -0.929762965131878 -1.13933889778260 -1.05444360257779 -0.945232676025236 -1.27190669407967 -1.24568825624300 -1.06207228387275 -1.33157849948683 -0.737985274143581 -0.905242494699234 -0.918301046048473 -0.813197277784121 -1.01245187755310 -0.750913164558911 -0.654748222788513 -0.589945682369957 -0.355401251292337 -0.152853439006738 0.168073360183464 0.113685250858685 0.343364321073579 0.149231268937942 0.105989092037740 0.553389870561972 0.316847524023899 0.370654062312267 0.402642104760324 0.206810509425463 0.0565122586632515 0.431876982616422 0.581921075118879 0.457192940752739 0.885992970519115 1.17680778011843 0.921778981298288 0.925909954891530 1.15852845947972 4.39272842396202 4.15316568261315
# logit_vuln:
 5.00000000000000 5.00000000000000 5.00000000000000 5.00000000000000
# fishsel_pars:
 3.88056703644613 3.47573009040074
 3.12436951368583 2.57296052074069
# ln_fishery_q:
 1.49922740773771 -3.69533272577708
# ln_survey_q:
 -2.88472711482834 -3.30419558055801 -5.51807142824303 1.96265975686511
# survey_selpars:
 4.10412008090031
 3.36599267928059
# ln_M1ann:
 -1.23787435600000 -1.60943800000000 -1.60943800000000 -2.28278246600000
# ln_otherFood_base:
13.5278300000
# otherFood_dev:
 0.00000000000
