# Number of parameters = 122 Objective function value = 12431.5512947280  Maximum gradient component = 8.77056846403990e-05
# ln_yr1N:
 5.58443919051445 3.68224728198834 3.72357477006600 1.15552269066039 2.41373214038180
 -16.2979908204242 4.24411794641886 4.52764061061458 3.40286730907947 2.83103326266586
 9.39167448687923 -91.0723926032844 4.87609050245728 5.06177696070390 -2.32189663728565
 1.04772409546100 4.26698810167766 0.477213045441600 -0.0337374950535468 -34.1306163940367
# recruitment_alpha:
 0.00000000000000 0.00000000000000 0.00000000000000 0.00000000000000
# recruitment_shape:
 0.00000000000000 0.00000000000000 0.00000000000000 0.00000000000000
# recruitment_beta:
 0.00000000000000 0.00000000000000 0.00000000000000 0.00000000000000
# ln_avg_recruitment:
 2.95032770945612 5.56757564737033 4.98426951438320 2.83987894638668
# recruitment_devs:
 0.00000000000000 0.00000000000000 0.00000000000000 0.00000000000000 0.00000000000000 0.00000000000000 0.00000000000000 0.00000000000000 0.00000000000000 0.00000000000000 0.00000000000000 0.00000000000000 0.00000000000000 0.00000000000000 0.00000000000000 0.00000000000000 0.00000000000000 0.00000000000000 0.00000000000000 0.00000000000000 0.00000000000000 0.00000000000000 0.00000000000000 0.00000000000000 0.00000000000000 0.00000000000000 0.00000000000000 0.00000000000000 0.00000000000000 0.00000000000000 0.00000000000000 0.00000000000000 0.00000000000000 0.00000000000000 0.00000000000000 0.00000000000000 0.00000000000000 0.00000000000000 0.00000000000000 0.00000000000000 0.00000000000000
 0.00000000000000 0.00000000000000 0.00000000000000 0.00000000000000 0.00000000000000 0.00000000000000 0.00000000000000 0.00000000000000 0.00000000000000 0.00000000000000 0.00000000000000 0.00000000000000 0.00000000000000 0.00000000000000 0.00000000000000 0.00000000000000 0.00000000000000 0.00000000000000 0.00000000000000 0.00000000000000 0.00000000000000 0.00000000000000 0.00000000000000 0.00000000000000 0.00000000000000 0.00000000000000 0.00000000000000 0.00000000000000 0.00000000000000 0.00000000000000 0.00000000000000 0.00000000000000 0.00000000000000 0.00000000000000 0.00000000000000 0.00000000000000 0.00000000000000 0.00000000000000 0.00000000000000 0.00000000000000 0.00000000000000
 0.00000000000000 0.00000000000000 0.00000000000000 0.00000000000000 0.00000000000000 0.00000000000000 0.00000000000000 0.00000000000000 0.00000000000000 0.00000000000000 0.00000000000000 0.00000000000000 0.00000000000000 0.00000000000000 0.00000000000000 0.00000000000000 0.00000000000000 0.00000000000000 0.00000000000000 0.00000000000000 0.00000000000000 0.00000000000000 0.00000000000000 0.00000000000000 0.00000000000000 0.00000000000000 0.00000000000000 0.00000000000000 0.00000000000000 0.00000000000000 0.00000000000000 0.00000000000000 0.00000000000000 0.00000000000000 0.00000000000000 0.00000000000000 0.00000000000000 0.00000000000000 0.00000000000000 0.00000000000000 0.00000000000000
 0.00000000000000 0.00000000000000 0.00000000000000 0.00000000000000 0.00000000000000 0.00000000000000 0.00000000000000 0.00000000000000 0.00000000000000 0.00000000000000 0.00000000000000 0.00000000000000 0.00000000000000 0.00000000000000 0.00000000000000 0.00000000000000 0.00000000000000 0.00000000000000 0.00000000000000 0.00000000000000 0.00000000000000 0.00000000000000 0.00000000000000 0.00000000000000 0.00000000000000 0.00000000000000 0.00000000000000 0.00000000000000 0.00000000000000 0.00000000000000 0.00000000000000 0.00000000000000 0.00000000000000 0.00000000000000 0.00000000000000 0.00000000000000 0.00000000000000 0.00000000000000 0.00000000000000 0.00000000000000 0.00000000000000
# ln_recsigma:
 -0.693147181000000 -0.693147181000000 -0.693147181000000 -2.30258509300000
# avg_F:
 -3.18337375296009 -1.19415778999872
# F_devs:
 0.633873856570989 0.584081703087587 0.415616030963586 0.0765887333779663 -0.136458544462389 0.174618938860754 0.407938579801492 0.177677814021809 0.265816508145378 0.604075297658872 0.787505476669266 0.726396119741546 1.03192534768605 0.841140907823555 1.21060901912536 1.14687402084136 0.722906166233362 0.984513720667205 0.755687179497050 0.592541382756749 0.0857490212846933 0.0771674228519142 -0.0133902941181933 0.289408348068067 -0.0516476646092334 0.141833076293086 -0.212043189287464 -0.350384667577883 -0.387222149852173 -0.345965824686363 -0.375400375509422 -0.587722751326978 -0.444410562578821 -0.773539740998709 -1.13055712089147 -0.993979804885010 -1.14181892574841 -1.30131043249017 -0.910797829596614 -1.11983399783724 -1.07403352233991 -1.38402728187628
 -0.613083898275005 -0.670423541269153 -0.864061010462408 -0.839319619825945 -0.830555257958397 -1.38698222712041 -1.17848012304598 -1.12318942212917 -1.13833429897303 -1.10556706506215 -1.01410653368802 -1.02810783590758 -1.16720224877468 -1.10086930049510 -0.801737029422966 -0.824324608758346 -0.836935202635954 -0.721479451128752 -0.242118247745452 -0.349596974775669 0.000167483106174630 0.0645483711054845 0.0750266429312945 0.182758505988762 0.227345591673682 0.366894747175004 0.650088731645631 0.242619247012044 0.220808784560911 0.167486904513250 0.260130829349141 0.246259661240528 0.484640481656535 0.751600550707751 0.671027012809021 0.642585089921810 0.703335231620541 1.12399986633861 1.31319394327784 1.48157434160701 4.05424390328367 3.90613797870990
# logit_vuln:
 5.00000000000000 5.00000000000000 5.00000000000000 5.00000000000000
# fishsel_pars:
 3.86473555456094 3.62703793599164
 3.13152750925637 2.78111955544200
# ln_fishery_q:
 1.75611739731065 -3.36278549522650
# ln_survey_q:
 -3.23626437075018 -3.23525466866247 -5.16267475811457 1.80959080592315
# survey_selpars:
 4.07300971698661
 3.34430875484520
# ln_M1ann:
 -1.23787435600000 -1.60943800000000 -1.60943800000000 -2.28278246600000
# ln_otherFood_base:
13.5278300000
# otherFood_dev:
 0.00000000000
