# Number of parameters = 122 Objective function value = 12611.0151387787  Maximum gradient component = 0.000173270318101700
# ln_yr1N:
 5.01381946476700 3.55211928794042 3.48715373441306 0.891486625342850 2.05475858204178
 -27.2843985065169 2.99260368809604 5.25907887199787 3.06128472680441 2.83687959686522
 9.47248444538801 4.06257889663192 5.26445109073190 4.94265647689183 -2.60761985954723
 3.83225948454430 4.08006842588880 0.380950960495550 -0.438711096203303 -6.10974489517147
# recruitment_alpha:
 0.00000000000000 0.00000000000000 0.00000000000000 0.00000000000000
# recruitment_shape:
 0.00000000000000 0.00000000000000 0.00000000000000 0.00000000000000
# recruitment_beta:
 0.00000000000000 0.00000000000000 0.00000000000000 0.00000000000000
# ln_avg_recruitment:
 2.77700543270682 5.60350358033253 5.18649615434342 2.87420524206186
# recruitment_devs:
 0.00000000000000 0.00000000000000 0.00000000000000 0.00000000000000 0.00000000000000 0.00000000000000 0.00000000000000 0.00000000000000 0.00000000000000 0.00000000000000 0.00000000000000 0.00000000000000 0.00000000000000 0.00000000000000 0.00000000000000 0.00000000000000 0.00000000000000 0.00000000000000 0.00000000000000 0.00000000000000 0.00000000000000 0.00000000000000 0.00000000000000 0.00000000000000 0.00000000000000 0.00000000000000 0.00000000000000 0.00000000000000 0.00000000000000 0.00000000000000 0.00000000000000 0.00000000000000 0.00000000000000 0.00000000000000 0.00000000000000 0.00000000000000 0.00000000000000 0.00000000000000 0.00000000000000 0.00000000000000 0.00000000000000
 0.00000000000000 0.00000000000000 0.00000000000000 0.00000000000000 0.00000000000000 0.00000000000000 0.00000000000000 0.00000000000000 0.00000000000000 0.00000000000000 0.00000000000000 0.00000000000000 0.00000000000000 0.00000000000000 0.00000000000000 0.00000000000000 0.00000000000000 0.00000000000000 0.00000000000000 0.00000000000000 0.00000000000000 0.00000000000000 0.00000000000000 0.00000000000000 0.00000000000000 0.00000000000000 0.00000000000000 0.00000000000000 0.00000000000000 0.00000000000000 0.00000000000000 0.00000000000000 0.00000000000000 0.00000000000000 0.00000000000000 0.00000000000000 0.00000000000000 0.00000000000000 0.00000000000000 0.00000000000000 0.00000000000000
 0.00000000000000 0.00000000000000 0.00000000000000 0.00000000000000 0.00000000000000 0.00000000000000 0.00000000000000 0.00000000000000 0.00000000000000 0.00000000000000 0.00000000000000 0.00000000000000 0.00000000000000 0.00000000000000 0.00000000000000 0.00000000000000 0.00000000000000 0.00000000000000 0.00000000000000 0.00000000000000 0.00000000000000 0.00000000000000 0.00000000000000 0.00000000000000 0.00000000000000 0.00000000000000 0.00000000000000 0.00000000000000 0.00000000000000 0.00000000000000 0.00000000000000 0.00000000000000 0.00000000000000 0.00000000000000 0.00000000000000 0.00000000000000 0.00000000000000 0.00000000000000 0.00000000000000 0.00000000000000 0.00000000000000
 0.00000000000000 0.00000000000000 0.00000000000000 0.00000000000000 0.00000000000000 0.00000000000000 0.00000000000000 0.00000000000000 0.00000000000000 0.00000000000000 0.00000000000000 0.00000000000000 0.00000000000000 0.00000000000000 0.00000000000000 0.00000000000000 0.00000000000000 0.00000000000000 0.00000000000000 0.00000000000000 0.00000000000000 0.00000000000000 0.00000000000000 0.00000000000000 0.00000000000000 0.00000000000000 0.00000000000000 0.00000000000000 0.00000000000000 0.00000000000000 0.00000000000000 0.00000000000000 0.00000000000000 0.00000000000000 0.00000000000000 0.00000000000000 0.00000000000000 0.00000000000000 0.00000000000000 0.00000000000000 0.00000000000000
# ln_recsigma:
 -0.693147181000000 -0.693147181000000 -0.693147181000000 -2.30258509300000
# avg_F:
 -2.77373002678469 -1.40996927998988
# F_devs:
 0.981079734305542 0.637773143222359 0.430829196141471 0.600830473953002 0.158035097071975 0.343005401140427 0.552418536173160 0.383504463416185 0.204982829998711 0.763034519044267 0.623707096389125 0.920049704006567 1.07022249535359 1.05393578272011 1.05967139421858 0.742436781070264 0.675103700946864 0.670685107788899 0.785552261711518 0.704773260429624 -0.0941069537551955 -0.294942050718594 0.0667963758768711 0.187251196196225 -0.0237545366901341 0.00275580452919037 0.118981401072342 -0.426664917725818 -0.345909918338083 -0.362181485698293 -0.667541683094446 -0.502383412696088 -0.829597469747358 -0.908415247222804 -0.898982168201599 -1.01155033219475 -1.22638596990920 -1.21791556180825 -1.25475763202364 -1.01165986508003 -1.20072225640733 -1.45994430365315
 -0.789503257025189 -0.651430846717683 -0.600764427746261 -1.12587203579572 -1.14495619024511 -1.12215640617548 -1.07968053714069 -1.35757787013551 -1.30409682402011 -1.31438146295565 -1.16496221200280 -1.37309263904140 -0.694162527360416 -0.909256345449105 -0.754093989330880 -0.707885154253314 -0.842304583987346 -0.773076641311069 -0.543192895737911 -0.216447794230537 -0.309837813781471 0.199632225494257 0.105930386612895 0.114114069018997 0.310273769061745 0.236174232839779 0.513352244859617 0.276492392325101 0.607911432375009 0.270314949893962 0.370589610968915 0.349175877406409 0.451714603947638 0.501831700229685 0.701413684731774 0.687154896447664 1.20327082674466 1.17533075197704 1.06522618609035 1.35943201085129 4.15282052042633 4.12657608872782
# logit_vuln:
 5.00000000000000 5.00000000000000 5.00000000000000 5.00000000000000
# fishsel_pars:
 3.90726697765162 3.52522373321406
 3.14080962299081 2.69692454246050
# ln_fishery_q:
 1.47430724539111 -3.46636804856841
# ln_survey_q:
 -2.85866023684479 -3.32812999851328 -5.39542797795157 1.90335038519356
# survey_selpars:
 4.10905269618205
 3.36034384674067
# ln_M1ann:
 -1.23787435600000 -1.60943800000000 -1.60943800000000 -2.28278246600000
# ln_otherFood_base:
13.5278300000
# otherFood_dev:
 0.00000000000
