# Number of parameters = 122 Objective function value = 12755.5606888990  Maximum gradient component = 2.96802506162423e-05
# ln_yr1N:
 5.06446447597057 3.66571044750438 3.51763881453951 0.611864049145159 2.03671107730949
 -39.1553055498043 0.482866614488099 5.20697872656810 -54.2166492690652 2.97381195648499
 9.48472081722558 4.19763963733022 4.19415499416219 4.64900819343588 -1.87871159740597
 -1.01239635188360 4.26524578972447 1.85492420619031 0.186188148314514 -4.90714828323101
# recruitment_alpha:
 0.00000000000000 0.00000000000000 0.00000000000000 0.00000000000000
# recruitment_shape:
 0.00000000000000 0.00000000000000 0.00000000000000 0.00000000000000
# recruitment_beta:
 0.00000000000000 0.00000000000000 0.00000000000000 0.00000000000000
# ln_avg_recruitment:
 2.82574789776831 5.59250373881435 5.13202079042942 2.93314066051427
# recruitment_devs:
 0.00000000000000 0.00000000000000 0.00000000000000 0.00000000000000 0.00000000000000 0.00000000000000 0.00000000000000 0.00000000000000 0.00000000000000 0.00000000000000 0.00000000000000 0.00000000000000 0.00000000000000 0.00000000000000 0.00000000000000 0.00000000000000 0.00000000000000 0.00000000000000 0.00000000000000 0.00000000000000 0.00000000000000 0.00000000000000 0.00000000000000 0.00000000000000 0.00000000000000 0.00000000000000 0.00000000000000 0.00000000000000 0.00000000000000 0.00000000000000 0.00000000000000 0.00000000000000 0.00000000000000 0.00000000000000 0.00000000000000 0.00000000000000 0.00000000000000 0.00000000000000 0.00000000000000 0.00000000000000 0.00000000000000
 0.00000000000000 0.00000000000000 0.00000000000000 0.00000000000000 0.00000000000000 0.00000000000000 0.00000000000000 0.00000000000000 0.00000000000000 0.00000000000000 0.00000000000000 0.00000000000000 0.00000000000000 0.00000000000000 0.00000000000000 0.00000000000000 0.00000000000000 0.00000000000000 0.00000000000000 0.00000000000000 0.00000000000000 0.00000000000000 0.00000000000000 0.00000000000000 0.00000000000000 0.00000000000000 0.00000000000000 0.00000000000000 0.00000000000000 0.00000000000000 0.00000000000000 0.00000000000000 0.00000000000000 0.00000000000000 0.00000000000000 0.00000000000000 0.00000000000000 0.00000000000000 0.00000000000000 0.00000000000000 0.00000000000000
 0.00000000000000 0.00000000000000 0.00000000000000 0.00000000000000 0.00000000000000 0.00000000000000 0.00000000000000 0.00000000000000 0.00000000000000 0.00000000000000 0.00000000000000 0.00000000000000 0.00000000000000 0.00000000000000 0.00000000000000 0.00000000000000 0.00000000000000 0.00000000000000 0.00000000000000 0.00000000000000 0.00000000000000 0.00000000000000 0.00000000000000 0.00000000000000 0.00000000000000 0.00000000000000 0.00000000000000 0.00000000000000 0.00000000000000 0.00000000000000 0.00000000000000 0.00000000000000 0.00000000000000 0.00000000000000 0.00000000000000 0.00000000000000 0.00000000000000 0.00000000000000 0.00000000000000 0.00000000000000 0.00000000000000
 0.00000000000000 0.00000000000000 0.00000000000000 0.00000000000000 0.00000000000000 0.00000000000000 0.00000000000000 0.00000000000000 0.00000000000000 0.00000000000000 0.00000000000000 0.00000000000000 0.00000000000000 0.00000000000000 0.00000000000000 0.00000000000000 0.00000000000000 0.00000000000000 0.00000000000000 0.00000000000000 0.00000000000000 0.00000000000000 0.00000000000000 0.00000000000000 0.00000000000000 0.00000000000000 0.00000000000000 0.00000000000000 0.00000000000000 0.00000000000000 0.00000000000000 0.00000000000000 0.00000000000000 0.00000000000000 0.00000000000000 0.00000000000000 0.00000000000000 0.00000000000000 0.00000000000000 0.00000000000000 0.00000000000000
# ln_recsigma:
 -0.693147181000000 -0.693147181000000 -0.693147181000000 -2.30258509300000
# avg_F:
 -2.91651467959984 -1.49073620990091
# F_devs:
 0.778725344586421 1.03627589606249 0.415196534094598 0.391184708893197 0.393079463278537 0.507883593043800 0.437308767706666 0.430378434440186 0.280334907053541 0.493905126659325 0.563216904257772 1.02086010359998 1.11183392251748 0.952817888969212 0.916004206467117 0.815518299936802 0.940275550869202 0.644829961536138 0.829966926425329 0.605056960982853 -0.343962983467511 -0.0588773184908265 -0.000447979833227859 0.137949436803759 0.0337279406552916 -0.292255540291614 -0.231329593747708 -0.346355776789180 -0.285671583287210 -0.808126897187780 -0.620636686815817 -0.546890109276903 -0.603874410737190 -0.895743708582068 -0.965544822139360 -1.10635526263478 -1.24388105937394 -1.15554001167700 -0.992230025772484 -0.969426742006974 -1.11680329128296 -1.15237708317050
 -0.450540246435193 -0.255140709820799 -0.810991819471473 -1.06305183186710 -1.14976306534248 -1.20231897671826 -1.05240933599631 -1.27497513162582 -1.21435405986753 -1.34903177643272 -1.28561065258327 -1.22784923485460 -0.772833720104970 -0.991233532610650 -0.812407560910443 -0.908909379717858 -0.810884969374700 -0.899415706553064 -0.457408410119099 -0.275863858814566 -0.165888207905821 0.0457426259264226 0.0539191738382992 0.129149626656128 0.432298280483612 0.217832426755333 0.265963438810317 0.259416989917498 0.368584460154422 0.586827221702985 0.330242865686766 0.314918493481565 0.563862260373359 0.771872347875797 0.540756249218049 0.949939531426297 0.908307040048268 1.16499545038565 1.02823982307177 1.33683563349776 4.18168087135707 3.97949737911748
# logit_vuln:
 5.00000000000000 5.00000000000000 5.00000000000000 5.00000000000000
# fishsel_pars:
 3.87488960761149 3.42196594182400
 3.09461158275468 2.44674725829893
# ln_fishery_q:
 1.24592963148360 -3.54532399493972
# ln_survey_q:
 -3.03446725177435 -3.18550479414256 -5.47966902116251 1.45150778095709
# survey_selpars:
 4.06832475988429
 3.37138228330278
# ln_M1ann:
 -1.23787435600000 -1.60943800000000 -1.60943800000000 -2.28278246600000
# ln_otherFood_base:
13.5278300000
# otherFood_dev:
 0.00000000000
