# Number of parameters = 122 Objective function value = 13434.2474594414  Maximum gradient component = 3.32888243662069e-05
# ln_yr1N:
 5.17942472995062 3.25425165233350 3.56366985165203 1.16367740845219 1.69468654865401
 -24.7182557373711 0.598251782045275 5.17393740275560 2.01071995024352 2.34388650343968
 9.31675973786396 5.55121657603335 -36.8894675106705 4.87629968985391 -19.2650652143859
 3.58475578329301 3.84065997277469 1.36111713884897 0.196137000057206 -5.54124754271051
# recruitment_alpha:
 0.00000000000000 0.00000000000000 0.00000000000000 0.00000000000000
# recruitment_shape:
 0.00000000000000 0.00000000000000 0.00000000000000 0.00000000000000
# recruitment_beta:
 0.00000000000000 0.00000000000000 0.00000000000000 0.00000000000000
# ln_avg_recruitment:
 2.55395168511979 5.52907591322009 4.98959693236431 2.85584331441119
# recruitment_devs:
 0.00000000000000 0.00000000000000 0.00000000000000 0.00000000000000 0.00000000000000 0.00000000000000 0.00000000000000 0.00000000000000 0.00000000000000 0.00000000000000 0.00000000000000 0.00000000000000 0.00000000000000 0.00000000000000 0.00000000000000 0.00000000000000 0.00000000000000 0.00000000000000 0.00000000000000 0.00000000000000 0.00000000000000 0.00000000000000 0.00000000000000 0.00000000000000 0.00000000000000 0.00000000000000 0.00000000000000 0.00000000000000 0.00000000000000 0.00000000000000 0.00000000000000 0.00000000000000 0.00000000000000 0.00000000000000 0.00000000000000 0.00000000000000 0.00000000000000 0.00000000000000 0.00000000000000 0.00000000000000 0.00000000000000
 0.00000000000000 0.00000000000000 0.00000000000000 0.00000000000000 0.00000000000000 0.00000000000000 0.00000000000000 0.00000000000000 0.00000000000000 0.00000000000000 0.00000000000000 0.00000000000000 0.00000000000000 0.00000000000000 0.00000000000000 0.00000000000000 0.00000000000000 0.00000000000000 0.00000000000000 0.00000000000000 0.00000000000000 0.00000000000000 0.00000000000000 0.00000000000000 0.00000000000000 0.00000000000000 0.00000000000000 0.00000000000000 0.00000000000000 0.00000000000000 0.00000000000000 0.00000000000000 0.00000000000000 0.00000000000000 0.00000000000000 0.00000000000000 0.00000000000000 0.00000000000000 0.00000000000000 0.00000000000000 0.00000000000000
 0.00000000000000 0.00000000000000 0.00000000000000 0.00000000000000 0.00000000000000 0.00000000000000 0.00000000000000 0.00000000000000 0.00000000000000 0.00000000000000 0.00000000000000 0.00000000000000 0.00000000000000 0.00000000000000 0.00000000000000 0.00000000000000 0.00000000000000 0.00000000000000 0.00000000000000 0.00000000000000 0.00000000000000 0.00000000000000 0.00000000000000 0.00000000000000 0.00000000000000 0.00000000000000 0.00000000000000 0.00000000000000 0.00000000000000 0.00000000000000 0.00000000000000 0.00000000000000 0.00000000000000 0.00000000000000 0.00000000000000 0.00000000000000 0.00000000000000 0.00000000000000 0.00000000000000 0.00000000000000 0.00000000000000
 0.00000000000000 0.00000000000000 0.00000000000000 0.00000000000000 0.00000000000000 0.00000000000000 0.00000000000000 0.00000000000000 0.00000000000000 0.00000000000000 0.00000000000000 0.00000000000000 0.00000000000000 0.00000000000000 0.00000000000000 0.00000000000000 0.00000000000000 0.00000000000000 0.00000000000000 0.00000000000000 0.00000000000000 0.00000000000000 0.00000000000000 0.00000000000000 0.00000000000000 0.00000000000000 0.00000000000000 0.00000000000000 0.00000000000000 0.00000000000000 0.00000000000000 0.00000000000000 0.00000000000000 0.00000000000000 0.00000000000000 0.00000000000000 0.00000000000000 0.00000000000000 0.00000000000000 0.00000000000000 0.00000000000000
# ln_recsigma:
 -0.693147181000000 -0.693147181000000 -0.693147181000000 -2.30258509300000
# avg_F:
 -2.58225484324504 -1.15189954333770
# F_devs:
 0.860606157967785 0.593300198780916 0.425095665733296 0.320330908080439 0.205054706091533 0.603055882311510 0.141336774304830 0.302798151289578 0.308370503770432 0.712062647974364 0.620657489977479 0.742075485881628 0.939578033913749 1.01753197319555 0.795800901635256 0.741076254991838 0.758450951661676 0.742899315616993 0.706516606241398 0.906560472883219 0.0570424829976542 -0.0383030448603770 -0.125112657654430 0.00892750681833376 -0.166825397386373 -0.219672779365291 -0.361182240772955 -0.315721164950613 -0.226149599054868 -0.386624320246369 -0.433027197100786 -0.510242032538272 -0.486363807058161 -0.628684919367172 -0.817827823443487 -0.858112834279863 -1.21382106195303 -1.40731733673921 -0.660488925532568 -1.30541504295677 -1.16025928164116 -1.18797760252055
 -0.224828886773881 -0.549275755060746 -0.881131346897296 -1.06248871841548 -0.884956035417715 -0.963916586145871 -0.922738677320258 -1.24358351821259 -1.24209789540647 -1.23740056028038 -1.23071299415667 -1.15329608684249 -1.21082823135237 -1.02591260544750 -0.719740606360124 -0.724483371768946 -0.777786293961381 -0.824441291989184 -0.832926159735299 -0.284696985695707 0.186875830594513 0.305203645706881 0.340554395019621 0.192049446144888 0.374084814914336 0.152359335564810 0.293444125001312 0.314353346727062 0.327875231988817 0.351179574171114 0.239418400231098 0.0933777513968046 0.318479900641422 0.552613929612527 0.536343416811890 0.789754385018233 1.13728285119796 1.15197097862288 1.27790653505697 1.21827907385857 3.81556982475413 4.02826581156694
# logit_vuln:
 5.00000000000000 5.00000000000000 5.00000000000000 5.00000000000000
# fishsel_pars:
 3.88927956148519 3.51717448642061
 3.12721264034428 2.51342382039350
# ln_fishery_q:
 1.22871691979089 -3.63638523153139
# ln_survey_q:
 -2.75538090424102 -3.27278511098907 -5.38149940341087 1.84013952855371
# survey_selpars:
 4.09504543231795
 3.37559163992808
# ln_M1ann:
 -1.23787435600000 -1.60943800000000 -1.60943800000000 -2.28278246600000
# ln_otherFood_base:
13.5278300000
# otherFood_dev:
 0.00000000000
