# Number of parameters = 122 Objective function value = 12161.2382257293  Maximum gradient component = 9.59242131305645e-05
# ln_yr1N:
 5.20517928792676 3.76744228949887 3.91279525248779 1.05232195169525 2.36873594212731
 1.27717299123358 -203.021101067085 4.63762335119260 3.11899771426833 3.25678271163293
 9.30268099109312 4.03744489009510 3.95376890156190 4.53270514766359 2.04025410890909
 4.15683938188690 3.89159932964804 0.840279167368845 0.430957943883763 -88.5010726469229
# recruitment_alpha:
 0.00000000000000 0.00000000000000 0.00000000000000 0.00000000000000
# recruitment_shape:
 0.00000000000000 0.00000000000000 0.00000000000000 0.00000000000000
# recruitment_beta:
 0.00000000000000 0.00000000000000 0.00000000000000 0.00000000000000
# ln_avg_recruitment:
 3.03475081313781 5.65157703055440 5.24548731729434 2.92310714557047
# recruitment_devs:
 0.00000000000000 0.00000000000000 0.00000000000000 0.00000000000000 0.00000000000000 0.00000000000000 0.00000000000000 0.00000000000000 0.00000000000000 0.00000000000000 0.00000000000000 0.00000000000000 0.00000000000000 0.00000000000000 0.00000000000000 0.00000000000000 0.00000000000000 0.00000000000000 0.00000000000000 0.00000000000000 0.00000000000000 0.00000000000000 0.00000000000000 0.00000000000000 0.00000000000000 0.00000000000000 0.00000000000000 0.00000000000000 0.00000000000000 0.00000000000000 0.00000000000000 0.00000000000000 0.00000000000000 0.00000000000000 0.00000000000000 0.00000000000000 0.00000000000000 0.00000000000000 0.00000000000000 0.00000000000000 0.00000000000000
 0.00000000000000 0.00000000000000 0.00000000000000 0.00000000000000 0.00000000000000 0.00000000000000 0.00000000000000 0.00000000000000 0.00000000000000 0.00000000000000 0.00000000000000 0.00000000000000 0.00000000000000 0.00000000000000 0.00000000000000 0.00000000000000 0.00000000000000 0.00000000000000 0.00000000000000 0.00000000000000 0.00000000000000 0.00000000000000 0.00000000000000 0.00000000000000 0.00000000000000 0.00000000000000 0.00000000000000 0.00000000000000 0.00000000000000 0.00000000000000 0.00000000000000 0.00000000000000 0.00000000000000 0.00000000000000 0.00000000000000 0.00000000000000 0.00000000000000 0.00000000000000 0.00000000000000 0.00000000000000 0.00000000000000
 0.00000000000000 0.00000000000000 0.00000000000000 0.00000000000000 0.00000000000000 0.00000000000000 0.00000000000000 0.00000000000000 0.00000000000000 0.00000000000000 0.00000000000000 0.00000000000000 0.00000000000000 0.00000000000000 0.00000000000000 0.00000000000000 0.00000000000000 0.00000000000000 0.00000000000000 0.00000000000000 0.00000000000000 0.00000000000000 0.00000000000000 0.00000000000000 0.00000000000000 0.00000000000000 0.00000000000000 0.00000000000000 0.00000000000000 0.00000000000000 0.00000000000000 0.00000000000000 0.00000000000000 0.00000000000000 0.00000000000000 0.00000000000000 0.00000000000000 0.00000000000000 0.00000000000000 0.00000000000000 0.00000000000000
 0.00000000000000 0.00000000000000 0.00000000000000 0.00000000000000 0.00000000000000 0.00000000000000 0.00000000000000 0.00000000000000 0.00000000000000 0.00000000000000 0.00000000000000 0.00000000000000 0.00000000000000 0.00000000000000 0.00000000000000 0.00000000000000 0.00000000000000 0.00000000000000 0.00000000000000 0.00000000000000 0.00000000000000 0.00000000000000 0.00000000000000 0.00000000000000 0.00000000000000 0.00000000000000 0.00000000000000 0.00000000000000 0.00000000000000 0.00000000000000 0.00000000000000 0.00000000000000 0.00000000000000 0.00000000000000 0.00000000000000 0.00000000000000 0.00000000000000 0.00000000000000 0.00000000000000 0.00000000000000 0.00000000000000
# ln_recsigma:
 -0.693147181000000 -0.693147181000000 -0.693147181000000 -2.30258509300000
# avg_F:
 -3.07691749270733 -1.11427652579316
# F_devs:
 1.19603810536164 0.861860274129991 0.570013397204918 0.415736369467024 0.431470903927154 0.130062484188318 0.363251310626791 0.109107807287898 0.543201649203515 0.606067806416045 0.839290992235378 0.927561676857376 1.25669090487126 1.17626096208339 0.912099364840284 0.994319529983544 0.902629397556034 0.596548759807396 0.867641095981165 0.882241970214230 -0.0392401161939330 -0.0482192342556012 0.227155018883845 0.0823612206966705 -0.197567770555511 -0.148498324533809 -0.0916818578551067 -0.251276602944155 -0.508095309040267 -0.730916034383907 -0.564500289942913 -0.827488485010172 -0.752770208871297 -0.937799095114156 -1.04008598376921 -1.34315472978960 -1.35927173271591 -1.37086880121449 -1.00288337774021 -1.27694673678061 -1.23702035294872 -1.16332595716016
 -1.16033775322080 -0.675246149723392 -0.858708480258237 -0.883138878013820 -0.793450399656501 -1.13651791460076 -1.16535170688974 -1.33844453215731 -1.24148422832722 -1.15059206871434 -1.09640968068115 -1.03344304832308 -0.980786205455469 -0.685720264813036 -0.888792151949323 -0.661285463308069 -0.600113027842845 -0.706807622075265 -0.553100814676963 -0.124516363492999 0.0804687687601630 -0.0276262073111073 0.145867860101748 0.160941077339001 0.583493536154951 0.255569795139134 0.341541028379992 0.252548841152271 0.544893454762738 0.344257285475979 0.202894123225006 0.330208238548111 0.348572571718156 0.663891474259054 0.459653765095328 0.978064449343886 0.917465216059262 0.966801807375093 1.08176576262297 0.903282305067867 4.06542520619508 4.13426639320512
# logit_vuln:
 5.00000000000000 5.00000000000000 5.00000000000000 5.00000000000000
# fishsel_pars:
 3.86723962726154 5.52614988890119
 3.09905337038194 2.90131499126310
# ln_fishery_q:
 1.69795110307006 -1.81133766421982
# ln_survey_q:
 -3.18880799653117 -3.19163173747202 -5.47185940483666 1.76665069429665
# survey_selpars:
 4.10162869150212
 3.36369340719932
# ln_M1ann:
 -1.23787435600000 -1.60943800000000 -1.60943800000000 -2.28278246600000
# ln_otherFood_base:
13.5278300000
# otherFood_dev:
 0.00000000000
