# Number of parameters = 122 Objective function value = 12712.8679230015  Maximum gradient component = 4.60671562405259e-05
# ln_yr1N:
 6.21880999793527 4.11800904612214 4.37692727233974 1.96751037744496 3.40097913177371
 -0.0139457595652739 -0.0762328751945807 3.62708837708767 4.04360113972852 3.94817424386244
 9.71459194839983 5.73023698146567 3.51621507013244 5.27612737265928 2.90006023476154
 2.77114702950793 4.01898237773967 0.835859224013106 0.498897993183828 -4.16677991731609
# recruitment_alpha:
 0.00000000000000 0.00000000000000 0.00000000000000 0.00000000000000
# recruitment_shape:
 0.00000000000000 0.00000000000000 0.00000000000000 0.00000000000000
# recruitment_beta:
 0.00000000000000 0.00000000000000 0.00000000000000 0.00000000000000
# ln_avg_recruitment:
 3.39802964197166 5.61915110193278 5.20440602172102 2.90253064827575
# recruitment_devs:
 0.00000000000000 0.00000000000000 0.00000000000000 0.00000000000000 0.00000000000000 0.00000000000000 0.00000000000000 0.00000000000000 0.00000000000000 0.00000000000000 0.00000000000000 0.00000000000000 0.00000000000000 0.00000000000000 0.00000000000000 0.00000000000000 0.00000000000000 0.00000000000000 0.00000000000000 0.00000000000000 0.00000000000000 0.00000000000000 0.00000000000000 0.00000000000000 0.00000000000000 0.00000000000000 0.00000000000000 0.00000000000000 0.00000000000000 0.00000000000000 0.00000000000000 0.00000000000000 0.00000000000000 0.00000000000000 0.00000000000000 0.00000000000000 0.00000000000000 0.00000000000000 0.00000000000000 0.00000000000000 0.00000000000000
 0.00000000000000 0.00000000000000 0.00000000000000 0.00000000000000 0.00000000000000 0.00000000000000 0.00000000000000 0.00000000000000 0.00000000000000 0.00000000000000 0.00000000000000 0.00000000000000 0.00000000000000 0.00000000000000 0.00000000000000 0.00000000000000 0.00000000000000 0.00000000000000 0.00000000000000 0.00000000000000 0.00000000000000 0.00000000000000 0.00000000000000 0.00000000000000 0.00000000000000 0.00000000000000 0.00000000000000 0.00000000000000 0.00000000000000 0.00000000000000 0.00000000000000 0.00000000000000 0.00000000000000 0.00000000000000 0.00000000000000 0.00000000000000 0.00000000000000 0.00000000000000 0.00000000000000 0.00000000000000 0.00000000000000
 0.00000000000000 0.00000000000000 0.00000000000000 0.00000000000000 0.00000000000000 0.00000000000000 0.00000000000000 0.00000000000000 0.00000000000000 0.00000000000000 0.00000000000000 0.00000000000000 0.00000000000000 0.00000000000000 0.00000000000000 0.00000000000000 0.00000000000000 0.00000000000000 0.00000000000000 0.00000000000000 0.00000000000000 0.00000000000000 0.00000000000000 0.00000000000000 0.00000000000000 0.00000000000000 0.00000000000000 0.00000000000000 0.00000000000000 0.00000000000000 0.00000000000000 0.00000000000000 0.00000000000000 0.00000000000000 0.00000000000000 0.00000000000000 0.00000000000000 0.00000000000000 0.00000000000000 0.00000000000000 0.00000000000000
 0.00000000000000 0.00000000000000 0.00000000000000 0.00000000000000 0.00000000000000 0.00000000000000 0.00000000000000 0.00000000000000 0.00000000000000 0.00000000000000 0.00000000000000 0.00000000000000 0.00000000000000 0.00000000000000 0.00000000000000 0.00000000000000 0.00000000000000 0.00000000000000 0.00000000000000 0.00000000000000 0.00000000000000 0.00000000000000 0.00000000000000 0.00000000000000 0.00000000000000 0.00000000000000 0.00000000000000 0.00000000000000 0.00000000000000 0.00000000000000 0.00000000000000 0.00000000000000 0.00000000000000 0.00000000000000 0.00000000000000 0.00000000000000 0.00000000000000 0.00000000000000 0.00000000000000 0.00000000000000 0.00000000000000
# ln_recsigma:
 -0.693147181000000 -0.693147181000000 -0.693147181000000 -2.30258509300000
# avg_F:
 -3.79864402512844 -1.03175041779457
# F_devs:
 0.467032625469844 0.518710053891805 0.475269552612492 0.483542371591907 -0.0342068943028374 0.218857447152704 -0.0514965795566999 0.365427544346219 0.435407406785122 0.604875801931689 0.544317907788065 0.735082158016439 0.850198981433964 0.787356748251216 0.714403589522655 0.820233865975004 0.542099479512512 0.513648639130222 0.894626631698642 0.934611275463337 -0.182408338316110 -0.230413729706003 -0.0270700660550785 0.337058932224629 0.210209367414728 0.484181063921785 0.0466738565319241 -0.436203545949568 -0.295736116906104 -0.274576183720907 -0.329877501369090 -0.819054017490704 -0.612852938406253 -0.518856402207892 -0.971459121135254 -0.893967802193766 -0.681404660139824 -1.06872627427143 -0.994557814839291 -1.15824724035471 -1.16351644057434 -1.23919360490776
 -1.79238007397437 -0.999398571219655 -1.39226819081673 -1.13401786752209 -0.763682938015729 -0.946179119559627 -0.856023246790684 -1.49188838267476 -1.28812874708590 -1.21953475879448 -1.24566210703494 -1.09898692811116 -1.13659531024841 -1.00343971520639 -0.948946041408454 -0.643598642062398 -0.818262493480066 -0.439138688292078 -0.325692890455525 -0.167470200054529 -0.0200974361805956 0.156745318643806 0.520967609274468 0.359177963528723 0.509242420427730 0.301596877717327 0.248595559397007 0.515061613927737 0.516842581280141 0.437205856905829 0.474444827514048 0.0928197763233200 0.405840899697035 0.360489937987283 0.630850879556900 0.952425140860641 1.10643083849566 1.10117119054665 1.11186545222369 1.33592605938811 4.46955934615223 4.12413220595480
# logit_vuln:
 5.00000000000000 5.00000000000000 5.00000000000000 5.00000000000000
# fishsel_pars:
 3.81562838694094 4.98837070972146
 3.12038766776669 2.88199371624333
# ln_fishery_q:
 2.31359778347204 -1.93209712788218
# ln_survey_q:
 -3.89766704139471 -3.17323103980950 -5.56391875470511 1.76431696909149
# survey_selpars:
 4.08167281583964
 3.37856865815565
# ln_M1ann:
 -1.23787435600000 -1.60943800000000 -1.60943800000000 -2.28278246600000
# ln_otherFood_base:
13.5278300000
# otherFood_dev:
 0.00000000000
