# Number of parameters = 122 Objective function value = 12725.2707308745  Maximum gradient component = 9.73351180873037e-05
# ln_yr1N:
 4.91662597190091 3.83643790106833 3.52228455161517 0.833219708690874 1.86384030774238
 -95.6152666923576 -0.0708140545969298 4.84408370562562 -54.6055268693773 3.19122058904335
 9.33996619656275 4.00897534784213 4.62583957877466 5.37591618265468 -0.782734853712539
 4.50091933248939 2.49131056270298 2.23272025608632 0.235563040283004 -3.82431091107394
# recruitment_alpha:
 0.00000000000000 0.00000000000000 0.00000000000000 0.00000000000000
# recruitment_shape:
 0.00000000000000 0.00000000000000 0.00000000000000 0.00000000000000
# recruitment_beta:
 0.00000000000000 0.00000000000000 0.00000000000000 0.00000000000000
# ln_avg_recruitment:
 2.87930364591881 5.53327017845409 5.11144842228955 2.84206641412454
# recruitment_devs:
 0.00000000000000 0.00000000000000 0.00000000000000 0.00000000000000 0.00000000000000 0.00000000000000 0.00000000000000 0.00000000000000 0.00000000000000 0.00000000000000 0.00000000000000 0.00000000000000 0.00000000000000 0.00000000000000 0.00000000000000 0.00000000000000 0.00000000000000 0.00000000000000 0.00000000000000 0.00000000000000 0.00000000000000 0.00000000000000 0.00000000000000 0.00000000000000 0.00000000000000 0.00000000000000 0.00000000000000 0.00000000000000 0.00000000000000 0.00000000000000 0.00000000000000 0.00000000000000 0.00000000000000 0.00000000000000 0.00000000000000 0.00000000000000 0.00000000000000 0.00000000000000 0.00000000000000 0.00000000000000 0.00000000000000
 0.00000000000000 0.00000000000000 0.00000000000000 0.00000000000000 0.00000000000000 0.00000000000000 0.00000000000000 0.00000000000000 0.00000000000000 0.00000000000000 0.00000000000000 0.00000000000000 0.00000000000000 0.00000000000000 0.00000000000000 0.00000000000000 0.00000000000000 0.00000000000000 0.00000000000000 0.00000000000000 0.00000000000000 0.00000000000000 0.00000000000000 0.00000000000000 0.00000000000000 0.00000000000000 0.00000000000000 0.00000000000000 0.00000000000000 0.00000000000000 0.00000000000000 0.00000000000000 0.00000000000000 0.00000000000000 0.00000000000000 0.00000000000000 0.00000000000000 0.00000000000000 0.00000000000000 0.00000000000000 0.00000000000000
 0.00000000000000 0.00000000000000 0.00000000000000 0.00000000000000 0.00000000000000 0.00000000000000 0.00000000000000 0.00000000000000 0.00000000000000 0.00000000000000 0.00000000000000 0.00000000000000 0.00000000000000 0.00000000000000 0.00000000000000 0.00000000000000 0.00000000000000 0.00000000000000 0.00000000000000 0.00000000000000 0.00000000000000 0.00000000000000 0.00000000000000 0.00000000000000 0.00000000000000 0.00000000000000 0.00000000000000 0.00000000000000 0.00000000000000 0.00000000000000 0.00000000000000 0.00000000000000 0.00000000000000 0.00000000000000 0.00000000000000 0.00000000000000 0.00000000000000 0.00000000000000 0.00000000000000 0.00000000000000 0.00000000000000
 0.00000000000000 0.00000000000000 0.00000000000000 0.00000000000000 0.00000000000000 0.00000000000000 0.00000000000000 0.00000000000000 0.00000000000000 0.00000000000000 0.00000000000000 0.00000000000000 0.00000000000000 0.00000000000000 0.00000000000000 0.00000000000000 0.00000000000000 0.00000000000000 0.00000000000000 0.00000000000000 0.00000000000000 0.00000000000000 0.00000000000000 0.00000000000000 0.00000000000000 0.00000000000000 0.00000000000000 0.00000000000000 0.00000000000000 0.00000000000000 0.00000000000000 0.00000000000000 0.00000000000000 0.00000000000000 0.00000000000000 0.00000000000000 0.00000000000000 0.00000000000000 0.00000000000000 0.00000000000000 0.00000000000000
# ln_recsigma:
 -0.693147181000000 -0.693147181000000 -0.693147181000000 -2.30258509300000
# avg_F:
 -2.88771891105998 -1.18132909781063
# F_devs:
 0.959676466636509 0.646803243309645 0.779939194512748 0.540357400166478 0.222030828667060 0.499225224849753 0.540641363809190 0.207410102994495 0.540293164573488 0.650445076077983 0.816499936445362 0.745550858055787 0.961129349423723 0.914910080145785 0.916836565015726 0.998851456748740 0.674802566589442 0.758566975339261 0.646843002986646 0.903071281090012 -0.117636736660831 -0.0491331191357812 0.0846911524896530 -0.136209212864013 -0.212181855911441 -0.0477365883476984 -0.176018899439877 -0.388687775585957 -0.203842746083461 -0.451427041674635 -0.588920302385484 -0.468805290636591 -0.691476324510390 -0.799593970240548 -0.857290908316396 -1.24150735728561 -1.29036510224129 -1.05403537371932 -1.27225142165683 -1.28195236397499 -1.18035363004607 -1.49914931331368
 -0.977765682350680 -0.836951311364226 -1.03823847226939 -1.11817498510456 -1.24025327049635 -1.12001293954465 -1.01440140282878 -1.23258046221830 -1.21695534785772 -1.15963535137083 -1.04278413713863 -1.09679563333886 -0.935911689115531 -0.974076265558625 -1.02235960249360 -0.733664716154573 -0.495800699869439 -0.764244368143205 -0.595651471597966 -0.184174198446889 0.117529363298126 0.390143535218037 0.240471195344330 0.497321329146426 0.279424450572876 0.114440229218564 0.445433619580642 0.542077566215359 0.451790539999775 0.459551830039585 0.358358778465705 0.274857433328849 0.382233892049995 0.726829025614765 0.585562825096309 0.464583166749048 0.916285712855623 1.12474442842781 1.03165075660819 1.24502421341437 4.17940340913918 3.97271470514362
# logit_vuln:
 5.00000000000000 5.00000000000000 5.00000000000000 5.00000000000000
# fishsel_pars:
 3.86407433594926 3.51118260010796
 3.12670767977839 2.47542595915348
# ln_fishery_q:
 1.56873706598843 -3.67212230958846
# ln_survey_q:
 -2.99530637073457 -3.38181460343114 -5.16553528691011 1.97659814997418
# survey_selpars:
 4.09681488905549
 3.35032196146569
# ln_M1ann:
 -1.23787435600000 -1.60943800000000 -1.60943800000000 -2.28278246600000
# ln_otherFood_base:
13.5278300000
# otherFood_dev:
 0.00000000000
