# Number of parameters = 195 Objective function value = 18620.8652358596  Maximum gradient component = 5.13026124358731e-05
# ln_yr1N:
 11.0413465644325 10.2505706414851 9.07015635592430 6.05112795221765 5.64199985333488
 10.4501704929695 7.98387414232186 8.57537024313086 8.87274214558820 8.24566573764994
 8.91044698471644 -1.45022380647398 6.86895108721418 6.78751042248353 0.481830701146287
 9.08299640899142 10.7665950189695 10.2314680634502 7.34231466586346 1.83040886097088
# recruitment_alpha:
 0.00000000000000 0.00000000000000 0.00000000000000 0.00000000000000
# recruitment_shape:
 0.00000000000000 0.00000000000000 0.00000000000000 0.00000000000000
# recruitment_beta:
 0.00000000000000 0.00000000000000 0.00000000000000 0.00000000000000
# ln_avg_recruitment:
 8.76609737939412 11.5673401449561 9.10297685620932 11.2687946402063
# recruitment_devs:
 0.0718698411181539 2.67897546661112 0.944468966887556 0.583209887879903 1.92073472670595 1.87606488151078 0.166747772786329 2.91361065776460 -0.00864424977782601 2.75385577320706 0.517389023892237 0.298563940783857 0.217028727498140 -0.424387761841613 -0.778939174085669 0.344756881680333 2.08852065170026 0.213177505380846 1.79774379386384 1.08506999309580 1.00309715059419 0.221689215963948 -0.670022152984332 -1.11148151128517 -0.866935990247777 0.528934596051847 1.38273645090084 -0.544815087168826 -1.42259542265112 -1.78913834197470 -1.92040641256448 -2.05416502580923 -1.73296519672847 -0.528307835233852 -0.821575596282484 -1.51567677588286 -1.83206070491069 -2.31108357876280 -2.26064642641235 -1.38741727033079 0.373018476895541
 -0.380691518428903 -1.67613868141563 -0.744861900127597 -1.67050727195017 -1.76822659386050 -0.717440081907511 -1.39429365171815 -0.960906535806759 -0.839319952872944 0.0672114466438296 0.691720617637300 -1.89493481848822 -2.61855053150259 -3.71251411721403 -4.37849154356381 -4.23264047335043 1.86193146359285 1.40409505417636 2.91654569958699 0.205046996068401 2.05987488879000 2.99860768488885 -0.394112283348282 1.25584884170194 2.66597787643239 -0.370748376270179 0.130391730192737 1.40087751766756 1.67673112541747 2.61705594001943 0.0708629379626692 3.48488978908763 1.30261265241525 0.387681118074829 3.11089982857146 0.371454864243561 0.426907929231109 -0.902270647195763 -1.72366689797853 -1.83394154090901 1.10703137536331
 0.349974109826965 -1.00805624321813 3.42420934834260 0.587304198762484 0.259304741859611 2.28040425535847 2.71797260704412 -0.293157772808984 -0.718105284653486 -1.10493302482936 2.75148120472811 -0.532946913878334 -0.00557283715625036 2.38923020411033 2.74754298647359 -1.43301986916203 -1.31867975173253 -0.912272453068083 -0.419001716004524 2.04254656538804 -1.78641026413653 -1.86071328214125 1.32974565641759 2.84234142635924 -0.674502274861227 -0.928007650429629 2.24061445899029 -1.26328282143743 -2.11964829865810 -2.62179575437178 -2.76931625874858 -2.40680871570629 -1.92360427910027 2.92268352611127 -0.0934223155214904 -0.617703957061344 1.71057896920426 0.513292462972684 -1.49439330664761 -1.85055763981646 -0.953314076439609
 0.0361452014662264 0.0540838994991686 -0.0164564698257203 -0.0594873788856067 -0.0263178802230554 0.0577913104101168 0.178731420318907 0.303596240810645 0.287265377255856 0.191344729499225 0.121454577815091 0.102226626586152 0.164468411219418 0.266707506636090 0.326341319316730 0.273262884117928 0.314560883391339 0.373397172790593 0.271354456590650 0.102815167789016 -0.0918881048322071 -0.241811676195265 -0.326518123030644 -0.365033889042954 -0.363999018462985 -0.334421619226727 -0.289631322782954 -0.262043181381049 -0.218246913753709 -0.175286239086508 -0.129846638747447 -0.0643868679255048 0.0134879410088006 0.0478506574476196 0.00353684159017553 -0.0883251132836510 -0.140678700843529 -0.140153636630558 -0.105306444421057 -0.0494163580939904 -0.00116709237067476
# ln_recsigma:
 -0.693147181000000 -0.693147181000000 -0.693147181000000 -2.30258509300000
# avg_F:
 -0.693147181000000 -0.693147181000000
# F_devs:
 0.00000000000000 0.00000000000000 0.00000000000000 0.00000000000000 0.00000000000000 0.00000000000000 0.00000000000000 0.00000000000000 0.00000000000000 0.00000000000000 0.00000000000000 0.00000000000000 0.00000000000000 0.00000000000000 0.00000000000000 0.00000000000000 0.00000000000000 0.00000000000000 0.00000000000000 0.00000000000000 -0.900000000000000 -0.900000000000000 -0.900000000000000 -0.900000000000000 -0.900000000000000 -0.900000000000000 -0.900000000000000 -0.900000000000000 -0.900000000000000 -0.900000000000000 -0.900000000000000 -0.900000000000000 -0.900000000000000 -0.900000000000000 -0.900000000000000 -0.900000000000000 -0.900000000000000 -0.900000000000000 -0.900000000000000 -0.900000000000000 -0.900000000000000 -0.900000000000000
 0.00000000000000 0.00000000000000 0.00000000000000 0.00000000000000 0.00000000000000 0.00000000000000 0.00000000000000 0.00000000000000 0.00000000000000 0.00000000000000 0.00000000000000 0.00000000000000 0.00000000000000 0.00000000000000 0.00000000000000 0.00000000000000 0.00000000000000 0.00000000000000 0.00000000000000 0.00000000000000 0.00000000000000 0.00000000000000 0.00000000000000 0.00000000000000 0.00000000000000 0.00000000000000 0.00000000000000 0.00000000000000 0.00000000000000 0.00000000000000 0.00000000000000 0.00000000000000 0.00000000000000 0.00000000000000 0.00000000000000 0.00000000000000 0.00000000000000 0.00000000000000 0.00000000000000 0.00000000000000 0.00000000000000 0.00000000000000
# logit_vuln:
 2.00000000000000 2.00000000000000 2.00000000000000 2.00000000000000 2.00000000000000 2.00000000000000 2.00000000000000 2.00000000000000 2.00000000000000 2.00000000000000
# fishsel_pars:
 3.86819716789974 2.00000000000000
 2.58531480416303 1.20000000000000
# ln_fishery_q:
 -1.38629436100000 0.405465108000000
# ln_survey_q:
 -1.70316081620832 -1.85299973474201 -1.39827033754117 0.380759774484332
# survey_selpars:
 3.03544747695996
 1.62529542993796
# ln_M1ann:
 -1.23787435600000 -2.30258509299405 -2.30258509299405 -2.12026353600000
# ln_otherFood_base:
18.9713539009
# otherFood_dev:
 0.00000000000 0.00000000000 0.00000000000
