# This file was created using the write_tsDatFile function and used all the simulated data from sim_dta.rds found in repo:Hydra-self-testing
# Survey index data 
# Number of observations, init_int Nsurvey_obs
  329
# init_matrix obs_survey_biomass(1,Nsurvey_obs,1,5)
# survey year spp value cv
  1 1 4 412496.529967621 0.212720515437525
  2 1 4 618347.338904642 0.25363203301826
  1 2 4 19554.3010610352 0.222168779300385
  2 2 4 19618.5050667499 0.187773345626693
  1 3 4 166371.943558067 0.394113240257454
  2 3 4 6270.56938484664 0.423618201694685
  1 4 4 242515.817716787 0.310035034727007
  2 4 4 7589.00601845827 0.327069686277164
  1 5 4 200538.707864539 0.378629084128514
  2 5 4 7582.75897472568 0.391316523019912
  1 6 4 31894.760372835 0.494427832556011
  2 6 4 3299.89868198079 0.376280830351703
  1 7 4 96961.3601530223 0.759062286891916
  2 7 4 1247.00407988733 0.665352569827422
  1 8 4 3851.48839402001 0.383150869515862
  2 8 4 326.591688102093 0.433685089735353
  1 9 4 32884.7879740429 0.48934963094834
  2 9 4 513.786051573227 0.392371299771634
  1 10 4 21642.5078221816 0.382452035825211
  2 10 4 521.686589265305 0.333798529002863
  1 11 4 16355.5898886119 0.566792532611316
  2 11 4 65.6097334428755 0.868042030585988
  1 12 4 18691.7892782598 0.381518572031255
  2 12 4 144.783945562749 0.445144789260538
  1 13 4 17597.6519469286 0.438380584739347
  2 13 4 5879.62841173311 0.947226139495183
  1 14 4 8267.90751630161 0.482345652338289
  2 14 4 200.386178585752 0.377075764230608
  1 15 4 2492.57178508737 0.420835086749712
  2 15 4 86.6328142501907 0.614716212748607
  1 16 4 8343.46175420833 0.515165860253858
  2 16 4 96.5439138347437 0.704031323768783
  1 17 4 3344.62176864678 0.559532625975744
  2 17 4 97.6913428089786 0.319774204956139
  1 18 4 1213.4351824403 0.479008946214672
  2 18 4 55.5190929646658 0.41351869139049
  1 19 4 4745.22167647547 0.429419179801904
  2 19 4 36.3185674614967 0.387615780132326
  1 20 4 9893.4077943684 0.477074256852948
  2 20 4 77.7621630076019 0.315868813200741
  1 21 4 5940.73626880835 0.410621521476155
  2 21 4 140.921153146607 0.630050999524052
  1 22 4 13360.051057879 0.294672690077384
  2 22 4 348.932583359513 0.335469505128288
  1 23 4 8525.65612967133 0.477447511398437
  2 23 4 237.464478325652 0.407625761955908
  1 24 4 7855.42771170068 0.384568504019134
  2 24 4 149.455757952938 0.43049173366256
  1 25 4 4678.55361817302 0.333261603198005
  2 25 4 62.9221468615496 0.843960441627036
  1 26 4 10567.857276506 0.685474246042822
  2 26 4 53.9898311807565 0.429620783824035
  1 27 4 2090.95231573754 0.286882992344226
  2 27 4 112.073717369532 0.81343687860715
  1 28 4 14860.6735622852 0.371822434434906
  2 28 4 488.889997764077 0.53327636373572
  1 29 4 10469.3228040656 0.592639130460935
  2 29 4 306.4804259919 0.590339711107796
  1 30 4 24962.6109401512 0.374062101432949
  2 30 4 436.313315187163 0.701775131617819
  1 31 4 20067.821018349 0.304499664309564
  2 31 4 405.366761295643 0.210828956182955
  1 32 4 49229.2492328366 0.233962995093855
  2 32 4 1110.13970075984 0.329779252894958
  1 33 4 8630.3536771914 0.270006842918168
  2 33 4 206.611271552882 0.460124990024536
  1 34 4 11517.5250154173 0.350007507053818
  2 34 4 407.935742025472 0.837656243552001
  1 35 4 7088.48900604933 0.34274593698132
  2 35 4 338.732238670268 0.291986952078346
  1 36 4 14678.8883830973 0.261906583866089
  2 36 4 248.293403226179 0.425399553458769
  1 37 4 70196.6972057686 0.417429035160016
  2 37 4 1056.77954387379 0.287702894520317
  1 38 4 52729.9259762917 0.441211421515246
  2 38 4 3743.48976985279 0.866971810340233
  1 39 4 21704.306631987 0.495234601454268
  2 39 4 1280.57326494935 0.556663444153977
  1 40 4 14359.6082081001 0.237858203733512
  2 40 4 262.621716074641 0.295404104464232
  1 41 4 5958.29230730716 0.327346172729995
  2 41 4 134.021925490578 0.994030515469621
  1 42 4 2096.19226625442 0.368315456462939
  2 42 4 63.1147654692499 0.461505384764764
  1 1 2 1.63609737951202e-263 0.601375663623589
  2 1 2 4.5531378771546e-264 0.565196579518992
  2 2 2 7.32974467252194e-209 0.686052062200317
  2 3 2 5.66326072425837e-187 0.378997614818957
  1 4 2 1.57553919778338e-191 1
  2 4 2 7.1633203926074e-193 0.459316778181236
  1 5 2 2.39107511426421e-194 0.611089023955187
  2 5 2 2.52184367291987e-195 0.780615956536472
  1 6 2 3.64777862042249e-198 0.702037850017464
  2 6 2 2.32968496341844e-199 0.461790555986525
  1 7 2 2.80943160331785e-201 0.948289691951521
  2 7 2 4.98463299907993e-202 0.685175011742778
  1 8 2 4.71111631449032e-203 0.544380631361087
  2 8 2 5.5741947773734e-204 0.424096495665332
  1 9 2 1.19014563457258e-204 0.5393131982084
  2 9 2 1.60684940134187e-205 0.454629127333952
  1 10 2 2.11608273899206e-205 0.88095039530815
  2 10 2 2.45810293358313e-207 0.419344308350161
  1 11 2 3.4231734339956e-208 0.799987970388403
  2 11 2 2.06832634713182e-208 0.839124360078806
  1 12 2 4.41439971226031e-201 0.774991903603438
  2 12 2 5.87028989210804e-204 0.424721667998453
  1 13 2 8.26285167406764e-207 0.863215133786584
  2 13 2 8.42885917627232e-208 0.387073469025502
  1 14 2 3.98805996865039e-208 0.704083892007286
  2 14 2 8.59093257184944e-209 0.312793018147624
  1 15 2 1.95501084073694e-201 0.457459057188701
  2 15 2 9.62684753723348e-204 0.459652287866146
  1 16 2 4.60424545016834e-187 0.853197309912465
  2 16 2 4.11764139368639e-189 0.628928805514438
  1 17 2 2.04605264307199e-200 0.61116783920211
  2 17 2 9.01579658354543e-202 0.3895964128798
  1 18 2 3.14816387436245e-205 0.416775375911518
  2 18 2 2.88723288955472e-206 0.495180348393774
  1 19 2 7.53877939074057e-186 0.69077510766454
  2 19 2 8.92941968020265e-188 0.347120352110889
  1 20 2 3.98422352197406e-190 0.793751288508348
  2 20 2 4.45384948497174e-192 0.526946514998015
  1 21 2 5.40184070551593e-193 0.339376634127756
  2 21 2 2.92269045759504e-194 0.609998621037514
  1 22 2 7.95087859911917e-195 0.601950919776798
  2 22 2 5.34871782609149e-196 0.389299707202565
  1 23 2 8.19145617226284e-197 0.658556209578282
  2 23 2 6.50116180658723e-198 0.288585466763824
  1 24 2 1.37489273575501e-196 0.637453135075156
  2 24 2 1.63483623169088e-199 0.480513100150493
  1 25 2 8.20358246630672e-202 0.510473149998029
  2 25 2 2.37266666799466e-202 0.338488147626423
  1 26 2 5.32023018474807e-191 0.548437091427541
  2 26 2 2.73559817105514e-193 0.345955330423839
  1 27 2 1.15777715895094e-177 0.492912195981742
  2 27 2 2.76317808654664e-180 0.33164245084141
  1 28 2 1.9472780336579e-180 0.747597319880804
  2 28 2 7.35808549885393e-183 0.447853531697379
  1 29 2 1.52135521541022e-183 0.451616070879294
  2 29 2 3.71021954020844e-185 0.305275882623724
  1 30 2 9.58838056339537e-185 0.797269558848634
  2 30 2 1.16205857580268e-186 0.605264936420634
  1 31 2 2.02930310288557e-187 0.666772556553203
  2 31 2 4.0994563222792e-188 0.359836468902791
  1 32 2 1.45443971407308e-188 0.96787270074405
  2 32 2 7.98638215300046e-190 0.422601396160012
  1 33 2 8.9521595630245e-191 0.404694020855087
  2 33 2 9.90303648349844e-192 0.465820030674526
  1 34 2 8.84542184770361e-193 0.814873375751391
  2 34 2 6.23266796921636e-194 0.505954372112585
  1 35 2 6.35371078685055e-196 0.533219898766676
  2 35 2 1.03339160888446e-196 0.287403659199158
  1 36 2 7.83105632413239e-198 0.371953858881132
  2 36 2 6.12983231300058e-199 0.365560779244073
  1 37 2 7.77759193494302e-200 0.791301167226987
  2 37 2 1.37700253995115e-200 0.487536998609889
  1 38 2 3.56265309910389e-201 0.633364993316759
  2 38 2 5.23369383661697e-202 0.644823084547079
  1 39 2 1.1515308018643e-202 0.827253682697507
  2 39 2 4.87054255370736e-203 0.354235596542703
  1 40 2 9.39848905431893e-205 0.900216415173481
  2 40 2 2.3162650913291e-205 0.395846441583114
  1 41 2 1.56086881826732e-207 0.957770995377006
  2 41 2 1.2669518322552e-207 0.496084887173497
  1 42 2 2.06559399034559e-208 0.55870584954739
  2 42 2 1.30960636707435e-209 0.604660139936764
  1 1 1 136571.155292289 0.241799049430762
  2 1 1 2010242.99024941 0.250018379470286
  1 2 1 39595.3342244922 0.142636213550947
  2 2 1 117306.851840691 0.163647146277456
  1 3 1 50852.4635707702 0.225478190042395
  2 3 1 52365.1747598043 0.192013183632222
  1 4 1 135656.748124284 0.323579734794357
  2 4 1 107431.073479034 0.162432383538487
  1 5 1 117306.98524249 0.320666395151501
  2 5 1 75719.0983848815 0.822390366318268
  1 6 1 7975.01914904131 0.452044832991261
  2 6 1 58536.1129335969 0.192408532269243
  1 7 1 58378.9196058617 0.28209645893665
  2 7 1 27208.6327451321 0.262097825842625
  1 8 1 5766.07556516851 0.414010381101596
  2 8 1 60850.3800761446 0.189959250209439
  1 9 1 16988.1477846222 0.40638853202345
  2 9 1 12054.3151932861 0.178404315527443
  1 10 1 28137.6998649399 0.290993157294119
  2 10 1 25708.3636464127 0.156753980046499
  1 11 1 9461.1557787052 0.324615016521962
  2 11 1 29127.8668344427 0.174348711952217
  1 12 1 6783.11952811869 0.294780938380682
  2 12 1 7307.37968138045 0.195232854572048
  1 13 1 4239.59859973286 0.440402569626277
  2 13 1 8241.46948755948 0.185762358850192
  1 14 1 2320.06890799985 0.372421878022742
  2 14 1 5080.70209330283 0.151581173531864
  1 15 1 2472.4112087285 0.341871348717721
  2 15 1 2950.93220349171 0.233364310094868
  1 16 1 1391.4255699051 0.416897355424411
  2 16 1 2491.40995769125 0.283802183917676
  1 17 1 1836.53856105239 0.500820840736393
  2 17 1 1483.48975926213 0.495024013362717
  1 18 1 750.036164481781 0.389853340834037
  2 18 1 1461.65849014948 0.390988792530431
  1 19 1 707.796986196163 0.293941849282161
  2 19 1 613.721442791285 0.322403741112933
  1 20 1 777.239315535138 0.525509720403112
  2 20 1 831.768360291375 0.218361153170241
  1 21 1 1770.52304268107 0.266433769579894
  2 21 1 3492.6824350013 0.421115605185845
  1 22 1 2690.02456946246 0.374831371194202
  2 22 1 2603.6082435849 0.227391091044855
  1 23 1 1683.78156328985 0.352011231642473
  2 23 1 2948.31141395483 0.384269029090844
  1 24 1 2411.70849762611 0.34725908523047
  2 24 1 1316.27561838274 0.331291933735556
  1 25 1 395.880822934771 0.578696888706846
  2 25 1 1640.77480482054 0.247394190789157
  1 26 1 2509.89474459514 0.459728456052307
  2 26 1 3424.08091007447 0.394189312610479
  1 27 1 693.659935076159 0.539982548576019
  2 27 1 1569.33652968235 0.72948972943007
  1 28 1 1639.66641799585 0.364309332200766
  2 28 1 1956.96124770658 0.278656828353639
  1 29 1 662.149184090019 0.562793580097325
  2 29 1 2459.17659646958 0.316141323613091
  1 30 1 6653.05728583688 0.420348818797864
  2 30 1 1957.55973127792 0.30511736182771
  1 31 1 5624.26712231792 0.403753427903273
  2 31 1 5402.61139319662 0.278331587636247
  1 32 1 13122.9508972066 0.491331418922754
  2 32 1 5882.38984057156 0.329726795744574
  1 33 1 747.408278034208 0.537081122476055
  2 33 1 4707.01788192257 0.33086845072982
  1 34 1 899.601645736074 0.379030815152119
  2 34 1 735.766080118196 0.278881417082292
  1 35 1 1002.65212001964 0.519511456600017
  2 35 1 1297.91238180208 0.27351876283918
  1 36 1 679.165685018748 0.556056214854877
  2 36 1 1404.50954558837 0.714061811185508
  1 37 1 1493.42690361287 0.588197671943964
  2 37 1 1681.27726099522 0.340315242626747
  1 38 1 3486.00031717362 0.324588369174256
  2 38 1 8076.28615153205 0.300199803594678
  1 39 1 145.469084456723 0.501841796783066
  2 39 1 2685.8021234721 0.438397059851219
  1 40 1 234.732025583347 0.403101009292275
  2 40 1 483.653433308714 0.410378233550251
  1 41 1 584.26562215892 0.478602624152216
  2 41 1 263.096355786596 0.362128776577143
  1 42 1 58.3320612793042 0.646634922078809
  2 42 1 480.210714609271 0.816170985475773
  1 1 3 69775.3705475418 0.499484636786782
  1 2 3 1955.12191137783 0.358153914340203
  2 2 3 77448.5447580502 0.577110518633802
  1 3 3 88351.4526897148 0.678339172154909
  2 3 3 36274.7622781134 0.738121970739642
  1 4 3 6608.63163929057 1
  2 4 3 46778.5626519439 0.52056341701904
  1 5 3 269846.42556956 0.693225535250834
  2 5 3 27772.7651334634 1
  1 6 3 271.260938129978 1
  2 6 3 6425.43830797022 0.48452157876779
  1 7 3 574.788640284868 0.912293822979085
  1 8 3 560.988483376504 0.655734850091527
  2 8 3 269.062661237342 0.750382084373246
  1 9 3 254.407623305515 0.670809892238012
  2 9 3 192.306407529253 0.47273108889926
  1 10 3 569.946568742142 0.631102684426709
  2 10 3 97.934484074838 0.919260399745188
  1 11 3 111.762857226789 0.496475444687371
  1 12 3 58.6567165224894 0.740682868109632
  2 12 3 62.8514059824747 1
  1 13 3 201.045917497754 0.360862225436052
  1 14 3 193.999380408527 0.547901331396328
  2 14 3 103.854505246107 0.478873954421528
  1 15 3 206.237424178623 0.429608216382601
  2 15 3 78.9047504916292 0.654713783069401
  1 16 3 961.321406084325 0.69118921143411
  2 16 3 317.818869246042 0.8614889831113
  1 17 3 19.337277270261 0.426971754606328
  2 17 3 376.948725640463 0.572182042928152
  1 18 3 24.0716177020972 0.505524319387353
  2 18 3 46.7621797237072 0.488492827246527
  1 19 3 47.3497062976223 0.644591984223249
  2 19 3 35.6061529922405 0.51925665989311
  1 20 3 4.68597703396288 0.899065435378594
  2 20 3 19.45239422847 0.59569628754064
  1 21 3 25.5648029998753 0.543826822033971
  2 21 3 12.6536848637451 0.466111862829518
  1 22 3 363.448662737647 0.88174616562504
  2 22 3 33.3164748257447 0.568444982816852
  1 23 3 525.132582588319 0.408104676406013
  2 23 3 71.7055230530524 0.357346049869971
  1 24 3 60.1574974858695 0.92608255019157
  2 24 3 28.7578052103875 0.539541007788685
  1 25 3 51.0302278025618 0.648664057223823
  2 25 3 15.9983055986731 0.576168087832409
  1 26 3 35.2958928779847 0.695927823776047
  2 26 3 26.7858221891427 0.549529982814455
  1 27 3 26.53186707613 0.708713243925404
  2 27 3 45.7133628768017 0.496269825160911
  1 28 3 68.5812491059604 0.489543853646182
  1 29 3 22.6025853498995 0.703511357168505
  2 29 3 41.3423757524695 0.875017095315649
  1 30 3 788.65552682226 0.631659802692532
  2 30 3 677.918289057667 0.908152223575802
  1 31 3 1634.42670636955 0.626570332091694
  2 31 3 757.24094890498 0.712465807947941
  1 32 3 136.033400125674 0.661895735249442
  2 32 3 580.515401743825 0.86012943797605
  1 33 3 17.3181880513075 0.783155911787346
  2 33 3 271.279924471572 0.598390099709208
  1 34 3 21.5966618259544 0.542775440757204
  2 34 3 26.6564649103507 0.743173480285892
  1 35 3 9.33668649108781 0.870542376054271
  2 35 3 13.9471440053429 0.446478967244395
  1 36 3 136.978267551028 0.492193512682958
  2 36 3 135.185319195802 0.490110041691513
  1 37 3 630.256726109825 0.909630520329322
  2 37 3 615.045980828176 0.433872317628348
  1 38 3 572.188025796797 0.644773009949607
  2 38 3 3418.28675542926 0.484949159815328
  1 39 3 1429.031110183 0.515045488987725
  2 39 3 1237.78594044359 0.388710136036013
  1 40 3 629.725103347529 0.442573167063876
  2 40 3 504.949377946938 0.395139923022642
  1 41 3 152.232762639174 0.88587618368699
  2 41 3 93.6522563227332 0.537531419606343
  1 42 3 765137.840953464 0.983269433580366
  2 42 3 370529.601039882 0.849696423298534
# end survey index observations 
#  
# Survey size comp data 
# Number of observations, init_int Nsurvey_size_obs 
  329
# init_matrix obs_survey_size(1,Nsurvey_size_obs,1,ncol) 
# Survey  Year  Species Type (0=whole, 1=retained, 2=discard) InpN, proportion by length bin 
  1 1 1 0 57 0 0.947368421052632 0.754385964912281 0.0526315789473684 0
  1 2 1 0 65 0.753846153846154 0.769230769230769 0.0153846153846154 0 0
  1 3 1 0 32 1.53125 1.59375 0 0 0
  1 4 1 0 32 1.625 1.5 0 0 0
  1 5 1 0 21 2.33333333333333 2.28571428571429 0.142857142857143 0 0
  1 6 1 0 18 0.555555555555556 3.44444444444444 1.44444444444444 0.111111111111111 0
  1 7 1 0 25 2.24 1.76 0 0 0
  1 8 1 0 20 0.35 3.35 1.3 0 0
  1 9 1 0 16 3.4375 2.75 0.0625 0 0
  1 10 1 0 19 2.84210526315789 2.36842105263158 0.0526315789473684 0 0
  1 11 1 0 20 2.5 2.2 0.3 0 0
  1 12 1 0 22 2.45454545454545 2.09090909090909 0 0 0
  1 13 1 0 23 2.17391304347826 2.08695652173913 0.0869565217391304 0 0
  1 14 1 0 14 3.78571428571429 3.35714285714286 0 0 0
  1 15 1 0 21 2.33333333333333 2.42857142857143 0 0 0
  1 16 1 0 14 3.92857142857143 3.21428571428571 0 0 0
  1 17 1 0 17 2.70588235294118 3.11764705882353 0.0588235294117647 0 0
  1 18 1 0 19 3 2.10526315789474 0.157894736842105 0 0
  1 19 1 0 18 2.77777777777778 2.77777777777778 0 0 0
  1 20 1 0 15 3.4 3.26666666666667 0 0 0
  1 21 1 0 21 2.42857142857143 2.33333333333333 0 0 0
  1 22 1 0 13 3.76923076923077 3.92307692307692 0 0 0
  1 23 1 0 14 3.57142857142857 3.57142857142857 0 0 0
  1 24 1 0 14 4.14285714285714 3 0 0 0
  1 25 1 0 18 2.88888888888889 2.55555555555556 0.111111111111111 0 0
  1 26 1 0 14 3.57142857142857 3.57142857142857 0 0 0
  1 27 1 0 23 2.21739130434783 2.08695652173913 0.0434782608695652 0 0
  1 28 1 0 14 3.92857142857143 3.21428571428571 0 0 0
  1 29 1 0 17 3.05882352941176 2.64705882352941 0.176470588235294 0 0
  1 30 1 0 18 2.83333333333333 2.72222222222222 0 0 0
  1 31 1 0 20 2.35 2.65 0 0 0
  1 32 1 0 10 4 6 0 0 0
  1 33 1 0 15 1.26666666666667 4.46666666666667 0.933333333333333 0 0
  1 34 1 0 18 2.88888888888889 2.66666666666667 0 0 0
  1 35 1 0 8 5.875 6.5 0.125 0 0
  1 36 1 0 12 3.83333333333333 4.5 0 0 0
  1 37 1 0 8 5.75 6.625 0.125 0 0
  1 38 1 0 16 2.9375 3.3125 0 0 0
  1 39 1 0 10 2.6 5.6 1.8 0 0
  1 40 1 0 10 5.7 4.1 0.2 0 0
  1 41 1 0 13 4.46153846153846 3.07692307692308 0.153846153846154 0 0
  1 42 1 0 8 6.125 6.125 0.25 0 0
  1 1 2 0 11 1.09090909090909 1.81818181818182 2.36363636363636 1.54545454545455 2.27272727272727
  1 4 2 0 1 17 30 16 16 21
  1 5 2 0 5 4.2 3.2 3 3.6 6
  1 6 2 0 1 19 18 23 20 20
  1 7 2 0 3 7.66666666666667 7.66666666666667 6 8 4
  1 8 2 0 4 5.75 5.5 6.5 3.5 3.75
  1 9 2 0 5 4 2.6 4.8 3.6 5
  1 10 2 0 10 1.7 1.7 2.7 1.8 2.1
  1 11 2 0 13 1.69230769230769 1.76923076923077 1.07692307692308 1.76923076923077 1.38461538461538
  1 12 2 0 15 1.33333333333333 1 1.4 1.33333333333333 1.6
  1 13 2 0 9 2.22222222222222 1.88888888888889 2.11111111111111 2.33333333333333 2.55555555555556
  1 14 2 0 6 3.5 3 3.33333333333333 4 2.83333333333333
  1 15 2 0 13 1.61538461538462 1.53846153846154 1.30769230769231 1.69230769230769 1.53846153846154
  1 16 2 0 10 1.7 1.6 2.3 2.6 1.8
  1 17 2 0 10 1.5 2.3 2.3 2.3 1.6
  1 18 2 0 18 1.11111111111111 1.44444444444444 1.22222222222222 0.944444444444444 0.833333333333333
  1 19 2 0 27 0.962962962962963 0.555555555555556 0.703703703703704 0.555555555555556 0.925925925925926
  1 20 2 0 23 0.695652173913043 1.17391304347826 0.956521739130435 0.869565217391304 0.652173913043478
  1 21 2 0 25 0.8 0.52 0.92 0.84 0.92
  1 22 2 0 9 2.11111111111111 2.44444444444444 2 2.77777777777778 1.77777777777778
  1 23 2 0 8 2.875 2.375 2.125 3 2.125
  1 24 2 0 9 2 2.22222222222222 2.66666666666667 1.88888888888889 2.33333333333333
  1 25 2 0 14 1.21428571428571 1.42857142857143 1.42857142857143 1.92857142857143 1.14285714285714
  1 26 2 0 18 1.44444444444444 0.888888888888889 1.05555555555556 0.888888888888889 1.27777777777778
  1 27 2 0 16 1.4375 1.0625 0.8125 1.5625 1.375
  1 28 2 0 6 2.16666666666667 3.5 4 2.66666666666667 4.33333333333333
  1 29 2 0 8 1.875 2.75 2.5 2.875 2.5
  1 30 2 0 17 1.05882352941176 1.17647058823529 1.29411764705882 0.941176470588235 1.41176470588235
  1 31 2 0 9 2.66666666666667 1.66666666666667 2.22222222222222 2 2.55555555555556
  1 32 2 0 30 0.966666666666667 0.866666666666667 0.666666666666667 0.5 0.333333333333333
  1 33 2 0 24 0.541666666666667 0.916666666666667 0.458333333333333 1.33333333333333 0.916666666666667
  1 34 2 0 25 0.44 0.96 0.76 0.56 1.28
  1 35 2 0 16 1.6875 1.4375 0.9375 0.9375 1.25
  1 36 2 0 13 1.76923076923077 1.46153846153846 1.69230769230769 1.30769230769231 1.46153846153846
  1 37 2 0 8 3.5 1.5 3 2.375 2.125
  1 38 2 0 10 2.5 1.5 1.4 2.8 1.8
  1 39 2 0 13 1.30769230769231 1.38461538461538 1.84615384615385 1.07692307692308 2.07692307692308
  1 40 2 0 8 2.75 2.625 1.5 3.25 2.375
  1 41 2 0 5 3.8 3.8 4.4 2.6 5.4
  1 42 2 0 17 1.23529411764706 1 1.29411764705882 1.17647058823529 1.17647058823529
  1 1 3 0 27 0 0.962962962962963 1.81481481481481 0.925925925925926 0
  1 2 3 0 13 0 0.384615384615385 3.15384615384615 4.15384615384615 0
  1 3 3 0 5 9.4 10.6 0 0 0
  1 4 3 0 2 6.5 27 16.5 0 0
  1 5 3 0 5 11.6 8.4 0 0 0
  1 6 3 0 1 34 54 12 0 0
  1 7 3 0 3 13.6666666666667 16.3333333333333 2.66666666666667 0.666666666666667 0
  1 8 3 0 3 20.3333333333333 13 0 0 0
  1 9 3 0 4 13.25 11.75 0 0 0
  1 10 3 0 4 10.25 14.75 0 0 0
  1 11 3 0 4 15.25 9.25 0.5 0 0
  1 12 3 0 2 26.5 22.5 1 0 0
  1 13 3 0 8 7.5 5 0 0 0
  1 14 3 0 19 2.84210526315789 2.42105263157895 0 0 0
  1 15 3 0 15 3.2 3.4 0.0666666666666667 0 0
  1 16 3 0 12 4.08333333333333 4.25 0 0 0
  1 17 3 0 14 1.64285714285714 4.35714285714286 1.14285714285714 0 0
  1 18 3 0 14 3.57142857142857 3.57142857142857 0 0 0
  1 19 3 0 15 4 2.66666666666667 0 0 0
  1 20 3 0 17 3.11764705882353 2.35294117647059 0.411764705882353 0 0
  1 21 3 0 12 4.75 3.58333333333333 0 0 0
  1 22 3 0 11 5.18181818181818 3.90909090909091 0 0 0
  1 23 3 0 16 3.125 3.125 0 0 0
  1 24 3 0 15 2.2 3.73333333333333 0.733333333333333 0 0
  1 25 3 0 4 13 11.25 0.75 0 0
  1 26 3 0 14 3.92857142857143 3.21428571428571 0 0 0
  1 27 3 0 6 7 9.66666666666667 0 0 0
  1 28 3 0 4 14.5 10.5 0 0 0
  1 29 3 0 2 29 20.5 0.5 0 0
  1 30 3 0 10 5.7 4.3 0 0 0
  1 31 3 0 9 6.11111111111111 5 0 0 0
  1 32 3 0 12 3 4.08333333333333 1.25 0 0
  1 33 3 0 5 12.8 7.2 0 0 0
  1 34 3 0 9 6 4.77777777777778 0.333333333333333 0 0
  1 35 3 0 5 12.2 7.2 0.6 0 0
  1 36 3 0 5 12.4 7.6 0 0 0
  1 37 3 0 3 19 14 0.333333333333333 0 0
  1 38 3 0 15 3.66666666666667 3 0 0 0
  1 39 3 0 12 4.16666666666667 4.16666666666667 0 0 0
  1 40 3 0 9 6.11111111111111 4.88888888888889 0.111111111111111 0 0
  1 41 3 0 8 3.375 7.125 2 0 0
  1 42 3 0 12 4.25 3.41666666666667 0.583333333333333 0.0833333333333333 0
  1 1 4 0 86 0.453488372093023 0.0930232558139535 0.593023255813954 0.0232558139534884 0
  1 2 4 0 100 0.01 0.08 0.83 0.08 0
  1 3 4 0 33 2.42424242424242 0.606060606060606 0 0 0
  1 4 4 0 44 1.77272727272727 0.5 0 0 0
  1 5 4 0 34 2.38235294117647 0.558823529411765 0 0 0
  1 6 4 0 40 2.05 0.45 0 0 0
  1 7 4 0 39 2.05128205128205 0.512820512820513 0 0 0
  1 8 4 0 49 1.59183673469388 0.448979591836735 0 0 0
  1 9 4 0 36 2.16666666666667 0.611111111111111 0 0 0
  1 10 4 0 43 1.81395348837209 0.511627906976744 0 0 0
  1 11 4 0 41 1.92682926829268 0.48780487804878 0.024390243902439 0 0
  1 12 4 0 35 2.37142857142857 0.485714285714286 0 0 0
  1 13 4 0 32 2.5625 0.5625 0 0 0
  1 14 4 0 21 3.76190476190476 1 0 0 0
  1 15 4 0 30 2.66666666666667 0.666666666666667 0 0 0
  1 16 4 0 19 4.15789473684211 1.10526315789474 0 0 0
  1 17 4 0 35 2.4 0.457142857142857 0 0 0
  1 18 4 0 27 2.74074074074074 0.962962962962963 0 0 0
  1 19 4 0 34 2.44117647058824 0.5 0 0 0
  1 20 4 0 42 2.02380952380952 0.357142857142857 0 0 0
  1 21 4 0 41 2.02439024390244 0.414634146341463 0 0 0
  1 22 4 0 44 1.63636363636364 0.636363636363636 0 0 0
  1 23 4 0 28 3.03571428571429 0.535714285714286 0 0 0
  1 24 4 0 34 2.29411764705882 0.647058823529412 0 0 0
  1 25 4 0 36 2.05555555555556 0.722222222222222 0 0 0
  1 26 4 0 31 2.32258064516129 0.903225806451613 0 0 0
  1 27 4 0 39 1.94871794871795 0.615384615384615 0 0 0
  1 28 4 0 38 2.21052631578947 0.421052631578947 0 0 0
  1 29 4 0 48 1.625 0.458333333333333 0 0 0
  1 30 4 0 38 2.13157894736842 0.5 0 0 0
  1 31 4 0 61 1.40983606557377 0.229508196721311 0 0 0
  1 32 4 0 48 1.45833333333333 0.625 0 0 0
  1 33 4 0 49 1.61224489795918 0.408163265306122 0.0204081632653061 0 0
  1 34 4 0 44 1.84090909090909 0.431818181818182 0 0 0
  1 35 4 0 61 1.29508196721311 0.344262295081967 0 0 0
  1 36 4 0 67 1.13432835820896 0.358208955223881 0 0 0
  1 37 4 0 57 1.33333333333333 0.421052631578947 0 0 0
  1 38 4 0 38 2.15789473684211 0.473684210526316 0 0 0
  1 39 4 0 52 1.53846153846154 0.384615384615385 0 0 0
  1 40 4 0 43 1.95348837209302 0.348837209302326 0.0232558139534884 0 0
  1 41 4 0 42 2 0.380952380952381 0 0 0
  1 42 4 0 61 1.14754098360656 0.475409836065574 0.0163934426229508 0 0
  2 1 1 0 58 0 0 1.55172413793103 0.172413793103448 0
  2 2 1 0 83 0 0.240963855421687 0.771084337349398 0.192771084337349 0
  2 3 1 0 63 0 1.04761904761905 0.53968253968254 0 0
  2 4 1 0 56 0 1.23214285714286 0.553571428571429 0 0
  2 5 1 0 55 0 0.509090909090909 1.30909090909091 0 0
  2 6 1 0 45 0 0.0888888888888889 2.08888888888889 0.0444444444444444 0
  2 7 1 0 46 0.0217391304347826 2.08695652173913 0.0652173913043478 0 0
  2 8 1 0 56 0 0.0714285714285714 1.71428571428571 0 0
  2 9 1 0 51 0 1.82352941176471 0.117647058823529 0.0196078431372549 0
  2 10 1 0 44 0.0227272727272727 1.22727272727273 1.02272727272727 0 0
  2 11 1 0 49 0 0.571428571428571 1.46938775510204 0 0
  2 12 1 0 50 0.04 1.36 0.6 0 0
  2 13 1 0 48 0 0.875 1.20833333333333 0 0
  2 14 1 0 52 0.0192307692307692 1.13461538461538 0.769230769230769 0 0
  2 15 1 0 31 0 1.64516129032258 1.58064516129032 0 0
  2 16 1 0 38 0.0263157894736842 1.5 1.10526315789474 0 0
  2 17 1 0 26 0 2.19230769230769 1.65384615384615 0 0
  2 18 1 0 33 0 1.60606060606061 1.42424242424242 0 0
  2 19 1 0 31 0.0645161290322581 2.16129032258065 1 0 0
  2 20 1 0 38 0 1.94736842105263 0.684210526315789 0 0
  2 21 1 0 30 0.0333333333333333 2.1 1.2 0 0
  2 22 1 0 35 0.0285714285714286 2.2 0.628571428571429 0 0
  2 23 1 0 35 0 0.657142857142857 2.2 0 0
  2 24 1 0 26 0.0384615384615385 2.76923076923077 1.03846153846154 0 0
  2 25 1 0 32 0 1.375 1.75 0 0
  2 26 1 0 26 0.0384615384615385 2.69230769230769 1.11538461538462 0 0
  2 27 1 0 37 0 0.810810810810811 1.89189189189189 0 0
  2 28 1 0 35 0 2.2 0.657142857142857 0 0
  2 29 1 0 33 0 1.03030303030303 2 0 0
  2 30 1 0 45 0 1.75555555555556 0.466666666666667 0 0
  2 31 1 0 34 0 1.55882352941176 1.35294117647059 0.0294117647058824 0
  2 32 1 0 36 0.0277777777777778 1.38888888888889 1.33333333333333 0.0277777777777778 0
  2 33 1 0 42 0 0.0476190476190476 2.33333333333333 0 0
  2 34 1 0 34 0 2.52941176470588 0.352941176470588 0.0588235294117647 0
  2 35 1 0 35 0 0.971428571428571 1.88571428571429 0 0
  2 36 1 0 28 0.0357142857142857 2.25 1.28571428571429 0 0
  2 37 1 0 22 0.0454545454545455 3.40909090909091 1.09090909090909 0 0
  2 38 1 0 32 0 1.5625 1.5625 0 0
  2 39 1 0 27 0 0.333333333333333 3.37037037037037 0 0
  2 40 1 0 39 0.0256410256410256 1.71794871794872 0.794871794871795 0.0256410256410256 0
  2 41 1 0 20 0 2.85 2.15 0 0
  2 42 1 0 30 0.0333333333333333 0.766666666666667 2.5 0.0333333333333333 0
  2 1 2 0 16 1.25 1.25 1.25 1.25 1.25
  2 2 2 0 20 1.1 0.95 1.25 1 0.7
  2 3 2 0 34 0.617647058823529 0.411764705882353 0.764705882352941 0.441176470588235 0.705882352941177
  2 4 2 0 15 0.866666666666667 1.53333333333333 1.4 1.06666666666667 1.8
  2 5 2 0 4 4 5.25 4.25 6 5.5
  2 6 2 0 7 3.28571428571429 3.14285714285714 2.57142857142857 3.28571428571429 2
  2 7 2 0 18 1.05555555555556 1.16666666666667 0.777777777777778 1.33333333333333 1.22222222222222
  2 8 2 0 22 1 0.909090909090909 0.954545454545455 0.954545454545455 0.727272727272727
  2 9 2 0 21 0.571428571428571 1.23809523809524 1.33333333333333 0.904761904761905 0.714285714285714
  2 10 2 0 11 1.63636363636364 1.72727272727273 1.54545454545455 1.54545454545455 2.63636363636364
  2 11 2 0 7 3.42857142857143 2.57142857142857 1.85714285714286 3.71428571428571 2.71428571428571
  2 12 2 0 19 1.15789473684211 1 1.10526315789474 1.21052631578947 0.789473684210526
  2 13 2 0 32 0.59375 0.5 0.84375 0.375 0.8125
  2 14 2 0 34 0.470588235294118 0.676470588235294 0.5 0.735294117647059 0.558823529411765
  2 15 2 0 27 0.777777777777778 0.851851851851852 0.62962962962963 0.777777777777778 0.666666666666667
  2 16 2 0 42 0.452380952380952 0.523809523809524 0.547619047619048 0.428571428571429 0.428571428571429
  2 17 2 0 34 0.588235294117647 0.588235294117647 0.5 0.617647058823529 0.647058823529412
  2 18 2 0 28 0.535714285714286 0.928571428571429 0.5 0.821428571428571 0.785714285714286
  2 19 2 0 26 0.538461538461538 0.846153846153846 0.807692307692308 0.807692307692308 0.846153846153846
  2 20 2 0 32 0.6875 0.65625 0.46875 0.625 0.6875
  2 21 2 0 37 0.486486486486487 0.72972972972973 0.513513513513513 0.513513513513513 0.459459459459459
  2 22 2 0 38 0.631578947368421 0.5 0.473684210526316 0.526315789473684 0.5
  2 23 2 0 41 0.51219512195122 0.414634146341463 0.536585365853659 0.48780487804878 0.48780487804878
  2 24 2 0 33 0.757575757575758 0.515151515151515 0.757575757575758 0.424242424242424 0.575757575757576
  2 25 2 0 45 0.466666666666667 0.377777777777778 0.444444444444444 0.511111111111111 0.422222222222222
  2 26 2 0 28 0.785714285714286 0.714285714285714 0.642857142857143 0.714285714285714 0.714285714285714
  2 27 2 0 47 0.319148936170213 0.48936170212766 0.51063829787234 0.234042553191489 0.574468085106383
  2 28 2 0 22 0.590909090909091 0.909090909090909 0.909090909090909 1.04545454545455 1.09090909090909
  2 29 2 0 40 0.225 0.4 0.775 0.5 0.6
  2 30 2 0 28 0.821428571428571 0.785714285714286 0.535714285714286 0.928571428571429 0.5
  2 31 2 0 32 0.71875 0.40625 0.625 0.6875 0.6875
  2 32 2 0 40 0.425 0.55 0.6 0.35 0.575
  2 33 2 0 43 0.488372093023256 0.488372093023256 0.511627906976744 0.604651162790698 0.232558139534884
  2 34 2 0 46 0.565217391304348 0.521739130434783 0.369565217391304 0.282608695652174 0.434782608695652
  2 35 2 0 60 0.383333333333333 0.3 0.266666666666667 0.35 0.366666666666667
  2 36 2 0 49 0.36734693877551 0.408163265306122 0.428571428571429 0.510204081632653 0.326530612244898
  2 37 2 0 32 0.5625 0.71875 0.5 0.6875 0.65625
  2 38 2 0 30 0.7 0.733333333333333 0.633333333333333 0.533333333333333 0.733333333333333
  2 39 2 0 29 1 0.586206896551724 0.931034482758621 0.448275862068966 0.482758620689655
  2 40 2 0 31 0.516129032258065 0.354838709677419 0.580645161290323 0.870967741935484 0.903225806451613
  2 41 2 0 14 1.5 1.57142857142857 1.14285714285714 1.28571428571429 1.64285714285714
  2 42 2 0 19 1.15789473684211 1.05263157894737 1.05263157894737 1.21052631578947 0.789473684210526
  2 2 3 0 3 0 0 2.33333333333333 31 0
  2 3 3 0 3 5 28.3333333333333 0 0 0
  2 4 3 0 7 0 1.57142857142857 12.7142857142857 0 0
  2 5 3 0 1 12 84 2 2 0
  2 6 3 0 14 0.214285714285714 2.35714285714286 4.35714285714286 0.214285714285714 0
  2 8 3 0 10 0.4 8.7 0.2 0.7 0
  2 9 3 0 6 1.66666666666667 14 1 0 0
  2 10 3 0 2 7.5 40.5 1.5 0.5 0
  2 12 3 0 1 7 76 16 1 0
  2 14 3 0 9 1.44444444444444 8.77777777777778 0.888888888888889 0 0
  2 15 3 0 5 2.2 15.4 2.2 0.2 0
  2 16 3 0 9 1.11111111111111 9.66666666666667 0.111111111111111 0.222222222222222 0
  2 17 3 0 9 0 2.33333333333333 8.44444444444444 0.333333333333333 0
  2 18 3 0 13 0.461538461538462 5.46153846153846 0.615384615384615 1.15384615384615 0
  2 19 3 0 14 0.785714285714286 6 0.357142857142857 0 0
  2 20 3 0 19 0.526315789473684 3.21052631578947 1.52631578947368 0 0
  2 21 3 0 20 0.65 4 0.35 0 0
  2 22 3 0 23 0.434782608695652 3.8695652173913 0.0434782608695652 0 0
  2 23 3 0 26 0.538461538461538 3.23076923076923 0.0769230769230769 0 0
  2 24 3 0 28 0.178571428571429 1.10714285714286 2.25 0.0357142857142857 0
  2 25 3 0 20 0.35 4.2 0.45 0 0
  2 26 3 0 7 1.42857142857143 12.4285714285714 0.428571428571429 0 0
  2 27 3 0 5 3.2 15.4 1.2 0.2 0
  2 29 3 0 6 1.66666666666667 13.1666666666667 1.83333333333333 0 0
  2 30 3 0 14 1 5.71428571428571 0.428571428571429 0 0
  2 31 3 0 7 1 12.7142857142857 0.571428571428571 0 0
  2 32 3 0 20 0.1 1.25 3.65 0 0
  2 33 3 0 18 0.444444444444444 3.16666666666667 0.888888888888889 1.05555555555556 0
  2 34 3 0 15 0.866666666666667 4.46666666666667 1.06666666666667 0.266666666666667 0
  2 35 3 0 28 0.178571428571429 2.64285714285714 0.678571428571429 0.0714285714285714 0
  2 36 3 0 25 0.52 3.48 0 0 0
  2 37 3 0 19 0.789473684210526 4.42105263157895 0.0526315789473684 0 0
  2 38 3 0 33 0.484848484848485 2.42424242424242 0.121212121212121 0 0
  2 39 3 0 32 0.1875 2.375 0.53125 0.03125 0
  2 40 3 0 34 0.470588235294118 2.11764705882353 0.352941176470588 0 0
  2 41 3 0 20 0.1 1.55 2.8 0.55 0
  2 42 3 0 27 0.222222222222222 0.814814814814815 1.55555555555556 1.11111111111111 0
  2 1 4 0 44 0 0.0454545454545455 2.04545454545455 0.181818181818182 0
  2 2 4 0 75 0 0.0266666666666667 1.24 0.0666666666666667 0
  2 3 4 0 66 0.0303030303030303 1.46969696969697 0.0151515151515152 0 0
  2 4 4 0 54 0.0185185185185185 1.42592592592593 0.407407407407407 0 0
  2 5 4 0 31 0.0645161290322581 2.03225806451613 1.12903225806452 0 0
  2 6 4 0 24 0 2.33333333333333 1.83333333333333 0 0
  2 7 4 0 20 0.05 4.4 0.55 0 0
  2 8 4 0 25 0 1.32 2.68 0 0
  2 9 4 0 44 0 2.25 0.0227272727272727 0 0
  2 10 4 0 36 0.0555555555555556 2.13888888888889 0.583333333333333 0 0
  2 11 4 0 22 0.0454545454545455 3.31818181818182 1.18181818181818 0 0
  2 12 4 0 21 0.0476190476190476 4.33333333333333 0.380952380952381 0 0
  2 13 4 0 26 0.0769230769230769 3.19230769230769 0.576923076923077 0 0
  2 14 4 0 35 0.0285714285714286 2.42857142857143 0.4 0 0
  2 15 4 0 21 0.285714285714286 3.9047619047619 0.571428571428571 0 0
  2 16 4 0 30 0 3.06666666666667 0.266666666666667 0 0
  2 17 4 0 40 0 2.125 0.375 0 0
  2 18 4 0 42 0.0476190476190476 1.76190476190476 0.571428571428571 0 0
  2 19 4 0 46 0.0217391304347826 2.04347826086957 0.108695652173913 0 0
  2 20 4 0 37 0.0810810810810811 2.40540540540541 0.216216216216216 0 0
  2 21 4 0 44 0.136363636363636 1.86363636363636 0.272727272727273 0 0
  2 22 4 0 42 0.0238095238095238 2.26190476190476 0.0952380952380952 0 0
  2 23 4 0 35 0.0571428571428571 2.45714285714286 0.342857142857143 0 0
  2 24 4 0 26 0.192307692307692 3.19230769230769 0.461538461538462 0 0
  2 25 4 0 19 0.157894736842105 4.47368421052632 0.631578947368421 0 0
  2 26 4 0 29 0.0689655172413793 3.10344827586207 0.275862068965517 0 0
  2 27 4 0 10 0.1 9.1 0.8 0 0
  2 28 4 0 20 0.05 4.6 0.35 0 0
  2 29 4 0 25 0.04 3.52 0.44 0 0
  2 30 4 0 18 0.111111111111111 4.94444444444444 0.5 0 0
  2 31 4 0 24 0.0833333333333333 3 1.08333333333333 0 0
  2 32 4 0 21 0.0476190476190476 4.23809523809524 0.476190476190476 0 0
  2 33 4 0 10 0.1 6.1 3.8 0 0
  2 34 4 0 12 0.166666666666667 7.25 0.916666666666667 0 0
  2 35 4 0 29 0 2.41379310344828 1.03448275862069 0 0
  2 36 4 0 17 0.117647058823529 4.88235294117647 0.882352941176471 0 0
  2 37 4 0 39 0.0512820512820513 2.20512820512821 0.307692307692308 0 0
  2 38 4 0 9 0.111111111111111 8.77777777777778 2.22222222222222 0 0
  2 39 4 0 50 0.04 1.04 0.92 0 0
  2 40 4 0 15 0.0666666666666667 5.46666666666667 1.13333333333333 0 0
  2 41 4 0 7 0.142857142857143 8.85714285714286 5.28571428571429 0 0
  2 42 4 0 9 0.111111111111111 7.66666666666667 3.33333333333333 0 0
# end survey length observations 
#  
# Fishery catch data 
# Number of observations, init_int Ncatch_obs
  168
# init_matrix obs_catch_biomass(1,Ncatch_obs,1,6) 
# Fleet	Area	Year	Species	Catch(biomass t)	CV 
  1 1 1 1 16219.2659297862 0.05
  1 1 2 1 18842.9548935209 0.05
  1 1 3 1 17290.2639300472 0.05
  1 1 4 1 19724.9641979619 0.05
  1 1 5 1 26838.8104074079 0.05
  1 1 6 1 16614.5041525268 0.05
  1 1 7 1 14917.2385184806 0.05
  1 1 8 1 13128.5607939272 0.05
  1 1 9 1 13008.5041293449 0.05
  1 1 10 1 16245.978002071 0.05
  1 1 11 1 20747.9636724493 0.05
  1 1 12 1 17837.8187172541 0.05
  1 1 13 1 18095.5201853638 0.05
  1 1 14 1 16070.8970660257 0.05
  1 1 15 1 12425.4078710629 0.05
  1 1 16 1 8442.03295273832 0.05
  1 1 17 1 8239.20238703538 0.05
  1 1 18 1 4718.33627103749 0.05
  1 1 19 1 4082.02006637666 0.05
  1 1 20 1 5343.66910182891 0.05
  1 1 21 1 4127.33904962401 0.05
  1 1 22 1 5632.0080272191 0.05
  1 1 23 1 4519.78103108692 0.05
  1 1 24 1 6099.70415832425 0.05
  1 1 25 1 4440.93212014271 0.05
  1 1 26 1 5695.84937666375 0.05
  1 1 27 1 2083.6259318607 0.05
  1 1 28 1 1802.2820545636 0.05
  1 1 29 1 2574.90746976617 0.05
  1 1 30 1 3366.89446196699 0.05
  1 1 31 1 3903.38434633889 0.05
  1 1 32 1 4097.18115433855 0.05
  1 1 33 1 1726.83954273864 0.05
  1 1 34 1 1999.61538924126 0.05
  1 1 35 1 1132.38307268213 0.05
  1 1 36 1 742.853474602543 0.05
  1 1 37 1 1055.85042943046 0.05
  1 1 38 1 1117.72700413718 0.05
  1 1 39 1 871.072680740567 0.05
  1 1 40 1 574.205935052227 0.05
  1 1 41 1 642.667630611695 0.05
  1 1 42 1 370.719357619117 0.05
  1 1 1 4 6624.38503863384 0.05
  1 1 2 4 4220.42120277197 0.05
  1 1 3 4 6704.69073013726 0.05
  1 1 4 4 6167.0352121883 0.05
  1 1 5 4 8244.04584494497 0.05
  1 1 6 4 8930.70282544883 0.05
  1 1 7 4 5896.83794376598 0.05
  1 1 8 4 6830.00124477333 0.05
  1 1 9 4 6843.21189696142 0.05
  1 1 10 4 6519.54074575344 0.05
  1 1 11 4 7433.60914664282 0.05
  1 1 12 4 8483.89808403068 0.05
  1 1 13 4 13926.6907404483 0.05
  1 1 14 4 13349.798474373 0.05
  1 1 15 4 9079.01462620475 0.05
  1 1 16 4 5692.93511989618 0.05
  1 1 17 4 13042.325753753 0.05
  1 1 18 4 4705.22440158717 0.05
  1 1 19 4 5533.98417350923 0.05
  1 1 20 4 8910.59692399895 0.05
  1 1 21 4 4228.6438603685 0.05
  1 1 22 4 4394.1514951135 0.05
  1 1 23 4 7091.18569438768 0.05
  1 1 24 4 7219.2992736182 0.05
  1 1 25 4 6118.71805243547 0.05
  1 1 26 4 4465.31870733126 0.05
  1 1 27 4 3023.21619992603 0.05
  1 1 28 4 1681.81365056192 0.05
  1 1 29 4 4682.97511366529 0.05
  1 1 30 4 3627.71366246419 0.05
  1 1 31 4 2164.09064703698 0.05
  1 1 32 4 3557.55586045855 0.05
  1 1 33 4 2909.05958565788 0.05
  1 1 34 4 3105.43044947543 0.05
  1 1 35 4 3695.9620561963 0.05
  1 1 36 4 2782.65845506376 0.05
  1 1 37 4 4663.79494459267 0.05
  1 1 38 4 4156.77670205691 0.05
  1 1 39 4 5051.94427790725 0.05
  1 1 40 4 3969.21026704551 0.05
  1 1 41 4 3463.04051028659 0.05
  1 1 42 4 2224.90447794608 0.05
  2 1 1 2 1318.59805372908 0.05
  2 1 2 2 917.447882254882 0.05
  2 1 3 2 1540.05700527542 0.05
  2 1 4 2 917.777935774067 0.05
  2 1 5 2 1248.07140748824 0.05
  2 1 6 2 1152.7271630205 0.05
  2 1 7 2 791.716374668315 0.05
  2 1 8 2 989.788467729441 0.05
  2 1 9 2 849.635646687867 0.05
  2 1 10 2 790.223863532759 0.05
  2 1 11 2 1028.52966273603 0.05
  2 1 12 2 965.853673543145 0.05
  2 1 13 2 3489.0957839431 0.05
  2 1 14 2 1787.63692998002 0.05
  2 1 15 2 1059.4222645721 0.05
  2 1 16 2 2806.41126253036 0.05
  2 1 17 2 1982.00717709001 0.05
  2 1 18 2 27.6058879749246 0.05
  2 1 19 2 3771.55649184386 0.05
  2 1 20 2 6271.29207561076 0.05
  2 1 21 2 13782.6792755707 0.05
  2 1 22 2 14512.7558807232 0.05
  2 1 23 2 9292.20909346773 0.05
  2 1 24 2 24195.7387741023 0.05
  2 1 25 2 9403.47531763272 0.05
  2 1 26 2 13880.5234899465 0.05
  2 1 27 2 12316.7509555407 0.05
  2 1 28 2 8397.88702862675 0.05
  2 1 29 2 10925.7684245138 0.05
  2 1 30 2 7993.43467336279 0.05
  2 1 31 2 8696.45289595988 0.05
  2 1 32 2 18597.6002355458 0.05
  2 1 33 2 10086.0101895856 0.05
  2 1 34 2 17714.4046802577 0.05
  2 1 35 2 17972.59633523 0.05
  2 1 36 2 21039.549071781 0.05
  2 1 37 2 18785.5459546955 0.05
  2 1 38 2 18161.3347227905 0.05
  2 1 39 2 11224.4279060394 0.05
  2 1 40 2 7330.14023730098 0.05
  2 1 41 2 6241.65547920981 0.05
  2 1 42 2 1634.85158732669 0.05
  2 1 1 3 453.085583601728 0.05
  2 1 2 3 224.536951322832 0.05
  2 1 3 3 326.799103582858 0.05
  2 1 4 3 372.095141167783 0.05
  2 1 5 3 2938.23549027533 0.05
  2 1 6 3 3687.90608918701 0.05
  2 1 7 3 2780.32465930347 0.05
  2 1 8 3 2793.05532719243 0.05
  2 1 9 3 3363.6457678909 0.05
  2 1 10 3 2501.41943794207 0.05
  2 1 11 3 3142.72740916651 0.05
  2 1 12 3 541.604326510822 0.05
  2 1 13 3 2436.97533623635 0.05
  2 1 14 3 1335.66355077109 0.05
  2 1 15 3 980.584117412612 0.05
  2 1 16 3 917.578831387766 0.05
  2 1 17 3 16846.1887645376 0.05
  2 1 18 3 1289.66137349171 0.05
  2 1 19 3 855.573353981479 0.05
  2 1 20 3 715.895726181452 0.05
  2 1 21 3 476.182696929818 0.05
  2 1 22 3 2263.86119062022 0.05
  2 1 23 3 1045.6708315228 0.05
  2 1 24 3 225.163015481627 0.05
  2 1 25 3 857.286432699065 0.05
  2 1 26 3 2111.87957512826 0.05
  2 1 27 3 2503.7475941538 0.05
  2 1 28 3 711.870932640922 0.05
  2 1 29 3 1596.41197451169 0.05
  2 1 30 3 2202.91879101118 0.05
  2 1 31 3 1509.90683812467 0.05
  2 1 32 3 657.485237816732 0.05
  2 1 33 3 165.840465984011 0.05
  2 1 34 3 131.990470229699 0.05
  2 1 35 3 139.829074385091 0.05
  2 1 36 3 2153.331445587 0.05
  2 1 37 3 2346.06175368169 0.05
  2 1 38 3 995.161427945894 0.05
  2 1 39 3 1032.58801643754 0.05
  2 1 40 3 1546.2740198446 0.05
  2 1 41 3 16007.2758698571 0.05
  2 1 42 3 19032.1629915233 0.05
# end catch observations 
#  
# Fishery size comp data 
# Number of observations, init_int Ncatch_size_obs 
  168
# init_matrix obs_catch_size(1,Ncatch_size_obs,1,ncol) 
# Fleet Area  Year  Species Type (0=whole, 1=retained, 2=discard) InpN, proportion by size bin 
  1 1 1 1 0 81 0 0.444444444444444 0.283950617283951 0.0987654320987654 0.407407407407407
  1 1 2 1 0 73 1.35616438356164 0 0 0.0136986301369863 0
  1 1 3 1 0 65 1.47692307692308 0.0153846153846154 0.0153846153846154 0.0307692307692308 0
  1 1 4 1 0 56 1.76785714285714 0.0178571428571429 0 0 0
  1 1 5 1 0 120 0.783333333333333 0.0416666666666667 0.00833333333333333 0 0
  1 1 6 1 0 130 0.284615384615385 0.369230769230769 0.115384615384615 0 0
  1 1 7 1 0 94 1.06382978723404 0 0 0 0
  1 1 8 1 0 94 0.425531914893617 0.627659574468085 0.0106382978723404 0 0
  1 1 9 1 0 82 1.21951219512195 0 0 0 0
  1 1 10 1 0 76 1.28947368421053 0.0263157894736842 0 0 0
  1 1 11 1 0 74 1.31081081081081 0.0405405405405405 0 0 0
  1 1 12 1 0 65 1.53846153846154 0 0 0 0
  1 1 13 1 0 77 1.25974025974026 0.025974025974026 0.012987012987013 0 0
  1 1 14 1 0 88 1.11363636363636 0.0227272727272727 0 0 0
  1 1 15 1 0 66 1.48484848484848 0.0303030303030303 0 0 0
  1 1 16 1 0 69 1.42028985507246 0.0144927536231884 0.0144927536231884 0 0
  1 1 17 1 0 43 2.30232558139535 0.0232558139534884 0 0 0
  1 1 18 1 0 34 2.85294117647059 0.0882352941176471 0 0 0
  1 1 19 1 0 55 1.81818181818182 0 0 0 0
  1 1 20 1 0 64 1.546875 0 0.015625 0 0
  1 1 21 1 0 77 1.27272727272727 0.025974025974026 0 0 0
  1 1 22 1 0 67 1.46268656716418 0.0298507462686567 0 0 0
  1 1 23 1 0 133 0.736842105263158 0.0150375939849624 0 0 0
  1 1 24 1 0 98 1 0.0204081632653061 0 0 0
  1 1 25 1 0 91 1.06593406593407 0.032967032967033 0 0 0
  1 1 26 1 0 77 1.25974025974026 0.038961038961039 0 0 0
  1 1 27 1 0 102 0.92156862745098 0.0588235294117647 0 0 0
  1 1 28 1 0 76 1.30263157894737 0.0131578947368421 0 0 0
  1 1 29 1 0 110 0.909090909090909 0 0 0 0
  1 1 30 1 0 100 1 0 0 0 0
  1 1 31 1 0 108 0.907407407407407 0.0185185185185185 0 0 0
  1 1 32 1 0 118 0.838983050847458 0.00847457627118644 0 0 0
  1 1 33 1 0 129 0.333333333333333 0.403100775193798 0.0387596899224806 0 0
  1 1 34 1 0 90 1.1 0 0.0111111111111111 0 0
  1 1 35 1 0 69 1.42028985507246 0.0289855072463768 0 0 0
  1 1 36 1 0 80 1.2125 0.025 0.0125 0 0
  1 1 37 1 0 62 1.59677419354839 0.0161290322580645 0 0 0
  1 1 38 1 0 94 1.04255319148936 0.0212765957446809 0 0 0
  1 1 39 1 0 75 0.786666666666667 0.426666666666667 0.12 0 0
  1 1 40 1 0 75 1.32 0.0133333333333333 0 0 0
  1 1 41 1 0 35 2.82857142857143 0.0285714285714286 0 0 0
  1 1 42 1 0 22 4.40909090909091 0.136363636363636 0 0 0
  1 1 1 4 0 5 5 0 0 0 15
  1 1 2 4 0 5 20 0 0 0 0
  1 1 3 4 0 5 20 0 0 0 0
  1 1 4 4 0 5 20 0 0 0 0
  1 1 5 4 0 5 20 0 0 0 0
  1 1 6 4 0 5 20 0 0 0 0
  1 1 7 4 0 5 20 0 0 0 0
  1 1 8 4 0 5 20 0 0 0 0
  1 1 9 4 0 5 20 0 0 0 0
  1 1 10 4 0 5 20 0 0 0 0
  1 1 11 4 0 1 100 0 0 0 0
  1 1 12 4 0 5 20 0 0 0 0
  1 1 13 4 0 1 100 0 0 0 0
  1 1 14 4 0 2 50 0 0 0 0
  1 1 15 4 0 8 12.5 0 0 0 0
  1 1 16 4 0 3 33.3333333333333 0 0 0 0
  1 1 17 4 0 3 33.3333333333333 0 0 0 0
  1 1 18 4 0 1 100 0 0 0 0
  1 1 19 4 0 3 33.3333333333333 0 0 0 0
  1 1 20 4 0 3 33.3333333333333 0 0 0 0
  1 1 21 4 0 3 33.3333333333333 0 0 0 0
  1 1 22 4 0 2 50 0 0 0 0
  1 1 23 4 0 6 16.6666666666667 0 0 0 0
  1 1 24 4 0 1 100 0 0 0 0
  1 1 25 4 0 1 100 0 0 0 0
  1 1 26 4 0 2 50 0 0 0 0
  1 1 27 4 0 2 50 0 0 0 0
  1 1 28 4 0 4 25 0 0 0 0
  1 1 29 4 0 7 14.2857142857143 0 0 0 0
  1 1 30 4 0 6 16.6666666666667 0 0 0 0
  1 1 31 4 0 10 10 0 0 0 0
  1 1 32 4 0 7 14.2857142857143 0 0 0 0
  1 1 33 4 0 15 6.66666666666667 0 0 0 0
  1 1 34 4 0 19 5.26315789473684 0 0 0 0
  1 1 35 4 0 13 7.69230769230769 0 0 0 0
  1 1 36 4 0 23 4.34782608695652 0 0 0 0
  1 1 37 4 0 7 14.2857142857143 0 0 0 0
  1 1 38 4 0 7 14.2857142857143 0 0 0 0
  1 1 39 4 0 19 5.26315789473684 0 0 0 0
  1 1 40 4 0 25 4 0 0 0 0
  1 1 41 4 0 31 3.2258064516129 0 0 0 0
  1 1 42 4 0 31 3.2258064516129 0 0 0 0
  2 1 1 2 0 2 0 20.5 23.5 6 0
  2 1 2 2 0 5 5.4 3 8 3.6 0
  2 1 3 2 0 2 50 0 0 0 0
  2 1 4 2 0 5 10 10 0 0 0
  2 1 5 2 0 5 20 0 0 0 0
  2 1 6 2 0 5 18.4 1.6 0 0 0
  2 1 7 2 0 5 20 0 0 0 0
  2 1 8 2 0 1 100 0 0 0 0
  2 1 9 2 0 5 20 0 0 0 0
  2 1 10 2 0 5 20 0 0 0 0
  2 1 11 2 0 2 50 0 0 0 0
  2 1 12 2 0 5 20 0 0 0 0
  2 1 13 2 0 5 20 0 0 0 0
  2 1 14 2 0 5 20 0 0 0 0
  2 1 15 2 0 5 20 0 0 0 0
  2 1 16 2 0 5 20 0 0 0 0
  2 1 17 2 0 5 20 0 0 0 0
  2 1 18 2 0 5 20 0 0 0 0
  2 1 19 2 0 5 20 0 0 0 0
  2 1 20 2 0 30 3.33333333333333 0 0 0 0
  2 1 21 2 0 46 2.17391304347826 0 0 0 0
  2 1 22 2 0 10 10 0 0 0 0
  2 1 23 2 0 19 5.26315789473684 0 0 0 0
  2 1 24 2 0 61 1.27868852459016 0.360655737704918 0 0 0
  2 1 25 2 0 29 3.44827586206897 0 0 0 0
  2 1 26 2 0 32 3.125 0 0 0 0
  2 1 27 2 0 16 6.25 0 0 0 0
  2 1 28 2 0 31 3.2258064516129 0 0 0 0
  2 1 29 2 0 44 2.27272727272727 0 0 0 0
  2 1 30 2 0 29 3.44827586206897 0 0 0 0
  2 1 31 2 0 25 3.96 0.04 0 0 0
  2 1 32 2 0 22 2.81818181818182 1.72727272727273 0 0 0
  2 1 33 2 0 35 2.8 0.0571428571428571 0 0 0
  2 1 34 2 0 28 3.57142857142857 0 0 0 0
  2 1 35 2 0 45 2.2 0.0222222222222222 0 0 0
  2 1 36 2 0 51 1.96078431372549 0 0 0 0
  2 1 37 2 0 41 2.4390243902439 0 0 0 0
  2 1 38 2 0 36 2.75 0.0277777777777778 0 0 0
  2 1 39 2 0 20 4.95 0.05 0 0 0
  2 1 40 2 0 14 7.14285714285714 0 0 0 0
  2 1 41 2 0 17 5.52941176470588 0.235294117647059 0.117647058823529 0 0
  2 1 42 2 0 24 4.16666666666667 0 0 0 0
  2 1 1 3 0 1 18 0 79 3 0
  2 1 2 3 0 5 6.6 0 5.6 7.8 0
  2 1 3 3 0 5 20 0 0 0 0
  2 1 4 3 0 1 100 0 0 0 0
  2 1 5 3 0 6 16.6666666666667 0 0 0 0
  2 1 6 3 0 4 24.5 0.5 0 0 0
  2 1 7 3 0 5 20 0 0 0 0
  2 1 8 3 0 1 97 3 0 0 0
  2 1 9 3 0 1 100 0 0 0 0
  2 1 10 3 0 1 99 1 0 0 0
  2 1 11 3 0 2 50 0 0 0 0
  2 1 12 3 0 5 19.8 0.2 0 0 0
  2 1 13 3 0 4 25 0 0 0 0
  2 1 14 3 0 8 12.5 0 0 0 0
  2 1 15 3 0 11 9.09090909090909 0 0 0 0
  2 1 16 3 0 5 20 0 0 0 0
  2 1 17 3 0 5 20 0 0 0 0
  2 1 18 3 0 1 100 0 0 0 0
  2 1 19 3 0 1 100 0 0 0 0
  2 1 20 3 0 4 25 0 0 0 0
  2 1 21 3 0 3 33.3333333333333 0 0 0 0
  2 1 22 3 0 4 25 0 0 0 0
  2 1 23 3 0 3 33.3333333333333 0 0 0 0
  2 1 24 3 0 3 33 0.333333333333333 0 0 0
  2 1 25 3 0 2 50 0 0 0 0
  2 1 26 3 0 4 25 0 0 0 0
  2 1 27 3 0 5 20 0 0 0 0
  2 1 28 3 0 4 25 0 0 0 0
  2 1 29 3 0 4 25 0 0 0 0
  2 1 30 3 0 24 4.16666666666667 0 0 0 0
  2 1 31 3 0 10 9.8 0.2 0 0 0
  2 1 32 3 0 12 8.16666666666667 0.166666666666667 0 0 0
  2 1 33 3 0 4 24.5 0.5 0 0 0
  2 1 34 3 0 6 16.6666666666667 0 0 0 0
  2 1 35 3 0 2 50 0 0 0 0
  2 1 36 3 0 10 9.9 0.1 0 0 0
  2 1 37 3 0 9 11.1111111111111 0 0 0 0
  2 1 38 3 0 13 7.69230769230769 0 0 0 0
  2 1 39 3 0 16 5.9375 0.3125 0 0 0
  2 1 40 3 0 27 3.66666666666667 0.037037037037037 0 0 0
  2 1 41 3 0 15 6.6 0.0666666666666667 0 0 0
  2 1 42 3 0 16 6.1875 0.0625 0 0 0
# end fishery length observations 
#  
# Survey diet proportion observations 
# Number of observations, init_int Ndietprop_obs 
  115
# init_matrix obs_dietprop(1,Ndietprop_obs,1,ncol) 
# Survey  Year  Predator  Predator_size InpN  wt_prey_1 wt_prey_2 wt_prey_3 wt_prey_4 wt_prey_5 wt_prey_6 wt_prey_7 wt_prey_8 wt_prey_9 wt_prey_10 wt_prey_11 other 
  1 12 1 2 100 0 0 0 0 1
  1 12 1 3 100 0.01 0 0 0 0.99
  1 13 1 3 100 0 0.28 0 0 0.72
  1 13 1 4 100 0 0.91 0 0 0.09
  1 15 1 2 100 0 0.42 0 0 0.58
  1 18 1 1 100 0.56 0 0 0 0.44
  1 18 1 2 100 0 0 0 0 1
  1 18 1 3 100 0 0.04 0 0 0.96
  1 19 1 2 100 0 0.04 0 0 0.96
  1 19 1 3 100 0 0.61 0 0 0.39
  1 20 1 3 100 0 0 0 0 1
  1 21 1 2 100 0 0 0 0 1
  1 21 1 3 100 0 0.63 0 0 0.37
  1 24 1 3 100 0 0.57 0 0 0.43
  1 25 1 3 100 0 1 0 0 0
  1 26 1 3 100 0 0.68 0.06 0 0.26
  1 27 1 3 100 0 0 1 0 0
  1 28 1 3 100 0 1 0 0 0
  1 33 1 3 100 0 0.95 0 0 0.05
  1 34 1 3 100 0 0.23 0 0 0.77
  1 35 1 3 100 0 0.14 0 0 0.86
  1 38 1 3 100 0 0 0 0 1
  1 39 1 3 100 0 0.33 0 0 0.67
  1 40 1 2 100 0 0.27 0 0 0.73
  1 41 1 2 100 0 0 0.65 0 0.35
  2 2 1 4 100 0 0 0 0 1
  2 11 1 3 100 0 0.02 0 0 0.98
  2 14 1 3 100 0 1 0 0 0
  2 14 1 4 100 0 0.62 0 0 0.38
  2 15 1 3 100 0 0.36 0 0 0.64
  2 16 1 3 100 0 0.44 0 0 0.56
  2 16 1 4 100 0 0 0.02 0 0.98
  2 19 1 3 100 0 0 0.85 0 0.15
  2 19 1 4 100 0 0 0 0 1
  2 21 1 3 100 0 0 0 0 1
  2 21 1 4 100 0 1 0 0 0
  2 22 1 3 100 0 0 0 0 1
  2 23 1 3 100 0 0 0 0 1
  2 24 1 3 100 0 0 0 0 1
  2 24 1 4 100 0 0 0 0 1
  2 25 1 2 100 0 0.71 0 0 0.29
  2 25 1 3 100 0 0 0 0 1
  2 26 1 3 100 0 0 0 0 1
  2 27 1 3 100 0 0.28 0 0 0.72
  2 27 1 4 100 0 0.83 0 0 0.17
  2 29 1 3 100 0 0.28 0 0 0.72
  2 33 1 3 100 0 1 0 0 0
  2 35 1 1 100 0 0 0 0 1
  2 35 1 2 100 0 0 0 0 1
  2 35 1 3 100 0 0 0 0 1
  2 36 1 3 100 0 0.65 0 0 0.35
  2 39 1 3 100 0 0 0 0 1
  2 40 1 2 100 0 0 0 0 1
  2 36 2 3 100 0 0.64 0 0 0.36
  2 30 3 2 100 0 0 0 0 1
  2 30 3 4 100 0 0 0 0 1
  1 8 4 2 100 0 0 0 0 1
  1 8 4 3 100 0 0 0 0 1
  1 11 4 3 100 0 1 0 0 0
  1 13 4 2 100 0 0 0 0 1
  1 13 4 3 100 0 0 0 0 1
  1 13 4 4 100 0 0.26 0 0 0.74
  1 14 4 3 100 0 0 0.3 0 0.7
  1 15 4 3 100 0 0 0 0 1
  1 15 4 4 100 0 0 0 0 1
  1 16 4 3 100 0 0.42 0 0 0.58
  1 16 4 4 100 0 0.34 0 0 0.66
  1 17 4 3 100 0 0 0 0 1
  1 18 4 3 100 0 0 0.62 0 0.38
  1 19 4 2 100 0 0 0.86 0 0.14
  1 19 4 3 100 0 0 0 0 1
  1 20 4 2 100 1 0 0 0 0
  1 20 4 3 100 0 0 0 0 1
  1 21 4 3 100 0 0 0 0 1
  1 22 4 2 100 0 0 0 0 1
  1 23 4 3 100 0 0.99 0 0 0.01
  1 24 4 3 100 0 0 0 0 1
  1 25 4 3 100 0 0.14 0 0 0.86
  1 25 4 4 100 0 0.95 0 0 0.05
  1 26 4 3 100 0 0.19 0 0 0.81
  1 27 4 2 100 0 0.05 0 0 0.95
  1 27 4 3 100 0 0 0.79 0 0.21
  1 28 4 2 100 0 0.06 0 0 0.94
  1 28 4 3 100 0 0.12 0 0 0.88
  1 29 4 3 100 0 0.13 0 0 0.87
  1 31 4 3 100 0 1 0 0 0
  1 31 4 4 100 0 0 0 0 1
  1 34 4 3 100 0 0 0 0 1
  1 40 4 3 100 0 0.59 0 0 0.41
  1 40 4 4 100 0 0 0 0 1
  1 42 4 3 100 0 0 0 0 1
  2 6 4 3 100 0 0 0.09 0 0.91
  2 8 4 3 100 0 0 0.13 0 0.87
  2 9 4 4 100 0 0 0 0.15 0.85
  2 14 4 4 100 0 0 0 0 1
  2 15 4 3 100 0 0 0 0 1
  2 16 4 3 100 0 0 0 0 1
  2 17 4 2 100 0 0 0 0 1
  2 18 4 3 100 0 0 0 0 1
  2 19 4 3 100 0 0 0 0 1
  2 21 4 3 100 0 0.08 0 0 0.92
  2 22 4 3 100 0 0.63 0 0 0.37
  2 23 4 3 100 0 0 0.92 0 0.08
  2 24 4 3 100 0 0.47 0 0 0.53
  2 25 4 3 100 0 1 0 0 0
  2 25 4 4 100 0 0 0.31 0 0.69
  2 27 4 3 100 0 0 0 0 1
  2 30 4 3 100 0 0.68 0 0 0.32
  2 33 4 3 100 0 0 0 0 1
  2 34 4 3 100 0 1 0 0 0
  2 35 4 3 100 0 0.82 0 0 0.18
  2 36 4 2 100 0 0.93 0 0 0.07
  2 36 4 3 100 0 1 0 0 0
  2 37 4 3 100 0 0.3 0 0 0.7
  2 42 4 3 100 0 0 1 0 0
# end survey diet proportion observations 
#  
