# This file was created using the write_tsDatFile function and used all the simulated data from sim_dta.rds found in repo:Hydra-self-testing
# Survey index data 
# Number of observations, init_int Nsurvey_obs
  329
# init_matrix obs_survey_biomass(1,Nsurvey_obs,1,5)
# survey year spp value cv
  1 1 4 649094.384507846 0.212720515437525
  2 1 4 543814.806322061 0.25363203301826
  1 2 4 28132.7535283256 0.222168779300385
  2 2 4 18589.9260850897 0.187773345626693
  1 3 4 193869.594724594 0.394113240257454
  2 3 4 1390.74920452958 0.423618201694685
  1 4 4 244813.622700714 0.310035034727007
  2 4 4 7972.82923770796 0.327069686277164
  1 5 4 115995.159410444 0.378629084128514
  2 5 4 5026.2163757585 0.391316523019912
  1 6 4 16953.6699506941 0.494427832556011
  2 6 4 2783.88858585743 0.376280830351703
  1 7 4 59455.873978046 0.759062286891916
  2 7 4 3824.26594412627 0.665352569827422
  1 8 4 3287.1079464731 0.383150869515862
  2 8 4 652.648391526612 0.433685089735353
  1 9 4 20199.7737086144 0.48934963094834
  2 9 4 404.507392654869 0.392371299771634
  1 10 4 32723.6269357584 0.382452035825211
  2 10 4 1079.71169258107 0.333798529002863
  1 11 4 12650.6422994928 0.566792532611316
  2 11 4 293.032636565572 0.868042030585988
  1 12 4 20680.1349936718 0.381518572031255
  2 12 4 303.978515509343 0.445144789260538
  1 13 4 14592.0787645 0.438380584739347
  2 13 4 639.71737381358 0.947226139495183
  1 14 4 6373.19559287213 0.482345652338289
  2 14 4 278.492158197563 0.377075764230608
  1 15 4 6610.08416532841 0.420835086749712
  2 15 4 50.9762486278508 0.614716212748607
  1 16 4 4618.91076184249 0.515165860253858
  2 16 4 48.2205918765616 0.704031323768783
  1 17 4 1315.58035311276 0.559532625975744
  2 17 4 56.4670306452731 0.319774204956139
  1 18 4 1088.12623469777 0.479008946214672
  2 18 4 36.2440366003732 0.41351869139049
  1 19 4 2574.93436218584 0.429419179801904
  2 19 4 52.8680056460604 0.387615780132326
  1 20 4 10672.2409589442 0.477074256852948
  2 20 4 70.5675868228096 0.315868813200741
  1 21 4 12661.8819857345 0.410621521476155
  2 21 4 86.3815452186875 0.630050999524052
  1 22 4 10644.7169550529 0.294672690077384
  2 22 4 238.399316699034 0.335469505128288
  1 23 4 29018.0262305837 0.477447511398437
  2 23 4 281.919304121509 0.407625761955908
  1 24 4 4701.00919436008 0.384568504019134
  2 24 4 309.022888431104 0.43049173366256
  1 25 4 3673.24525467029 0.333261603198005
  2 25 4 143.721857620626 0.843960441627036
  1 26 4 1849.96996149012 0.685474246042822
  2 26 4 139.700435119788 0.429620783824035
  1 27 4 1597.56220612288 0.286882992344226
  2 27 4 104.846630609281 0.81343687860715
  1 28 4 9367.64137316306 0.371822434434906
  2 28 4 106.779330276466 0.53327636373572
  1 29 4 9608.36792840525 0.592639130460935
  2 29 4 628.762490038786 0.590339711107796
  1 30 4 30554.1612489367 0.374062101432949
  2 30 4 565.889636250405 0.701775131617819
  1 31 4 13437.0408361438 0.304499664309564
  2 31 4 526.644961932136 0.210828956182955
  1 32 4 35765.0189675448 0.233962995093855
  2 32 4 612.680763141776 0.329779252894958
  1 33 4 6624.8777808403 0.270006842918168
  2 33 4 427.032549060846 0.460124990024536
  1 34 4 6396.13352340151 0.350007507053818
  2 34 4 192.516910822423 0.837656243552001
  1 35 4 6182.48612197827 0.34274593698132
  2 35 4 121.620367549434 0.291986952078346
  1 36 4 20101.5314492882 0.261906583866089
  2 36 4 1024.09542280381 0.425399553458769
  1 37 4 62564.2478928377 0.417429035160016
  2 37 4 2024.23539524958 0.287702894520317
  1 38 4 55613.4073935294 0.441211421515246
  2 38 4 4515.7042357036 0.866971810340233
  1 39 4 11345.9396335998 0.495234601454268
  2 39 4 1421.10442973869 0.556663444153977
  1 40 4 10361.356852603 0.237858203733512
  2 40 4 291.933251785294 0.295404104464232
  1 41 4 7103.84718159616 0.327346172729995
  2 41 4 128.228994266951 0.994030515469621
  1 42 4 1698.09634803367 0.368315456462939
  2 42 4 65.9713634465716 0.461505384764764
  1 1 2 4.07553762250226e-264 0.601375663623589
  2 1 2 4.73706735787524e-264 0.565196579518992
  2 2 2 3.28148546577756e-209 0.686052062200317
  2 3 2 5.49631563531144e-187 0.378997614818957
  1 4 2 1.01047103665323e-191 1
  2 4 2 1.13456882566677e-192 0.459316778181236
  1 5 2 4.04396213836203e-194 0.611089023955187
  2 5 2 5.63414317960648e-196 0.780615956536472
  1 6 2 9.33224873957204e-199 0.702037850017464
  2 6 2 1.30676479636173e-199 0.461790555986525
  1 7 2 1.19893542728121e-200 0.948289691951521
  2 7 2 1.5346648112419e-201 0.685175011742778
  1 8 2 8.81583647399522e-203 0.544380631361087
  2 8 2 2.61561912399142e-204 0.424096495665332
  1 9 2 9.4400212906757e-205 0.5393131982084
  2 9 2 9.16768694381209e-206 0.454629127333952
  1 10 2 1.7891722326267e-205 0.88095039530815
  2 10 2 5.15532057167649e-207 0.419344308350161
  1 11 2 1.11894802835604e-207 0.799987970388403
  2 11 2 3.89656915348284e-209 0.839124360078806
  1 12 2 1.09406983763053e-201 0.774991903603438
  2 12 2 8.40500831416128e-204 0.424721667998453
  1 13 2 1.23581255967678e-206 0.863215133786584
  2 13 2 9.492288609342e-208 0.387073469025502
  1 14 2 6.13826745930727e-208 0.704083892007286
  2 14 2 5.47068698654982e-209 0.312793018147624
  1 15 2 3.18053881741593e-201 0.457459057188701
  2 15 2 1.33978301228081e-203 0.459652287866146
  1 16 2 1.12118142629031e-186 0.853197309912465
  2 16 2 2.82722196632349e-189 0.628928805514438
  1 17 2 3.22554681522432e-200 0.61116783920211
  2 17 2 9.67566258568048e-202 0.3895964128798
  1 18 2 5.86408481572031e-205 0.416775375911518
  2 18 2 4.20230171827648e-206 0.495180348393774
  1 19 2 5.51980276385732e-186 0.69077510766454
  2 19 2 3.4461406351857e-188 0.347120352110889
  1 20 2 8.99775767676403e-190 0.793751288508348
  2 20 2 5.49308971303762e-192 0.526946514998015
  1 21 2 8.02031732059788e-193 0.339376634127756
  2 21 2 5.0403183704888e-194 0.609998621037514
  1 22 2 3.28279127046308e-195 0.601950919776798
  2 22 2 4.37180439017763e-196 0.389299707202565
  1 23 2 8.15332594892355e-197 0.658556209578282
  2 23 2 1.32866492741234e-197 0.288585466763824
  1 24 2 4.29310252439563e-197 0.637453135075156
  2 24 2 1.77228590063894e-199 0.480513100150493
  1 25 2 1.13954306068986e-201 0.510473149998029
  2 25 2 9.578638440569e-203 0.338488147626423
  1 26 2 5.21569943296673e-191 0.548437091427541
  2 26 2 3.74758228002079e-193 0.345955330423839
  1 27 2 1.64363901264921e-177 0.492912195981742
  2 27 2 6.26100949033253e-180 0.33164245084141
  1 28 2 1.32768077228734e-180 0.747597319880804
  2 28 2 3.22872301192997e-183 0.447853531697379
  1 29 2 6.92439370888486e-184 0.451616070879294
  2 29 2 3.22815251275622e-185 0.305275882623724
  1 30 2 5.1556083006042e-185 0.797269558848634
  2 30 2 1.94390123024996e-186 0.605264936420634
  1 31 2 1.89810287727579e-187 0.666772556553203
  2 31 2 5.12169159702929e-188 0.359836468902791
  1 32 2 6.55281740582677e-189 0.96787270074405
  2 32 2 8.16225068696029e-190 0.422601396160012
  1 33 2 8.4691937596973e-191 0.404694020855087
  2 33 2 4.15711333869481e-192 0.465820030674526
  1 34 2 9.67642511175762e-193 0.814873375751391
  2 34 2 3.25174177982968e-194 0.505954372112585
  1 35 2 2.56171721291216e-195 0.533219898766676
  2 35 2 1.80117319550753e-196 0.287403659199158
  1 36 2 4.99990486607728e-198 0.371953858881132
  2 36 2 2.81443407873736e-199 0.365560779244073
  1 37 2 4.11441746055271e-200 0.791301167226987
  2 37 2 6.4434240248483e-201 0.487536998609889
  1 38 2 7.6314644707103e-201 0.633364993316759
  2 38 2 1.76419879016743e-202 0.644823084547079
  1 39 2 1.49688096528912e-202 0.827253682697507
  2 39 2 1.08405257466079e-203 0.354235596542703
  1 40 2 7.85900190782622e-204 0.900216415173481
  2 40 2 3.17367185355753e-205 0.395846441583114
  1 41 2 1.80698586283752e-206 0.957770995377006
  2 41 2 3.47478073505256e-208 0.496084887173497
  1 42 2 6.15007883789253e-209 0.55870584954739
  2 42 2 5.18354322357746e-210 0.604660139936764
  1 1 1 92857.6587134747 0.241799049430762
  2 1 1 1030873.90057878 0.250018379470286
  1 2 1 47023.5753659343 0.142636213550947
  2 2 1 127449.917616597 0.163647146277456
  1 3 1 57480.6712582809 0.225478190042395
  2 3 1 46708.1489646441 0.192013183632222
  1 4 1 116321.095574185 0.323579734794357
  2 4 1 130987.542232892 0.162432383538487
  1 5 1 146101.827642994 0.320666395151501
  2 5 1 30783.8218255672 0.822390366318268
  1 6 1 5181.72951183002 0.452044832991261
  2 6 1 57679.7811966142 0.192408532269243
  1 7 1 91052.6776154181 0.28209645893665
  2 7 1 16193.0799830435 0.262097825842625
  1 8 1 6778.08029007218 0.414010381101596
  2 8 1 54939.0050526361 0.189959250209439
  1 9 1 17568.4989433233 0.40638853202345
  2 9 1 8607.37877977283 0.178404315527443
  1 10 1 16061.679648802 0.290993157294119
  2 10 1 29427.0684084184 0.156753980046499
  1 11 1 2762.30624730514 0.324615016521962
  2 11 1 17914.3400935568 0.174348711952217
  1 12 1 17959.8226662581 0.294780938380682
  2 12 1 7502.98313939788 0.195232854572048
  1 13 1 8629.37852069583 0.440402569626277
  2 13 1 7339.69075217021 0.185762358850192
  1 14 1 3073.3591258357 0.372421878022742
  2 14 1 3996.32885873102 0.151581173531864
  1 15 1 2250.7529457588 0.341871348717721
  2 15 1 3146.29458338934 0.233364310094868
  1 16 1 2110.46695770553 0.416897355424411
  2 16 1 1973.18973374277 0.283802183917676
  1 17 1 1939.52346169437 0.500820840736393
  2 17 1 2091.10373643261 0.495024013362717
  1 18 1 1129.06539871088 0.389853340834037
  2 18 1 1373.2243189588 0.390988792530431
  1 19 1 955.700996271139 0.293941849282161
  2 19 1 403.661510902499 0.322403741112933
  1 20 1 1552.05478429269 0.525509720403112
  2 20 1 1077.64352103207 0.218361153170241
  1 21 1 1427.01800237214 0.266433769579894
  2 21 1 754.780566168491 0.421115605185845
  1 22 1 3449.5455464034 0.374831371194202
  2 22 1 2016.41947930584 0.227391091044855
  1 23 1 2699.72843809668 0.352011231642473
  2 23 1 5173.92026075247 0.384269029090844
  1 24 1 1925.00403515921 0.34725908523047
  2 24 1 1060.18957906229 0.331291933735556
  1 25 1 724.696414986117 0.578696888706846
  2 25 1 1091.48460265612 0.247394190789157
  1 26 1 1646.95685854956 0.459728456052307
  2 26 1 2049.0809779713 0.394189312610479
  1 27 1 664.475967666087 0.539982548576019
  2 27 1 2111.71690039418 0.72948972943007
  1 28 1 2117.80770857994 0.364309332200766
  2 28 1 1928.97066468349 0.278656828353639
  1 29 1 604.57636447071 0.562793580097325
  2 29 1 4847.42243093291 0.316141323613091
  1 30 1 2643.99064387858 0.420348818797864
  2 30 1 3120.15399543444 0.30511736182771
  1 31 1 4079.34660556738 0.403753427903273
  2 31 1 4601.65039136519 0.278331587636247
  1 32 1 11041.9702623306 0.491331418922754
  2 32 1 5527.92219915133 0.329726795744574
  1 33 1 1031.16667555599 0.537081122476055
  2 33 1 5723.52127060705 0.33086845072982
  1 34 1 1434.28319910135 0.379030815152119
  2 34 1 611.735987083321 0.278881417082292
  1 35 1 452.821534116021 0.519511456600017
  2 35 1 1650.20313037443 0.27351876283918
  1 36 1 691.018768216142 0.556056214854877
  2 36 1 5909.81841458613 0.714061811185508
  1 37 1 12425.4227105369 0.588197671943964
  2 37 1 2528.17206711072 0.340315242626747
  1 38 1 2610.27522098781 0.324588369174256
  2 38 1 3320.90037776798 0.300199803594678
  1 39 1 230.193836269011 0.501841796783066
  2 39 1 2496.10740272936 0.438397059851219
  1 40 1 245.655764443219 0.403101009292275
  2 40 1 393.658481200069 0.410378233550251
  1 41 1 1341.30364739272 0.478602624152216
  2 41 1 443.693046105842 0.362128776577143
  1 42 1 62.9746157622118 0.646634922078809
  2 42 1 46.3840773204027 0.816170985475773
  1 1 3 383421.042633134 0.499484636786782
  1 2 3 3845.5688583629 0.358153914340203
  2 2 3 141099.888231693 0.577110518633802
  1 3 3 339021.551391532 0.678339172154909
  2 3 3 234948.935881703 0.738121970739642
  1 4 3 4519.95968009225 1
  2 4 3 39818.115653126 0.52056341701904
  1 5 3 50459.0239969134 0.693225535250834
  2 5 3 5694.6366238118 1
  1 6 3 4596.04794739728 1
  2 6 3 16851.147121322 0.48452157876779
  1 7 3 526.092556731342 0.912293822979085
  1 8 3 84.3332627170181 0.655734850091527
  2 8 3 267.419683282415 0.750382084373246
  1 9 3 95.5142296931428 0.670809892238012
  2 9 3 192.066180561292 0.47273108889926
  1 10 3 313.898795542777 0.631102684426709
  2 10 3 352.888573580093 0.919260399745188
  1 11 3 179.379888682528 0.496475444687371
  1 12 3 45.4379432098267 0.740682868109632
  2 12 3 58.2078058232301 1
  1 13 3 201.25616750717 0.360862225436052
  1 14 3 416.856427576747 0.547901331396328
  2 14 3 278.512842553876 0.478873954421528
  1 15 3 211.832049417644 0.429608216382601
  2 15 3 329.420225832492 0.654713783069401
  1 16 3 762.778143102906 0.69118921143411
  2 16 3 493.124646800942 0.8614889831113
  1 17 3 44.9703841936615 0.426971754606328
  2 17 3 64.1011658252344 0.572182042928152
  1 18 3 39.5140731891681 0.505524319387353
  2 18 3 24.5489679681741 0.488492827246527
  1 19 3 38.7860754821318 0.644591984223249
  2 19 3 113.103583116165 0.51925665989311
  1 20 3 55.4087847356894 0.899065435378594
  2 20 3 52.4292545820569 0.59569628754064
  1 21 3 34.0016251540862 0.543826822033971
  2 21 3 11.0687294286709 0.466111862829518
  1 22 3 303.782022363404 0.88174616562504
  2 22 3 70.5974508612726 0.568444982816852
  1 23 3 251.268472700913 0.408104676406013
  2 23 3 79.324229315504 0.357346049869971
  1 24 3 10.1018442023705 0.92608255019157
  2 24 3 37.8546227708192 0.539541007788685
  1 25 3 64.3169338061404 0.648664057223823
  2 25 3 16.1870944816326 0.576168087832409
  1 26 3 25.3834136264607 0.695927823776047
  2 26 3 56.699612738758 0.549529982814455
  1 27 3 50.5946833062788 0.708713243925404
  2 27 3 15.8036071809966 0.496269825160911
  1 28 3 120.277915454683 0.489543853646182
  1 29 3 32.1485250451442 0.703511357168505
  2 29 3 63.8804321521064 0.875017095315649
  1 30 3 532.05562771433 0.631659802692532
  2 30 3 384.357750193063 0.908152223575802
  1 31 3 661.368777200041 0.626570332091694
  2 31 3 460.199738534631 0.712465807947941
  1 32 3 231.578537757038 0.661895735249442
  2 32 3 754.02902258798 0.86012943797605
  1 33 3 45.2963148091426 0.783155911787346
  2 33 3 55.0702770070651 0.598390099709208
  1 34 3 79.7845637319797 0.542775440757204
  2 34 3 12.8731293985103 0.743173480285892
  1 35 3 9.94818647149007 0.870542376054271
  2 35 3 6.21159822342836 0.446478967244395
  1 36 3 214.372243685643 0.492193512682958
  2 36 3 177.185168895548 0.490110041691513
  1 37 3 967.83880545152 0.909630520329322
  2 37 3 557.649792424586 0.433872317628348
  1 38 3 8591.79796872685 0.644773009949607
  2 38 3 835.898321605836 0.484949159815328
  1 39 3 1014.89422855796 0.515045488987725
  2 39 3 1212.51348139764 0.388710136036013
  1 40 3 488.165932916583 0.442573167063876
  2 40 3 281.607045809584 0.395139923022642
  1 41 3 9.66246395806292 0.88587618368699
  2 41 3 160.484497744628 0.537531419606343
  1 42 3 566139.303379607 0.983269433580366
  2 42 3 643112.681099924 0.849696423298534
# end survey index observations 
#  
# Survey size comp data 
# Number of observations, init_int Nsurvey_size_obs 
  329
# init_matrix obs_survey_size(1,Nsurvey_size_obs,1,ncol) 
# Survey  Year  Species Type (0=whole, 1=retained, 2=discard) InpN, proportion by length bin 
  1 1 1 0 57 0.087719298245614 0.87719298245614 0.754385964912281 0.0350877192982456 0
  1 2 1 0 65 0.630769230769231 0.892307692307692 0.0153846153846154 0 0
  1 3 1 0 32 1.75 1.375 0 0 0
  1 4 1 0 32 1.8125 1.28125 0.03125 0 0
  1 5 1 0 21 2.28571428571429 2.23809523809524 0.238095238095238 0 0
  1 6 1 0 18 0.5 3.38888888888889 1.66666666666667 0 0
  1 7 1 0 25 2.12 1.88 0 0 0
  1 8 1 0 20 0.35 3.1 1.55 0 0
  1 9 1 0 16 3.3125 2.9375 0 0 0
  1 10 1 0 19 2.42105263157895 2.78947368421053 0.0526315789473684 0 0
  1 11 1 0 20 2.45 2.35 0.2 0 0
  1 12 1 0 22 2.13636363636364 2.40909090909091 0 0 0
  1 13 1 0 23 2.8695652173913 1.39130434782609 0.0869565217391304 0 0
  1 14 1 0 14 4.07142857142857 3 0.0714285714285714 0 0
  1 15 1 0 21 2.66666666666667 2 0.0952380952380952 0 0
  1 16 1 0 14 4.14285714285714 3 0 0 0
  1 17 1 0 17 3.58823529411765 2.23529411764706 0.0588235294117647 0 0
  1 18 1 0 19 2.89473684210526 2.21052631578947 0.157894736842105 0 0
  1 19 1 0 18 2.22222222222222 3.27777777777778 0.0555555555555556 0 0
  1 20 1 0 15 3.33333333333333 3.33333333333333 0 0 0
  1 21 1 0 21 2.52380952380952 2.23809523809524 0 0 0
  1 22 1 0 13 4.30769230769231 3.38461538461538 0 0 0
  1 23 1 0 14 3.07142857142857 3.85714285714286 0.214285714285714 0 0
  1 24 1 0 14 3.57142857142857 3.57142857142857 0 0 0
  1 25 1 0 18 2.44444444444444 3.11111111111111 0 0 0
  1 26 1 0 14 3.35714285714286 3.78571428571429 0 0 0
  1 27 1 0 23 2.1304347826087 2.08695652173913 0.130434782608696 0 0
  1 28 1 0 14 3.5 3.64285714285714 0 0 0
  1 29 1 0 17 3.41176470588235 2.35294117647059 0.117647058823529 0 0
  1 30 1 0 18 2.88888888888889 2.66666666666667 0 0 0
  1 31 1 0 20 2.4 2.6 0 0 0
  1 32 1 0 10 5.3 4.7 0 0 0
  1 33 1 0 15 1.53333333333333 4 1.13333333333333 0 0
  1 34 1 0 18 3.16666666666667 2.38888888888889 0 0 0
  1 35 1 0 8 6.125 6.125 0.25 0 0
  1 36 1 0 12 4.91666666666667 3.41666666666667 0 0 0
  1 37 1 0 8 6.5 6 0 0 0
  1 38 1 0 16 3 3.25 0 0 0
  1 39 1 0 10 2.4 5.9 1.7 0 0
  1 40 1 0 10 4.7 5.3 0 0 0
  1 41 1 0 13 3.84615384615385 3.84615384615385 0 0 0
  1 42 1 0 8 5.125 7.125 0.25 0 0
  1 1 2 0 11 1.63636363636364 2 2.36363636363636 1.18181818181818 1.90909090909091
  1 4 2 0 1 24 24 17 13 22
  1 5 2 0 5 3.2 4.2 4.2 2.8 5.6
  1 6 2 0 1 21 21 23 17 18
  1 7 2 0 3 3.66666666666667 6.66666666666667 6.33333333333333 8 8.66666666666667
  1 8 2 0 4 4.75 5.75 4.5 6.25 3.75
  1 9 2 0 5 5.2 2.8 3.6 5 3.4
  1 10 2 0 10 1.8 2.9 1.5 1.6 2.2
  1 11 2 0 13 1.61538461538462 1.46153846153846 1.69230769230769 1.84615384615385 1.07692307692308
  1 12 2 0 15 1.13333333333333 1.33333333333333 1 1.53333333333333 1.66666666666667
  1 13 2 0 9 2.77777777777778 1.77777777777778 2.77777777777778 1.55555555555556 2.22222222222222
  1 14 2 0 6 4.16666666666667 3.16666666666667 4 3.16666666666667 2.16666666666667
  1 15 2 0 13 1.23076923076923 1.38461538461538 1.30769230769231 1.76923076923077 2
  1 16 2 0 10 1.7 1.1 2.9 2.5 1.8
  1 17 2 0 10 2.5 1.7 1.7 2 2.1
  1 18 2 0 18 1.11111111111111 1.27777777777778 1.11111111111111 1.16666666666667 0.888888888888889
  1 19 2 0 27 0.925925925925926 0.703703703703704 0.592592592592593 0.814814814814815 0.666666666666667
  1 20 2 0 23 1 0.739130434782609 0.826086956521739 0.869565217391304 0.91304347826087
  1 21 2 0 25 0.88 0.48 1.08 0.64 0.92
  1 22 2 0 9 2.55555555555556 2.22222222222222 3 1.55555555555556 1.77777777777778
  1 23 2 0 8 2.875 3.25 2.25 1.25 2.875
  1 24 2 0 9 2.66666666666667 2.22222222222222 1.88888888888889 2.22222222222222 2.11111111111111
  1 25 2 0 14 1.35714285714286 1 1.35714285714286 1.57142857142857 1.85714285714286
  1 26 2 0 18 0.555555555555556 1.22222222222222 1 1.11111111111111 1.66666666666667
  1 27 2 0 16 1.25 1.125 1.25 1.5 1.125
  1 28 2 0 6 2.66666666666667 2.66666666666667 4 2.16666666666667 5.16666666666667
  1 29 2 0 8 2.5 2.5 2.5 2.625 2.375
  1 30 2 0 17 0.882352941176471 0.882352941176471 1.76470588235294 1.52941176470588 0.823529411764706
  1 31 2 0 9 2.44444444444444 2.33333333333333 2.22222222222222 2.22222222222222 1.88888888888889
  1 32 2 0 30 0.866666666666667 0.633333333333333 0.6 0.666666666666667 0.566666666666667
  1 33 2 0 24 0.458333333333333 0.958333333333333 0.958333333333333 0.791666666666667 1
  1 34 2 0 25 0.6 1.04 0.68 0.68 1
  1 35 2 0 16 1.1875 1.25 1.125 1.3125 1.375
  1 36 2 0 13 2.07692307692308 1.61538461538462 1.46153846153846 1.07692307692308 1.46153846153846
  1 37 2 0 8 2.5 2.5 1.625 2.625 3.25
  1 38 2 0 10 2.2 1.8 1.7 1.4 2.9
  1 39 2 0 13 1.92307692307692 1.23076923076923 1.53846153846154 1.46153846153846 1.53846153846154
  1 40 2 0 8 2.5 2.625 1.125 3.125 3.125
  1 41 2 0 5 4.8 2.8 3.8 2.8 5.8
  1 42 2 0 17 1.47058823529412 1.41176470588235 0.941176470588235 1 1.05882352941176
  1 1 3 0 27 0 1 2 0.703703703703704 0
  1 2 3 0 13 0 0.384615384615385 4.30769230769231 3 0
  1 3 3 0 5 12.6 7.4 0 0 0
  1 4 3 0 2 5.5 31.5 13 0 0
  1 5 3 0 5 11 9 0 0 0
  1 6 3 0 1 29 61 10 0 0
  1 7 3 0 3 13.3333333333333 18.6666666666667 1.33333333333333 0 0
  1 8 3 0 3 17 16.3333333333333 0 0 0
  1 9 3 0 4 12.25 12.5 0.25 0 0
  1 10 3 0 4 12.75 12.25 0 0 0
  1 11 3 0 4 14.25 10.5 0.25 0 0
  1 12 3 0 2 24.5 25 0.5 0 0
  1 13 3 0 8 7.125 5.375 0 0 0
  1 14 3 0 19 2.89473684210526 2.36842105263158 0 0 0
  1 15 3 0 15 3.33333333333333 3.33333333333333 0 0 0
  1 16 3 0 12 4.66666666666667 3.66666666666667 0 0 0
  1 17 3 0 14 1.64285714285714 3.78571428571429 1.71428571428571 0 0
  1 18 3 0 14 3.28571428571429 3.78571428571429 0 0.0714285714285714 0
  1 19 3 0 15 3.73333333333333 2.93333333333333 0 0 0
  1 20 3 0 17 2.52941176470588 2.94117647058824 0.411764705882353 0 0
  1 21 3 0 12 4.41666666666667 3.83333333333333 0.0833333333333333 0 0
  1 22 3 0 11 4.63636363636364 4.45454545454545 0 0 0
  1 23 3 0 16 3.4375 2.8125 0 0 0
  1 24 3 0 15 2.53333333333333 3.66666666666667 0.466666666666667 0 0
  1 25 3 0 4 15.75 9 0.25 0 0
  1 26 3 0 14 3.71428571428571 3.42857142857143 0 0 0
  1 27 3 0 6 8.5 7.83333333333333 0.333333333333333 0 0
  1 28 3 0 4 14.75 10 0.25 0 0
  1 29 3 0 2 29.5 20.5 0 0 0
  1 30 3 0 10 5.7 4.3 0 0 0
  1 31 3 0 9 6.44444444444444 4.66666666666667 0 0 0
  1 32 3 0 12 2.25 4.58333333333333 1.5 0 0
  1 33 3 0 5 11 8.8 0.2 0 0
  1 34 3 0 9 5.77777777777778 5.22222222222222 0.111111111111111 0 0
  1 35 3 0 5 12.4 7.6 0 0 0
  1 36 3 0 5 9.4 10.6 0 0 0
  1 37 3 0 3 20.3333333333333 13 0 0 0
  1 38 3 0 15 3.4 3.2 0.0666666666666667 0 0
  1 39 3 0 12 4.91666666666667 3.41666666666667 0 0 0
  1 40 3 0 9 5.88888888888889 5.11111111111111 0.111111111111111 0 0
  1 41 3 0 8 3.375 6.125 3 0 0
  1 42 3 0 12 4.5 3.41666666666667 0.416666666666667 0 0
  1 1 4 0 86 0.534883720930233 0.13953488372093 0.430232558139535 0.0581395348837209 0
  1 2 4 0 100 0.01 0.12 0.84 0.03 0
  1 3 4 0 33 2.27272727272727 0.757575757575758 0 0 0
  1 4 4 0 44 1.70454545454545 0.568181818181818 0 0 0
  1 5 4 0 34 2.52941176470588 0.411764705882353 0 0 0
  1 6 4 0 40 1.775 0.725 0 0 0
  1 7 4 0 39 2.20512820512821 0.358974358974359 0 0 0
  1 8 4 0 49 1.30612244897959 0.693877551020408 0.0408163265306122 0 0
  1 9 4 0 36 2.11111111111111 0.666666666666667 0 0 0
  1 10 4 0 43 1.76744186046512 0.558139534883721 0 0 0
  1 11 4 0 41 1.95121951219512 0.48780487804878 0 0 0
  1 12 4 0 35 2.48571428571429 0.371428571428571 0 0 0
  1 13 4 0 32 2.5 0.59375 0.03125 0 0
  1 14 4 0 21 4.09523809523809 0.666666666666667 0 0 0
  1 15 4 0 30 2.66666666666667 0.633333333333333 0.0333333333333333 0 0
  1 16 4 0 19 4.21052631578947 1.05263157894737 0 0 0
  1 17 4 0 35 2.2 0.657142857142857 0 0 0
  1 18 4 0 27 3.22222222222222 0.481481481481481 0 0 0
  1 19 4 0 34 2.23529411764706 0.705882352941177 0 0 0
  1 20 4 0 42 1.92857142857143 0.428571428571429 0.0238095238095238 0 0
  1 21 4 0 41 2.04878048780488 0.390243902439024 0 0 0
  1 22 4 0 44 1.84090909090909 0.431818181818182 0 0 0
  1 23 4 0 28 2.82142857142857 0.75 0 0 0
  1 24 4 0 34 2.17647058823529 0.764705882352941 0 0 0
  1 25 4 0 36 2.05555555555556 0.722222222222222 0 0 0
  1 26 4 0 31 2.51612903225806 0.709677419354839 0 0 0
  1 27 4 0 39 2.02564102564103 0.538461538461538 0 0 0
  1 28 4 0 38 2.05263157894737 0.578947368421053 0 0 0
  1 29 4 0 48 1.66666666666667 0.416666666666667 0 0 0
  1 30 4 0 38 1.84210526315789 0.789473684210526 0 0 0
  1 31 4 0 61 1.34426229508197 0.278688524590164 0.0163934426229508 0 0
  1 32 4 0 48 1.83333333333333 0.25 0 0 0
  1 33 4 0 49 1.63265306122449 0.36734693877551 0.0408163265306122 0 0
  1 34 4 0 44 1.88636363636364 0.386363636363636 0 0 0
  1 35 4 0 61 1.21311475409836 0.426229508196721 0 0 0
  1 36 4 0 67 1.13432835820896 0.358208955223881 0 0 0
  1 37 4 0 57 1.36842105263158 0.385964912280702 0 0 0
  1 38 4 0 38 2.05263157894737 0.578947368421053 0 0 0
  1 39 4 0 52 1.40384615384615 0.461538461538462 0.0576923076923077 0 0
  1 40 4 0 43 1.7906976744186 0.534883720930233 0 0 0
  1 41 4 0 42 1.80952380952381 0.547619047619048 0.0238095238095238 0 0
  1 42 4 0 61 1.36065573770492 0.262295081967213 0.0163934426229508 0 0
  2 1 1 0 58 0 0.0172413793103448 1.55172413793103 0.155172413793103 0
  2 2 1 0 83 0 0.349397590361446 0.63855421686747 0.216867469879518 0
  2 3 1 0 63 0 1 0.571428571428571 0.0158730158730159 0
  2 4 1 0 56 0 1.39285714285714 0.392857142857143 0 0
  2 5 1 0 55 0 0.636363636363636 1.16363636363636 0.0181818181818182 0
  2 6 1 0 45 0 0.111111111111111 2.08888888888889 0.0222222222222222 0
  2 7 1 0 46 0 2.02173913043478 0.152173913043478 0 0
  2 8 1 0 56 0 0.0714285714285714 1.71428571428571 0 0
  2 9 1 0 51 0.0196078431372549 1.74509803921569 0.196078431372549 0 0
  2 10 1 0 44 0 1.02272727272727 1.25 0 0
  2 11 1 0 49 0.0204081632653061 0.63265306122449 1.38775510204082 0 0
  2 12 1 0 50 0.04 1.28 0.68 0 0
  2 13 1 0 48 0 0.625 1.45833333333333 0 0
  2 14 1 0 52 0 0.980769230769231 0.942307692307692 0 0
  2 15 1 0 31 0 1.74193548387097 1.48387096774194 0 0
  2 16 1 0 38 0 1.68421052631579 0.947368421052632 0 0
  2 17 1 0 26 0 1.65384615384615 2.19230769230769 0 0
  2 18 1 0 33 0 1.42424242424242 1.60606060606061 0 0
  2 19 1 0 31 0 2.48387096774194 0.741935483870968 0 0
  2 20 1 0 38 0.0263157894736842 1.78947368421053 0.815789473684211 0 0
  2 21 1 0 30 0.0666666666666667 2.26666666666667 1 0 0
  2 22 1 0 35 0.0571428571428571 2.17142857142857 0.628571428571429 0 0
  2 23 1 0 35 0.0285714285714286 0.8 2.02857142857143 0 0
  2 24 1 0 26 0.0384615384615385 2.92307692307692 0.884615384615385 0 0
  2 25 1 0 32 0 1.5625 1.5625 0 0
  2 26 1 0 26 0.115384615384615 2.73076923076923 1 0 0
  2 27 1 0 37 0 1.16216216216216 1.54054054054054 0 0
  2 28 1 0 35 0.0285714285714286 2.25714285714286 0.542857142857143 0.0285714285714286 0
  2 29 1 0 33 0 1.24242424242424 1.75757575757576 0.0303030303030303 0
  2 30 1 0 45 0 1.73333333333333 0.466666666666667 0.0222222222222222 0
  2 31 1 0 34 0 1.61764705882353 1.32352941176471 0 0
  2 32 1 0 36 0.0277777777777778 1.52777777777778 1.22222222222222 0 0
  2 33 1 0 42 0 0.119047619047619 2.26190476190476 0 0
  2 34 1 0 34 0 2.5 0.441176470588235 0 0
  2 35 1 0 35 0 0.942857142857143 1.91428571428571 0 0
  2 36 1 0 28 0 2.67857142857143 0.857142857142857 0.0357142857142857 0
  2 37 1 0 22 0.0454545454545455 2.86363636363636 1.63636363636364 0 0
  2 38 1 0 32 0 1.5625 1.5625 0 0
  2 39 1 0 27 0 0.185185185185185 3.51851851851852 0 0
  2 40 1 0 39 0 1.76923076923077 0.743589743589744 0.0512820512820513 0
  2 41 1 0 20 0.05 2.95 2 0 0
  2 42 1 0 30 0 1.26666666666667 2.06666666666667 0 0
  2 1 2 0 16 1.25 1.5 0.9375 1.5625 1
  2 2 2 0 20 0.6 0.8 1.1 1.15 1.35
  2 3 2 0 34 0.705882352941177 0.647058823529412 0.558823529411765 0.352941176470588 0.676470588235294
  2 4 2 0 15 1.6 1.46666666666667 0.933333333333333 1.26666666666667 1.4
  2 5 2 0 4 5 4.75 5 7 3.25
  2 6 2 0 7 2.57142857142857 3 2.42857142857143 2.71428571428571 3.57142857142857
  2 7 2 0 18 0.888888888888889 1.11111111111111 1.05555555555556 1.27777777777778 1.22222222222222
  2 8 2 0 22 1.22727272727273 0.863636363636364 0.636363636363636 1 0.818181818181818
  2 9 2 0 21 0.904761904761905 0.80952380952381 1 1.04761904761905 1
  2 10 2 0 11 2 2 1.81818181818182 1.63636363636364 1.63636363636364
  2 11 2 0 7 2.85714285714286 3.14285714285714 2.28571428571429 3.42857142857143 2.57142857142857
  2 12 2 0 19 0.526315789473684 0.947368421052632 1.26315789473684 1.15789473684211 1.36842105263158
  2 13 2 0 32 0.5625 0.78125 0.40625 0.59375 0.78125
  2 14 2 0 34 0.5 0.529411764705882 0.764705882352941 0.441176470588235 0.705882352941177
  2 15 2 0 27 0.925925925925926 0.740740740740741 0.592592592592593 0.740740740740741 0.703703703703704
  2 16 2 0 42 0.404761904761905 0.547619047619048 0.428571428571429 0.428571428571429 0.571428571428571
  2 17 2 0 34 0.676470588235294 0.647058823529412 0.558823529411765 0.617647058823529 0.441176470588235
  2 18 2 0 28 0.464285714285714 0.642857142857143 0.571428571428571 0.857142857142857 1.03571428571429
  2 19 2 0 26 1.03846153846154 0.461538461538462 0.884615384615385 0.769230769230769 0.692307692307692
  2 20 2 0 32 0.71875 0.5 0.625 0.6875 0.59375
  2 21 2 0 37 0.540540540540541 0.486486486486487 0.621621621621622 0.378378378378378 0.675675675675676
  2 22 2 0 38 0.657894736842105 0.578947368421053 0.421052631578947 0.421052631578947 0.552631578947368
  2 23 2 0 41 0.682926829268293 0.463414634146341 0.390243902439024 0.317073170731707 0.585365853658537
  2 24 2 0 33 0.727272727272727 0.666666666666667 0.545454545454545 0.606060606060606 0.484848484848485
  2 25 2 0 45 0.466666666666667 0.422222222222222 0.377777777777778 0.444444444444444 0.511111111111111
  2 26 2 0 28 0.535714285714286 0.857142857142857 0.464285714285714 0.892857142857143 0.821428571428571
  2 27 2 0 47 0.468085106382979 0.340425531914894 0.425531914893617 0.468085106382979 0.425531914893617
  2 28 2 0 22 0.863636363636364 0.909090909090909 0.954545454545455 1.13636363636364 0.681818181818182
  2 29 2 0 40 0.525 0.575 0.55 0.35 0.5
  2 30 2 0 28 0.535714285714286 1 0.535714285714286 0.821428571428571 0.678571428571429
  2 31 2 0 32 0.75 0.625 0.5625 0.6875 0.5
  2 32 2 0 40 0.55 0.55 0.55 0.35 0.5
  2 33 2 0 43 0.511627906976744 0.534883720930233 0.465116279069767 0.325581395348837 0.488372093023256
  2 34 2 0 46 0.239130434782609 0.347826086956522 0.543478260869565 0.434782608695652 0.608695652173913
  2 35 2 0 60 0.433333333333333 0.25 0.333333333333333 0.316666666666667 0.333333333333333
  2 36 2 0 49 0.428571428571429 0.387755102040816 0.326530612244898 0.469387755102041 0.428571428571429
  2 37 2 0 32 0.40625 0.53125 0.59375 0.5625 1.03125
  2 38 2 0 30 0.666666666666667 0.633333333333333 0.666666666666667 0.666666666666667 0.7
  2 39 2 0 29 0.620689655172414 0.827586206896552 0.689655172413793 0.517241379310345 0.793103448275862
  2 40 2 0 31 0.67741935483871 0.483870967741935 0.645161290322581 0.67741935483871 0.741935483870968
  2 41 2 0 14 1.42857142857143 1.85714285714286 1.14285714285714 1.78571428571429 0.928571428571429
  2 42 2 0 19 0.947368421052632 1.15789473684211 0.894736842105263 1.15789473684211 1.10526315789474
  2 2 3 0 3 0 0 3 30.3333333333333 0
  2 3 3 0 3 4.33333333333333 29 0 0 0
  2 4 3 0 7 0.285714285714286 3.14285714285714 10.8571428571429 0 0
  2 5 3 0 1 13 86 1 0 0
  2 6 3 0 14 0.142857142857143 2.28571428571429 4.71428571428571 0 0
  2 8 3 0 10 1.3 8.3 0.1 0.3 0
  2 9 3 0 6 1.5 13.6666666666667 1.5 0 0
  2 10 3 0 2 4.5 42 3.5 0 0
  2 12 3 0 1 8 74 18 0 0
  2 14 3 0 9 1.11111111111111 9 1 0 0
  2 15 3 0 5 2.4 14.8 2.8 0 0
  2 16 3 0 9 1.11111111111111 9.22222222222222 0.777777777777778 0 0
  2 17 3 0 9 0.111111111111111 1.88888888888889 8.44444444444444 0.666666666666667 0
  2 18 3 0 13 0.615384615384615 5.61538461538461 1 0.461538461538462 0
  2 19 3 0 14 0.928571428571429 5.92857142857143 0.285714285714286 0 0
  2 20 3 0 19 0.315789473684211 2.84210526315789 2 0.105263157894737 0
  2 21 3 0 20 0.45 4.15 0.25 0.15 0
  2 22 3 0 23 0.391304347826087 3.95652173913043 0 0 0
  2 23 3 0 26 0.538461538461538 3 0.307692307692308 0 0
  2 24 3 0 28 0 1.42857142857143 1.96428571428571 0.178571428571429 0
  2 25 3 0 20 0.7 3.7 0.3 0.3 0
  2 26 3 0 7 2.28571428571429 11.2857142857143 0.714285714285714 0 0
  2 27 3 0 5 1.6 17.2 1 0.2 0
  2 29 3 0 6 1.16666666666667 14.6666666666667 0.833333333333333 0 0
  2 30 3 0 14 0.928571428571429 6.14285714285714 0.0714285714285714 0 0
  2 31 3 0 7 1.85714285714286 11.8571428571429 0.571428571428571 0 0
  2 32 3 0 20 0 1.6 3.35 0.05 0
  2 33 3 0 18 0.444444444444444 3.5 0.5 1.11111111111111 0
  2 34 3 0 15 1.2 4.06666666666667 1.26666666666667 0.133333333333333 0
  2 35 3 0 28 0.535714285714286 2.5 0.5 0.0357142857142857 0
  2 36 3 0 25 0.76 3.24 0 0 0
  2 37 3 0 19 0.631578947368421 4.63157894736842 0 0 0
  2 38 3 0 33 0.424242424242424 2.42424242424242 0.181818181818182 0 0
  2 39 3 0 32 0.46875 2.0625 0.59375 0 0
  2 40 3 0 34 0.117647058823529 2.20588235294118 0.529411764705882 0.0882352941176471 0
  2 41 3 0 20 0.05 1.5 2.7 0.75 0
  2 42 3 0 27 0.148148148148148 0.925925925925926 1.25925925925926 1.37037037037037 0
  2 1 4 0 44 0 0.0227272727272727 2.04545454545455 0.204545454545455 0
  2 2 4 0 75 0 0 1.28 0.0533333333333333 0
  2 3 4 0 66 0 1.51515151515152 0 0 0
  2 4 4 0 54 0 1.38888888888889 0.462962962962963 0 0
  2 5 4 0 31 0.0645161290322581 2.48387096774194 0.67741935483871 0 0
  2 6 4 0 24 0.0416666666666667 2.5 1.625 0 0
  2 7 4 0 20 0 4.65 0.35 0 0
  2 8 4 0 25 0 1.48 2.52 0 0
  2 9 4 0 44 0 2.22727272727273 0.0454545454545455 0 0
  2 10 4 0 36 0.0555555555555556 1.88888888888889 0.833333333333333 0 0
  2 11 4 0 22 0.0454545454545455 3.22727272727273 1.27272727272727 0 0
  2 12 4 0 21 0.0952380952380952 4.33333333333333 0.333333333333333 0 0
  2 13 4 0 26 0 3.07692307692308 0.769230769230769 0 0
  2 14 4 0 35 0 2.6 0.257142857142857 0 0
  2 15 4 0 21 0 4.14285714285714 0.619047619047619 0 0
  2 16 4 0 30 0.0666666666666667 2.93333333333333 0.333333333333333 0 0
  2 17 4 0 40 0.1 1.95 0.45 0 0
  2 18 4 0 42 0.0238095238095238 1.92857142857143 0.428571428571429 0 0
  2 19 4 0 46 0.0652173913043478 2.04347826086957 0.0652173913043478 0 0
  2 20 4 0 37 0.027027027027027 2.54054054054054 0.135135135135135 0 0
  2 21 4 0 44 0.0227272727272727 2.06818181818182 0.181818181818182 0 0
  2 22 4 0 42 0.0238095238095238 2.0952380952381 0.261904761904762 0 0
  2 23 4 0 35 0.0285714285714286 2.48571428571429 0.342857142857143 0 0
  2 24 4 0 26 0.0769230769230769 3.23076923076923 0.538461538461538 0 0
  2 25 4 0 19 0 4.52631578947368 0.736842105263158 0 0
  2 26 4 0 29 0.0344827586206897 3.03448275862069 0.379310344827586 0 0
  2 27 4 0 10 0.1 9.2 0.7 0 0
  2 28 4 0 20 0.05 4.6 0.35 0 0
  2 29 4 0 25 0.08 3.28 0.64 0 0
  2 30 4 0 18 0 4.66666666666667 0.888888888888889 0 0
  2 31 4 0 24 0.0416666666666667 3.04166666666667 1.08333333333333 0 0
  2 32 4 0 21 0.0952380952380952 4.19047619047619 0.476190476190476 0 0
  2 33 4 0 10 0.1 6.1 3.8 0 0
  2 34 4 0 12 0.0833333333333333 7.5 0.75 0 0
  2 35 4 0 29 0 2.89655172413793 0.551724137931034 0 0
  2 36 4 0 17 0.0588235294117647 5.23529411764706 0.588235294117647 0 0
  2 37 4 0 39 0.0512820512820513 2.38461538461538 0.128205128205128 0 0
  2 38 4 0 9 0 8.88888888888889 2.22222222222222 0 0
  2 39 4 0 50 0 1.34 0.66 0 0
  2 40 4 0 15 0.0666666666666667 5.2 1.4 0 0
  2 41 4 0 7 0.142857142857143 9.71428571428571 4.42857142857143 0 0
  2 42 4 0 9 0 8.11111111111111 3 0 0
# end survey length observations 
#  
# Fishery catch data 
# Number of observations, init_int Ncatch_obs
  168
# init_matrix obs_catch_biomass(1,Ncatch_obs,1,6) 
# Fleet	Area	Year	Species	Catch(biomass t)	CV 
  1 1 1 1 16972.7301127966 0.05
  1 1 2 1 18221.8535594208 0.05
  1 1 3 1 18338.4156686659 0.05
  1 1 4 1 18974.8026961179 0.05
  1 1 5 1 25904.6264057188 0.05
  1 1 6 1 15153.650605847 0.05
  1 1 7 1 16021.3508760727 0.05
  1 1 8 1 14056.5340245934 0.05
  1 1 9 1 13845.3402963585 0.05
  1 1 10 1 17131.1387251452 0.05
  1 1 11 1 21532.1857883358 0.05
  1 1 12 1 17746.9543967849 0.05
  1 1 13 1 18549.3052802826 0.05
  1 1 14 1 16691.7579332831 0.05
  1 1 15 1 12758.5320832214 0.05
  1 1 16 1 8768.90327886027 0.05
  1 1 17 1 8713.61309754902 0.05
  1 1 18 1 4700.01669482156 0.05
  1 1 19 1 4186.93094042831 0.05
  1 1 20 1 4986.63319584206 0.05
  1 1 21 1 4193.92822464155 0.05
  1 1 22 1 5110.68998720026 0.05
  1 1 23 1 4429.80499105867 0.05
  1 1 24 1 6451.96221596204 0.05
  1 1 25 1 4416.93116127915 0.05
  1 1 26 1 6055.96611378337 0.05
  1 1 27 1 1923.60562206243 0.05
  1 1 28 1 2051.13943215335 0.05
  1 1 29 1 2503.3817667602 0.05
  1 1 30 1 3033.36233134917 0.05
  1 1 31 1 3674.02783160071 0.05
  1 1 32 1 4209.46041610014 0.05
  1 1 33 1 1780.94538327259 0.05
  1 1 34 1 2229.38767654141 0.05
  1 1 35 1 1317.59758439423 0.05
  1 1 36 1 668.791456143592 0.05
  1 1 37 1 1150.21627518993 0.05
  1 1 38 1 1081.40139531588 0.05
  1 1 39 1 911.010750648161 0.05
  1 1 40 1 611.49964533341 0.05
  1 1 41 1 616.052343696706 0.05
  1 1 42 1 375.939605994502 0.05
  1 1 1 4 6489.89502384562 0.05
  1 1 2 4 4178.99917912518 0.05
  1 1 3 4 6282.26874441424 0.05
  1 1 4 4 6188.92647992775 0.05
  1 1 5 4 7923.76786950099 0.05
  1 1 6 4 8291.83919273376 0.05
  1 1 7 4 6451.20600040853 0.05
  1 1 8 4 6331.49322022915 0.05
  1 1 9 4 7049.12042712594 0.05
  1 1 10 4 7207.55960467501 0.05
  1 1 11 4 8239.06470972154 0.05
  1 1 12 4 9794.03416848111 0.05
  1 1 13 4 13195.0486120035 0.05
  1 1 14 4 11548.6809080189 0.05
  1 1 15 4 9068.66586683835 0.05
  1 1 16 4 5833.7205825933 0.05
  1 1 17 4 12192.7464310054 0.05
  1 1 18 4 4657.83157996987 0.05
  1 1 19 4 5858.11876285119 0.05
  1 1 20 4 9070.56919818437 0.05
  1 1 21 4 4110.60505395711 0.05
  1 1 22 4 4907.27164227689 0.05
  1 1 23 4 8062.91670266536 0.05
  1 1 24 4 7333.3633158207 0.05
  1 1 25 4 6413.31141390872 0.05
  1 1 26 4 4795.48979815423 0.05
  1 1 27 4 2834.60162802248 0.05
  1 1 28 4 1835.36136298741 0.05
  1 1 29 4 5021.84538680192 0.05
  1 1 30 4 3286.90051268127 0.05
  1 1 31 4 2184.54202582615 0.05
  1 1 32 4 3401.65975899682 0.05
  1 1 33 4 3191.03180392363 0.05
  1 1 34 4 2964.16958545317 0.05
  1 1 35 4 3221.15872448318 0.05
  1 1 36 4 2673.54572475619 0.05
  1 1 37 4 4775.40217720699 0.05
  1 1 38 4 4153.69329128179 0.05
  1 1 39 4 5575.7097463864 0.05
  1 1 40 4 3915.08168596563 0.05
  1 1 41 4 3382.54845607689 0.05
  1 1 42 4 2331.36580177726 0.05
  2 1 1 2 1281.17668023421 0.05
  2 1 2 2 932.950270706251 0.05
  2 1 3 2 1562.75625436321 0.05
  2 1 4 2 863.777609854266 0.05
  2 1 5 2 1257.52635716364 0.05
  2 1 6 2 1190.00731523123 0.05
  2 1 7 2 661.67602637078 0.05
  2 1 8 2 1110.77281750357 0.05
  2 1 9 2 918.325503114452 0.05
  2 1 10 2 797.878322295485 0.05
  2 1 11 2 1126.1596795334 0.05
  2 1 12 2 1061.89109395784 0.05
  2 1 13 2 3299.32240027456 0.05
  2 1 14 2 1740.9289196436 0.05
  2 1 15 2 1210.06986286422 0.05
  2 1 16 2 2748.90970277935 0.05
  2 1 17 2 1895.02449529433 0.05
  2 1 18 2 27.371258460691 0.05
  2 1 19 2 3662.27079567746 0.05
  2 1 20 2 6251.30389164624 0.05
  2 1 21 2 13525.1233298171 0.05
  2 1 22 2 15308.584998385 0.05
  2 1 23 2 9887.1414388717 0.05
  2 1 24 2 23376.4399771904 0.05
  2 1 25 2 9234.74686658615 0.05
  2 1 26 2 12726.4113293006 0.05
  2 1 27 2 12694.2818708285 0.05
  2 1 28 2 8345.19029098553 0.05
  2 1 29 2 10281.4906312094 0.05
  2 1 30 2 8221.21038213703 0.05
  2 1 31 2 8680.79919903775 0.05
  2 1 32 2 17830.7620334889 0.05
  2 1 33 2 10501.9572637584 0.05
  2 1 34 2 19193.6078057799 0.05
  2 1 35 2 17197.6157830108 0.05
  2 1 36 2 22044.7355751821 0.05
  2 1 37 2 18961.6724263354 0.05
  2 1 38 2 16936.0396299843 0.05
  2 1 39 2 10280.1836279527 0.05
  2 1 40 2 6840.39790417318 0.05
  2 1 41 2 5926.50048081523 0.05
  2 1 42 2 1431.36115549028 0.05
  2 1 1 3 490.482250401081 0.05
  2 1 2 3 236.856752790336 0.05
  2 1 3 3 342.861849773618 0.05
  2 1 4 3 386.75943911442 0.05
  2 1 5 3 2827.18627727394 0.05
  2 1 6 3 3230.21689708626 0.05
  2 1 7 3 2469.62270588038 0.05
  2 1 8 3 2481.81259147385 0.05
  2 1 9 3 3191.64313768494 0.05
  2 1 10 3 2642.51025013701 0.05
  2 1 11 3 3369.34412521733 0.05
  2 1 12 3 575.809378996513 0.05
  2 1 13 3 2238.3975376751 0.05
  2 1 14 3 1315.10588098713 0.05
  2 1 15 3 853.433113313547 0.05
  2 1 16 3 976.086388481003 0.05
  2 1 17 3 15217.6967974704 0.05
  2 1 18 3 1119.69601293796 0.05
  2 1 19 3 934.941623081463 0.05
  2 1 20 3 682.628158937736 0.05
  2 1 21 3 491.845054315571 0.05
  2 1 22 3 2467.91395482669 0.05
  2 1 23 3 962.568827489248 0.05
  2 1 24 3 230.680850554151 0.05
  2 1 25 3 917.638429481006 0.05
  2 1 26 3 2209.96628539742 0.05
  2 1 27 3 2434.27730461333 0.05
  2 1 28 3 694.922856210298 0.05
  2 1 29 3 1554.55033134442 0.05
  2 1 30 3 2129.31132660788 0.05
  2 1 31 3 1731.05309607327 0.05
  2 1 32 3 656.231611040846 0.05
  2 1 33 3 166.719813274704 0.05
  2 1 34 3 138.965764399937 0.05
  2 1 35 3 137.166386148386 0.05
  2 1 36 3 1948.07630915992 0.05
  2 1 37 3 2303.17406595151 0.05
  2 1 38 3 1014.15709119742 0.05
  2 1 39 3 876.729979154603 0.05
  2 1 40 3 1532.4218667553 0.05
  2 1 41 3 15903.8472829664 0.05
  2 1 42 3 18149.7636734875 0.05
# end catch observations 
#  
# Fishery size comp data 
# Number of observations, init_int Ncatch_size_obs 
  168
# init_matrix obs_catch_size(1,Ncatch_size_obs,1,ncol) 
# Fleet Area  Year  Species Type (0=whole, 1=retained, 2=discard) InpN, proportion by size bin 
  1 1 1 1 0 81 0.0246913580246914 0.419753086419753 0.271604938271605 0.160493827160494 0.358024691358025
  1 1 2 1 0 73 1.32876712328767 0 0 0.0410958904109589 0
  1 1 3 1 0 65 1.52307692307692 0 0.0153846153846154 0 0
  1 1 4 1 0 56 1.78571428571429 0 0 0 0
  1 1 5 1 0 120 0.816666666666667 0.0166666666666667 0 0 0
  1 1 6 1 0 130 0.284615384615385 0.407692307692308 0.0769230769230769 0 0
  1 1 7 1 0 94 1.06382978723404 0 0 0 0
  1 1 8 1 0 94 0.393617021276596 0.659574468085106 0.0106382978723404 0 0
  1 1 9 1 0 82 1.21951219512195 0 0 0 0
  1 1 10 1 0 76 1.31578947368421 0 0 0 0
  1 1 11 1 0 74 1.31081081081081 0.0405405405405405 0 0 0
  1 1 12 1 0 65 1.53846153846154 0 0 0 0
  1 1 13 1 0 77 1.28571428571429 0.012987012987013 0 0 0
  1 1 14 1 0 88 1.125 0.0113636363636364 0 0 0
  1 1 15 1 0 66 1.51515151515152 0 0 0 0
  1 1 16 1 0 69 1.40579710144928 0.0434782608695652 0 0 0
  1 1 17 1 0 43 2.32558139534884 0 0 0 0
  1 1 18 1 0 34 2.88235294117647 0.0588235294117647 0 0 0
  1 1 19 1 0 55 1.8 0.0181818181818182 0 0 0
  1 1 20 1 0 64 1.5625 0 0 0 0
  1 1 21 1 0 77 1.2987012987013 0 0 0 0
  1 1 22 1 0 67 1.49253731343284 0 0 0 0
  1 1 23 1 0 133 0.729323308270677 0.0225563909774436 0 0 0
  1 1 24 1 0 98 1 0.0204081632653061 0 0 0
  1 1 25 1 0 91 1.08791208791209 0.010989010989011 0 0 0
  1 1 26 1 0 77 1.27272727272727 0.025974025974026 0 0 0
  1 1 27 1 0 102 0.911764705882353 0.0686274509803922 0 0 0
  1 1 28 1 0 76 1.28947368421053 0.0263157894736842 0 0 0
  1 1 29 1 0 110 0.881818181818182 0.0272727272727273 0 0 0
  1 1 30 1 0 100 1 0 0 0 0
  1 1 31 1 0 108 0.898148148148148 0.0277777777777778 0 0 0
  1 1 32 1 0 118 0.838983050847458 0.00847457627118644 0 0 0
  1 1 33 1 0 129 0.348837209302326 0.403100775193798 0.0232558139534884 0 0
  1 1 34 1 0 90 1.1 0 0.0111111111111111 0 0
  1 1 35 1 0 69 1.42028985507246 0.0289855072463768 0 0 0
  1 1 36 1 0 80 1.1875 0.0625 0 0 0
  1 1 37 1 0 62 1.54838709677419 0.0645161290322581 0 0 0
  1 1 38 1 0 94 1.0531914893617 0.0106382978723404 0 0 0
  1 1 39 1 0 75 0.826666666666667 0.453333333333333 0.0533333333333333 0 0
  1 1 40 1 0 75 1.32 0 0.0133333333333333 0 0
  1 1 41 1 0 35 2.85714285714286 0 0 0 0
  1 1 42 1 0 22 4.45454545454545 0.0909090909090909 0 0 0
  1 1 1 4 0 5 3.2 0 0 0 16.8
  1 1 2 4 0 5 20 0 0 0 0
  1 1 3 4 0 5 20 0 0 0 0
  1 1 4 4 0 5 20 0 0 0 0
  1 1 5 4 0 5 20 0 0 0 0
  1 1 6 4 0 5 20 0 0 0 0
  1 1 7 4 0 5 20 0 0 0 0
  1 1 8 4 0 5 20 0 0 0 0
  1 1 9 4 0 5 20 0 0 0 0
  1 1 10 4 0 5 20 0 0 0 0
  1 1 11 4 0 1 100 0 0 0 0
  1 1 12 4 0 5 20 0 0 0 0
  1 1 13 4 0 1 100 0 0 0 0
  1 1 14 4 0 2 50 0 0 0 0
  1 1 15 4 0 8 12.5 0 0 0 0
  1 1 16 4 0 3 33.3333333333333 0 0 0 0
  1 1 17 4 0 3 33.3333333333333 0 0 0 0
  1 1 18 4 0 1 100 0 0 0 0
  1 1 19 4 0 3 33.3333333333333 0 0 0 0
  1 1 20 4 0 3 33.3333333333333 0 0 0 0
  1 1 21 4 0 3 33.3333333333333 0 0 0 0
  1 1 22 4 0 2 50 0 0 0 0
  1 1 23 4 0 6 16.6666666666667 0 0 0 0
  1 1 24 4 0 1 100 0 0 0 0
  1 1 25 4 0 1 100 0 0 0 0
  1 1 26 4 0 2 50 0 0 0 0
  1 1 27 4 0 2 50 0 0 0 0
  1 1 28 4 0 4 25 0 0 0 0
  1 1 29 4 0 7 14.2857142857143 0 0 0 0
  1 1 30 4 0 6 16.6666666666667 0 0 0 0
  1 1 31 4 0 10 10 0 0 0 0
  1 1 32 4 0 7 14.2857142857143 0 0 0 0
  1 1 33 4 0 15 6.66666666666667 0 0 0 0
  1 1 34 4 0 19 5.26315789473684 0 0 0 0
  1 1 35 4 0 13 7.69230769230769 0 0 0 0
  1 1 36 4 0 23 4.34782608695652 0 0 0 0
  1 1 37 4 0 7 14.2857142857143 0 0 0 0
  1 1 38 4 0 7 14.2857142857143 0 0 0 0
  1 1 39 4 0 19 5.26315789473684 0 0 0 0
  1 1 40 4 0 25 4 0 0 0 0
  1 1 41 4 0 31 3.2258064516129 0 0 0 0
  1 1 42 4 0 31 3.2258064516129 0 0 0 0
  2 1 1 2 0 2 0 22.5 19 8.5 0
  2 1 2 2 0 5 3.8 2.2 9.6 4.4 0
  2 1 3 2 0 2 50 0 0 0 0
  2 1 4 2 0 5 11.2 8.8 0 0 0
  2 1 5 2 0 5 19.8 0 0.2 0 0
  2 1 6 2 0 5 17.8 2.2 0 0 0
  2 1 7 2 0 5 20 0 0 0 0
  2 1 8 2 0 1 100 0 0 0 0
  2 1 9 2 0 5 20 0 0 0 0
  2 1 10 2 0 5 20 0 0 0 0
  2 1 11 2 0 2 50 0 0 0 0
  2 1 12 2 0 5 20 0 0 0 0
  2 1 13 2 0 5 20 0 0 0 0
  2 1 14 2 0 5 20 0 0 0 0
  2 1 15 2 0 5 20 0 0 0 0
  2 1 16 2 0 5 20 0 0 0 0
  2 1 17 2 0 5 19.8 0.2 0 0 0
  2 1 18 2 0 5 20 0 0 0 0
  2 1 19 2 0 5 19.8 0.2 0 0 0
  2 1 20 2 0 30 3.3 0.0333333333333333 0 0 0
  2 1 21 2 0 46 2.17391304347826 0 0 0 0
  2 1 22 2 0 10 10 0 0 0 0
  2 1 23 2 0 19 5.21052631578947 0.0526315789473684 0 0 0
  2 1 24 2 0 61 1.36065573770492 0.262295081967213 0.0163934426229508 0 0
  2 1 25 2 0 29 3.44827586206897 0 0 0 0
  2 1 26 2 0 32 3.125 0 0 0 0
  2 1 27 2 0 16 6.1875 0.0625 0 0 0
  2 1 28 2 0 31 3.19354838709677 0.032258064516129 0 0 0
  2 1 29 2 0 44 2.27272727272727 0 0 0 0
  2 1 30 2 0 29 3.44827586206897 0 0 0 0
  2 1 31 2 0 25 4 0 0 0 0
  2 1 32 2 0 22 3.22727272727273 1.27272727272727 0.0454545454545455 0 0
  2 1 33 2 0 35 2.82857142857143 0.0285714285714286 0 0 0
  2 1 34 2 0 28 3.5 0.0714285714285714 0 0 0
  2 1 35 2 0 45 2.22222222222222 0 0 0 0
  2 1 36 2 0 51 1.94117647058824 0.0196078431372549 0 0 0
  2 1 37 2 0 41 2.41463414634146 0.024390243902439 0 0 0
  2 1 38 2 0 36 2.75 0.0277777777777778 0 0 0
  2 1 39 2 0 20 4.95 0.05 0 0 0
  2 1 40 2 0 14 7 0.142857142857143 0 0 0
  2 1 41 2 0 17 5.52941176470588 0.352941176470588 0 0 0
  2 1 42 2 0 24 4.16666666666667 0 0 0 0
  2 1 1 3 0 1 17 0 78 5 0
  2 1 2 3 0 5 6.4 0.2 6 7.4 0
  2 1 3 3 0 5 20 0 0 0 0
  2 1 4 3 0 1 99 1 0 0 0
  2 1 5 3 0 6 16.6666666666667 0 0 0 0
  2 1 6 3 0 4 24.5 0.5 0 0 0
  2 1 7 3 0 5 20 0 0 0 0
  2 1 8 3 0 1 100 0 0 0 0
  2 1 9 3 0 1 100 0 0 0 0
  2 1 10 3 0 1 100 0 0 0 0
  2 1 11 3 0 2 50 0 0 0 0
  2 1 12 3 0 5 20 0 0 0 0
  2 1 13 3 0 4 25 0 0 0 0
  2 1 14 3 0 8 12.5 0 0 0 0
  2 1 15 3 0 11 9 0.0909090909090909 0 0 0
  2 1 16 3 0 5 20 0 0 0 0
  2 1 17 3 0 5 20 0 0 0 0
  2 1 18 3 0 1 100 0 0 0 0
  2 1 19 3 0 1 99 1 0 0 0
  2 1 20 3 0 4 25 0 0 0 0
  2 1 21 3 0 3 33.3333333333333 0 0 0 0
  2 1 22 3 0 4 25 0 0 0 0
  2 1 23 3 0 3 33.3333333333333 0 0 0 0
  2 1 24 3 0 3 33 0.333333333333333 0 0 0
  2 1 25 3 0 2 50 0 0 0 0
  2 1 26 3 0 4 25 0 0 0 0
  2 1 27 3 0 5 20 0 0 0 0
  2 1 28 3 0 4 25 0 0 0 0
  2 1 29 3 0 4 25 0 0 0 0
  2 1 30 3 0 24 4.16666666666667 0 0 0 0
  2 1 31 3 0 10 9.8 0.2 0 0 0
  2 1 32 3 0 12 8.33333333333333 0 0 0 0
  2 1 33 3 0 4 24.5 0.5 0 0 0
  2 1 34 3 0 6 16.6666666666667 0 0 0 0
  2 1 35 3 0 2 49 1 0 0 0
  2 1 36 3 0 10 10 0 0 0 0
  2 1 37 3 0 9 11.1111111111111 0 0 0 0
  2 1 38 3 0 13 7.69230769230769 0 0 0 0
  2 1 39 3 0 16 6.0625 0.1875 0 0 0
  2 1 40 3 0 27 3.62962962962963 0.0740740740740741 0 0 0
  2 1 41 3 0 15 6.6 0.0666666666666667 0 0 0
  2 1 42 3 0 16 6.1875 0.0625 0 0 0
# end fishery length observations 
#  
# Survey diet proportion observations 
# Number of observations, init_int Ndietprop_obs 
  115
# init_matrix obs_dietprop(1,Ndietprop_obs,1,ncol) 
# Survey  Year  Predator  Predator_size InpN  wt_prey_1 wt_prey_2 wt_prey_3 wt_prey_4 wt_prey_5 wt_prey_6 wt_prey_7 wt_prey_8 wt_prey_9 wt_prey_10 wt_prey_11 other 
  1 12 1 2 100 0 0 0 0 1
  1 12 1 3 100 0 0 0 0 1
  1 13 1 3 100 0 0.05 0 0 0.95
  1 13 1 4 100 0 0.74 0 0 0.26
  1 15 1 2 100 0 0.82 0 0 0.18
  1 18 1 1 100 0.01 0 0 0 0.99
  1 18 1 2 100 0 0 0 0 1
  1 18 1 3 100 0 0 0 0 1
  1 19 1 2 100 0 0 0 0 1
  1 19 1 3 100 0 0.83 0 0 0.17
  1 20 1 3 100 0 0 0 0 1
  1 21 1 2 100 0 0 0 0 1
  1 21 1 3 100 0 0.37 0 0 0.63
  1 24 1 3 100 0 1 0 0 0
  1 25 1 3 100 0 1 0 0 0
  1 26 1 3 100 0 0.1 0 0 0.9
  1 27 1 3 100 0 0 1 0 0
  1 28 1 3 100 0 1 0 0 0
  1 33 1 3 100 0 1 0 0 0
  1 34 1 3 100 0 0.05 0 0 0.95
  1 35 1 3 100 0 0 0 0 1
  1 38 1 3 100 0 0 0 0 1
  1 39 1 3 100 0 0 0 0 1
  1 40 1 2 100 0 0.61 0 0 0.39
  1 41 1 2 100 0 0 0.5 0 0.5
  2 2 1 4 100 0 0 0 0 1
  2 11 1 3 100 0 0 0 0 1
  2 14 1 3 100 0 0.65 0 0 0.35
  2 14 1 4 100 0 0.29 0 0 0.71
  2 15 1 3 100 0 1 0 0 0
  2 16 1 3 100 0 0 0 0 1
  2 16 1 4 100 0 0 0 0 1
  2 19 1 3 100 0 0 0 0 1
  2 19 1 4 100 0 0.37 0 0 0.63
  2 21 1 3 100 0 0 0 0 1
  2 21 1 4 100 0 0 0 0 1
  2 22 1 3 100 0 0.91 0 0 0.09
  2 23 1 3 100 0 0 0 0 1
  2 24 1 3 100 0 0 0 0 1
  2 24 1 4 100 0 0 0 0 1
  2 25 1 2 100 0 0 0 0 1
  2 25 1 3 100 0 1 0 0 0
  2 26 1 3 100 0 0 0 0 1
  2 27 1 3 100 0 0 0 0 1
  2 27 1 4 100 0 0 0 0 1
  2 29 1 3 100 0 0 0.14 0 0.86
  2 33 1 3 100 0 0 0 0 1
  2 35 1 1 100 0 0 0 0 1
  2 35 1 2 100 0 0.46 0 0 0.54
  2 35 1 3 100 0 0.47 0 0 0.53
  2 36 1 3 100 0 0 0 0 1
  2 39 1 3 100 0 0 0.67 0 0.33
  2 40 1 2 100 0 0 1 0 0
  2 36 2 3 100 0 0 0 0 1
  2 30 3 2 100 1 0 0 0 0
  2 30 3 4 100 0 0 0 0 1
  1 8 4 2 100 0 0 0 0 1
  1 8 4 3 100 0 0 0 0 1
  1 11 4 3 100 0 1 0 0 0
  1 13 4 2 100 0 0 0 0 1
  1 13 4 3 100 0 0.16 0 0 0.84
  1 13 4 4 100 0 1 0 0 0
  1 14 4 3 100 0 0.37 0 0 0.63
  1 15 4 3 100 0 0 0 0 1
  1 15 4 4 100 0 0 0.8 0 0.2
  1 16 4 3 100 0 0 0 0 1
  1 16 4 4 100 0 0 0 0 1
  1 17 4 3 100 0 0.14 0 0 0.86
  1 18 4 3 100 0 1 0 0 0
  1 19 4 2 100 0 0 0 0 1
  1 19 4 3 100 0 0 0 0 1
  1 20 4 2 100 0 0.13 0 0 0.87
  1 20 4 3 100 0 0 0 0 1
  1 21 4 3 100 0 0 0 0 1
  1 22 4 2 100 0 0 0 0 1
  1 23 4 3 100 0 0 0 0 1
  1 24 4 3 100 0 1 0 0 0
  1 25 4 3 100 0 0.49 0 0 0.51
  1 25 4 4 100 0 0.38 0 0 0.62
  1 26 4 3 100 0 0.55 0 0 0.45
  1 27 4 2 100 0 0 0 0 1
  1 27 4 3 100 0 0 1 0 0
  1 28 4 2 100 0 0 0 0 1
  1 28 4 3 100 0 0 0 0 1
  1 29 4 3 100 0 1 0 0 0
  1 31 4 3 100 0 0 0 0 1
  1 31 4 4 100 0 0 0 0 1
  1 34 4 3 100 0 0 0 0 1
  1 40 4 3 100 0 0 0 0 1
  1 40 4 4 100 0 0.41 0 0 0.59
  1 42 4 3 100 0 0 0 0 1
  2 6 4 3 100 0 0 0.02 0 0.98
  2 8 4 3 100 0 0 0 0 1
  2 9 4 4 100 0 0 0 0.08 0.92
  2 14 4 4 100 0 0 0 0 1
  2 15 4 3 100 0 0 0 0 1
  2 16 4 3 100 0 0 0 0 1
  2 17 4 2 100 0 0 0 0 1
  2 18 4 3 100 0 0 0 0 1
  2 19 4 3 100 0 0 0 0 1
  2 21 4 3 100 0 0 0 0 1
  2 22 4 3 100 0 0.49 0 0 0.51
  2 23 4 3 100 0 0 1 0 0
  2 24 4 3 100 0 0.51 0 0 0.49
  2 25 4 3 100 0 1 0 0 0
  2 25 4 4 100 0 0 0.06 0 0.94
  2 27 4 3 100 0 0 0 0 1
  2 30 4 3 100 0 0.82 0 0 0.18
  2 33 4 3 100 0 0 0 0 1
  2 34 4 3 100 0 1 0 0 0
  2 35 4 3 100 0 1 0 0 0
  2 36 4 2 100 0 1 0 0 0
  2 36 4 3 100 0 1 0 0 0
  2 37 4 3 100 0 0 0 0 1
  2 42 4 3 100 0 0 1 0 0
# end survey diet proportion observations 
#  
