# This file was created using the write_tsDatFile function and used all the simulated data from sim_dta.rds found in repo:Hydra-self-testing
# Survey index data 
# Number of observations, init_int Nsurvey_obs
  329
# init_matrix obs_survey_biomass(1,Nsurvey_obs,1,5)
# survey year spp value cv
  1 1 4 596569.839202385 0.212720515437525
  2 1 4 402180.387012155 0.25363203301826
  1 2 4 17884.4964563525 0.222168779300385
  2 2 4 13458.2222384697 0.187773345626693
  1 3 4 150006.611373036 0.394113240257454
  2 3 4 4806.37022161358 0.423618201694685
  1 4 4 257516.090664751 0.310035034727007
  2 4 4 10329.3234854205 0.327069686277164
  1 5 4 143786.946396476 0.378629084128514
  2 5 4 5997.69777916028 0.391316523019912
  1 6 4 17413.943700338 0.494427832556011
  2 6 4 1398.08377268533 0.376280830351703
  1 7 4 35267.458056789 0.759062286891916
  2 7 4 1582.26034835131 0.665352569827422
  1 8 4 7592.83277908517 0.383150869515862
  2 8 4 482.188240462843 0.433685089735353
  1 9 4 32744.0634905302 0.48934963094834
  2 9 4 536.436184398639 0.392371299771634
  1 10 4 24859.997539369 0.382452035825211
  2 10 4 842.418462225609 0.333798529002863
  1 11 4 20635.5378859068 0.566792532611316
  2 11 4 1731.27716743296 0.868042030585988
  1 12 4 8577.02629855396 0.381518572031255
  2 12 4 96.3879301617717 0.445144789260538
  1 13 4 15562.3848144725 0.438380584739347
  2 13 4 2461.51409676799 0.947226139495183
  1 14 4 12850.0266531244 0.482345652338289
  2 14 4 260.625600709955 0.377075764230608
  1 15 4 4786.72231711985 0.420835086749712
  2 15 4 225.997658081195 0.614716212748607
  1 16 4 11396.0831313013 0.515165860253858
  2 16 4 37.9081868915387 0.704031323768783
  1 17 4 1812.28006982932 0.559532625975744
  2 17 4 81.1752124433617 0.319774204956139
  1 18 4 930.015869901735 0.479008946214672
  2 18 4 31.2569166439511 0.41351869139049
  1 19 4 3103.907162621 0.429419179801904
  2 19 4 64.7558484846244 0.387615780132326
  1 20 4 5043.72082268584 0.477074256852948
  2 20 4 67.5737603264705 0.315868813200741
  1 21 4 24548.4298973651 0.410621521476155
  2 21 4 96.2782536191682 0.630050999524052
  1 22 4 16022.9474989645 0.294672690077384
  2 22 4 206.794923206914 0.335469505128288
  1 23 4 5108.69713752503 0.477447511398437
  2 23 4 217.233866552046 0.407625761955908
  1 24 4 14026.1166453801 0.384568504019134
  2 24 4 157.485628279124 0.43049173366256
  1 25 4 4731.77976476364 0.333261603198005
  2 25 4 20.190947800979 0.843960441627036
  1 26 4 14540.8029683648 0.685474246042822
  2 26 4 61.5852151518716 0.429620783824035
  1 27 4 4594.79977502593 0.286882992344226
  2 27 4 26.3244529626276 0.81343687860715
  1 28 4 13883.2686912632 0.371822434434906
  2 28 4 208.846710944278 0.53327636373572
  1 29 4 9496.33537015306 0.592639130460935
  2 29 4 306.994920945974 0.590339711107796
  1 30 4 52445.7757617526 0.374062101432949
  2 30 4 1409.75441472234 0.701775131617819
  1 31 4 13329.2119654332 0.304499664309564
  2 31 4 795.773161837022 0.210828956182955
  1 32 4 31716.7525371436 0.233962995093855
  2 32 4 850.462847856803 0.329779252894958
  1 33 4 7476.06948287665 0.270006842918168
  2 33 4 326.854091942744 0.460124990024536
  1 34 4 10281.551830344 0.350007507053818
  2 34 4 2297.95099532365 0.837656243552001
  1 35 4 7914.24845722605 0.34274593698132
  2 35 4 204.074616049294 0.291986952078346
  1 36 4 27771.0973449112 0.261906583866089
  2 36 4 459.661967086913 0.425399553458769
  1 37 4 81412.7151366645 0.417429035160016
  2 37 4 2096.97314283061 0.287702894520317
  1 38 4 171337.383883031 0.441211421515246
  2 38 4 1168.06140542452 0.866971810340233
  1 39 4 20674.3220426345 0.495234601454268
  2 39 4 930.07975122968 0.556663444153977
  1 40 4 9464.2608255942 0.237858203733512
  2 40 4 384.578238757854 0.295404104464232
  1 41 4 2547.51168654043 0.327346172729995
  2 41 4 245.49230413158 0.994030515469621
  1 42 4 1600.82631411909 0.368315456462939
  2 42 4 40.4121937007673 0.461505384764764
  1 1 2 4.27150982902973e-264 0.601375663623589
  2 1 2 2.0981657050043e-264 0.565196579518992
  2 2 2 3.66576578706207e-209 0.686052062200317
  2 3 2 4.93989928591538e-187 0.378997614818957
  1 4 2 2.16721807680202e-191 1
  2 4 2 4.46055714523856e-193 0.459316778181236
  1 5 2 2.23332816420968e-194 0.611089023955187
  2 5 2 3.10832191805477e-195 0.780615956536472
  1 6 2 2.60063271394352e-198 0.702037850017464
  2 6 2 1.25881077207458e-199 0.461790555986525
  1 7 2 7.69680590285552e-200 0.948289691951521
  2 7 2 1.46379234476111e-201 0.685175011742778
  1 8 2 6.90974170897042e-203 0.544380631361087
  2 8 2 3.74774424781828e-204 0.424096495665332
  1 9 2 1.97035840051909e-204 0.5393131982084
  2 9 2 1.04232556052825e-205 0.454629127333952
  1 10 2 6.02002614461411e-206 0.88095039530815
  2 10 2 6.12911506521643e-207 0.419344308350161
  1 11 2 2.11462100354799e-207 0.799987970388403
  2 11 2 5.71569283557707e-209 0.839124360078806
  1 12 2 5.37367921133806e-202 0.774991903603438
  2 12 2 8.77280193469831e-204 0.424721667998453
  1 13 2 1.31437030168128e-206 0.863215133786584
  2 13 2 6.27881599073018e-208 0.387073469025502
  1 14 2 8.81525904585999e-208 0.704083892007286
  2 14 2 6.06728717467737e-209 0.312793018147624
  1 15 2 3.44521979819331e-201 0.457459057188701
  2 15 2 6.37654501509057e-204 0.459652287866146
  1 16 2 1.43771597855651e-187 0.853197309912465
  2 16 2 2.19740687984488e-189 0.628928805514438
  1 17 2 4.91349255115305e-200 0.61116783920211
  2 17 2 3.08642154000131e-202 0.3895964128798
  1 18 2 8.75923442699126e-205 0.416775375911518
  2 18 2 3.72840150452144e-206 0.495180348393774
  1 19 2 7.06090080062151e-186 0.69077510766454
  2 19 2 6.83627109572801e-188 0.347120352110889
  1 20 2 3.10932215007774e-190 0.793751288508348
  2 20 2 2.49140363367559e-192 0.526946514998015
  1 21 2 1.0583700740819e-192 0.339376634127756
  2 21 2 6.75987858425708e-194 0.609998621037514
  1 22 2 4.35823530034723e-195 0.601950919776798
  2 22 2 2.9930922910234e-196 0.389299707202565
  1 23 2 1.18129265917651e-196 0.658556209578282
  2 23 2 1.17938676442399e-197 0.288585466763824
  1 24 2 3.50442928943604e-197 0.637453135075156
  2 24 2 3.44534134494108e-199 0.480513100150493
  1 25 2 7.88906182846649e-202 0.510473149998029
  2 25 2 2.31063892423777e-202 0.338488147626423
  1 26 2 1.13232537254457e-190 0.548437091427541
  2 26 2 4.15220471812943e-193 0.345955330423839
  1 27 2 8.35850631010652e-178 0.492912195981742
  2 27 2 5.76992802921654e-180 0.33164245084141
  1 28 2 9.29604873823633e-181 0.747597319880804
  2 28 2 5.42659877472104e-183 0.447853531697379
  1 29 2 5.62160358778548e-184 0.451616070879294
  2 29 2 2.24329327626316e-185 0.305275882623724
  1 30 2 1.08421807215001e-185 0.797269558848634
  2 30 2 6.28252266165782e-187 0.605264936420634
  1 31 2 2.38582639671448e-187 0.666772556553203
  2 31 2 1.44076601336226e-188 0.359836468902791
  1 32 2 1.44018967924027e-188 0.96787270074405
  2 32 2 8.35317281859194e-190 0.422601396160012
  1 33 2 6.53636042738393e-191 0.404694020855087
  2 33 2 3.64387392920711e-192 0.465820030674526
  1 34 2 2.6515100936296e-193 0.814873375751391
  2 34 2 8.96363463480222e-194 0.505954372112585
  1 35 2 1.59689143429106e-195 0.533219898766676
  2 35 2 1.21208112109063e-196 0.287403659199158
  1 36 2 5.25957105368719e-198 0.371953858881132
  2 36 2 5.38653938158579e-199 0.365560779244073
  1 37 2 1.89149936158178e-199 0.791301167226987
  2 37 2 3.21673386027074e-200 0.487536998609889
  1 38 2 1.76987288567683e-201 0.633364993316759
  2 38 2 1.72188330580834e-201 0.644823084547079
  1 39 2 3.97302915504887e-202 0.827253682697507
  2 39 2 1.88337865564676e-203 0.354235596542703
  1 40 2 2.69786962871546e-204 0.900216415173481
  2 40 2 4.01558593817103e-205 0.395846441583114
  1 41 2 4.50531810171334e-207 0.957770995377006
  2 41 2 5.83371316498397e-208 0.496084887173497
  1 42 2 6.10197747694729e-209 0.55870584954739
  2 42 2 8.94431010645626e-210 0.604660139936764
  1 1 1 82685.767960905 0.241799049430762
  2 1 1 2456916.17290461 0.250018379470286
  1 2 1 37546.8704822173 0.142636213550947
  2 2 1 130020.205023717 0.163647146277456
  1 3 1 69972.9654164993 0.225478190042395
  2 3 1 67308.3464902103 0.192013183632222
  1 4 1 148447.976122631 0.323579734794357
  2 4 1 145502.157194637 0.162432383538487
  1 5 1 65133.9530658723 0.320666395151501
  2 5 1 260949.384602058 0.822390366318268
  1 6 1 4744.88033688377 0.452044832991261
  2 6 1 53868.4684493467 0.192408532269243
  1 7 1 66947.5189096965 0.28209645893665
  2 7 1 25794.0573904964 0.262097825842625
  1 8 1 6156.32285335482 0.414010381101596
  2 8 1 48097.6615239934 0.189959250209439
  1 9 1 6919.37322692539 0.40638853202345
  2 9 1 8436.50707518627 0.178404315527443
  1 10 1 24117.2789063641 0.290993157294119
  2 10 1 32406.6523088065 0.156753980046499
  1 11 1 8573.73778810126 0.324615016521962
  2 11 1 16780.8459649766 0.174348711952217
  1 12 1 10426.6510482614 0.294780938380682
  2 12 1 8910.97743639324 0.195232854572048
  1 13 1 7991.48260664525 0.440402569626277
  2 13 1 9985.16707182623 0.185762358850192
  1 14 1 3948.14282443686 0.372421878022742
  2 14 1 4131.61766335766 0.151581173531864
  1 15 1 3874.23853268439 0.341871348717721
  2 15 1 2475.16545947429 0.233364310094868
  1 16 1 2358.99175064352 0.416897355424411
  2 16 1 1728.91231308611 0.283802183917676
  1 17 1 1250.38922293019 0.500820840736393
  2 17 1 1789.85576226212 0.495024013362717
  1 18 1 876.763082618936 0.389853340834037
  2 18 1 1192.97102844927 0.390988792530431
  1 19 1 759.635971016126 0.293941849282161
  2 19 1 778.994933418322 0.322403741112933
  1 20 1 1583.95245075528 0.525509720403112
  2 20 1 958.614200859208 0.218361153170241
  1 21 1 2575.40849069509 0.266433769579894
  2 21 1 2771.48508903987 0.421115605185845
  1 22 1 3086.61907946716 0.374831371194202
  2 22 1 3751.77543845708 0.227391091044855
  1 23 1 1064.61861528995 0.352011231642473
  2 23 1 2938.69616256362 0.384269029090844
  1 24 1 981.500484831212 0.34725908523047
  2 24 1 1203.77286716476 0.331291933735556
  1 25 1 591.724530455317 0.578696888706846
  2 25 1 1018.93936228557 0.247394190789157
  1 26 1 1911.47462556726 0.459728456052307
  2 26 1 972.212899087239 0.394189312610479
  1 27 1 738.768193126366 0.539982548576019
  2 27 1 893.180724796245 0.72948972943007
  1 28 1 1864.02063007462 0.364309332200766
  2 28 1 1532.36764931595 0.278656828353639
  1 29 1 2053.16158800085 0.562793580097325
  2 29 1 4042.07165277381 0.316141323613091
  1 30 1 6042.20949888019 0.420348818797864
  2 30 1 2534.19414719279 0.30511736182771
  1 31 1 4257.88886041812 0.403753427903273
  2 31 1 3658.54456636551 0.278331587636247
  1 32 1 8501.68892426884 0.491331418922754
  2 32 1 7773.03815399395 0.329726795744574
  1 33 1 954.811810945169 0.537081122476055
  2 33 1 5256.03581220743 0.33086845072982
  1 34 1 1073.00389816613 0.379030815152119
  2 34 1 920.576224131407 0.278881417082292
  1 35 1 813.017434360579 0.519511456600017
  2 35 1 1397.88280585043 0.27351876283918
  1 36 1 425.471934101332 0.556056214854877
  2 36 1 617.252045189467 0.714061811185508
  1 37 1 2680.75515180743 0.588197671943964
  2 37 1 1661.90585657706 0.340315242626747
  1 38 1 2340.87888267398 0.324588369174256
  2 38 1 5863.84858638518 0.300199803594678
  1 39 1 589.23017169434 0.501841796783066
  2 39 1 1301.33624244737 0.438397059851219
  1 40 1 308.674945733278 0.403101009292275
  2 40 1 333.705334684468 0.410378233550251
  1 41 1 203.349761770994 0.478602624152216
  2 41 1 204.678495956208 0.362128776577143
  1 42 1 180.403007430347 0.646634922078809
  2 42 1 1155.54951615707 0.816170985475773
  1 1 3 229912.670048179 0.499484636786782
  1 2 3 1933.70966600434 0.358153914340203
  2 2 3 40454.5806199011 0.577110518633802
  1 3 3 107106.273380182 0.678339172154909
  2 3 3 33129.1190440702 0.738121970739642
  1 4 3 45973.3298489927 1
  2 4 3 22210.7133996868 0.52056341701904
  1 5 3 213395.971477796 0.693225535250834
  2 5 3 95486.5936512029 1
  1 6 3 7042.26643612232 1
  2 6 3 7724.47332208809 0.48452157876779
  1 7 3 573.572656390449 0.912293822979085
  1 8 3 200.84348368099 0.655734850091527
  2 8 3 446.98663349911 0.750382084373246
  1 9 3 363.080375094288 0.670809892238012
  2 9 3 196.679972202831 0.47273108889926
  1 10 3 318.832679287002 0.631102684426709
  2 10 3 116.58803378482 0.919260399745188
  1 11 3 174.031247070013 0.496475444687371
  1 12 3 62.4518261241581 0.740682868109632
  2 12 3 64.4659653358189 1
  1 13 3 245.079713036117 0.360862225436052
  1 14 3 110.031894401815 0.547901331396328
  2 14 3 189.75823996957 0.478873954421528
  1 15 3 306.957804578724 0.429608216382601
  2 15 3 184.443397191196 0.654713783069401
  1 16 3 297.169714548614 0.69118921143411
  2 16 3 404.243959690281 0.8614889831113
  1 17 3 18.3219709380663 0.426971754606328
  2 17 3 102.408717102777 0.572182042928152
  1 18 3 80.3487303551982 0.505524319387353
  2 18 3 58.7579349733828 0.488492827246527
  1 19 3 144.486612763396 0.644591984223249
  2 19 3 67.7893029493154 0.51925665989311
  1 20 3 5.28607509163969 0.899065435378594
  2 20 3 13.1488209888561 0.59569628754064
  1 21 3 44.2866677559774 0.543826822033971
  2 21 3 15.2166636261369 0.466111862829518
  1 22 3 500.223802497968 0.88174616562504
  2 22 3 64.2847273713174 0.568444982816852
  1 23 3 462.941541015795 0.408104676406013
  2 23 3 155.731079851049 0.357346049869971
  1 24 3 15.0277392285574 0.92608255019157
  2 24 3 51.8048795713587 0.539541007788685
  1 25 3 7.77207410260735 0.648664057223823
  2 25 3 30.9874677275672 0.576168087832409
  1 26 3 80.8719943493132 0.695927823776047
  2 26 3 18.2328373232364 0.549529982814455
  1 27 3 51.567014669068 0.708713243925404
  2 27 3 16.6783811762447 0.496269825160911
  1 28 3 58.5934017298606 0.489543853646182
  1 29 3 279.775789364791 0.703511357168505
  2 29 3 149.66988137405 0.875017095315649
  1 30 3 1094.99037008416 0.631659802692532
  2 30 3 461.328953240616 0.908152223575802
  1 31 3 1460.11378330246 0.626570332091694
  2 31 3 2067.37039630505 0.712465807947941
  1 32 3 71.7714102355761 0.661895735249442
  2 32 3 362.793430730631 0.86012943797605
  1 33 3 23.5205287596368 0.783155911787346
  2 33 3 281.707865315395 0.598390099709208
  1 34 3 31.5972474791915 0.542775440757204
  2 34 3 19.0208838597123 0.743173480285892
  1 35 3 5.97913218204003 0.870542376054271
  2 35 3 6.91085885961274 0.446478967244395
  1 36 3 105.155373072398 0.492193512682958
  2 36 3 46.9585181127453 0.490110041691513
  1 37 3 5465.25946228479 0.909630520329322
  2 37 3 595.526307516966 0.433872317628348
  1 38 3 7870.42312188246 0.644773009949607
  2 38 3 1511.12728016187 0.484949159815328
  1 39 3 873.291143836951 0.515045488987725
  2 39 3 1613.41973496514 0.388710136036013
  1 40 3 506.275895824718 0.442573167063876
  2 40 3 955.105633369065 0.395139923022642
  1 41 3 44.1220386888576 0.88587618368699
  2 41 3 67.0205912948084 0.537531419606343
  1 42 3 405500.357364884 0.983269433580366
  2 42 3 400140.183610841 0.849696423298534
# end survey index observations 
#  
# Survey size comp data 
# Number of observations, init_int Nsurvey_size_obs 
  329
# init_matrix obs_survey_size(1,Nsurvey_size_obs,1,ncol) 
# Survey  Year  Species Type (0=whole, 1=retained, 2=discard) InpN, proportion by length bin 
  1 1 1 0 57 0.0175438596491228 0.982456140350877 0.684210526315789 0.0701754385964912 0
  1 2 1 0 65 0.892307692307692 0.630769230769231 0.0153846153846154 0 0
  1 3 1 0 32 1.46875 1.65625 0 0 0
  1 4 1 0 32 1.4375 1.6875 0 0 0
  1 5 1 0 21 2.47619047619048 2.23809523809524 0.0476190476190476 0 0
  1 6 1 0 18 0.666666666666667 3.16666666666667 1.72222222222222 0 0
  1 7 1 0 25 1.6 2.4 0 0 0
  1 8 1 0 20 0.35 2.9 1.75 0 0
  1 9 1 0 16 3.4375 2.8125 0 0 0
  1 10 1 0 19 2.68421052631579 2.52631578947368 0.0526315789473684 0 0
  1 11 1 0 20 2.4 2.5 0.1 0 0
  1 12 1 0 22 2.22727272727273 2.31818181818182 0 0 0
  1 13 1 0 23 1.95652173913043 2.34782608695652 0.0434782608695652 0 0
  1 14 1 0 14 3.64285714285714 3.5 0 0 0
  1 15 1 0 21 2.61904761904762 2.14285714285714 0 0 0
  1 16 1 0 14 4.21428571428571 2.85714285714286 0.0714285714285714 0 0
  1 17 1 0 17 2.64705882352941 3.17647058823529 0.0588235294117647 0 0
  1 18 1 0 19 2.84210526315789 2.31578947368421 0.105263157894737 0 0
  1 19 1 0 18 2.66666666666667 2.83333333333333 0.0555555555555556 0 0
  1 20 1 0 15 3.33333333333333 3.33333333333333 0 0 0
  1 21 1 0 21 2.38095238095238 2.28571428571429 0.0952380952380952 0 0
  1 22 1 0 13 4.23076923076923 3.38461538461538 0.0769230769230769 0 0
  1 23 1 0 14 3.28571428571429 3.78571428571429 0.0714285714285714 0 0
  1 24 1 0 14 4.85714285714286 2.21428571428571 0.0714285714285714 0 0
  1 25 1 0 18 2.94444444444444 2.55555555555556 0.0555555555555556 0 0
  1 26 1 0 14 3.57142857142857 3.57142857142857 0 0 0
  1 27 1 0 23 2.1304347826087 2.17391304347826 0.0434782608695652 0 0
  1 28 1 0 14 3.92857142857143 3.21428571428571 0 0 0
  1 29 1 0 17 2.70588235294118 3.11764705882353 0.0588235294117647 0 0
  1 30 1 0 18 3.11111111111111 2.44444444444444 0 0 0
  1 31 1 0 20 2.45 2.5 0.05 0 0
  1 32 1 0 10 4.6 5.4 0 0 0
  1 33 1 0 15 1 4.06666666666667 1.6 0 0
  1 34 1 0 18 3.16666666666667 2.38888888888889 0 0 0
  1 35 1 0 8 6.25 6.125 0.125 0 0
  1 36 1 0 12 4.58333333333333 3.58333333333333 0.166666666666667 0 0
  1 37 1 0 8 6.75 5.5 0.25 0 0
  1 38 1 0 16 3.5625 2.625 0.0625 0 0
  1 39 1 0 10 2.7 5.8 1.5 0 0
  1 40 1 0 10 4.5 5.4 0.1 0 0
  1 41 1 0 13 4 3.38461538461538 0.307692307692308 0 0
  1 42 1 0 8 6.5 5.625 0.375 0 0
  1 1 2 0 11 1.45454545454545 2.36363636363636 1.81818181818182 1.90909090909091 1.54545454545455
  1 4 2 0 1 16 19 28 22 15
  1 5 2 0 5 4 5.4 2.4 4.8 3.4
  1 6 2 0 1 22 15 25 18 20
  1 7 2 0 3 7.33333333333333 7.33333333333333 7.66666666666667 4.66666666666667 6.33333333333333
  1 8 2 0 4 6.75 4.25 3.5 3.75 6.75
  1 9 2 0 5 3.6 3.2 5.4 3.8 4
  1 10 2 0 10 2.6 2.8 1.2 1.6 1.8
  1 11 2 0 13 1.69230769230769 1 1.46153846153846 1.53846153846154 2
  1 12 2 0 15 1.46666666666667 1.26666666666667 1.06666666666667 1.4 1.46666666666667
  1 13 2 0 9 1.22222222222222 3.33333333333333 2.33333333333333 3 1.22222222222222
  1 14 2 0 6 2.5 3.83333333333333 3.33333333333333 3.83333333333333 3.16666666666667
  1 15 2 0 13 1.23076923076923 1.38461538461538 1.46153846153846 1.46153846153846 2.15384615384615
  1 16 2 0 10 1.7 1.6 2.3 1.9 2.5
  1 17 2 0 10 1.9 2.3 1.8 1.9 2.1
  1 18 2 0 18 1.05555555555556 0.833333333333333 1.22222222222222 1.11111111111111 1.33333333333333
  1 19 2 0 27 0.555555555555556 0.851851851851852 0.888888888888889 0.814814814814815 0.592592592592593
  1 20 2 0 23 0.739130434782609 0.91304347826087 0.739130434782609 0.826086956521739 1.1304347826087
  1 21 2 0 25 0.84 0.76 0.72 0.76 0.92
  1 22 2 0 9 2.33333333333333 2 2.11111111111111 2 2.66666666666667
  1 23 2 0 8 2.75 2.5 3 2.375 1.875
  1 24 2 0 9 1.33333333333333 2.11111111111111 1.66666666666667 3.22222222222222 2.77777777777778
  1 25 2 0 14 1.35714285714286 1.5 1.28571428571429 1.78571428571429 1.21428571428571
  1 26 2 0 18 1.22222222222222 1 0.833333333333333 1.16666666666667 1.33333333333333
  1 27 2 0 16 1.625 1 1.375 1.125 1.125
  1 28 2 0 6 3.83333333333333 3.66666666666667 3.83333333333333 2.16666666666667 3.16666666666667
  1 29 2 0 8 1.875 3 2.25 2.875 2.5
  1 30 2 0 17 1.23529411764706 1.05882352941176 0.941176470588235 1.23529411764706 1.41176470588235
  1 31 2 0 9 2.77777777777778 2.11111111111111 2.22222222222222 1.88888888888889 2.11111111111111
  1 32 2 0 30 0.633333333333333 0.7 0.633333333333333 0.8 0.566666666666667
  1 33 2 0 24 0.625 0.833333333333333 0.625 1.125 0.958333333333333
  1 34 2 0 25 1.08 0.4 0.64 1.16 0.72
  1 35 2 0 16 1 1.125 1.25 1.625 1.25
  1 36 2 0 13 1.61538461538462 1.53846153846154 1 2 1.53846153846154
  1 37 2 0 8 2.25 2.5 2.375 3.5 1.875
  1 38 2 0 10 1.8 1.5 2 2 2.7
  1 39 2 0 13 1.76923076923077 1.46153846153846 1.15384615384615 1.15384615384615 2.15384615384615
  1 40 2 0 8 1.75 2.375 2.25 3 3.125
  1 41 2 0 5 3.6 3.6 3.8 4 5
  1 42 2 0 17 1.58823529411765 0.705882352941177 1.35294117647059 0.941176470588235 1.29411764705882
  1 1 3 0 27 0 1.03703703703704 1.85185185185185 0.814814814814815 0
  1 2 3 0 13 0 0.230769230769231 3.92307692307692 3.53846153846154 0
  1 3 3 0 5 10.2 9.8 0 0 0
  1 4 3 0 2 3.5 31 15.5 0 0
  1 5 3 0 5 11 9 0 0 0
  1 6 3 0 1 36 52 12 0 0
  1 7 3 0 3 17.6666666666667 13.3333333333333 2.33333333333333 0 0
  1 8 3 0 3 19.3333333333333 14 0 0 0
  1 9 3 0 4 15.25 9.75 0 0 0
  1 10 3 0 4 13.75 11 0.25 0 0
  1 11 3 0 4 12.75 12.25 0 0 0
  1 12 3 0 2 27.5 22 0.5 0 0
  1 13 3 0 8 7.375 5.125 0 0 0
  1 14 3 0 19 3.10526315789474 2.10526315789474 0.0526315789473684 0 0
  1 15 3 0 15 3.46666666666667 3.13333333333333 0.0666666666666667 0 0
  1 16 3 0 12 4.58333333333333 3.75 0 0 0
  1 17 3 0 14 1.28571428571429 4.21428571428571 1.64285714285714 0 0
  1 18 3 0 14 3.07142857142857 4 0.0714285714285714 0 0
  1 19 3 0 15 3.4 3.2 0.0666666666666667 0 0
  1 20 3 0 17 2.64705882352941 2.88235294117647 0.352941176470588 0 0
  1 21 3 0 12 5.25 3.08333333333333 0 0 0
  1 22 3 0 11 4.81818181818182 4.27272727272727 0 0 0
  1 23 3 0 16 3.25 3 0 0 0
  1 24 3 0 15 2.66666666666667 2.93333333333333 1.06666666666667 0 0
  1 25 3 0 4 13.25 11.5 0 0.25 0
  1 26 3 0 14 4 3.14285714285714 0 0 0
  1 27 3 0 6 7.5 9 0.166666666666667 0 0
  1 28 3 0 4 14.25 10.25 0.5 0 0
  1 29 3 0 2 29 21 0 0 0
  1 30 3 0 10 5.7 4.3 0 0 0
  1 31 3 0 9 5.33333333333333 5.77777777777778 0 0 0
  1 32 3 0 12 1.66666666666667 5.08333333333333 1.58333333333333 0 0
  1 33 3 0 5 9 10.4 0.6 0 0
  1 34 3 0 9 5.44444444444444 5.55555555555556 0.111111111111111 0 0
  1 35 3 0 5 12.4 7.2 0.4 0 0
  1 36 3 0 5 9.8 10.2 0 0 0
  1 37 3 0 3 16.6666666666667 16.6666666666667 0 0 0
  1 38 3 0 15 3.86666666666667 2.66666666666667 0.133333333333333 0 0
  1 39 3 0 12 4.41666666666667 3.75 0.166666666666667 0 0
  1 40 3 0 9 5.55555555555556 5.44444444444444 0.111111111111111 0 0
  1 41 3 0 8 3.625 6.375 2.5 0 0
  1 42 3 0 12 3.91666666666667 3.83333333333333 0.583333333333333 0 0
  1 1 4 0 86 0.465116279069767 0.13953488372093 0.558139534883721 0 0
  1 2 4 0 100 0.01 0.12 0.82 0.05 0
  1 3 4 0 33 2.45454545454545 0.575757575757576 0 0 0
  1 4 4 0 44 1.81818181818182 0.454545454545455 0 0 0
  1 5 4 0 34 2.17647058823529 0.764705882352941 0 0 0
  1 6 4 0 40 1.8 0.7 0 0 0
  1 7 4 0 39 2.23076923076923 0.333333333333333 0 0 0
  1 8 4 0 49 1.53061224489796 0.489795918367347 0.0204081632653061 0 0
  1 9 4 0 36 2.38888888888889 0.388888888888889 0 0 0
  1 10 4 0 43 2.02325581395349 0.302325581395349 0 0 0
  1 11 4 0 41 1.95121951219512 0.48780487804878 0 0 0
  1 12 4 0 35 2.2 0.657142857142857 0 0 0
  1 13 4 0 32 2.40625 0.71875 0 0 0
  1 14 4 0 21 3.61904761904762 1.14285714285714 0 0 0
  1 15 4 0 30 2.63333333333333 0.7 0 0 0
  1 16 4 0 19 4.15789473684211 1.10526315789474 0 0 0
  1 17 4 0 35 2.34285714285714 0.514285714285714 0 0 0
  1 18 4 0 27 2.66666666666667 1.03703703703704 0 0 0
  1 19 4 0 34 2.32352941176471 0.588235294117647 0.0294117647058824 0 0
  1 20 4 0 42 1.9047619047619 0.476190476190476 0 0 0
  1 21 4 0 41 1.78048780487805 0.658536585365854 0 0 0
  1 22 4 0 44 1.77272727272727 0.5 0 0 0
  1 23 4 0 28 3 0.571428571428571 0 0 0
  1 24 4 0 34 2.44117647058824 0.5 0 0 0
  1 25 4 0 36 2.02777777777778 0.75 0 0 0
  1 26 4 0 31 2.74193548387097 0.483870967741935 0 0 0
  1 27 4 0 39 2.07692307692308 0.487179487179487 0 0 0
  1 28 4 0 38 1.78947368421053 0.842105263157895 0 0 0
  1 29 4 0 48 1.75 0.333333333333333 0 0 0
  1 30 4 0 38 2.15789473684211 0.473684210526316 0 0 0
  1 31 4 0 61 1.34426229508197 0.295081967213115 0 0 0
  1 32 4 0 48 1.5625 0.5 0.0208333333333333 0 0
  1 33 4 0 49 1.51020408163265 0.530612244897959 0 0 0
  1 34 4 0 44 1.86363636363636 0.409090909090909 0 0 0
  1 35 4 0 61 1.27868852459016 0.360655737704918 0 0 0
  1 36 4 0 67 1.19402985074627 0.298507462686567 0 0 0
  1 37 4 0 57 1.40350877192982 0.350877192982456 0 0 0
  1 38 4 0 38 2.07894736842105 0.552631578947368 0 0 0
  1 39 4 0 52 1.65384615384615 0.269230769230769 0 0 0
  1 40 4 0 43 2.06976744186047 0.255813953488372 0 0 0
  1 41 4 0 42 1.78571428571429 0.595238095238095 0 0 0
  1 42 4 0 61 1.42622950819672 0.19672131147541 0.0163934426229508 0 0
  2 1 1 0 58 0 0.0517241379310345 1.56896551724138 0.103448275862069 0
  2 2 1 0 83 0.0120481927710843 0.228915662650602 0.698795180722892 0.265060240963855 0
  2 3 1 0 63 0 1.03174603174603 0.523809523809524 0.0317460317460317 0
  2 4 1 0 56 0 1.41071428571429 0.375 0 0
  2 5 1 0 55 0 0.545454545454545 1.27272727272727 0 0
  2 6 1 0 45 0 0.155555555555556 2.04444444444444 0.0222222222222222 0
  2 7 1 0 46 0 2.15217391304348 0.0217391304347826 0 0
  2 8 1 0 56 0 0.0357142857142857 1.75 0 0
  2 9 1 0 51 0.0588235294117647 1.58823529411765 0.254901960784314 0.0588235294117647 0
  2 10 1 0 44 0 1.34090909090909 0.931818181818182 0 0
  2 11 1 0 49 0.0204081632653061 0.653061224489796 1.36734693877551 0 0
  2 12 1 0 50 0.02 1.22 0.7 0.06 0
  2 13 1 0 48 0 0.895833333333333 1.1875 0 0
  2 14 1 0 52 0 0.942307692307692 0.961538461538462 0.0192307692307692 0
  2 15 1 0 31 0 1.7741935483871 1.45161290322581 0 0
  2 16 1 0 38 0.0263157894736842 1.60526315789474 1 0 0
  2 17 1 0 26 0 1.76923076923077 2.07692307692308 0 0
  2 18 1 0 33 0 1.3030303030303 1.72727272727273 0 0
  2 19 1 0 31 0 1.96774193548387 1.25806451612903 0 0
  2 20 1 0 38 0 1.84210526315789 0.789473684210526 0 0
  2 21 1 0 30 0.0333333333333333 2.03333333333333 1.26666666666667 0 0
  2 22 1 0 35 0 2.17142857142857 0.685714285714286 0 0
  2 23 1 0 35 0 0.885714285714286 1.97142857142857 0 0
  2 24 1 0 26 0 2.80769230769231 1.03846153846154 0 0
  2 25 1 0 32 0 1.4375 1.6875 0 0
  2 26 1 0 26 0 2.84615384615385 1 0 0
  2 27 1 0 37 0 1.08108108108108 1.62162162162162 0 0
  2 28 1 0 35 0 2.11428571428571 0.742857142857143 0 0
  2 29 1 0 33 0 1.36363636363636 1.66666666666667 0 0
  2 30 1 0 45 0.0444444444444444 1.86666666666667 0.311111111111111 0 0
  2 31 1 0 34 0 1.64705882352941 1.29411764705882 0 0
  2 32 1 0 36 0 1.75 1.02777777777778 0 0
  2 33 1 0 42 0 0.0476190476190476 2.30952380952381 0.0238095238095238 0
  2 34 1 0 34 0 2.47058823529412 0.441176470588235 0.0294117647058824 0
  2 35 1 0 35 0 0.857142857142857 2 0 0
  2 36 1 0 28 0 2.5 1.03571428571429 0.0357142857142857 0
  2 37 1 0 22 0 3.68181818181818 0.863636363636364 0 0
  2 38 1 0 32 0.03125 1.5 1.59375 0 0
  2 39 1 0 27 0 0.259259259259259 3.40740740740741 0.037037037037037 0
  2 40 1 0 39 0.0512820512820513 1.61538461538462 0.82051282051282 0.0769230769230769 0
  2 41 1 0 20 0.05 3 1.95 0 0
  2 42 1 0 30 0 1.06666666666667 2.26666666666667 0 0
  2 1 2 0 16 1.125 1.125 1 1.375 1.625
  2 2 2 0 20 0.95 0.7 0.9 1.2 1.25
  2 3 2 0 34 0.588235294117647 0.617647058823529 0.411764705882353 0.617647058823529 0.705882352941177
  2 4 2 0 15 1.26666666666667 1.2 1.66666666666667 1.26666666666667 1.26666666666667
  2 5 2 0 4 6 3.75 4.25 4.5 6.5
  2 6 2 0 7 2.57142857142857 2.42857142857143 3.71428571428571 2.71428571428571 2.85714285714286
  2 7 2 0 18 1.11111111111111 1.22222222222222 1.22222222222222 1.16666666666667 0.833333333333333
  2 8 2 0 22 1.09090909090909 0.909090909090909 1.04545454545455 0.772727272727273 0.727272727272727
  2 9 2 0 21 0.80952380952381 0.714285714285714 0.952380952380952 1.04761904761905 1.23809523809524
  2 10 2 0 11 2.09090909090909 1.54545454545455 1.81818181818182 1.81818181818182 1.81818181818182
  2 11 2 0 7 3.28571428571429 3.14285714285714 2 2 3.85714285714286
  2 12 2 0 19 0.947368421052632 1.10526315789474 0.842105263157895 1.21052631578947 1.15789473684211
  2 13 2 0 32 0.59375 0.53125 0.59375 0.6875 0.71875
  2 14 2 0 34 0.588235294117647 0.558823529411765 0.852941176470588 0.411764705882353 0.529411764705882
  2 15 2 0 27 0.925925925925926 0.740740740740741 0.666666666666667 0.62962962962963 0.740740740740741
  2 16 2 0 42 0.666666666666667 0.261904761904762 0.5 0.452380952380952 0.5
  2 17 2 0 34 0.558823529411765 0.411764705882353 0.676470588235294 0.676470588235294 0.617647058823529
  2 18 2 0 28 0.607142857142857 0.464285714285714 0.785714285714286 0.892857142857143 0.821428571428571
  2 19 2 0 26 0.730769230769231 0.807692307692308 0.769230769230769 0.769230769230769 0.769230769230769
  2 20 2 0 32 0.4375 0.53125 0.71875 0.5625 0.875
  2 21 2 0 37 0.540540540540541 0.513513513513513 0.486486486486487 0.648648648648649 0.513513513513513
  2 22 2 0 38 0.736842105263158 0.526315789473684 0.473684210526316 0.473684210526316 0.421052631578947
  2 23 2 0 41 0.463414634146341 0.365853658536585 0.463414634146341 0.536585365853659 0.609756097560976
  2 24 2 0 33 0.424242424242424 0.575757575757576 0.757575757575758 0.666666666666667 0.606060606060606
  2 25 2 0 45 0.355555555555556 0.444444444444444 0.466666666666667 0.555555555555556 0.4
  2 26 2 0 28 0.571428571428571 0.607142857142857 0.857142857142857 0.821428571428571 0.714285714285714
  2 27 2 0 47 0.425531914893617 0.48936170212766 0.468085106382979 0.319148936170213 0.425531914893617
  2 28 2 0 22 0.590909090909091 0.954545454545455 0.772727272727273 0.818181818181818 1.40909090909091
  2 29 2 0 40 0.575 0.55 0.45 0.475 0.45
  2 30 2 0 28 0.928571428571429 0.785714285714286 0.678571428571429 0.607142857142857 0.571428571428571
  2 31 2 0 32 0.8125 0.59375 0.625 0.65625 0.4375
  2 32 2 0 40 0.45 0.65 0.525 0.35 0.525
  2 33 2 0 43 0.395348837209302 0.558139534883721 0.418604651162791 0.302325581395349 0.651162790697674
  2 34 2 0 46 0.5 0.391304347826087 0.369565217391304 0.565217391304348 0.347826086956522
  2 35 2 0 60 0.3 0.35 0.466666666666667 0.316666666666667 0.233333333333333
  2 36 2 0 49 0.448979591836735 0.346938775510204 0.469387755102041 0.408163265306122 0.36734693877551
  2 37 2 0 32 1.03125 0.4375 0.5625 0.6875 0.40625
  2 38 2 0 30 0.4 0.866666666666667 0.833333333333333 0.666666666666667 0.566666666666667
  2 39 2 0 29 0.931034482758621 0.724137931034483 0.482758620689655 0.689655172413793 0.620689655172414
  2 40 2 0 31 0.645161290322581 0.516129032258065 0.741935483870968 0.580645161290323 0.741935483870968
  2 41 2 0 14 1.35714285714286 1.42857142857143 2 1.5 0.857142857142857
  2 42 2 0 19 1 1.10526315789474 1.05263157894737 1.21052631578947 0.894736842105263
  2 2 3 0 3 0 0 4 29.3333333333333 0
  2 3 3 0 3 5.33333333333333 28 0 0 0
  2 4 3 0 7 0 2.85714285714286 11.4285714285714 0 0
  2 5 3 0 1 8 90 1 1 0
  2 6 3 0 14 0.142857142857143 3.57142857142857 3.35714285714286 0.0714285714285714 0
  2 8 3 0 10 1.1 8 0.3 0.6 0
  2 9 3 0 6 1.83333333333333 13.5 1.16666666666667 0.166666666666667 0
  2 10 3 0 2 6 38.5 5 0.5 0
  2 12 3 0 1 12 74 14 0 0
  2 14 3 0 9 1.33333333333333 9.22222222222222 0.444444444444444 0.111111111111111 0
  2 15 3 0 5 1.8 16.4 1.8 0 0
  2 16 3 0 9 1.33333333333333 9.22222222222222 0.555555555555556 0 0
  2 17 3 0 9 0.333333333333333 2.77777777777778 7.66666666666667 0.333333333333333 0
  2 18 3 0 13 0.461538461538462 5.38461538461539 0.769230769230769 1.07692307692308 0
  2 19 3 0 14 0.714285714285714 6.21428571428571 0.214285714285714 0 0
  2 20 3 0 19 0.368421052631579 2.63157894736842 2.10526315789474 0.157894736842105 0
  2 21 3 0 20 0.5 4.3 0.1 0.1 0
  2 22 3 0 23 0.565217391304348 3.65217391304348 0.130434782608696 0 0
  2 23 3 0 26 0.423076923076923 3.23076923076923 0.192307692307692 0 0
  2 24 3 0 28 0.142857142857143 1.53571428571429 1.75 0.142857142857143 0
  2 25 3 0 20 0.45 4 0.3 0.25 0
  2 26 3 0 7 1.85714285714286 11.5714285714286 0.857142857142857 0 0
  2 27 3 0 5 2.4 16.6 1 0 0
  2 29 3 0 6 1.5 14.3333333333333 0.833333333333333 0 0
  2 30 3 0 14 0.714285714285714 6.28571428571429 0.142857142857143 0 0
  2 31 3 0 7 1.85714285714286 12.4285714285714 0 0 0
  2 32 3 0 20 0 1.55 3.3 0.15 0
  2 33 3 0 18 0.333333333333333 3.61111111111111 1 0.611111111111111 0
  2 34 3 0 15 0.6 4.93333333333333 0.933333333333333 0.2 0
  2 35 3 0 28 0.392857142857143 2.5 0.571428571428571 0.107142857142857 0
  2 36 3 0 25 0.36 3.6 0.04 0 0
  2 37 3 0 19 0.578947368421053 4.57894736842105 0.105263157894737 0 0
  2 38 3 0 33 0.424242424242424 2.39393939393939 0.212121212121212 0 0
  2 39 3 0 32 0.4375 2.21875 0.46875 0 0
  2 40 3 0 34 0.147058823529412 2 0.588235294117647 0.205882352941176 0
  2 41 3 0 20 0.05 1.45 2.6 0.9 0
  2 42 3 0 27 0.0740740740740741 0.888888888888889 1.77777777777778 0.962962962962963 0
  2 1 4 0 44 0 0.0681818181818182 2.04545454545455 0.159090909090909 0
  2 2 4 0 75 0 0 1.25333333333333 0.08 0
  2 3 4 0 66 0.0303030303030303 1.45454545454545 0.0303030303030303 0 0
  2 4 4 0 54 0.0555555555555556 1.35185185185185 0.444444444444444 0 0
  2 5 4 0 31 0.0645161290322581 2.2258064516129 0.935483870967742 0 0
  2 6 4 0 24 0.0833333333333333 2.25 1.83333333333333 0 0
  2 7 4 0 20 0.05 4.5 0.45 0 0
  2 8 4 0 25 0 1.32 2.68 0 0
  2 9 4 0 44 0.0227272727272727 2.20454545454545 0.0454545454545455 0 0
  2 10 4 0 36 0.0833333333333333 2.05555555555556 0.638888888888889 0 0
  2 11 4 0 22 0.181818181818182 3.04545454545455 1.31818181818182 0 0
  2 12 4 0 21 0.142857142857143 4.23809523809524 0.380952380952381 0 0
  2 13 4 0 26 0.153846153846154 3.15384615384615 0.538461538461538 0 0
  2 14 4 0 35 0.0857142857142857 2.4 0.371428571428571 0 0
  2 15 4 0 21 0 3.95238095238095 0.80952380952381 0 0
  2 16 4 0 30 0.0333333333333333 2.96666666666667 0.333333333333333 0 0
  2 17 4 0 40 0.075 2.05 0.375 0 0
  2 18 4 0 42 0.0238095238095238 1.78571428571429 0.571428571428571 0 0
  2 19 4 0 46 0.0652173913043478 2.04347826086957 0.0652173913043478 0 0
  2 20 4 0 37 0.0540540540540541 2.37837837837838 0.27027027027027 0 0
  2 21 4 0 44 0.0227272727272727 2.04545454545455 0.204545454545455 0 0
  2 22 4 0 42 0.0238095238095238 2.14285714285714 0.214285714285714 0 0
  2 23 4 0 35 0 2.54285714285714 0.314285714285714 0 0
  2 24 4 0 26 0 3.42307692307692 0.423076923076923 0 0
  2 25 4 0 19 0.105263157894737 4.05263157894737 1.10526315789474 0 0
  2 26 4 0 29 0.0344827586206897 2.89655172413793 0.517241379310345 0 0
  2 27 4 0 10 0.1 8.3 1.6 0 0
  2 28 4 0 20 0.15 4.5 0.35 0 0
  2 29 4 0 25 0.08 3.36 0.56 0 0
  2 30 4 0 18 0.111111111111111 4.83333333333333 0.611111111111111 0 0
  2 31 4 0 24 0.0416666666666667 3 1.125 0 0
  2 32 4 0 21 0 4.09523809523809 0.666666666666667 0 0
  2 33 4 0 10 0.1 4.8 5.1 0 0
  2 34 4 0 12 0.25 7.33333333333333 0.75 0 0
  2 35 4 0 29 0.0344827586206897 2.55172413793103 0.862068965517241 0 0
  2 36 4 0 17 0.176470588235294 5.58823529411765 0.117647058823529 0 0
  2 37 4 0 39 0 2.48717948717949 0.0769230769230769 0 0
  2 38 4 0 9 0.111111111111111 8.33333333333333 2.66666666666667 0 0
  2 39 4 0 50 0 1.14 0.86 0 0
  2 40 4 0 15 0.0666666666666667 4.8 1.8 0 0
  2 41 4 0 7 0.142857142857143 9.42857142857143 4.71428571428571 0 0
  2 42 4 0 9 0 7.66666666666667 3.44444444444444 0 0
# end survey length observations 
#  
# Fishery catch data 
# Number of observations, init_int Ncatch_obs
  168
# init_matrix obs_catch_biomass(1,Ncatch_obs,1,6) 
# Fleet	Area	Year	Species	Catch(biomass t)	CV 
  1 1 1 1 15564.3531498599 0.05
  1 1 2 1 19427.3073269341 0.05
  1 1 3 1 17596.9027510395 0.05
  1 1 4 1 20221.2187166639 0.05
  1 1 5 1 25264.4214268416 0.05
  1 1 6 1 16124.4365278271 0.05
  1 1 7 1 14823.9371832506 0.05
  1 1 8 1 14874.0761772148 0.05
  1 1 9 1 12501.0709142654 0.05
  1 1 10 1 17552.0681219115 0.05
  1 1 11 1 19205.2815020195 0.05
  1 1 12 1 16661.8202970334 0.05
  1 1 13 1 17980.8845420808 0.05
  1 1 14 1 16750.8196967713 0.05
  1 1 15 1 12366.0324552624 0.05
  1 1 16 1 9118.38428615955 0.05
  1 1 17 1 8557.71445204444 0.05
  1 1 18 1 4381.56130322375 0.05
  1 1 19 1 4259.20277537243 0.05
  1 1 20 1 5351.39968231435 0.05
  1 1 21 1 3994.43014594946 0.05
  1 1 22 1 5337.81866206064 0.05
  1 1 23 1 4159.05691778775 0.05
  1 1 24 1 6162.04072640624 0.05
  1 1 25 1 4468.39444877306 0.05
  1 1 26 1 5631.36806502276 0.05
  1 1 27 1 2004.95317455332 0.05
  1 1 28 1 1985.51778442417 0.05
  1 1 29 1 2490.86704513575 0.05
  1 1 30 1 3405.32777176972 0.05
  1 1 31 1 4108.83673579846 0.05
  1 1 32 1 4064.0012921983 0.05
  1 1 33 1 1880.35527991133 0.05
  1 1 34 1 1872.96612947379 0.05
  1 1 35 1 1279.3516864521 0.05
  1 1 36 1 706.742821034303 0.05
  1 1 37 1 1024.03733652422 0.05
  1 1 38 1 998.768824421027 0.05
  1 1 39 1 812.537496752912 0.05
  1 1 40 1 656.004285309492 0.05
  1 1 41 1 615.066618139876 0.05
  1 1 42 1 368.753881816755 0.05
  1 1 1 4 6265.8613386332 0.05
  1 1 2 4 4190.98534192063 0.05
  1 1 3 4 6572.13849918676 0.05
  1 1 4 4 5866.51895360837 0.05
  1 1 5 4 8046.80129200839 0.05
  1 1 6 4 8551.99517790062 0.05
  1 1 7 4 6099.23648382736 0.05
  1 1 8 4 6621.50792373781 0.05
  1 1 9 4 6229.42106210665 0.05
  1 1 10 4 7203.93078418793 0.05
  1 1 11 4 7896.98977775079 0.05
  1 1 12 4 8760.33278169514 0.05
  1 1 13 4 14290.7404120194 0.05
  1 1 14 4 11903.7679178334 0.05
  1 1 15 4 8179.51995901707 0.05
  1 1 16 4 5568.61958828911 0.05
  1 1 17 4 13542.4780992783 0.05
  1 1 18 4 4693.79819536508 0.05
  1 1 19 4 5645.93296205412 0.05
  1 1 20 4 8966.6096850455 0.05
  1 1 21 4 3980.5774316068 0.05
  1 1 22 4 4889.17354912385 0.05
  1 1 23 4 7994.82878918446 0.05
  1 1 24 4 7279.51353760804 0.05
  1 1 25 4 5730.0483813337 0.05
  1 1 26 4 4614.28977015695 0.05
  1 1 27 4 3293.32568699956 0.05
  1 1 28 4 1849.17830991659 0.05
  1 1 29 4 4840.07769524899 0.05
  1 1 30 4 3304.03703331892 0.05
  1 1 31 4 2206.14898120976 0.05
  1 1 32 4 3990.33623618166 0.05
  1 1 33 4 2952.14207416947 0.05
  1 1 34 4 2839.10630334766 0.05
  1 1 35 4 3530.69873173805 0.05
  1 1 36 4 2788.73438863342 0.05
  1 1 37 4 5516.67326880343 0.05
  1 1 38 4 4260.34851498112 0.05
  1 1 39 4 5235.91295506775 0.05
  1 1 40 4 3545.08005126455 0.05
  1 1 41 4 3497.91987123959 0.05
  1 1 42 4 2335.68734322917 0.05
  2 1 1 2 1382.18946999758 0.05
  2 1 2 2 895.998742667281 0.05
  2 1 3 2 1464.86613771066 0.05
  2 1 4 2 949.270122228257 0.05
  2 1 5 2 1182.76123000214 0.05
  2 1 6 2 1126.86117702209 0.05
  2 1 7 2 709.560296418839 0.05
  2 1 8 2 966.636442875774 0.05
  2 1 9 2 950.430741185194 0.05
  2 1 10 2 913.641856803838 0.05
  2 1 11 2 1098.69438598843 0.05
  2 1 12 2 972.178578043207 0.05
  2 1 13 2 3918.29329828056 0.05
  2 1 14 2 1855.45983831259 0.05
  2 1 15 2 1112.02353595583 0.05
  2 1 16 2 3096.64727845395 0.05
  2 1 17 2 1993.67880578816 0.05
  2 1 18 2 24.6385457331916 0.05
  2 1 19 2 3814.97751311545 0.05
  2 1 20 2 5840.35992510866 0.05
  2 1 21 2 14671.9616080887 0.05
  2 1 22 2 15154.7875639522 0.05
  2 1 23 2 10010.2898761722 0.05
  2 1 24 2 22154.5855444606 0.05
  2 1 25 2 9992.42887287046 0.05
  2 1 26 2 14821.5771876249 0.05
  2 1 27 2 13355.8589724354 0.05
  2 1 28 2 9383.44156285099 0.05
  2 1 29 2 11814.2361433186 0.05
  2 1 30 2 7783.09694989454 0.05
  2 1 31 2 8277.27185089511 0.05
  2 1 32 2 19595.9031463027 0.05
  2 1 33 2 10525.3266923587 0.05
  2 1 34 2 20531.5737589458 0.05
  2 1 35 2 18571.2504584639 0.05
  2 1 36 2 20223.6197155813 0.05
  2 1 37 2 18963.2549990865 0.05
  2 1 38 2 17201.6653010414 0.05
  2 1 39 2 10831.1999132433 0.05
  2 1 40 2 7302.02307575587 0.05
  2 1 41 2 5696.27763743367 0.05
  2 1 42 2 1564.39866135264 0.05
  2 1 1 3 474.319897442381 0.05
  2 1 2 3 217.928271100223 0.05
  2 1 3 3 322.708896537216 0.05
  2 1 4 3 368.545827634745 0.05
  2 1 5 3 2939.94616220668 0.05
  2 1 6 3 3661.2026373403 0.05
  2 1 7 3 2649.82374432275 0.05
  2 1 8 3 2646.94923503236 0.05
  2 1 9 3 3403.32571257791 0.05
  2 1 10 3 2374.61129124952 0.05
  2 1 11 3 3155.3219330771 0.05
  2 1 12 3 620.016083453167 0.05
  2 1 13 3 2320.67773995919 0.05
  2 1 14 3 1266.33455876192 0.05
  2 1 15 3 979.348051660117 0.05
  2 1 16 3 943.150945000447 0.05
  2 1 17 3 14868.4450702781 0.05
  2 1 18 3 1148.80072020787 0.05
  2 1 19 3 927.736465275992 0.05
  2 1 20 3 706.850113488937 0.05
  2 1 21 3 500.895731080681 0.05
  2 1 22 3 2414.40469397907 0.05
  2 1 23 3 1019.87110232364 0.05
  2 1 24 3 211.148595742753 0.05
  2 1 25 3 846.934082027713 0.05
  2 1 26 3 2163.21099009744 0.05
  2 1 27 3 2451.78447879677 0.05
  2 1 28 3 691.797079738899 0.05
  2 1 29 3 1508.89478276213 0.05
  2 1 30 3 2388.84879529805 0.05
  2 1 31 3 1603.8269192191 0.05
  2 1 32 3 628.027551797515 0.05
  2 1 33 3 164.640734188555 0.05
  2 1 34 3 150.076336092291 0.05
  2 1 35 3 146.087143071702 0.05
  2 1 36 3 2114.29230220422 0.05
  2 1 37 3 2228.05911386908 0.05
  2 1 38 3 1013.42095751304 0.05
  2 1 39 3 988.932630048177 0.05
  2 1 40 3 1528.41312081224 0.05
  2 1 41 3 15288.8135878202 0.05
  2 1 42 3 19466.8198683218 0.05
# end catch observations 
#  
# Fishery size comp data 
# Number of observations, init_int Ncatch_size_obs 
  168
# init_matrix obs_catch_size(1,Ncatch_size_obs,1,ncol) 
# Fleet Area  Year  Species Type (0=whole, 1=retained, 2=discard) InpN, proportion by size bin 
  1 1 1 1 0 81 0.0123456790123457 0.45679012345679 0.395061728395062 0.0740740740740741 0.296296296296296
  1 1 2 1 0 73 1.36986301369863 0 0 0 0
  1 1 3 1 0 65 1.47692307692308 0.0461538461538462 0.0153846153846154 0 0
  1 1 4 1 0 56 1.78571428571429 0 0 0 0
  1 1 5 1 0 120 0.791666666666667 0.025 0.0166666666666667 0 0
  1 1 6 1 0 130 0.315384615384615 0.330769230769231 0.115384615384615 0.00769230769230769 0
  1 1 7 1 0 94 1.0531914893617 0 0.0106382978723404 0 0
  1 1 8 1 0 94 0.414893617021277 0.648936170212766 0 0 0
  1 1 9 1 0 82 1.20731707317073 0 0.0121951219512195 0 0
  1 1 10 1 0 76 1.28947368421053 0.0263157894736842 0 0 0
  1 1 11 1 0 74 1.32432432432432 0.027027027027027 0 0 0
  1 1 12 1 0 65 1.52307692307692 0.0153846153846154 0 0 0
  1 1 13 1 0 77 1.27272727272727 0.025974025974026 0 0 0
  1 1 14 1 0 88 1.10227272727273 0.0227272727272727 0.0113636363636364 0 0
  1 1 15 1 0 66 1.51515151515152 0 0 0 0
  1 1 16 1 0 69 1.43478260869565 0.0144927536231884 0 0 0
  1 1 17 1 0 43 2.30232558139535 0.0232558139534884 0 0 0
  1 1 18 1 0 34 2.85294117647059 0.0588235294117647 0.0294117647058824 0 0
  1 1 19 1 0 55 1.78181818181818 0.0363636363636364 0 0 0
  1 1 20 1 0 64 1.53125 0.03125 0 0 0
  1 1 21 1 0 77 1.27272727272727 0.025974025974026 0 0 0
  1 1 22 1 0 67 1.49253731343284 0 0 0 0
  1 1 23 1 0 133 0.714285714285714 0.0300751879699248 0.0075187969924812 0 0
  1 1 24 1 0 98 1.01020408163265 0 0.0102040816326531 0 0
  1 1 25 1 0 91 1.06593406593407 0.032967032967033 0 0 0
  1 1 26 1 0 77 1.2987012987013 0 0 0 0
  1 1 27 1 0 102 0.970588235294118 0.00980392156862745 0 0 0
  1 1 28 1 0 76 1.31578947368421 0 0 0 0
  1 1 29 1 0 110 0.881818181818182 0.0181818181818182 0.00909090909090909 0 0
  1 1 30 1 0 100 0.98 0.02 0 0 0
  1 1 31 1 0 108 0.888888888888889 0.037037037037037 0 0 0
  1 1 32 1 0 118 0.847457627118644 0 0 0 0
  1 1 33 1 0 129 0.317829457364341 0.441860465116279 0.0155038759689922 0 0
  1 1 34 1 0 90 1.1 0.0111111111111111 0 0 0
  1 1 35 1 0 69 1.34782608695652 0.101449275362319 0 0 0
  1 1 36 1 0 80 1.2375 0.0125 0 0 0
  1 1 37 1 0 62 1.61290322580645 0 0 0 0
  1 1 38 1 0 94 1.04255319148936 0.0212765957446809 0 0 0
  1 1 39 1 0 75 0.706666666666667 0.586666666666667 0.04 0 0
  1 1 40 1 0 75 1.32 0 0.0133333333333333 0 0
  1 1 41 1 0 35 2.85714285714286 0 0 0 0
  1 1 42 1 0 22 4.40909090909091 0.136363636363636 0 0 0
  1 1 1 4 0 5 4.6 0 0 0 15.4
  1 1 2 4 0 5 20 0 0 0 0
  1 1 3 4 0 5 20 0 0 0 0
  1 1 4 4 0 5 20 0 0 0 0
  1 1 5 4 0 5 20 0 0 0 0
  1 1 6 4 0 5 20 0 0 0 0
  1 1 7 4 0 5 20 0 0 0 0
  1 1 8 4 0 5 20 0 0 0 0
  1 1 9 4 0 5 20 0 0 0 0
  1 1 10 4 0 5 20 0 0 0 0
  1 1 11 4 0 1 100 0 0 0 0
  1 1 12 4 0 5 20 0 0 0 0
  1 1 13 4 0 1 100 0 0 0 0
  1 1 14 4 0 2 50 0 0 0 0
  1 1 15 4 0 8 12.5 0 0 0 0
  1 1 16 4 0 3 33.3333333333333 0 0 0 0
  1 1 17 4 0 3 33.3333333333333 0 0 0 0
  1 1 18 4 0 1 100 0 0 0 0
  1 1 19 4 0 3 33.3333333333333 0 0 0 0
  1 1 20 4 0 3 33.3333333333333 0 0 0 0
  1 1 21 4 0 3 33.3333333333333 0 0 0 0
  1 1 22 4 0 2 50 0 0 0 0
  1 1 23 4 0 6 16.6666666666667 0 0 0 0
  1 1 24 4 0 1 100 0 0 0 0
  1 1 25 4 0 1 100 0 0 0 0
  1 1 26 4 0 2 50 0 0 0 0
  1 1 27 4 0 2 50 0 0 0 0
  1 1 28 4 0 4 25 0 0 0 0
  1 1 29 4 0 7 14.2857142857143 0 0 0 0
  1 1 30 4 0 6 16.6666666666667 0 0 0 0
  1 1 31 4 0 10 10 0 0 0 0
  1 1 32 4 0 7 14.2857142857143 0 0 0 0
  1 1 33 4 0 15 6.66666666666667 0 0 0 0
  1 1 34 4 0 19 5.26315789473684 0 0 0 0
  1 1 35 4 0 13 7.69230769230769 0 0 0 0
  1 1 36 4 0 23 4.34782608695652 0 0 0 0
  1 1 37 4 0 7 14.2857142857143 0 0 0 0
  1 1 38 4 0 7 14.2857142857143 0 0 0 0
  1 1 39 4 0 19 5.26315789473684 0 0 0 0
  1 1 40 4 0 25 4 0 0 0 0
  1 1 41 4 0 31 3.2258064516129 0 0 0 0
  1 1 42 4 0 31 3.2258064516129 0 0 0 0
  2 1 1 2 0 2 0 23.5 19 7.5 0
  2 1 2 2 0 5 5.4 2.2 8.2 4.2 0
  2 1 3 2 0 2 50 0 0 0 0
  2 1 4 2 0 5 9.2 10.8 0 0 0
  2 1 5 2 0 5 20 0 0 0 0
  2 1 6 2 0 5 17.4 2.4 0.2 0 0
  2 1 7 2 0 5 20 0 0 0 0
  2 1 8 2 0 1 100 0 0 0 0
  2 1 9 2 0 5 20 0 0 0 0
  2 1 10 2 0 5 20 0 0 0 0
  2 1 11 2 0 2 50 0 0 0 0
  2 1 12 2 0 5 20 0 0 0 0
  2 1 13 2 0 5 20 0 0 0 0
  2 1 14 2 0 5 20 0 0 0 0
  2 1 15 2 0 5 20 0 0 0 0
  2 1 16 2 0 5 20 0 0 0 0
  2 1 17 2 0 5 19.6 0.4 0 0 0
  2 1 18 2 0 5 19.8 0 0.2 0 0
  2 1 19 2 0 5 20 0 0 0 0
  2 1 20 2 0 30 3.33333333333333 0 0 0 0
  2 1 21 2 0 46 2.17391304347826 0 0 0 0
  2 1 22 2 0 10 10 0 0 0 0
  2 1 23 2 0 19 5.26315789473684 0 0 0 0
  2 1 24 2 0 61 1.26229508196721 0.377049180327869 0 0 0
  2 1 25 2 0 29 3.44827586206897 0 0 0 0
  2 1 26 2 0 32 3.09375 0.03125 0 0 0
  2 1 27 2 0 16 6.25 0 0 0 0
  2 1 28 2 0 31 3.2258064516129 0 0 0 0
  2 1 29 2 0 44 2.27272727272727 0 0 0 0
  2 1 30 2 0 29 3.44827586206897 0 0 0 0
  2 1 31 2 0 25 4 0 0 0 0
  2 1 32 2 0 22 3.27272727272727 1.27272727272727 0 0 0
  2 1 33 2 0 35 2.8 0.0285714285714286 0.0285714285714286 0 0
  2 1 34 2 0 28 3.5 0.0714285714285714 0 0 0
  2 1 35 2 0 45 2.2 0.0222222222222222 0 0 0
  2 1 36 2 0 51 1.96078431372549 0 0 0 0
  2 1 37 2 0 41 2.4390243902439 0 0 0 0
  2 1 38 2 0 36 2.66666666666667 0.111111111111111 0 0 0
  2 1 39 2 0 20 4.8 0.2 0 0 0
  2 1 40 2 0 14 7.07142857142857 0.0714285714285714 0 0 0
  2 1 41 2 0 17 5.64705882352941 0.176470588235294 0.0588235294117647 0 0
  2 1 42 2 0 24 4.16666666666667 0 0 0 0
  2 1 1 3 0 1 13 0 85 2 0
  2 1 2 3 0 5 8 0 4.4 7.6 0
  2 1 3 3 0 5 19.8 0 0.2 0 0
  2 1 4 3 0 1 100 0 0 0 0
  2 1 5 3 0 6 16.6666666666667 0 0 0 0
  2 1 6 3 0 4 24.5 0.25 0.25 0 0
  2 1 7 3 0 5 20 0 0 0 0
  2 1 8 3 0 1 99 1 0 0 0
  2 1 9 3 0 1 100 0 0 0 0
  2 1 10 3 0 1 100 0 0 0 0
  2 1 11 3 0 2 49 1 0 0 0
  2 1 12 3 0 5 20 0 0 0 0
  2 1 13 3 0 4 24.75 0.25 0 0 0
  2 1 14 3 0 8 12.5 0 0 0 0
  2 1 15 3 0 11 9.09090909090909 0 0 0 0
  2 1 16 3 0 5 20 0 0 0 0
  2 1 17 3 0 5 20 0 0 0 0
  2 1 18 3 0 1 100 0 0 0 0
  2 1 19 3 0 1 100 0 0 0 0
  2 1 20 3 0 4 25 0 0 0 0
  2 1 21 3 0 3 33 0.333333333333333 0 0 0
  2 1 22 3 0 4 24.5 0.5 0 0 0
  2 1 23 3 0 3 33.3333333333333 0 0 0 0
  2 1 24 3 0 3 33.3333333333333 0 0 0 0
  2 1 25 3 0 2 50 0 0 0 0
  2 1 26 3 0 4 25 0 0 0 0
  2 1 27 3 0 5 20 0 0 0 0
  2 1 28 3 0 4 24.75 0.25 0 0 0
  2 1 29 3 0 4 25 0 0 0 0
  2 1 30 3 0 24 4.125 0.0416666666666667 0 0 0
  2 1 31 3 0 10 9.9 0.1 0 0 0
  2 1 32 3 0 12 8.33333333333333 0 0 0 0
  2 1 33 3 0 4 24.5 0.5 0 0 0
  2 1 34 3 0 6 16.6666666666667 0 0 0 0
  2 1 35 3 0 2 50 0 0 0 0
  2 1 36 3 0 10 10 0 0 0 0
  2 1 37 3 0 9 11.1111111111111 0 0 0 0
  2 1 38 3 0 13 7.69230769230769 0 0 0 0
  2 1 39 3 0 16 6 0.25 0 0 0
  2 1 40 3 0 27 3.7037037037037 0 0 0 0
  2 1 41 3 0 15 6.66666666666667 0 0 0 0
  2 1 42 3 0 16 6.25 0 0 0 0
# end fishery length observations 
#  
# Survey diet proportion observations 
# Number of observations, init_int Ndietprop_obs 
  115
# init_matrix obs_dietprop(1,Ndietprop_obs,1,ncol) 
# Survey  Year  Predator  Predator_size InpN  wt_prey_1 wt_prey_2 wt_prey_3 wt_prey_4 wt_prey_5 wt_prey_6 wt_prey_7 wt_prey_8 wt_prey_9 wt_prey_10 wt_prey_11 other 
  1 12 1 2 100 0 0 0 0 1
  1 12 1 3 100 0.3 0 0 0 0.7
  1 13 1 3 100 0 0.09 0 0 0.91
  1 13 1 4 100 0 0.98 0 0 0.02
  1 15 1 2 100 0 0.53 0 0 0.47
  1 18 1 1 100 0.4 0 0 0 0.6
  1 18 1 2 100 0.09 0 0 0 0.91
  1 18 1 3 100 0 0.19 0 0 0.81
  1 19 1 2 100 0 0.23 0 0 0.77
  1 19 1 3 100 0 0.43 0 0 0.57
  1 20 1 3 100 0 0 0 0 1
  1 21 1 2 100 0 0 0 0 1
  1 21 1 3 100 0 0.5 0 0 0.5
  1 24 1 3 100 0 0.13 0 0 0.87
  1 25 1 3 100 0 0.6 0 0 0.4
  1 26 1 3 100 0 0.56 0.22 0 0.22
  1 27 1 3 100 0 0 1 0 0
  1 28 1 3 100 0 1 0 0 0
  1 33 1 3 100 0 0.74 0 0 0.26
  1 34 1 3 100 0 0.16 0 0 0.84
  1 35 1 3 100 0 0.18 0 0 0.82
  1 38 1 3 100 0 0 0 0 1
  1 39 1 3 100 0 0.57 0 0 0.43
  1 40 1 2 100 0 0.31 0 0 0.69
  1 41 1 2 100 0 0 0.33 0 0.67
  2 2 1 4 100 0 0 0.85 0 0.15
  2 11 1 3 100 0 0 0 0 1
  2 14 1 3 100 1 0 0 0 0
  2 14 1 4 100 0 0 0 0 1
  2 15 1 3 100 0 0 0 0 1
  2 16 1 3 100 0 0 0 0 1
  2 16 1 4 100 0 0.77 0 0 0.23
  2 19 1 3 100 0 0 0 0 1
  2 19 1 4 100 0 0.23 0 0 0.77
  2 21 1 3 100 0 0.88 0 0 0.12
  2 21 1 4 100 0 0.07 0 0 0.93
  2 22 1 3 100 0 0.48 0 0 0.52
  2 23 1 3 100 0 0 0.41 0 0.59
  2 24 1 3 100 0 0.16 0 0 0.84
  2 24 1 4 100 0 0.32 0 0 0.68
  2 25 1 2 100 0 0.18 0 0 0.82
  2 25 1 3 100 0 1 0 0 0
  2 26 1 3 100 0 0 0 0 1
  2 27 1 3 100 0 0.07 0 0 0.93
  2 27 1 4 100 0 0.22 0 0 0.78
  2 29 1 3 100 0.2 0 0 0 0.8
  2 33 1 3 100 0 0.05 0 0 0.95
  2 35 1 1 100 0 0 0 0 1
  2 35 1 2 100 0 0.23 0 0 0.77
  2 35 1 3 100 0 1 0 0 0
  2 36 1 3 100 0 0.44 0 0 0.56
  2 39 1 3 100 0 0.08 0 0 0.92
  2 40 1 2 100 0 0.45 0 0 0.55
  2 36 2 3 100 0 0 0.19 0 0.81
  2 30 3 2 100 0 0 0.66 0 0.34
  2 30 3 4 100 0 0 0 0 1
  1 8 4 2 100 0 0.11 0 0 0.89
  1 8 4 3 100 0 1 0 0 0
  1 11 4 3 100 0 0 0 0 1
  1 13 4 2 100 0 0 0 0 1
  1 13 4 3 100 0 0 0 0 1
  1 13 4 4 100 0 0 0 0 1
  1 14 4 3 100 0 0.66 0 0 0.34
  1 15 4 3 100 0 0 0 0 1
  1 15 4 4 100 0 0 0 0 1
  1 16 4 3 100 0 0.64 0 0 0.36
  1 16 4 4 100 0 0.43 0 0 0.57
  1 17 4 3 100 0 0.53 0 0 0.47
  1 18 4 3 100 0 0.92 0 0 0.08
  1 19 4 2 100 0 0 0 0 1
  1 19 4 3 100 0 0 0 0 1
  1 20 4 2 100 0 0 0 0 1
  1 20 4 3 100 0 0.57 0 0 0.43
  1 21 4 3 100 0 0 0 0 1
  1 22 4 2 100 0 0 0 0 1
  1 23 4 3 100 0 0.29 0 0 0.71
  1 24 4 3 100 0 0 0 0 1
  1 25 4 3 100 0 0 0 0 1
  1 25 4 4 100 0 0 0 0 1
  1 26 4 3 100 0 0 0 0 1
  1 27 4 2 100 0 1 0 0 0
  1 27 4 3 100 0 0 0 0 1
  1 28 4 2 100 0 0.1 0 0 0.9
  1 28 4 3 100 0 0.42 0 0 0.58
  1 29 4 3 100 0 0 0.32 0 0.68
  1 31 4 3 100 0 0.16 0 0 0.84
  1 31 4 4 100 0 0 0 0 1
  1 34 4 3 100 0 0.35 0 0 0.65
  1 40 4 3 100 0 0.4 0 0 0.6
  1 40 4 4 100 0 0 0 0 1
  1 42 4 3 100 0 0 0.42 0 0.58
  2 6 4 3 100 0 0 0.1 0 0.9
  2 8 4 3 100 0 0 0.25 0 0.75
  2 9 4 4 100 0 0 0 0.13 0.87
  2 14 4 4 100 0 0 0 0 1
  2 15 4 3 100 0 0 0 0 1
  2 16 4 3 100 0 0 0 0 1
  2 17 4 2 100 0 0 0 0 1
  2 18 4 3 100 0 0 0 0 1
  2 19 4 3 100 0 0 0 0 1
  2 21 4 3 100 0 0.08 0 0 0.92
  2 22 4 3 100 0 0.42 0 0 0.58
  2 23 4 3 100 0 0 0.45 0 0.55
  2 24 4 3 100 0 0.38 0.01 0 0.61
  2 25 4 3 100 0 0.94 0 0 0.06
  2 25 4 4 100 0 0 0.5 0 0.5
  2 27 4 3 100 0 0 0 0 1
  2 30 4 3 100 0 0.18 0 0 0.82
  2 33 4 3 100 0 0 0 0 1
  2 34 4 3 100 0 1 0 0 0
  2 35 4 3 100 0 0.83 0 0 0.17
  2 36 4 2 100 0 0.96 0 0 0.04
  2 36 4 3 100 0 1 0 0 0
  2 37 4 3 100 0 0.3 0 0 0.7
  2 42 4 3 100 0 0 1 0 0
# end survey diet proportion observations 
#  
