# This file was created using the write_tsDatFile function and used all the simulated data from sim_dta.rds found in repo:Hydra-self-testing
# Survey index data 
# Number of observations, init_int Nsurvey_obs
  329
# init_matrix obs_survey_biomass(1,Nsurvey_obs,1,5)
# survey year spp value cv
  1 1 4 531384.908571052 0.212720515437525
  2 1 4 516317.838961011 0.25363203301826
  1 2 4 18430.9960676823 0.222168779300385
  2 2 4 13975.0952212757 0.187773345626693
  1 3 4 242675.375042155 0.394113240257454
  2 3 4 3762.99954491572 0.423618201694685
  1 4 4 430426.12002574 0.310035034727007
  2 4 4 7626.19652914436 0.327069686277164
  1 5 4 104979.963014382 0.378629084128514
  2 5 4 9708.77456292391 0.391316523019912
  1 6 4 38037.0645246425 0.494427832556011
  2 6 4 3069.42673824576 0.376280830351703
  1 7 4 68813.3627549532 0.759062286891916
  2 7 4 2083.03103164739 0.665352569827422
  1 8 4 4339.20083658713 0.383150869515862
  2 8 4 495.365011351401 0.433685089735353
  1 9 4 45859.885486126 0.48934963094834
  2 9 4 818.098711825951 0.392371299771634
  1 10 4 35970.4231638799 0.382452035825211
  2 10 4 995.723085120702 0.333798529002863
  1 11 4 6237.4240351065 0.566792532611316
  2 11 4 400.223041820313 0.868042030585988
  1 12 4 14223.3671850578 0.381518572031255
  2 12 4 298.784656686232 0.445144789260538
  1 13 4 24524.7602077721 0.438380584739347
  2 13 4 1083.0062597959 0.947226139495183
  1 14 4 23063.75802158 0.482345652338289
  2 14 4 147.220972249794 0.377075764230608
  1 15 4 6950.52752158714 0.420835086749712
  2 15 4 237.608979495542 0.614716212748607
  1 16 4 8505.03097396864 0.515165860253858
  2 16 4 156.270131403745 0.704031323768783
  1 17 4 4203.32647786795 0.559532625975744
  2 17 4 101.259480437945 0.319774204956139
  1 18 4 761.538857319522 0.479008946214672
  2 18 4 34.7333609483098 0.41351869139049
  1 19 4 2121.76214669914 0.429419179801904
  2 19 4 38.5211333584609 0.387615780132326
  1 20 4 7409.3167371503 0.477074256852948
  2 20 4 80.1470426315482 0.315868813200741
  1 21 4 9027.23288076813 0.410621521476155
  2 21 4 342.926699473737 0.630050999524052
  1 22 4 21926.7645079064 0.294672690077384
  2 22 4 301.960555304135 0.335469505128288
  1 23 4 10555.5839535066 0.477447511398437
  2 23 4 399.955737424518 0.407625761955908
  1 24 4 13018.5750604487 0.384568504019134
  2 24 4 225.646030354619 0.43049173366256
  1 25 4 3187.08800024656 0.333261603198005
  2 25 4 90.9768833499546 0.843960441627036
  1 26 4 3048.88605197977 0.685474246042822
  2 26 4 143.000600049007 0.429620783824035
  1 27 4 4264.00993237941 0.286882992344226
  2 27 4 221.24269429018 0.81343687860715
  1 28 4 14454.3287017491 0.371822434434906
  2 28 4 146.629042278456 0.53327636373572
  1 29 4 35737.0182554352 0.592639130460935
  2 29 4 169.356865114643 0.590339711107796
  1 30 4 29678.783333011 0.374062101432949
  2 30 4 508.262954248092 0.701775131617819
  1 31 4 15247.1403588919 0.304499664309564
  2 31 4 459.421374744305 0.210828956182955
  1 32 4 35190.0371582006 0.233962995093855
  2 32 4 421.248744487324 0.329779252894958
  1 33 4 7711.70418320769 0.270006842918168
  2 33 4 467.736408579538 0.460124990024536
  1 34 4 16500.2202824308 0.350007507053818
  2 34 4 197.387388778734 0.837656243552001
  1 35 4 3816.95218323675 0.34274593698132
  2 35 4 125.848303725274 0.291986952078346
  1 36 4 27594.3846465508 0.261906583866089
  2 36 4 201.104572916545 0.425399553458769
  1 37 4 74759.4807719243 0.417429035160016
  2 37 4 1260.36045448089 0.287702894520317
  1 38 4 81348.7020126342 0.441211421515246
  2 38 4 7629.25493020323 0.866971810340233
  1 39 4 16322.9669255585 0.495234601454268
  2 39 4 1020.46080206702 0.556663444153977
  1 40 4 9121.09368656657 0.237858203733512
  2 40 4 347.562942974736 0.295404104464232
  1 41 4 3353.5328561324 0.327346172729995
  2 41 4 93.8488991791262 0.994030515469621
  1 42 4 1381.93566494524 0.368315456462939
  2 42 4 90.8336619493799 0.461505384764764
  1 1 2 3.46703326342713e-264 0.601375663623589
  2 1 2 2.62168327027709e-264 0.565196579518992
  2 2 2 3.38070384207847e-209 0.686052062200317
  2 3 2 3.91052703328087e-187 0.378997614818957
  1 4 2 9.97544209608805e-192 1
  2 4 2 6.35644991754955e-193 0.459316778181236
  1 5 2 1.59171089900703e-194 0.611089023955187
  2 5 2 2.13131669955024e-196 0.780615956536472
  1 6 2 3.3961612226589e-198 0.702037850017464
  2 6 2 1.23991789616417e-199 0.461790555986525
  1 7 2 9.95683203471771e-201 0.948289691951521
  2 7 2 1.17643901498221e-201 0.685175011742778
  1 8 2 7.57109986745741e-203 0.544380631361087
  2 8 2 3.86893967773102e-204 0.424096495665332
  1 9 2 1.17108527395992e-204 0.5393131982084
  2 9 2 1.29649568372048e-205 0.454629127333952
  1 10 2 6.30028043075509e-206 0.88095039530815
  2 10 2 5.42423980574271e-207 0.419344308350161
  1 11 2 1.83576952432477e-207 0.799987970388403
  2 11 2 1.50414859994871e-208 0.839124360078806
  1 12 2 1.14422831042359e-201 0.774991903603438
  2 12 2 9.28578993280388e-204 0.424721667998453
  1 13 2 9.24754866412402e-207 0.863215133786584
  2 13 2 1.17086540350899e-207 0.387073469025502
  1 14 2 6.00836538581926e-208 0.704083892007286
  2 14 2 5.53158455729835e-209 0.312793018147624
  1 15 2 2.7199504297908e-201 0.457459057188701
  2 15 2 1.57572501693097e-203 0.459652287866146
  1 16 2 1.64819144857979e-186 0.853197309912465
  2 16 2 1.29997554054593e-189 0.628928805514438
  1 17 2 2.89561281868536e-200 0.61116783920211
  2 17 2 1.08196960141245e-201 0.3895964128798
  1 18 2 1.18866147502368e-204 0.416775375911518
  2 18 2 3.47884887288211e-206 0.495180348393774
  1 19 2 6.17279707611951e-186 0.69077510766454
  2 19 2 3.26818625420128e-188 0.347120352110889
  1 20 2 1.16771901874035e-190 0.793751288508348
  2 20 2 1.77658754953526e-191 0.526946514998015
  1 21 2 3.74067767107572e-193 0.339376634127756
  2 21 2 6.31587854300549e-194 0.609998621037514
  1 22 2 9.12810786385537e-195 0.601950919776798
  2 22 2 7.57295262410767e-196 0.389299707202565
  1 23 2 9.38336510230291e-197 0.658556209578282
  2 23 2 6.9597197241181e-198 0.288585466763824
  1 24 2 4.23215791589186e-197 0.637453135075156
  2 24 2 2.7523162932541e-199 0.480513100150493
  1 25 2 1.50722147827102e-201 0.510473149998029
  2 25 2 2.19069824937047e-202 0.338488147626423
  1 26 2 1.81421909071235e-191 0.548437091427541
  2 26 2 5.56580219308557e-193 0.345955330423839
  1 27 2 8.86855087134557e-178 0.492912195981742
  2 27 2 5.75318279323094e-180 0.33164245084141
  1 28 2 2.08381514602664e-180 0.747597319880804
  2 28 2 7.18203549262704e-183 0.447853531697379
  1 29 2 4.50377258683222e-184 0.451616070879294
  2 29 2 4.90122493403216e-185 0.305275882623724
  1 30 2 1.20372501406035e-184 0.797269558848634
  2 30 2 8.61461160806682e-187 0.605264936420634
  1 31 2 3.43680447625139e-187 0.666772556553203
  2 31 2 3.63023431225954e-188 0.359836468902791
  1 32 2 4.77230580486941e-189 0.96787270074405
  2 32 2 9.00061353315269e-190 0.422601396160012
  1 33 2 2.31724112105331e-190 0.404694020855087
  2 33 2 1.05228044859416e-191 0.465820030674526
  1 34 2 4.00541589933511e-193 0.814873375751391
  2 34 2 4.86760170731127e-194 0.505954372112585
  1 35 2 2.68215208997411e-195 0.533219898766676
  2 35 2 1.21162212227271e-196 0.287403659199158
  1 36 2 2.27317692286602e-198 0.371953858881132
  2 36 2 4.56762704807246e-199 0.365560779244073
  1 37 2 8.78341308094782e-200 0.791301167226987
  2 37 2 1.47678302208171e-200 0.487536998609889
  1 38 2 1.37438818176009e-200 0.633364993316759
  2 38 2 6.33928261302584e-202 0.644823084547079
  1 39 2 8.36572514770597e-203 0.827253682697507
  2 39 2 1.83454258093281e-203 0.354235596542703
  1 40 2 1.07468927190742e-204 0.900216415173481
  2 40 2 3.90928207653738e-205 0.395846441583114
  1 41 2 1.7068855040642e-206 0.957770995377006
  2 41 2 1.6549312266414e-207 0.496084887173497
  1 42 2 1.26264351198088e-208 0.55870584954739
  2 42 2 1.33073926638611e-209 0.604660139936764
  1 1 1 190029.961040051 0.241799049430762
  2 1 1 1535224.72409393 0.250018379470286
  1 2 1 47570.1418428742 0.142636213550947
  2 2 1 138199.975017431 0.163647146277456
  1 3 1 44063.1875270825 0.225478190042395
  2 3 1 52780.6283695079 0.192013183632222
  1 4 1 144041.960044151 0.323579734794357
  2 4 1 118369.96429053 0.162432383538487
  1 5 1 83147.7490153268 0.320666395151501
  2 5 1 385482.57189425 0.822390366318268
  1 6 1 6118.48129229839 0.452044832991261
  2 6 1 42562.0503484784 0.192408532269243
  1 7 1 138958.017401802 0.28209645893665
  2 7 1 34963.426836847 0.262097825842625
  1 8 1 7153.35199490208 0.414010381101596
  2 8 1 60544.5474452099 0.189959250209439
  1 9 1 16530.1771549858 0.40638853202345
  2 9 1 11869.4109344143 0.178404315527443
  1 10 1 24765.7285635611 0.290993157294119
  2 10 1 31805.9818795351 0.156753980046499
  1 11 1 6438.19579704165 0.324615016521962
  2 11 1 14456.6579150059 0.174348711952217
  1 12 1 9967.36634873319 0.294780938380682
  2 12 1 6632.18035149784 0.195232854572048
  1 13 1 4930.97437511058 0.440402569626277
  2 13 1 7275.97359608454 0.185762358850192
  1 14 1 4381.62586097992 0.372421878022742
  2 14 1 5110.22410395606 0.151581173531864
  1 15 1 2072.91483556856 0.341871348717721
  2 15 1 3401.60102736711 0.233364310094868
  1 16 1 2340.90170135956 0.416897355424411
  2 16 1 2066.44607785699 0.283802183917676
  1 17 1 2329.81013781575 0.500820840736393
  2 17 1 1605.94934249291 0.495024013362717
  1 18 1 777.642294585186 0.389853340834037
  2 18 1 1334.45200325048 0.390988792530431
  1 19 1 1385.36575879607 0.293941849282161
  2 19 1 981.204126377438 0.322403741112933
  1 20 1 504.092256413472 0.525509720403112
  2 20 1 905.744030532508 0.218361153170241
  1 21 1 1940.74599447764 0.266433769579894
  2 21 1 1556.49898380871 0.421115605185845
  1 22 1 2727.77745750872 0.374831371194202
  2 22 1 4071.33829846346 0.227391091044855
  1 23 1 1718.54105551158 0.352011231642473
  2 23 1 5428.21533359716 0.384269029090844
  1 24 1 1531.33783119584 0.34725908523047
  2 24 1 604.836390849345 0.331291933735556
  1 25 1 654.403530424863 0.578696888706846
  2 25 1 1423.47345505197 0.247394190789157
  1 26 1 2253.57953570648 0.459728456052307
  2 26 1 1155.4273835622 0.394189312610479
  1 27 1 590.778088545687 0.539982548576019
  2 27 1 1933.84782574713 0.72948972943007
  1 28 1 4394.9216355967 0.364309332200766
  2 28 1 1652.77359351581 0.278656828353639
  1 29 1 1125.51617947838 0.562793580097325
  2 29 1 2412.39533818879 0.316141323613091
  1 30 1 5581.99964538092 0.420348818797864
  2 30 1 4050.957868223 0.30511736182771
  1 31 1 3966.59776700294 0.403753427903273
  2 31 1 4464.26077621966 0.278331587636247
  1 32 1 4211.63022703754 0.491331418922754
  2 32 1 9771.50016593022 0.329726795744574
  1 33 1 745.215622294771 0.537081122476055
  2 33 1 6351.65456928985 0.33086845072982
  1 34 1 1464.60367421161 0.379030815152119
  2 34 1 472.354789471368 0.278881417082292
  1 35 1 1599.67147462892 0.519511456600017
  2 35 1 1850.98707578071 0.27351876283918
  1 36 1 790.53007536867 0.556056214854877
  2 36 1 288.407461853789 0.714061811185508
  1 37 1 5634.44115697315 0.588197671943964
  2 37 1 2986.36401136513 0.340315242626747
  1 38 1 2801.9098750222 0.324588369174256
  2 38 1 3712.33838558174 0.300199803594678
  1 39 1 515.391426492182 0.501841796783066
  2 39 1 1829.87933644147 0.438397059851219
  1 40 1 191.667197617323 0.403101009292275
  2 40 1 291.58560639707 0.410378233550251
  1 41 1 220.317495467982 0.478602624152216
  2 41 1 215.952643543941 0.362128776577143
  1 42 1 222.566381135074 0.646634922078809
  2 42 1 123.329938521893 0.816170985475773
  1 1 3 89772.7900159305 0.499484636786782
  1 2 3 5489.68365292846 0.358153914340203
  2 2 3 69722.5295492486 0.577110518633802
  1 3 3 66092.0265523907 0.678339172154909
  2 3 3 244819.834620631 0.738121970739642
  1 4 3 7139.61709065884 1
  2 4 3 46904.8727935638 0.52056341701904
  1 5 3 267408.907561615 0.693225535250834
  2 5 3 38240.1971481343 1
  1 6 3 11954.7097377785 1
  2 6 3 6531.40256788449 0.48452157876779
  1 7 3 99.0849832277614 0.912293822979085
  1 8 3 646.686236246651 0.655734850091527
  2 8 3 135.069450373262 0.750382084373246
  1 9 3 157.95849056848 0.670809892238012
  2 9 3 233.965936872612 0.47273108889926
  1 10 3 152.794493738552 0.631102684426709
  2 10 3 51.8901449268065 0.919260399745188
  1 11 3 214.291166025517 0.496475444687371
  1 12 3 108.464578439443 0.740682868109632
  2 12 3 84.810035586974 1
  1 13 3 279.417753899012 0.360862225436052
  1 14 3 251.14096616528 0.547901331396328
  2 14 3 370.821137815949 0.478873954421528
  1 15 3 271.600278710037 0.429608216382601
  2 15 3 146.182842350212 0.654713783069401
  1 16 3 491.327629915641 0.69118921143411
  2 16 3 403.381271052827 0.8614889831113
  1 17 3 67.2095022378204 0.426971754606328
  2 17 3 183.533322607259 0.572182042928152
  1 18 3 31.1877972354986 0.505524319387353
  2 18 3 14.0087303339384 0.488492827246527
  1 19 3 62.6802589223389 0.644591984223249
  2 19 3 22.2240973218073 0.51925665989311
  1 20 3 11.5829325368974 0.899065435378594
  2 20 3 18.0195569092189 0.59569628754064
  1 21 3 37.9627157477016 0.543826822033971
  2 21 3 18.9294591869725 0.466111862829518
  1 22 3 214.568669121831 0.88174616562504
  2 22 3 37.2135645983964 0.568444982816852
  1 23 3 381.05584813755 0.408104676406013
  2 23 3 105.187087763302 0.357346049869971
  1 24 3 52.2297405198487 0.92608255019157
  2 24 3 111.488024169318 0.539541007788685
  1 25 3 17.0610178005873 0.648664057223823
  2 25 3 21.8424701580576 0.576168087832409
  1 26 3 51.7386851886537 0.695927823776047
  2 26 3 29.2903139277134 0.549529982814455
  1 27 3 22.1186792448914 0.708713243925404
  2 27 3 24.0426959229622 0.496269825160911
  1 28 3 94.2148857624659 0.489543853646182
  1 29 3 208.937221125474 0.703511357168505
  2 29 3 79.7152088691399 0.875017095315649
  1 30 3 751.086157165678 0.631659802692532
  2 30 3 124.20974417952 0.908152223575802
  1 31 3 1097.89646516088 0.626570332091694
  2 31 3 2576.25844673136 0.712465807947941
  1 32 3 123.020105119569 0.661895735249442
  2 32 3 889.299453718891 0.86012943797605
  1 33 3 28.7021068444362 0.783155911787346
  2 33 3 66.5392085444534 0.598390099709208
  1 34 3 35.3396523396409 0.542775440757204
  2 34 3 29.6901572241632 0.743173480285892
  1 35 3 4.51875962476217 0.870542376054271
  2 35 3 8.54554777303499 0.446478967244395
  1 36 3 118.636145141585 0.492193512682958
  2 36 3 121.533175066188 0.490110041691513
  1 37 3 658.174393775858 0.909630520329322
  2 37 3 644.301594573357 0.433872317628348
  1 38 3 8101.61718614131 0.644773009949607
  2 38 3 2377.08193950751 0.484949159815328
  1 39 3 1299.95684928682 0.515045488987725
  2 39 3 1168.00322365746 0.388710136036013
  1 40 3 548.125399865595 0.442573167063876
  2 40 3 318.05135752418 0.395139923022642
  1 41 3 55.9028084092276 0.88587618368699
  2 41 3 135.153895138003 0.537531419606343
  1 42 3 925229.193779768 0.983269433580366
  2 42 3 290959.336393707 0.849696423298534
# end survey index observations 
#  
# Survey size comp data 
# Number of observations, init_int Nsurvey_size_obs 
  329
# init_matrix obs_survey_size(1,Nsurvey_size_obs,1,ncol) 
# Survey  Year  Species Type (0=whole, 1=retained, 2=discard) InpN, proportion by length bin 
  1 1 1 0 57 0.0350877192982456 1.15789473684211 0.543859649122807 0.0175438596491228 0
  1 2 1 0 65 0.815384615384615 0.676923076923077 0.0461538461538462 0 0
  1 3 1 0 32 1.4375 1.6875 0 0 0
  1 4 1 0 32 1.65625 1.4375 0.03125 0 0
  1 5 1 0 21 2.28571428571429 2.33333333333333 0.142857142857143 0 0
  1 6 1 0 18 0.722222222222222 3.16666666666667 1.66666666666667 0 0
  1 7 1 0 25 2.48 1.52 0 0 0
  1 8 1 0 20 0.25 3.45 1.3 0 0
  1 9 1 0 16 3.375 2.875 0 0 0
  1 10 1 0 19 2.36842105263158 2.89473684210526 0 0 0
  1 11 1 0 20 2.05 2.9 0.05 0 0
  1 12 1 0 22 2.18181818181818 2.36363636363636 0 0 0
  1 13 1 0 23 2.34782608695652 1.78260869565217 0.217391304347826 0 0
  1 14 1 0 14 3.21428571428571 3.85714285714286 0.0714285714285714 0 0
  1 15 1 0 21 2.42857142857143 2.33333333333333 0 0 0
  1 16 1 0 14 3.57142857142857 3.57142857142857 0 0 0
  1 17 1 0 17 2.64705882352941 3.23529411764706 0 0 0
  1 18 1 0 19 2.94736842105263 2.26315789473684 0.0526315789473684 0 0
  1 19 1 0 18 3.38888888888889 2.16666666666667 0 0 0
  1 20 1 0 15 4 2.66666666666667 0 0 0
  1 21 1 0 21 2.95238095238095 1.76190476190476 0.0476190476190476 0 0
  1 22 1 0 13 4 3.69230769230769 0 0 0
  1 23 1 0 14 3.57142857142857 3.35714285714286 0.214285714285714 0 0
  1 24 1 0 14 4.35714285714286 2.78571428571429 0 0 0
  1 25 1 0 18 2.94444444444444 2.61111111111111 0 0 0
  1 26 1 0 14 3.57142857142857 3.57142857142857 0 0 0
  1 27 1 0 23 1.95652173913043 2.30434782608696 0.0869565217391304 0 0
  1 28 1 0 14 4.07142857142857 3.07142857142857 0 0 0
  1 29 1 0 17 2.76470588235294 3.05882352941176 0.0588235294117647 0 0
  1 30 1 0 18 3.5 2 0.0555555555555556 0 0
  1 31 1 0 20 2.55 2.45 0 0 0
  1 32 1 0 10 5.4 4.5 0.1 0 0
  1 33 1 0 15 0.733333333333333 4.66666666666667 1.26666666666667 0 0
  1 34 1 0 18 2.94444444444444 2.55555555555556 0.0555555555555556 0 0
  1 35 1 0 8 5.875 6.5 0.125 0 0
  1 36 1 0 12 3.66666666666667 4.66666666666667 0 0 0
  1 37 1 0 8 6.125 6.25 0.125 0 0
  1 38 1 0 16 2.75 3.3125 0.1875 0 0
  1 39 1 0 10 3 5.9 1.1 0 0
  1 40 1 0 10 5.9 4 0.1 0 0
  1 41 1 0 13 4.23076923076923 3.46153846153846 0 0 0
  1 42 1 0 8 6.25 6 0.25 0 0
  1 1 2 0 11 1.18181818181818 1.90909090909091 2.09090909090909 1.45454545454545 2.45454545454545
  1 4 2 0 1 14 16 19 23 28
  1 5 2 0 5 5.4 2.4 3 4.8 4.4
  1 6 2 0 1 26 18 21 19 16
  1 7 2 0 3 5.66666666666667 7.66666666666667 5 8.66666666666667 6.33333333333333
  1 8 2 0 4 4 5 3.75 5.25 7
  1 9 2 0 5 4 3.6 5.2 4.6 2.6
  1 10 2 0 10 1.5 1.5 2.7 2.3 2
  1 11 2 0 13 1.92307692307692 1.84615384615385 1.30769230769231 1.23076923076923 1.38461538461538
  1 12 2 0 15 1 1.4 0.933333333333333 1.6 1.73333333333333
  1 13 2 0 9 2.77777777777778 1.22222222222222 1.44444444444444 2.88888888888889 2.77777777777778
  1 14 2 0 6 1.5 5.33333333333333 4.5 3.16666666666667 2.16666666666667
  1 15 2 0 13 1.38461538461538 1.84615384615385 1.07692307692308 1.23076923076923 2.15384615384615
  1 16 2 0 10 1.9 1.8 2.2 1.9 2.2
  1 17 2 0 10 1.9 1.7 2.7 1.2 2.5
  1 18 2 0 18 0.777777777777778 1.05555555555556 1.55555555555556 1.11111111111111 1.05555555555556
  1 19 2 0 27 0.740740740740741 0.703703703703704 0.592592592592593 0.851851851851852 0.814814814814815
  1 20 2 0 23 0.652173913043478 0.826086956521739 1 1 0.869565217391304
  1 21 2 0 25 0.64 0.72 0.6 0.88 1.16
  1 22 2 0 9 1.44444444444444 1.88888888888889 2.22222222222222 3.55555555555556 2
  1 23 2 0 8 4.125 1.375 2.25 2 2.75
  1 24 2 0 9 2.33333333333333 2.11111111111111 1.88888888888889 2 2.77777777777778
  1 25 2 0 14 0.928571428571429 1.64285714285714 1.5 1.85714285714286 1.21428571428571
  1 26 2 0 18 1 1.16666666666667 1.11111111111111 0.944444444444444 1.33333333333333
  1 27 2 0 16 1.3125 1.5 0.9375 1.25 1.25
  1 28 2 0 6 3.16666666666667 4.16666666666667 3 3.5 2.83333333333333
  1 29 2 0 8 2.5 3.375 2.375 2.25 2
  1 30 2 0 17 1.11764705882353 1.29411764705882 1.05882352941176 0.823529411764706 1.58823529411765
  1 31 2 0 9 2.11111111111111 2.11111111111111 2.11111111111111 3 1.77777777777778
  1 32 2 0 30 0.466666666666667 0.7 0.566666666666667 0.766666666666667 0.833333333333333
  1 33 2 0 24 0.541666666666667 0.541666666666667 1.20833333333333 0.791666666666667 1.08333333333333
  1 34 2 0 25 1 0.92 0.48 0.96 0.64
  1 35 2 0 16 1.75 1.3125 1 0.9375 1.25
  1 36 2 0 13 2.23076923076923 2 1.61538461538462 1.15384615384615 0.692307692307692
  1 37 2 0 8 2 3 2.375 2.75 2.375
  1 38 2 0 10 2.3 2.1 1.5 2.5 1.6
  1 39 2 0 13 1.15384615384615 1.23076923076923 1.61538461538462 2 1.69230769230769
  1 40 2 0 8 2.375 3.375 2.375 2.75 1.625
  1 41 2 0 5 4.8 3.6 3 3.4 5.2
  1 42 2 0 17 1.05882352941176 1.52941176470588 1.11764705882353 1 1.17647058823529
  1 1 3 0 27 0 0.851851851851852 1.85185185185185 1 0
  1 2 3 0 13 0 0.384615384615385 3.84615384615385 3.46153846153846 0
  1 3 3 0 5 11.6 8.4 0 0 0
  1 4 3 0 2 2 34 14 0 0
  1 5 3 0 5 9.8 10.2 0 0 0
  1 6 3 0 1 31 51 18 0 0
  1 7 3 0 3 17 13 3 0.333333333333333 0
  1 8 3 0 3 18.3333333333333 14.6666666666667 0.333333333333333 0 0
  1 9 3 0 4 14 10.75 0.25 0 0
  1 10 3 0 4 13.25 11.75 0 0 0
  1 11 3 0 4 15.75 9 0.25 0 0
  1 12 3 0 2 24.5 25.5 0 0 0
  1 13 3 0 8 6.375 6.125 0 0 0
  1 14 3 0 19 2.52631578947368 2.73684210526316 0 0 0
  1 15 3 0 15 3.6 3.06666666666667 0 0 0
  1 16 3 0 12 4.33333333333333 3.91666666666667 0.0833333333333333 0 0
  1 17 3 0 14 1.57142857142857 4.28571428571429 1.28571428571429 0 0
  1 18 3 0 14 4.35714285714286 2.71428571428571 0.0714285714285714 0 0
  1 19 3 0 15 3.26666666666667 3.33333333333333 0.0666666666666667 0 0
  1 20 3 0 17 3.47058823529412 2.17647058823529 0.235294117647059 0 0
  1 21 3 0 12 4.5 3.83333333333333 0 0 0
  1 22 3 0 11 4.72727272727273 4.36363636363636 0 0 0
  1 23 3 0 16 3.4375 2.8125 0 0 0
  1 24 3 0 15 2.46666666666667 3.46666666666667 0.733333333333333 0 0
  1 25 3 0 4 12.25 12.75 0 0 0
  1 26 3 0 14 3.71428571428571 3.42857142857143 0 0 0
  1 27 3 0 6 9.16666666666667 7.33333333333333 0.166666666666667 0 0
  1 28 3 0 4 15 10 0 0 0
  1 29 3 0 2 29.5 20.5 0 0 0
  1 30 3 0 10 6.7 3.3 0 0 0
  1 31 3 0 9 5.66666666666667 5.44444444444444 0 0 0
  1 32 3 0 12 2.25 4.83333333333333 1.16666666666667 0.0833333333333333 0
  1 33 3 0 5 10.4 9.6 0 0 0
  1 34 3 0 9 5.11111111111111 5.88888888888889 0.111111111111111 0 0
  1 35 3 0 5 10 9.6 0.4 0 0
  1 36 3 0 5 11.4 8.6 0 0 0
  1 37 3 0 3 17.6666666666667 15.6666666666667 0 0 0
  1 38 3 0 15 3.2 3.46666666666667 0 0 0
  1 39 3 0 12 5 3.25 0.0833333333333333 0 0
  1 40 3 0 9 5.33333333333333 5.44444444444444 0.333333333333333 0 0
  1 41 3 0 8 3.5 6.75 2 0.25 0
  1 42 3 0 12 3.75 3.58333333333333 1 0 0
  1 1 4 0 86 0.511627906976744 0.104651162790698 0.523255813953488 0.0232558139534884 0
  1 2 4 0 100 0 0.09 0.87 0.04 0
  1 3 4 0 33 2.27272727272727 0.757575757575758 0 0 0
  1 4 4 0 44 1.79545454545455 0.477272727272727 0 0 0
  1 5 4 0 34 2.29411764705882 0.647058823529412 0 0 0
  1 6 4 0 40 1.85 0.65 0 0 0
  1 7 4 0 39 1.97435897435897 0.58974358974359 0 0 0
  1 8 4 0 49 1.55102040816327 0.469387755102041 0.0204081632653061 0 0
  1 9 4 0 36 2.38888888888889 0.388888888888889 0 0 0
  1 10 4 0 43 1.81395348837209 0.488372093023256 0.0232558139534884 0 0
  1 11 4 0 41 1.8780487804878 0.560975609756098 0 0 0
  1 12 4 0 35 2.34285714285714 0.514285714285714 0 0 0
  1 13 4 0 32 2.625 0.5 0 0 0
  1 14 4 0 21 3.38095238095238 1.38095238095238 0 0 0
  1 15 4 0 30 2.8 0.533333333333333 0 0 0
  1 16 4 0 19 4.36842105263158 0.842105263157895 0.0526315789473684 0 0
  1 17 4 0 35 2.28571428571429 0.571428571428571 0 0 0
  1 18 4 0 27 3.14814814814815 0.555555555555556 0 0 0
  1 19 4 0 34 2.47058823529412 0.470588235294118 0 0 0
  1 20 4 0 42 1.85714285714286 0.523809523809524 0 0 0
  1 21 4 0 41 1.73170731707317 0.707317073170732 0 0 0
  1 22 4 0 44 1.84090909090909 0.431818181818182 0 0 0
  1 23 4 0 28 3.03571428571429 0.5 0.0357142857142857 0 0
  1 24 4 0 34 2.41176470588235 0.529411764705882 0 0 0
  1 25 4 0 36 2.36111111111111 0.416666666666667 0 0 0
  1 26 4 0 31 2.51612903225806 0.709677419354839 0 0 0
  1 27 4 0 39 2.05128205128205 0.512820512820513 0 0 0
  1 28 4 0 38 1.89473684210526 0.736842105263158 0 0 0
  1 29 4 0 48 1.77083333333333 0.3125 0 0 0
  1 30 4 0 38 2.05263157894737 0.578947368421053 0 0 0
  1 31 4 0 61 1.22950819672131 0.409836065573771 0 0 0
  1 32 4 0 48 1.6875 0.395833333333333 0 0 0
  1 33 4 0 49 1.55102040816327 0.469387755102041 0.0204081632653061 0 0
  1 34 4 0 44 1.90909090909091 0.363636363636364 0 0 0
  1 35 4 0 61 1.34426229508197 0.295081967213115 0 0 0
  1 36 4 0 67 1.16417910447761 0.328358208955224 0 0 0
  1 37 4 0 57 1.42105263157895 0.333333333333333 0 0 0
  1 38 4 0 38 2 0.631578947368421 0 0 0
  1 39 4 0 52 1.5 0.423076923076923 0 0 0
  1 40 4 0 43 2.02325581395349 0.302325581395349 0 0 0
  1 41 4 0 42 2.04761904761905 0.333333333333333 0 0 0
  1 42 4 0 61 1.36065573770492 0.278688524590164 0 0 0
  2 1 1 0 58 0 0.0517241379310345 1.62068965517241 0.0517241379310345 0
  2 2 1 0 83 0 0.397590361445783 0.614457831325301 0.192771084337349 0
  2 3 1 0 63 0 1.01587301587302 0.555555555555556 0.0158730158730159 0
  2 4 1 0 56 0 1.23214285714286 0.553571428571429 0 0
  2 5 1 0 55 0 0.527272727272727 1.25454545454545 0.0363636363636364 0
  2 6 1 0 45 0 0.111111111111111 2.04444444444444 0.0666666666666667 0
  2 7 1 0 46 0.0434782608695652 2.02173913043478 0.0652173913043478 0.0434782608695652 0
  2 8 1 0 56 0 0.0714285714285714 1.71428571428571 0 0
  2 9 1 0 51 0 1.68627450980392 0.235294117647059 0.0392156862745098 0
  2 10 1 0 44 0 1.22727272727273 1.04545454545455 0 0
  2 11 1 0 49 0 0.857142857142857 1.18367346938776 0 0
  2 12 1 0 50 0 1.38 0.62 0 0
  2 13 1 0 48 0 0.854166666666667 1.22916666666667 0 0
  2 14 1 0 52 0 1.17307692307692 0.75 0 0
  2 15 1 0 31 0 1.54838709677419 1.67741935483871 0 0
  2 16 1 0 38 0 1.89473684210526 0.736842105263158 0 0
  2 17 1 0 26 0 1.57692307692308 2.26923076923077 0 0
  2 18 1 0 33 0 1.39393939393939 1.63636363636364 0 0
  2 19 1 0 31 0 2.09677419354839 1.12903225806452 0 0
  2 20 1 0 38 0 1.81578947368421 0.815789473684211 0 0
  2 21 1 0 30 0 2.13333333333333 1.2 0 0
  2 22 1 0 35 0.0285714285714286 2.2 0.628571428571429 0 0
  2 23 1 0 35 0 0.571428571428571 2.28571428571429 0 0
  2 24 1 0 26 0 2.76923076923077 1.07692307692308 0 0
  2 25 1 0 32 0 1.25 1.875 0 0
  2 26 1 0 26 0.0384615384615385 2.76923076923077 1.03846153846154 0 0
  2 27 1 0 37 0 1.05405405405405 1.64864864864865 0 0
  2 28 1 0 35 0 2.45714285714286 0.4 0 0
  2 29 1 0 33 0 1.27272727272727 1.75757575757576 0 0
  2 30 1 0 45 0 1.82222222222222 0.4 0 0
  2 31 1 0 34 0 1.55882352941176 1.38235294117647 0 0
  2 32 1 0 36 0.0277777777777778 1.72222222222222 1 0.0277777777777778 0
  2 33 1 0 42 0 0.0714285714285714 2.30952380952381 0 0
  2 34 1 0 34 0 2.52941176470588 0.411764705882353 0 0
  2 35 1 0 35 0 0.971428571428571 1.88571428571429 0 0
  2 36 1 0 28 0.0714285714285714 2.07142857142857 1.42857142857143 0 0
  2 37 1 0 22 0.0454545454545455 3.59090909090909 0.909090909090909 0 0
  2 38 1 0 32 0 1.65625 1.46875 0 0
  2 39 1 0 27 0 0.37037037037037 3.33333333333333 0 0
  2 40 1 0 39 0 1.87179487179487 0.692307692307692 0 0
  2 41 1 0 20 0 3.1 1.85 0.05 0
  2 42 1 0 30 0 0.833333333333333 2.5 0 0
  2 1 2 0 16 1.3125 1.125 1.8125 1.1875 0.8125
  2 2 2 0 20 0.8 0.75 1.35 0.85 1.25
  2 3 2 0 34 0.352941176470588 0.617647058823529 0.588235294117647 0.558823529411765 0.823529411764706
  2 4 2 0 15 0.733333333333333 1.46666666666667 1.8 1.53333333333333 1.13333333333333
  2 5 2 0 4 5.75 4.25 5 5 5
  2 6 2 0 7 2.71428571428571 3.28571428571429 2 3 3.28571428571429
  2 7 2 0 18 1.11111111111111 1.16666666666667 1.27777777777778 0.722222222222222 1.27777777777778
  2 8 2 0 22 1.09090909090909 0.909090909090909 0.5 0.863636363636364 1.18181818181818
  2 9 2 0 21 1.19047619047619 1.04761904761905 0.714285714285714 0.952380952380952 0.857142857142857
  2 10 2 0 11 2.27272727272727 1.63636363636364 1.63636363636364 1.81818181818182 1.72727272727273
  2 11 2 0 7 2.57142857142857 3.42857142857143 2.71428571428571 1.71428571428571 3.85714285714286
  2 12 2 0 19 0.894736842105263 1.26315789473684 1 1.15789473684211 0.947368421052632
  2 13 2 0 32 0.84375 0.5 0.6875 0.5625 0.53125
  2 14 2 0 34 0.794117647058823 0.617647058823529 0.5 0.647058823529412 0.382352941176471
  2 15 2 0 27 1.03703703703704 0.518518518518518 0.888888888888889 0.62962962962963 0.62962962962963
  2 16 2 0 42 0.380952380952381 0.595238095238095 0.428571428571429 0.452380952380952 0.523809523809524
  2 17 2 0 34 0.529411764705882 0.5 0.441176470588235 0.676470588235294 0.794117647058823
  2 18 2 0 28 0.821428571428571 0.678571428571429 0.678571428571429 0.714285714285714 0.678571428571429
  2 19 2 0 26 0.653846153846154 1.03846153846154 0.923076923076923 0.923076923076923 0.307692307692308
  2 20 2 0 32 0.75 0.5625 0.53125 0.5 0.78125
  2 21 2 0 37 0.567567567567568 0.540540540540541 0.567567567567568 0.513513513513513 0.513513513513513
  2 22 2 0 38 0.473684210526316 0.526315789473684 0.657894736842105 0.368421052631579 0.605263157894737
  2 23 2 0 41 0.634146341463415 0.365853658536585 0.536585365853659 0.365853658536585 0.536585365853659
  2 24 2 0 33 0.666666666666667 0.515151515151515 0.727272727272727 0.484848484848485 0.636363636363636
  2 25 2 0 45 0.533333333333333 0.377777777777778 0.4 0.466666666666667 0.444444444444444
  2 26 2 0 28 0.678571428571429 0.571428571428571 0.857142857142857 0.75 0.714285714285714
  2 27 2 0 47 0.382978723404255 0.297872340425532 0.659574468085106 0.361702127659574 0.425531914893617
  2 28 2 0 22 0.772727272727273 1.09090909090909 0.727272727272727 1.09090909090909 0.863636363636364
  2 29 2 0 40 0.325 0.625 0.825 0.325 0.4
  2 30 2 0 28 0.607142857142857 0.857142857142857 0.714285714285714 0.821428571428571 0.571428571428571
  2 31 2 0 32 0.5 0.8125 0.4375 0.6875 0.6875
  2 32 2 0 40 0.475 0.4 0.6 0.525 0.5
  2 33 2 0 43 0.534883720930233 0.720930232558139 0.348837209302326 0.488372093023256 0.232558139534884
  2 34 2 0 46 0.391304347826087 0.478260869565217 0.456521739130435 0.282608695652174 0.565217391304348
  2 35 2 0 60 0.316666666666667 0.3 0.383333333333333 0.383333333333333 0.283333333333333
  2 36 2 0 49 0.510204081632653 0.36734693877551 0.326530612244898 0.530612244897959 0.306122448979592
  2 37 2 0 32 0.65625 0.90625 0.4375 0.65625 0.46875
  2 38 2 0 30 0.9 0.666666666666667 0.633333333333333 0.5 0.633333333333333
  2 39 2 0 29 0.724137931034483 0.517241379310345 0.862068965517241 0.655172413793103 0.689655172413793
  2 40 2 0 31 0.451612903225806 0.741935483870968 0.870967741935484 0.838709677419355 0.32258064516129
  2 41 2 0 14 1.5 0.857142857142857 2 1.64285714285714 1.14285714285714
  2 42 2 0 19 0.894736842105263 1.26315789473684 1.52631578947368 0.684210526315789 0.894736842105263
  2 2 3 0 3 0 0 3 30.3333333333333 0
  2 3 3 0 3 3.33333333333333 29.6666666666667 0 0.333333333333333 0
  2 4 3 0 7 0.142857142857143 2.71428571428571 11.4285714285714 0 0
  2 5 3 0 1 7 92 0 1 0
  2 6 3 0 14 0.142857142857143 2 4.85714285714286 0.142857142857143 0
  2 8 3 0 10 1.3 8.6 0.1 0 0
  2 9 3 0 6 2.16666666666667 13.8333333333333 0.666666666666667 0 0
  2 10 3 0 2 5 38 6.5 0.5 0
  2 12 3 0 1 10 72 17 1 0
  2 14 3 0 9 1 9.22222222222222 0.888888888888889 0 0
  2 15 3 0 5 2 15.8 2 0.2 0
  2 16 3 0 9 1.22222222222222 9.66666666666667 0.222222222222222 0 0
  2 17 3 0 9 0.222222222222222 1.77777777777778 8.77777777777778 0.333333333333333 0
  2 18 3 0 13 1.07692307692308 5.61538461538461 0.692307692307692 0.307692307692308 0
  2 19 3 0 14 1 6 0.142857142857143 0 0
  2 20 3 0 19 0.263157894736842 2.84210526315789 2.05263157894737 0.105263157894737 0
  2 21 3 0 20 0.45 4.3 0.05 0.2 0
  2 22 3 0 23 0.478260869565217 3.82608695652174 0.0434782608695652 0 0
  2 23 3 0 26 0.384615384615385 3.23076923076923 0.230769230769231 0 0
  2 24 3 0 28 0.178571428571429 1.32142857142857 2.03571428571429 0.0357142857142857 0
  2 25 3 0 20 0.5 3.85 0.4 0.25 0
  2 26 3 0 7 1.42857142857143 11.8571428571429 0.857142857142857 0.142857142857143 0
  2 27 3 0 5 1.4 17.6 1 0 0
  2 29 3 0 6 2.66666666666667 12.8333333333333 1.16666666666667 0 0
  2 30 3 0 14 0.785714285714286 6.28571428571429 0.0714285714285714 0 0
  2 31 3 0 7 2.28571428571429 11.7142857142857 0.285714285714286 0 0
  2 32 3 0 20 0.05 1.65 3.25 0.05 0
  2 33 3 0 18 0.5 3.5 0.611111111111111 0.944444444444444 0
  2 34 3 0 15 0.733333333333333 5.4 0.4 0.133333333333333 0
  2 35 3 0 28 0.285714285714286 2.85714285714286 0.428571428571429 0 0
  2 36 3 0 25 0.44 3.52 0.04 0 0
  2 37 3 0 19 0.578947368421053 4.63157894736842 0.0526315789473684 0 0
  2 38 3 0 33 0.242424242424242 2.57575757575758 0.212121212121212 0 0
  2 39 3 0 32 0.3125 2.375 0.4375 0 0
  2 40 3 0 34 0.323529411764706 2.14705882352941 0.470588235294118 0 0
  2 41 3 0 20 0.2 1.05 3.25 0.5 0
  2 42 3 0 27 0.111111111111111 1 1.11111111111111 1.48148148148148 0
  2 1 4 0 44 0 0 2.11363636363636 0.159090909090909 0
  2 2 4 0 75 0 0 1.18666666666667 0.146666666666667 0
  2 3 4 0 66 0.0454545454545455 1.45454545454545 0.0151515151515152 0 0
  2 4 4 0 54 0.037037037037037 1.31481481481481 0.5 0 0
  2 5 4 0 31 0 2.45161290322581 0.774193548387097 0 0
  2 6 4 0 24 0 2.125 2.04166666666667 0 0
  2 7 4 0 20 0.1 4.6 0.3 0 0
  2 8 4 0 25 0 1.32 2.68 0 0
  2 9 4 0 44 0 2.20454545454545 0.0681818181818182 0 0
  2 10 4 0 36 0.0277777777777778 1.94444444444444 0.805555555555556 0 0
  2 11 4 0 22 0.0454545454545455 3.22727272727273 1.27272727272727 0 0
  2 12 4 0 21 0.142857142857143 4.19047619047619 0.428571428571429 0 0
  2 13 4 0 26 0 3.30769230769231 0.538461538461538 0 0
  2 14 4 0 35 0 2.57142857142857 0.285714285714286 0 0
  2 15 4 0 21 0 4.28571428571429 0.476190476190476 0 0
  2 16 4 0 30 0.0666666666666667 3.2 0.0666666666666667 0 0
  2 17 4 0 40 0 2.05 0.45 0 0
  2 18 4 0 42 0.0238095238095238 1.88095238095238 0.476190476190476 0 0
  2 19 4 0 46 0.0869565217391304 2.02173913043478 0.0652173913043478 0 0
  2 20 4 0 37 0.027027027027027 2.51351351351351 0.162162162162162 0 0
  2 21 4 0 44 0.0227272727272727 1.93181818181818 0.318181818181818 0 0
  2 22 4 0 42 0.0714285714285714 2.02380952380952 0.285714285714286 0 0
  2 23 4 0 35 0 2.4 0.457142857142857 0 0
  2 24 4 0 26 0.153846153846154 3.23076923076923 0.461538461538462 0 0
  2 25 4 0 19 0.0526315789473684 4.10526315789474 1.10526315789474 0 0
  2 26 4 0 29 0.137931034482759 3.13793103448276 0.172413793103448 0 0
  2 27 4 0 10 0.2 8.3 1.5 0 0
  2 28 4 0 20 0.1 4.65 0.25 0 0
  2 29 4 0 25 0 3.6 0.4 0 0
  2 30 4 0 18 0.0555555555555556 5.11111111111111 0.388888888888889 0 0
  2 31 4 0 24 0.0833333333333333 3.20833333333333 0.875 0 0
  2 32 4 0 21 0.0476190476190476 4.33333333333333 0.380952380952381 0 0
  2 33 4 0 10 0.1 5.5 4.4 0 0
  2 34 4 0 12 0 7.66666666666667 0.666666666666667 0 0
  2 35 4 0 29 0.0689655172413793 2.62068965517241 0.758620689655172 0 0
  2 36 4 0 17 0.117647058823529 5.29411764705882 0.470588235294118 0 0
  2 37 4 0 39 0.0512820512820513 2.30769230769231 0.205128205128205 0 0
  2 38 4 0 9 0.111111111111111 8.66666666666667 2.33333333333333 0 0
  2 39 4 0 50 0 1.12 0.88 0 0
  2 40 4 0 15 0.2 5.13333333333333 1.33333333333333 0 0
  2 41 4 0 7 0.142857142857143 9.71428571428571 4.42857142857143 0 0
  2 42 4 0 9 0.222222222222222 7.77777777777778 3.11111111111111 0 0
# end survey length observations 
#  
# Fishery catch data 
# Number of observations, init_int Ncatch_obs
  168
# init_matrix obs_catch_biomass(1,Ncatch_obs,1,6) 
# Fleet	Area	Year	Species	Catch(biomass t)	CV 
  1 1 1 1 15321.8931779861 0.05
  1 1 2 1 19204.6512326042 0.05
  1 1 3 1 17541.9172808095 0.05
  1 1 4 1 20599.4309100667 0.05
  1 1 5 1 24442.4461904044 0.05
  1 1 6 1 15187.8234175414 0.05
  1 1 7 1 15762.362200519 0.05
  1 1 8 1 13371.4452581354 0.05
  1 1 9 1 13038.0374599125 0.05
  1 1 10 1 16284.3748883585 0.05
  1 1 11 1 21825.7328747977 0.05
  1 1 12 1 17221.8896073613 0.05
  1 1 13 1 17884.8212460133 0.05
  1 1 14 1 15429.1466353636 0.05
  1 1 15 1 13366.1458226733 0.05
  1 1 16 1 8384.85396540837 0.05
  1 1 17 1 8410.93956261215 0.05
  1 1 18 1 4828.05211259151 0.05
  1 1 19 1 4019.41272163124 0.05
  1 1 20 1 4864.29309160181 0.05
  1 1 21 1 3887.58398323211 0.05
  1 1 22 1 5072.76910443595 0.05
  1 1 23 1 3936.9310962453 0.05
  1 1 24 1 5983.64019383683 0.05
  1 1 25 1 4099.90492177676 0.05
  1 1 26 1 6024.38202474237 0.05
  1 1 27 1 1981.97569177206 0.05
  1 1 28 1 1918.33834867107 0.05
  1 1 29 1 2305.67373367254 0.05
  1 1 30 1 3751.48600492339 0.05
  1 1 31 1 4308.08733621738 0.05
  1 1 32 1 4069.1380207655 0.05
  1 1 33 1 1721.36389516219 0.05
  1 1 34 1 2063.26459921426 0.05
  1 1 35 1 1145.79150665997 0.05
  1 1 36 1 718.722902066745 0.05
  1 1 37 1 1056.02896395342 0.05
  1 1 38 1 1043.19346411548 0.05
  1 1 39 1 895.166872874873 0.05
  1 1 40 1 601.521482565209 0.05
  1 1 41 1 616.492230192195 0.05
  1 1 42 1 376.50780519999 0.05
  1 1 1 4 6480.39471021231 0.05
  1 1 2 4 4539.19273158657 0.05
  1 1 3 4 6727.30422033255 0.05
  1 1 4 4 6601.91568509776 0.05
  1 1 5 4 8261.54662019515 0.05
  1 1 6 4 9184.79343650083 0.05
  1 1 7 4 6338.96378544852 0.05
  1 1 8 4 6996.77848686158 0.05
  1 1 9 4 6470.58466842355 0.05
  1 1 10 4 7262.58979604979 0.05
  1 1 11 4 7752.6140216884 0.05
  1 1 12 4 8979.15447825917 0.05
  1 1 13 4 14299.4895488901 0.05
  1 1 14 4 11582.9541707701 0.05
  1 1 15 4 8089.86793260009 0.05
  1 1 16 4 5642.63944372862 0.05
  1 1 17 4 12835.1023271459 0.05
  1 1 18 4 4670.32479434723 0.05
  1 1 19 4 5231.6244596775 0.05
  1 1 20 4 9353.50544121322 0.05
  1 1 21 4 4186.02420859348 0.05
  1 1 22 4 4817.05103112449 0.05
  1 1 23 4 7445.23718426288 0.05
  1 1 24 4 7337.64316611826 0.05
  1 1 25 4 6475.65057692314 0.05
  1 1 26 4 4869.50901833733 0.05
  1 1 27 4 3134.96200956774 0.05
  1 1 28 4 1979.97464609193 0.05
  1 1 29 4 4868.90795440685 0.05
  1 1 30 4 3750.0756989705 0.05
  1 1 31 4 2011.0062078807 0.05
  1 1 32 4 3706.34679001926 0.05
  1 1 33 4 3489.3757158683 0.05
  1 1 34 4 2779.71180587957 0.05
  1 1 35 4 3697.59675466576 0.05
  1 1 36 4 3083.74997876985 0.05
  1 1 37 4 5120.37878236216 0.05
  1 1 38 4 4303.76961479958 0.05
  1 1 39 4 4907.94209644183 0.05
  1 1 40 4 3460.54252463348 0.05
  1 1 41 4 3141.2414614503 0.05
  1 1 42 4 2460.65593883421 0.05
  2 1 1 2 1354.91741419276 0.05
  2 1 2 2 871.57855575572 0.05
  2 1 3 2 1582.84888670456 0.05
  2 1 4 2 860.621165256619 0.05
  2 1 5 2 1336.7232474946 0.05
  2 1 6 2 1149.37823386261 0.05
  2 1 7 2 719.492631520655 0.05
  2 1 8 2 848.606266027937 0.05
  2 1 9 2 951.784360624688 0.05
  2 1 10 2 847.995784887571 0.05
  2 1 11 2 1064.41600735406 0.05
  2 1 12 2 950.867141599069 0.05
  2 1 13 2 3704.35935836272 0.05
  2 1 14 2 1769.67038075041 0.05
  2 1 15 2 1191.81163893661 0.05
  2 1 16 2 2471.1063411317 0.05
  2 1 17 2 2041.5153991559 0.05
  2 1 18 2 27.7099346355509 0.05
  2 1 19 2 3611.72132581445 0.05
  2 1 20 2 6201.98677932813 0.05
  2 1 21 2 15098.4043004514 0.05
  2 1 22 2 14068.0419294114 0.05
  2 1 23 2 9669.63788726943 0.05
  2 1 24 2 21099.1460049186 0.05
  2 1 25 2 9445.78554584573 0.05
  2 1 26 2 13934.0831676005 0.05
  2 1 27 2 12295.7224202278 0.05
  2 1 28 2 8580.00641417108 0.05
  2 1 29 2 10197.4808794277 0.05
  2 1 30 2 8494.72446733166 0.05
  2 1 31 2 8705.4099192753 0.05
  2 1 32 2 17858.8612901137 0.05
  2 1 33 2 10747.6646545394 0.05
  2 1 34 2 19944.3536799946 0.05
  2 1 35 2 19480.1090026584 0.05
  2 1 36 2 22554.4476507902 0.05
  2 1 37 2 19451.5865220547 0.05
  2 1 38 2 16654.5043436972 0.05
  2 1 39 2 12006.6681426467 0.05
  2 1 40 2 6329.00393809839 0.05
  2 1 41 2 6129.84383325826 0.05
  2 1 42 2 1552.29738317999 0.05
  2 1 1 3 492.789654826563 0.05
  2 1 2 3 222.993196231258 0.05
  2 1 3 3 319.694825298716 0.05
  2 1 4 3 393.167580871347 0.05
  2 1 5 3 2937.65827282206 0.05
  2 1 6 3 3387.56534889884 0.05
  2 1 7 3 2762.43644338796 0.05
  2 1 8 3 2545.75695942124 0.05
  2 1 9 3 3348.47278251451 0.05
  2 1 10 3 2654.49801885612 0.05
  2 1 11 3 3173.59709099723 0.05
  2 1 12 3 581.629794987183 0.05
  2 1 13 3 2196.38609572373 0.05
  2 1 14 3 1270.42178197241 0.05
  2 1 15 3 995.885871705215 0.05
  2 1 16 3 913.518509806391 0.05
  2 1 17 3 16670.3455433305 0.05
  2 1 18 3 1128.80695426394 0.05
  2 1 19 3 844.43317802181 0.05
  2 1 20 3 676.32626589824 0.05
  2 1 21 3 521.140332121279 0.05
  2 1 22 3 2314.26944034075 0.05
  2 1 23 3 1156.06942662629 0.05
  2 1 24 3 215.711924294369 0.05
  2 1 25 3 957.633421612117 0.05
  2 1 26 3 2343.64642609759 0.05
  2 1 27 3 2483.34549703247 0.05
  2 1 28 3 636.417666156021 0.05
  2 1 29 3 1592.0066830762 0.05
  2 1 30 3 2166.19356113459 0.05
  2 1 31 3 1577.36896228195 0.05
  2 1 32 3 638.872499726738 0.05
  2 1 33 3 181.133158557783 0.05
  2 1 34 3 128.921369296365 0.05
  2 1 35 3 156.851593798084 0.05
  2 1 36 3 2051.5622876265 0.05
  2 1 37 3 2156.24920257491 0.05
  2 1 38 3 1085.41486613091 0.05
  2 1 39 3 939.039684392283 0.05
  2 1 40 3 1657.64295207971 0.05
  2 1 41 3 16455.2569116288 0.05
  2 1 42 3 18097.0186262433 0.05
# end catch observations 
#  
# Fishery size comp data 
# Number of observations, init_int Ncatch_size_obs 
  168
# init_matrix obs_catch_size(1,Ncatch_size_obs,1,ncol) 
# Fleet Area  Year  Species Type (0=whole, 1=retained, 2=discard) InpN, proportion by size bin 
  1 1 1 1 0 81 0.0123456790123457 0.37037037037037 0.432098765432099 0.037037037037037 0.382716049382716
  1 1 2 1 0 73 1.35616438356164 0 0.0136986301369863 0 0
  1 1 3 1 0 65 1.53846153846154 0 0 0 0
  1 1 4 1 0 56 1.76785714285714 0.0178571428571429 0 0 0
  1 1 5 1 0 120 0.75 0.0833333333333333 0 0 0
  1 1 6 1 0 130 0.307692307692308 0.384615384615385 0.0769230769230769 0 0
  1 1 7 1 0 94 1.06382978723404 0 0 0 0
  1 1 8 1 0 94 0.48936170212766 0.553191489361702 0.0212765957446809 0 0
  1 1 9 1 0 82 1.21951219512195 0 0 0 0
  1 1 10 1 0 76 1.31578947368421 0 0 0 0
  1 1 11 1 0 74 1.32432432432432 0.027027027027027 0 0 0
  1 1 12 1 0 65 1.53846153846154 0 0 0 0
  1 1 13 1 0 77 1.28571428571429 0.012987012987013 0 0 0
  1 1 14 1 0 88 1.11363636363636 0.0227272727272727 0 0 0
  1 1 15 1 0 66 1.5 0 0.0151515151515152 0 0
  1 1 16 1 0 69 1.43478260869565 0.0144927536231884 0 0 0
  1 1 17 1 0 43 2.27906976744186 0.0465116279069767 0 0 0
  1 1 18 1 0 34 2.88235294117647 0.0588235294117647 0 0 0
  1 1 19 1 0 55 1.76363636363636 0.0545454545454545 0 0 0
  1 1 20 1 0 64 1.546875 0.015625 0 0 0
  1 1 21 1 0 77 1.25974025974026 0.038961038961039 0 0 0
  1 1 22 1 0 67 1.49253731343284 0 0 0 0
  1 1 23 1 0 133 0.706766917293233 0.0451127819548872 0 0 0
  1 1 24 1 0 98 0.979591836734694 0.0408163265306122 0 0 0
  1 1 25 1 0 91 1.07692307692308 0.021978021978022 0 0 0
  1 1 26 1 0 77 1.28571428571429 0.012987012987013 0 0 0
  1 1 27 1 0 102 0.941176470588235 0.0392156862745098 0 0 0
  1 1 28 1 0 76 1.31578947368421 0 0 0 0
  1 1 29 1 0 110 0.854545454545454 0.0545454545454545 0 0 0
  1 1 30 1 0 100 0.99 0.01 0 0 0
  1 1 31 1 0 108 0.907407407407407 0.0185185185185185 0 0 0
  1 1 32 1 0 118 0.822033898305085 0.0254237288135593 0 0 0
  1 1 33 1 0 129 0.37984496124031 0.364341085271318 0.0310077519379845 0 0
  1 1 34 1 0 90 1.11111111111111 0 0 0 0
  1 1 35 1 0 69 1.39130434782609 0.0579710144927536 0 0 0
  1 1 36 1 0 80 1.2375 0.0125 0 0 0
  1 1 37 1 0 62 1.61290322580645 0 0 0 0
  1 1 38 1 0 94 1.03191489361702 0.0319148936170213 0 0 0
  1 1 39 1 0 75 0.773333333333333 0.506666666666667 0.0533333333333333 0 0
  1 1 40 1 0 75 1.32 0 0.0133333333333333 0 0
  1 1 41 1 0 35 2.77142857142857 0.0857142857142857 0 0 0
  1 1 42 1 0 22 4.40909090909091 0.0909090909090909 0.0454545454545455 0 0
  1 1 1 4 0 5 3.6 0 0 0 16.4
  1 1 2 4 0 5 20 0 0 0 0
  1 1 3 4 0 5 20 0 0 0 0
  1 1 4 4 0 5 20 0 0 0 0
  1 1 5 4 0 5 20 0 0 0 0
  1 1 6 4 0 5 20 0 0 0 0
  1 1 7 4 0 5 20 0 0 0 0
  1 1 8 4 0 5 20 0 0 0 0
  1 1 9 4 0 5 20 0 0 0 0
  1 1 10 4 0 5 20 0 0 0 0
  1 1 11 4 0 1 100 0 0 0 0
  1 1 12 4 0 5 20 0 0 0 0
  1 1 13 4 0 1 100 0 0 0 0
  1 1 14 4 0 2 50 0 0 0 0
  1 1 15 4 0 8 12.5 0 0 0 0
  1 1 16 4 0 3 33.3333333333333 0 0 0 0
  1 1 17 4 0 3 33.3333333333333 0 0 0 0
  1 1 18 4 0 1 100 0 0 0 0
  1 1 19 4 0 3 33.3333333333333 0 0 0 0
  1 1 20 4 0 3 33.3333333333333 0 0 0 0
  1 1 21 4 0 3 33.3333333333333 0 0 0 0
  1 1 22 4 0 2 50 0 0 0 0
  1 1 23 4 0 6 16.6666666666667 0 0 0 0
  1 1 24 4 0 1 100 0 0 0 0
  1 1 25 4 0 1 100 0 0 0 0
  1 1 26 4 0 2 50 0 0 0 0
  1 1 27 4 0 2 50 0 0 0 0
  1 1 28 4 0 4 25 0 0 0 0
  1 1 29 4 0 7 14.2857142857143 0 0 0 0
  1 1 30 4 0 6 16.6666666666667 0 0 0 0
  1 1 31 4 0 10 10 0 0 0 0
  1 1 32 4 0 7 14.2857142857143 0 0 0 0
  1 1 33 4 0 15 6.66666666666667 0 0 0 0
  1 1 34 4 0 19 5.26315789473684 0 0 0 0
  1 1 35 4 0 13 7.69230769230769 0 0 0 0
  1 1 36 4 0 23 4.34782608695652 0 0 0 0
  1 1 37 4 0 7 14.2857142857143 0 0 0 0
  1 1 38 4 0 7 14.2857142857143 0 0 0 0
  1 1 39 4 0 19 5.26315789473684 0 0 0 0
  1 1 40 4 0 25 4 0 0 0 0
  1 1 41 4 0 31 3.2258064516129 0 0 0 0
  1 1 42 4 0 31 3.2258064516129 0 0 0 0
  2 1 1 2 0 2 0 23.5 20 6.5 0
  2 1 2 2 0 5 4.4 2 8.6 5 0
  2 1 3 2 0 2 50 0 0 0 0
  2 1 4 2 0 5 11 9 0 0 0
  2 1 5 2 0 5 20 0 0 0 0
  2 1 6 2 0 5 18.8 1.2 0 0 0
  2 1 7 2 0 5 20 0 0 0 0
  2 1 8 2 0 1 100 0 0 0 0
  2 1 9 2 0 5 20 0 0 0 0
  2 1 10 2 0 5 20 0 0 0 0
  2 1 11 2 0 2 50 0 0 0 0
  2 1 12 2 0 5 20 0 0 0 0
  2 1 13 2 0 5 20 0 0 0 0
  2 1 14 2 0 5 20 0 0 0 0
  2 1 15 2 0 5 20 0 0 0 0
  2 1 16 2 0 5 20 0 0 0 0
  2 1 17 2 0 5 20 0 0 0 0
  2 1 18 2 0 5 20 0 0 0 0
  2 1 19 2 0 5 20 0 0 0 0
  2 1 20 2 0 30 3.33333333333333 0 0 0 0
  2 1 21 2 0 46 2.17391304347826 0 0 0 0
  2 1 22 2 0 10 9.9 0.1 0 0 0
  2 1 23 2 0 19 5.26315789473684 0 0 0 0
  2 1 24 2 0 61 1.36065573770492 0.278688524590164 0 0 0
  2 1 25 2 0 29 3.44827586206897 0 0 0 0
  2 1 26 2 0 32 3.125 0 0 0 0
  2 1 27 2 0 16 6.0625 0.1875 0 0 0
  2 1 28 2 0 31 3.2258064516129 0 0 0 0
  2 1 29 2 0 44 2.27272727272727 0 0 0 0
  2 1 30 2 0 29 3.44827586206897 0 0 0 0
  2 1 31 2 0 25 4 0 0 0 0
  2 1 32 2 0 22 3.36363636363636 1.18181818181818 0 0 0
  2 1 33 2 0 35 2.85714285714286 0 0 0 0
  2 1 34 2 0 28 3.5 0.0714285714285714 0 0 0
  2 1 35 2 0 45 2.22222222222222 0 0 0 0
  2 1 36 2 0 51 1.96078431372549 0 0 0 0
  2 1 37 2 0 41 2.4390243902439 0 0 0 0
  2 1 38 2 0 36 2.75 0.0277777777777778 0 0 0
  2 1 39 2 0 20 4.85 0.15 0 0 0
  2 1 40 2 0 14 7 0.142857142857143 0 0 0
  2 1 41 2 0 17 5.76470588235294 0.117647058823529 0 0 0
  2 1 42 2 0 24 4.16666666666667 0 0 0 0
  2 1 1 3 0 1 18 0 76 6 0
  2 1 2 3 0 5 6.8 0 5.2 8 0
  2 1 3 3 0 5 20 0 0 0 0
  2 1 4 3 0 1 100 0 0 0 0
  2 1 5 3 0 6 16.5 0.166666666666667 0 0 0
  2 1 6 3 0 4 24.75 0.25 0 0 0
  2 1 7 3 0 5 20 0 0 0 0
  2 1 8 3 0 1 99 1 0 0 0
  2 1 9 3 0 1 100 0 0 0 0
  2 1 10 3 0 1 100 0 0 0 0
  2 1 11 3 0 2 50 0 0 0 0
  2 1 12 3 0 5 20 0 0 0 0
  2 1 13 3 0 4 24.75 0.25 0 0 0
  2 1 14 3 0 8 12.5 0 0 0 0
  2 1 15 3 0 11 9.09090909090909 0 0 0 0
  2 1 16 3 0 5 20 0 0 0 0
  2 1 17 3 0 5 19.8 0.2 0 0 0
  2 1 18 3 0 1 100 0 0 0 0
  2 1 19 3 0 1 100 0 0 0 0
  2 1 20 3 0 4 25 0 0 0 0
  2 1 21 3 0 3 32.6666666666667 0.666666666666667 0 0 0
  2 1 22 3 0 4 25 0 0 0 0
  2 1 23 3 0 3 33 0.333333333333333 0 0 0
  2 1 24 3 0 3 33 0.333333333333333 0 0 0
  2 1 25 3 0 2 50 0 0 0 0
  2 1 26 3 0 4 25 0 0 0 0
  2 1 27 3 0 5 19.8 0.2 0 0 0
  2 1 28 3 0 4 25 0 0 0 0
  2 1 29 3 0 4 25 0 0 0 0
  2 1 30 3 0 24 4.16666666666667 0 0 0 0
  2 1 31 3 0 10 9.9 0.1 0 0 0
  2 1 32 3 0 12 8.33333333333333 0 0 0 0
  2 1 33 3 0 4 25 0 0 0 0
  2 1 34 3 0 6 16.6666666666667 0 0 0 0
  2 1 35 3 0 2 49.5 0.5 0 0 0
  2 1 36 3 0 10 10 0 0 0 0
  2 1 37 3 0 9 11.1111111111111 0 0 0 0
  2 1 38 3 0 13 7.53846153846154 0.153846153846154 0 0 0
  2 1 39 3 0 16 6.1875 0 0.0625 0 0
  2 1 40 3 0 27 3.7037037037037 0 0 0 0
  2 1 41 3 0 15 6.66666666666667 0 0 0 0
  2 1 42 3 0 16 6.25 0 0 0 0
# end fishery length observations 
#  
# Survey diet proportion observations 
# Number of observations, init_int Ndietprop_obs 
  115
# init_matrix obs_dietprop(1,Ndietprop_obs,1,ncol) 
# Survey  Year  Predator  Predator_size InpN  wt_prey_1 wt_prey_2 wt_prey_3 wt_prey_4 wt_prey_5 wt_prey_6 wt_prey_7 wt_prey_8 wt_prey_9 wt_prey_10 wt_prey_11 other 
  1 12 1 2 100 0 0 0 0 1
  1 12 1 3 100 0.59 0 0 0 0.41
  1 13 1 3 100 0 0.04 0 0 0.96
  1 13 1 4 100 0 0.96 0 0 0.04
  1 15 1 2 100 0 0.09 0 0 0.91
  1 18 1 1 100 0.52 0 0 0 0.48
  1 18 1 2 100 0.07 0 0 0 0.93
  1 18 1 3 100 0 0.23 0 0 0.77
  1 19 1 2 100 0 0.32 0 0 0.68
  1 19 1 3 100 0 0.27 0 0 0.73
  1 20 1 3 100 0 0.01 0 0 0.99
  1 21 1 2 100 0 0.08 0 0 0.92
  1 21 1 3 100 0 0.3 0 0 0.7
  1 24 1 3 100 0 0.27 0 0 0.73
  1 25 1 3 100 0 0.17 0 0 0.83
  1 26 1 3 100 0 0.41 0.36 0 0.23
  1 27 1 3 100 0 0.03 0.54 0 0.43
  1 28 1 3 100 0 0.88 0 0 0.12
  1 33 1 3 100 0 0.41 0 0 0.59
  1 34 1 3 100 0 0.47 0 0 0.53
  1 35 1 3 100 0 0.58 0 0 0.42
  1 38 1 3 100 0 0.02 0 0 0.98
  1 39 1 3 100 0 0.35 0 0 0.65
  1 40 1 2 100 0 0.3 0 0 0.7
  1 41 1 2 100 0 0 0.25 0 0.75
  2 2 1 4 100 0 0.14 0 0 0.86
  2 11 1 3 100 0 0.06 0 0 0.94
  2 14 1 3 100 0 0.09 0 0 0.91
  2 14 1 4 100 0 0.9 0 0 0.1
  2 15 1 3 100 0 0.15 0 0 0.85
  2 16 1 3 100 0 0.15 0.15 0 0.7
  2 16 1 4 100 0 0.51 0 0 0.49
  2 19 1 3 100 0 0 0.12 0 0.88
  2 19 1 4 100 0 0 0.21 0 0.79
  2 21 1 3 100 0 0.03 0 0 0.97
  2 21 1 4 100 0 0.25 0 0 0.75
  2 22 1 3 100 0 1 0 0 0
  2 23 1 3 100 0 0 0 0 1
  2 24 1 3 100 0 0 0 0 1
  2 24 1 4 100 0 0 0 0 1
  2 25 1 2 100 0 0 0 0 1
  2 25 1 3 100 0 0.35 0 0 0.65
  2 26 1 3 100 0 0.13 0.12 0 0.75
  2 27 1 3 100 0 0.09 0 0 0.91
  2 27 1 4 100 0 0.56 0 0 0.44
  2 29 1 3 100 0 0.43 0 0 0.57
  2 33 1 3 100 0 0.7 0 0 0.3
  2 35 1 1 100 0 0.63 0 0 0.37
  2 35 1 2 100 0 0 0 0 1
  2 35 1 3 100 0 0 0 0 1
  2 36 1 3 100 0 0.05 0 0 0.95
  2 39 1 3 100 0 0.26 0 0 0.74
  2 40 1 2 100 0 0 0.12 0 0.88
  2 36 2 3 100 0 0.03 0 0 0.97
  2 30 3 2 100 0 0.44 0 0 0.56
  2 30 3 4 100 0 0 0.09 0 0.91
  1 8 4 2 100 0 0.07 0 0 0.93
  1 8 4 3 100 0 0 0 0.12 0.88
  1 11 4 3 100 0 0 0 0 1
  1 13 4 2 100 0 1 0 0 0
  1 13 4 3 100 0 0.1 0 0 0.9
  1 13 4 4 100 0 0.33 0 0 0.67
  1 14 4 3 100 0 0.54 0 0 0.46
  1 15 4 3 100 0 0 0.48 0 0.52
  1 15 4 4 100 0 0.07 0.05 0 0.88
  1 16 4 3 100 0 0 0 0 1
  1 16 4 4 100 0 0.21 0 0 0.79
  1 17 4 3 100 0 0.2 0 0 0.8
  1 18 4 3 100 0 0.06 0 0 0.94
  1 19 4 2 100 0 0 0.33 0 0.67
  1 19 4 3 100 0 0 0.87 0 0.13
  1 20 4 2 100 0 0 0 0 1
  1 20 4 3 100 1 0 0 0 0
  1 21 4 3 100 0 0.02 0 0 0.98
  1 22 4 2 100 0 0 0 0 1
  1 23 4 3 100 0 0 0 0 1
  1 24 4 3 100 0 0.08 0 0 0.92
  1 25 4 3 100 0 0.14 0 0 0.86
  1 25 4 4 100 0 0.25 0 0 0.75
  1 26 4 3 100 0 0.14 0 0 0.86
  1 27 4 2 100 0 0.31 0 0 0.69
  1 27 4 3 100 0 0.29 0.13 0 0.58
  1 28 4 2 100 0 0 0.24 0 0.76
  1 28 4 3 100 0 0.35 0 0 0.65
  1 29 4 3 100 0 0.22 0.03 0 0.75
  1 31 4 3 100 0 0.06 0.01 0 0.93
  1 31 4 4 100 0 0.95 0 0 0.05
  1 34 4 3 100 0 0 0 0 1
  1 40 4 3 100 0 0.13 0 0 0.87
  1 40 4 4 100 0 0.35 0 0 0.65
  1 42 4 3 100 0.12 0.01 0 0 0.87
  2 6 4 3 100 0 0 0.02 0 0.98
  2 8 4 3 100 0 0 0.24 0 0.76
  2 9 4 4 100 0 0 0 0.1 0.9
  2 14 4 4 100 0 0 0 0 1
  2 15 4 3 100 0 0 0 0 1
  2 16 4 3 100 0 0.04 0 0 0.96
  2 17 4 2 100 0 0.2 0 0 0.8
  2 18 4 3 100 0 0.01 0 0 0.99
  2 19 4 3 100 0 0.05 0 0 0.95
  2 21 4 3 100 0 0.16 0 0 0.84
  2 22 4 3 100 0 0.27 0 0 0.73
  2 23 4 3 100 0 0.12 0.19 0 0.69
  2 24 4 3 100 0 0.39 0.07 0 0.54
  2 25 4 3 100 0 0.38 0 0 0.62
  2 25 4 4 100 0 0 0.9 0 0.1
  2 27 4 3 100 0 0.11 0 0 0.89
  2 30 4 3 100 0 0.23 0 0 0.77
  2 33 4 3 100 0 0.08 0 0 0.92
  2 34 4 3 100 0 1 0 0 0
  2 35 4 3 100 0 0.58 0 0 0.42
  2 36 4 2 100 0 0.66 0 0 0.34
  2 36 4 3 100 0 0.85 0 0 0.15
  2 37 4 3 100 0 0.18 0 0 0.82
  2 42 4 3 100 0 0 0.75 0 0.25
# end survey diet proportion observations 
#  
