# This file was created using the write_tsDatFile function and used all the simulated data from sim_dta.rds found in repo:Hydra-self-testing
# Survey index data 
# Number of observations, init_int Nsurvey_obs
  329
# init_matrix obs_survey_biomass(1,Nsurvey_obs,1,5)
# survey year spp value cv
  1 1 4 665775.161248747 0.212720515437525
  2 1 4 322002.831429755 0.25363203301826
  1 2 4 28186.0255747448 0.222168779300385
  2 2 4 16880.8445241861 0.187773345626693
  1 3 4 206025.358634147 0.394113240257454
  2 3 4 4835.53671270339 0.423618201694685
  1 4 4 402624.308033797 0.310035034727007
  2 4 4 9853.60790911176 0.327069686277164
  1 5 4 157456.814378569 0.378629084128514
  2 5 4 5996.97889480574 0.391316523019912
  1 6 4 18557.9292616636 0.494427832556011
  2 6 4 1644.2043134787 0.376280830351703
  1 7 4 128284.054113055 0.759062286891916
  2 7 4 3573.04928407519 0.665352569827422
  1 8 4 2543.8520194384 0.383150869515862
  2 8 4 744.054078987049 0.433685089735353
  1 9 4 71406.1165506111 0.48934963094834
  2 9 4 313.415608305638 0.392371299771634
  1 10 4 24292.5483956983 0.382452035825211
  2 10 4 1029.86569374961 0.333798529002863
  1 11 4 14549.4477135679 0.566792532611316
  2 11 4 94.8650328129773 0.868042030585988
  1 12 4 17136.6785146396 0.381518572031255
  2 12 4 151.356063888722 0.445144789260538
  1 13 4 20426.0678099476 0.438380584739347
  2 13 4 313.817496094122 0.947226139495183
  1 14 4 10325.6229059978 0.482345652338289
  2 14 4 270.571033773546 0.377075764230608
  1 15 4 5231.76482753326 0.420835086749712
  2 15 4 55.2413317691967 0.614716212748607
  1 16 4 16539.6906020563 0.515165860253858
  2 16 4 97.7515197461293 0.704031323768783
  1 17 4 3597.83883349348 0.559532625975744
  2 17 4 121.358062122073 0.319774204956139
  1 18 4 1045.34381226277 0.479008946214672
  2 18 4 39.2528077124785 0.41351869139049
  1 19 4 3607.8380311183 0.429419179801904
  2 19 4 57.4552501260262 0.387615780132326
  1 20 4 12978.3412645622 0.477074256852948
  2 20 4 112.742842031983 0.315868813200741
  1 21 4 6122.80887347415 0.410621521476155
  2 21 4 192.273341719391 0.630050999524052
  1 22 4 8883.17082086018 0.294672690077384
  2 22 4 217.630512853458 0.335469505128288
  1 23 4 12094.1821941239 0.477447511398437
  2 23 4 206.478897884769 0.407625761955908
  1 24 4 7211.55947371823 0.384568504019134
  2 24 4 168.497995090127 0.43049173366256
  1 25 4 5149.30353519178 0.333261603198005
  2 25 4 17.9754770976279 0.843960441627036
  1 26 4 3143.89977884985 0.685474246042822
  2 26 4 75.4878772689546 0.429620783824035
  1 27 4 4224.0259343602 0.286882992344226
  2 27 4 43.3718606412917 0.81343687860715
  1 28 4 9483.8762185895 0.371822434434906
  2 28 4 160.549518480556 0.53327636373572
  1 29 4 6921.414377304 0.592639130460935
  2 29 4 514.029657719986 0.590339711107796
  1 30 4 31818.9532270123 0.374062101432949
  2 30 4 769.309824643318 0.701775131617819
  1 31 4 11295.2009311165 0.304499664309564
  2 31 4 457.714728021152 0.210828956182955
  1 32 4 31135.867661881 0.233962995093855
  2 32 4 701.930142540935 0.329779252894958
  1 33 4 3511.4650453193 0.270006842918168
  2 33 4 607.013123461182 0.460124990024536
  1 34 4 12214.1228606097 0.350007507053818
  2 34 4 237.388714607975 0.837656243552001
  1 35 4 5277.75981448568 0.34274593698132
  2 35 4 297.211913368483 0.291986952078346
  1 36 4 21155.7485691993 0.261906583866089
  2 36 4 470.646286503262 0.425399553458769
  1 37 4 61476.679736312 0.417429035160016
  2 37 4 1702.36561839132 0.287702894520317
  1 38 4 121215.767530209 0.441211421515246
  2 38 4 8592.49447962417 0.866971810340233
  1 39 4 28765.8334311623 0.495234601454268
  2 39 4 981.3908618517 0.556663444153977
  1 40 4 7915.09481475832 0.237858203733512
  2 40 4 439.50276991207 0.295404104464232
  1 41 4 2630.22717814886 0.327346172729995
  2 41 4 306.448174952811 0.994030515469621
  1 42 4 1344.30248950994 0.368315456462939
  2 42 4 105.988324319895 0.461505384764764
  1 1 2 3.76639169957225e-264 0.601375663623589
  2 1 2 1.04292952912059e-264 0.565196579518992
  2 2 2 1.50872269690259e-209 0.686052062200317
  2 3 2 1.02422173001325e-186 0.378997614818957
  1 4 2 8.83022327106427e-192 1
  2 4 2 8.01687349876906e-193 0.459316778181236
  1 5 2 4.20600836813564e-194 0.611089023955187
  2 5 2 5.5658344622154e-196 0.780615956536472
  1 6 2 3.44816562741059e-198 0.702037850017464
  2 6 2 1.05156180333252e-199 0.461790555986525
  1 7 2 2.4728337416599e-200 0.948289691951521
  2 7 2 1.16653162781602e-201 0.685175011742778
  1 8 2 9.02737603919076e-203 0.544380631361087
  2 8 2 4.81341628418645e-204 0.424096495665332
  1 9 2 1.69326239153319e-204 0.5393131982084
  2 9 2 3.13623895451148e-205 0.454629127333952
  1 10 2 7.56169854630509e-206 0.88095039530815
  2 10 2 5.21792414692496e-207 0.419344308350161
  1 11 2 1.32125485585552e-207 0.799987970388403
  2 11 2 2.43332526798013e-208 0.839124360078806
  1 12 2 1.46721580395792e-201 0.774991903603438
  2 12 2 3.04473354256559e-204 0.424721667998453
  1 13 2 1.84581292787028e-206 0.863215133786584
  2 13 2 1.20835106949362e-207 0.387073469025502
  1 14 2 2.84593411967319e-208 0.704083892007286
  2 14 2 5.55420959953925e-209 0.312793018147624
  1 15 2 1.88849521918651e-201 0.457459057188701
  2 15 2 1.03663116245766e-203 0.459652287866146
  1 16 2 6.29068544110671e-187 0.853197309912465
  2 16 2 6.42204016733979e-189 0.628928805514438
  1 17 2 1.49818610015826e-200 0.61116783920211
  2 17 2 5.81066863092127e-202 0.3895964128798
  1 18 2 4.14503571407151e-205 0.416775375911518
  2 18 2 4.12490233678968e-206 0.495180348393774
  1 19 2 8.92002592119775e-186 0.69077510766454
  2 19 2 3.12642421234614e-188 0.347120352110889
  1 20 2 6.384016935061e-190 0.793751288508348
  2 20 2 9.6795109008589e-192 0.526946514998015
  1 21 2 8.61863703985104e-193 0.339376634127756
  2 21 2 3.00342937614592e-194 0.609998621037514
  1 22 2 3.46754463534699e-195 0.601950919776798
  2 22 2 3.8707500082105e-196 0.389299707202565
  1 23 2 8.46505005683326e-197 0.658556209578282
  2 23 2 7.57014386420582e-198 0.288585466763824
  1 24 2 6.30009579585029e-197 0.637453135075156
  2 24 2 3.13661442920429e-199 0.480513100150493
  1 25 2 3.15396529236304e-201 0.510473149998029
  2 25 2 1.89806809036249e-202 0.338488147626423
  1 26 2 5.62937236647637e-191 0.548437091427541
  2 26 2 3.0985266542969e-193 0.345955330423839
  1 27 2 9.08779601028976e-178 0.492912195981742
  2 27 2 5.37255031086745e-180 0.33164245084141
  1 28 2 1.08509687002746e-180 0.747597319880804
  2 28 2 2.09660174107468e-182 0.447853531697379
  1 29 2 4.18589212782491e-184 0.451616070879294
  2 29 2 3.39058033511995e-185 0.305275882623724
  1 30 2 3.64947683306284e-185 0.797269558848634
  2 30 2 1.17494866428452e-186 0.605264936420634
  1 31 2 1.20946406260638e-186 0.666772556553203
  2 31 2 3.98092642213506e-188 0.359836468902791
  1 32 2 2.97643715635164e-189 0.96787270074405
  2 32 2 4.89504757383567e-190 0.422601396160012
  1 33 2 6.54691485680258e-191 0.404694020855087
  2 33 2 7.19507643461209e-192 0.465820030674526
  1 34 2 7.36199881975731e-193 0.814873375751391
  2 34 2 3.94436652949468e-194 0.505954372112585
  1 35 2 2.34369716002615e-195 0.533219898766676
  2 35 2 1.30352432043439e-196 0.287403659199158
  1 36 2 7.70093328462317e-198 0.371953858881132
  2 36 2 4.02572945652016e-199 0.365560779244073
  1 37 2 1.82126552911617e-199 0.791301167226987
  2 37 2 1.3047489624379e-200 0.487536998609889
  1 38 2 4.17765000543546e-201 0.633364993316759
  2 38 2 4.78464004588218e-202 0.644823084547079
  1 39 2 6.10540407635321e-203 0.827253682697507
  2 39 2 2.14032375139214e-203 0.354235596542703
  1 40 2 4.31937481161138e-204 0.900216415173481
  2 40 2 8.03185779575748e-206 0.395846441583114
  1 41 2 8.08661101154262e-207 0.957770995377006
  2 41 2 7.1571890062263e-208 0.496084887173497
  1 42 2 6.69915335583964e-209 0.55870584954739
  2 42 2 5.02508141023159e-210 0.604660139936764
  1 1 1 141816.133929234 0.241799049430762
  2 1 1 1648332.70582394 0.250018379470286
  1 2 1 40779.8428708765 0.142636213550947
  2 2 1 139184.028825293 0.163647146277456
  1 3 1 50532.4171722257 0.225478190042395
  2 3 1 50642.7409843347 0.192013183632222
  1 4 1 175575.14804536 0.323579734794357
  2 4 1 141441.963396263 0.162432383538487
  1 5 1 69012.8366443827 0.320666395151501
  2 5 1 539446.237991146 0.822390366318268
  1 6 1 6467.04069375901 0.452044832991261
  2 6 1 60625.635547342 0.192408532269243
  1 7 1 107979.663693997 0.28209645893665
  2 7 1 25669.5430940911 0.262097825842625
  1 8 1 4906.21819690434 0.414010381101596
  2 8 1 34823.6489028782 0.189959250209439
  1 9 1 24022.7767314415 0.40638853202345
  2 9 1 8602.16203510636 0.178404315527443
  1 10 1 30127.1383469888 0.290993157294119
  2 10 1 25399.8265204485 0.156753980046499
  1 11 1 4369.50049354353 0.324615016521962
  2 11 1 19068.0410184666 0.174348711952217
  1 12 1 18473.421238878 0.294780938380682
  2 12 1 7098.37934725765 0.195232854572048
  1 13 1 6666.12124139616 0.440402569626277
  2 13 1 12981.4402645833 0.185762358850192
  1 14 1 4362.42619129575 0.372421878022742
  2 14 1 3969.05992914348 0.151581173531864
  1 15 1 1926.87978400565 0.341871348717721
  2 15 1 3038.93870411162 0.233364310094868
  1 16 1 1120.85036877106 0.416897355424411
  2 16 1 3563.49413031336 0.283802183917676
  1 17 1 869.735214283896 0.500820840736393
  2 17 1 1769.64585825192 0.495024013362717
  1 18 1 565.510425775727 0.389853340834037
  2 18 1 1917.03368435401 0.390988792530431
  1 19 1 959.634354080982 0.293941849282161
  2 19 1 556.95231870309 0.322403741112933
  1 20 1 769.232293045554 0.525509720403112
  2 20 1 1250.94616578405 0.218361153170241
  1 21 1 1845.14013163117 0.266433769579894
  2 21 1 1518.17785955463 0.421115605185845
  1 22 1 3709.28526178635 0.374831371194202
  2 22 1 2204.07911845075 0.227391091044855
  1 23 1 1231.33153309515 0.352011231642473
  2 23 1 2736.44795222606 0.384269029090844
  1 24 1 1665.79674921252 0.34725908523047
  2 24 1 790.798083778409 0.331291933735556
  1 25 1 1071.60729500951 0.578696888706846
  2 25 1 1641.96586111896 0.247394190789157
  1 26 1 2076.44875608862 0.459728456052307
  2 26 1 622.086360651806 0.394189312610479
  1 27 1 753.883719399479 0.539982548576019
  2 27 1 764.085467456837 0.72948972943007
  1 28 1 3934.03476331343 0.364309332200766
  2 28 1 1469.01504661431 0.278656828353639
  1 29 1 6088.39310001528 0.562793580097325
  2 29 1 2006.58304683935 0.316141323613091
  1 30 1 3867.13746369714 0.420348818797864
  2 30 1 6238.09515459735 0.30511736182771
  1 31 1 3593.81083294359 0.403753427903273
  2 31 1 6836.23968792004 0.278331587636247
  1 32 1 10719.5746202827 0.491331418922754
  2 32 1 9012.98922104207 0.329726795744574
  1 33 1 636.838901749947 0.537081122476055
  2 33 1 3660.4385317457 0.33086845072982
  1 34 1 2077.53844393715 0.379030815152119
  2 34 1 451.911446836131 0.278881417082292
  1 35 1 753.717737598123 0.519511456600017
  2 35 1 1413.58183720435 0.27351876283918
  1 36 1 544.378460978972 0.556056214854877
  2 36 1 502.387551619683 0.714061811185508
  1 37 1 1589.8795393459 0.588197671943964
  2 37 1 2478.84189254789 0.340315242626747
  1 38 1 3841.47148318578 0.324588369174256
  2 38 1 3211.87064468725 0.300199803594678
  1 39 1 281.033577491196 0.501841796783066
  2 39 1 2119.47285459489 0.438397059851219
  1 40 1 137.243309178488 0.403101009292275
  2 40 1 160.75543758057 0.410378233550251
  1 41 1 235.6518867489 0.478602624152216
  2 41 1 327.689983405189 0.362128776577143
  1 42 1 35.9226163685112 0.646634922078809
  2 42 1 275.743288240264 0.816170985475773
  1 1 3 85650.9123375964 0.499484636786782
  1 2 3 2232.12273445618 0.358153914340203
  2 2 3 98874.9981644027 0.577110518633802
  1 3 3 167291.250113446 0.678339172154909
  2 3 3 85453.9567920964 0.738121970739642
  1 4 3 9685.3324526942 1
  2 4 3 15044.645802578 0.52056341701904
  1 5 3 35838.3090801078 0.693225535250834
  2 5 3 40676.1927404374 1
  1 6 3 7804.75627925945 1
  2 6 3 6533.62893554983 0.48452157876779
  1 7 3 370.482441970078 0.912293822979085
  1 8 3 175.80473639638 0.655734850091527
  2 8 3 132.460714739406 0.750382084373246
  1 9 3 112.522372166666 0.670809892238012
  2 9 3 91.9488724476544 0.47273108889926
  1 10 3 152.101157688234 0.631102684426709
  2 10 3 44.6765364793964 0.919260399745188
  1 11 3 86.1843022660325 0.496475444687371
  1 12 3 35.6703620167444 0.740682868109632
  2 12 3 38.0746716588583 1
  1 13 3 459.376375165429 0.360862225436052
  1 14 3 70.2828341621894 0.547901331396328
  2 14 3 75.2376147587937 0.478873954421528
  1 15 3 194.245194588398 0.429608216382601
  2 15 3 73.2729897545569 0.654713783069401
  1 16 3 1491.59430673115 0.69118921143411
  2 16 3 249.021235598202 0.8614889831113
  1 17 3 27.1858333819835 0.426971754606328
  2 17 3 44.3742132482615 0.572182042928152
  1 18 3 41.1048602420928 0.505524319387353
  2 18 3 20.7191615553603 0.488492827246527
  1 19 3 59.8405978805747 0.644591984223249
  2 19 3 39.5271189557557 0.51925665989311
  1 20 3 12.8196698773805 0.899065435378594
  2 20 3 36.6433444046186 0.59569628754064
  1 21 3 26.4728863587982 0.543826822033971
  2 21 3 14.1860184589291 0.466111862829518
  1 22 3 53.620081422659 0.88174616562504
  2 22 3 63.8487782376159 0.568444982816852
  1 23 3 341.555171731777 0.408104676406013
  2 23 3 132.750783917205 0.357346049869971
  1 24 3 11.4407347437327 0.92608255019157
  2 24 3 40.2496755485781 0.539541007788685
  1 25 3 57.8599376981705 0.648664057223823
  2 25 3 64.1144300166474 0.576168087832409
  1 26 3 193.365658658196 0.695927823776047
  2 26 3 10.090880198542 0.549529982814455
  1 27 3 176.73225401251 0.708713243925404
  2 27 3 31.4418362827779 0.496269825160911
  1 28 3 103.531287950446 0.489543853646182
  1 29 3 94.2496248956437 0.703511357168505
  2 29 3 94.6018059678527 0.875017095315649
  1 30 3 238.383254490491 0.631659802692532
  2 30 3 84.5344247731711 0.908152223575802
  1 31 3 1810.21147199844 0.626570332091694
  2 31 3 713.492233528065 0.712465807947941
  1 32 3 125.059406521109 0.661895735249442
  2 32 3 628.792353851166 0.86012943797605
  1 33 3 117.215897125519 0.783155911787346
  2 33 3 61.8018813276745 0.598390099709208
  1 34 3 13.0200048509473 0.542775440757204
  2 34 3 32.8091786786517 0.743173480285892
  1 35 3 9.70439847893356 0.870542376054271
  2 35 3 7.8839245661994 0.446478967244395
  1 36 3 289.221283771202 0.492193512682958
  2 36 3 91.2211309835402 0.490110041691513
  1 37 3 432.12379910177 0.909630520329322
  2 37 3 525.228565435707 0.433872317628348
  1 38 3 4255.85454054096 0.644773009949607
  2 38 3 1878.16000246687 0.484949159815328
  1 39 3 571.374165085453 0.515045488987725
  2 39 3 841.770817221376 0.388710136036013
  1 40 3 1029.5608196574 0.442573167063876
  2 40 3 460.94416734346 0.395139923022642
  1 41 3 31.1766830262739 0.88587618368699
  2 41 3 111.209538771118 0.537531419606343
  1 42 3 544307.253801972 0.983269433580366
  2 42 3 449397.620603157 0.849696423298534
# end survey index observations 
#  
# Survey size comp data 
# Number of observations, init_int Nsurvey_size_obs 
  329
# init_matrix obs_survey_size(1,Nsurvey_size_obs,1,ncol) 
# Survey  Year  Species Type (0=whole, 1=retained, 2=discard) InpN, proportion by length bin 
  1 1 1 0 57 0.0175438596491228 1.05263157894737 0.614035087719298 0.0701754385964912 0
  1 2 1 0 65 0.676923076923077 0.815384615384615 0.0461538461538462 0 0
  1 3 1 0 32 1.65625 1.4375 0.03125 0 0
  1 4 1 0 32 1.8125 1.3125 0 0 0
  1 5 1 0 21 2.57142857142857 2.14285714285714 0.0476190476190476 0 0
  1 6 1 0 18 0.444444444444444 3.27777777777778 1.83333333333333 0 0
  1 7 1 0 25 2.56 1.44 0 0 0
  1 8 1 0 20 0.35 2.9 1.75 0 0
  1 9 1 0 16 3 3.25 0 0 0
  1 10 1 0 19 2.94736842105263 2.05263157894737 0.263157894736842 0 0
  1 11 1 0 20 2.65 2.25 0.1 0 0
  1 12 1 0 22 1.95454545454545 2.59090909090909 0 0 0
  1 13 1 0 23 2 2.30434782608696 0.0434782608695652 0 0
  1 14 1 0 14 3.64285714285714 3.5 0 0 0
  1 15 1 0 21 2.71428571428571 2 0.0476190476190476 0 0
  1 16 1 0 14 3.71428571428571 3.42857142857143 0 0 0
  1 17 1 0 17 2.82352941176471 3 0.0588235294117647 0 0
  1 18 1 0 19 2.36842105263158 2.89473684210526 0 0 0
  1 19 1 0 18 2.94444444444444 2.55555555555556 0.0555555555555556 0 0
  1 20 1 0 15 3.6 3.06666666666667 0 0 0
  1 21 1 0 21 2.23809523809524 2.52380952380952 0 0 0
  1 22 1 0 13 4.61538461538461 3 0.0769230769230769 0 0
  1 23 1 0 14 3.78571428571429 3.21428571428571 0.142857142857143 0 0
  1 24 1 0 14 3.92857142857143 3.21428571428571 0 0 0
  1 25 1 0 18 2.44444444444444 3.11111111111111 0 0 0
  1 26 1 0 14 4.07142857142857 3.07142857142857 0 0 0
  1 27 1 0 23 1.91304347826087 2.34782608695652 0.0869565217391304 0 0
  1 28 1 0 14 4.21428571428571 2.92857142857143 0 0 0
  1 29 1 0 17 3.11764705882353 2.76470588235294 0 0 0
  1 30 1 0 18 2.66666666666667 2.88888888888889 0 0 0
  1 31 1 0 20 2.25 2.65 0.1 0 0
  1 32 1 0 10 5.3 4.6 0.1 0 0
  1 33 1 0 15 1.26666666666667 4.13333333333333 1.26666666666667 0 0
  1 34 1 0 18 2.55555555555556 3 0 0 0
  1 35 1 0 8 6.25 5.875 0.375 0 0
  1 36 1 0 12 4.25 3.91666666666667 0.166666666666667 0 0
  1 37 1 0 8 7.375 5.125 0 0 0
  1 38 1 0 16 3.1875 3 0.0625 0 0
  1 39 1 0 10 3 5.6 1.4 0 0
  1 40 1 0 10 5.3 4.7 0 0 0
  1 41 1 0 13 3.38461538461538 4.23076923076923 0.0769230769230769 0 0
  1 42 1 0 8 6.25 6 0.25 0 0
  1 1 2 0 11 2.72727272727273 1.81818181818182 1.63636363636364 1.63636363636364 1.27272727272727
  1 4 2 0 1 26 17 15 19 23
  1 5 2 0 5 4.4 3.4 3.8 4.8 3.6
  1 6 2 0 1 22 18 17 17 26
  1 7 2 0 3 8.33333333333333 7 5.66666666666667 6.33333333333333 6
  1 8 2 0 4 7 5 4 4 5
  1 9 2 0 5 2.8 4.4 3.6 5.2 4
  1 10 2 0 10 2.1 2.2 2.1 2 1.6
  1 11 2 0 13 1.84615384615385 1.07692307692308 1.46153846153846 1.92307692307692 1.38461538461538
  1 12 2 0 15 1.8 1 1.26666666666667 1.33333333333333 1.26666666666667
  1 13 2 0 9 1.88888888888889 2.33333333333333 1.88888888888889 2.77777777777778 2.22222222222222
  1 14 2 0 6 3 3.5 3.5 4 2.66666666666667
  1 15 2 0 13 1.53846153846154 1.53846153846154 1.84615384615385 0.846153846153846 1.92307692307692
  1 16 2 0 10 2.1 1.8 2.3 1.8 2
  1 17 2 0 10 2 2.4 2 2 1.6
  1 18 2 0 18 0.888888888888889 1 1.66666666666667 1.16666666666667 0.833333333333333
  1 19 2 0 27 0.62962962962963 0.740740740740741 0.851851851851852 0.703703703703704 0.777777777777778
  1 20 2 0 23 1 0.869565217391304 0.91304347826087 0.608695652173913 0.956521739130435
  1 21 2 0 25 0.6 0.72 0.68 0.96 1.04
  1 22 2 0 9 1.44444444444444 2.66666666666667 2.88888888888889 2.22222222222222 1.88888888888889
  1 23 2 0 8 2.5 3 2.875 1.625 2.5
  1 24 2 0 9 1.88888888888889 1.88888888888889 2.22222222222222 2.44444444444444 2.66666666666667
  1 25 2 0 14 1.35714285714286 1.21428571428571 2 1.28571428571429 1.28571428571429
  1 26 2 0 18 1.16666666666667 1.16666666666667 1.38888888888889 1 0.833333333333333
  1 27 2 0 16 1.5625 1.1875 1.0625 1.25 1.1875
  1 28 2 0 6 3.16666666666667 3.5 4.83333333333333 1.66666666666667 3.5
  1 29 2 0 8 2.375 2.875 1.75 2.375 3.125
  1 30 2 0 17 0.882352941176471 1.23529411764706 1.23529411764706 1.41176470588235 1.11764705882353
  1 31 2 0 9 3.44444444444444 1.22222222222222 1.88888888888889 2 2.55555555555556
  1 32 2 0 30 0.466666666666667 0.6 0.766666666666667 0.766666666666667 0.733333333333333
  1 33 2 0 24 0.833333333333333 0.791666666666667 1.16666666666667 0.75 0.625
  1 34 2 0 25 0.88 0.72 1.08 0.8 0.52
  1 35 2 0 16 1.1875 1.1875 1.25 1.25 1.375
  1 36 2 0 13 1.23076923076923 1.46153846153846 1.92307692307692 1.61538461538462 1.46153846153846
  1 37 2 0 8 1.75 2.5 2.625 2.75 2.875
  1 38 2 0 10 1.8 1.6 2.3 2.3 2
  1 39 2 0 13 1.46153846153846 1.38461538461538 1.46153846153846 1.07692307692308 2.30769230769231
  1 40 2 0 8 2.625 1.875 2.25 2.375 3.375
  1 41 2 0 5 3.8 3.2 3.8 5 4.2
  1 42 2 0 17 1.41176470588235 1.58823529411765 0.882352941176471 1 1
  1 1 3 0 27 0 0.962962962962963 1.74074074074074 1 0
  1 2 3 0 13 0 0.307692307692308 3.92307692307692 3.46153846153846 0
  1 3 3 0 5 9.8 10.2 0 0 0
  1 4 3 0 2 5.5 31 13.5 0 0
  1 5 3 0 5 9.2 10.8 0 0 0
  1 6 3 0 1 37 50 13 0 0
  1 7 3 0 3 15 16.3333333333333 1.33333333333333 0.666666666666667 0
  1 8 3 0 3 18.3333333333333 15 0 0 0
  1 9 3 0 4 14.75 10.25 0 0 0
  1 10 3 0 4 12.75 12.25 0 0 0
  1 11 3 0 4 14.75 10.25 0 0 0
  1 12 3 0 2 26 23.5 0.5 0 0
  1 13 3 0 8 6.625 5.75 0.125 0 0
  1 14 3 0 19 2.78947368421053 2.42105263157895 0.0526315789473684 0 0
  1 15 3 0 15 3.66666666666667 3 0 0 0
  1 16 3 0 12 4.5 3.83333333333333 0 0 0
  1 17 3 0 14 1.5 4.85714285714286 0.785714285714286 0 0
  1 18 3 0 14 3.71428571428571 3.35714285714286 0.0714285714285714 0 0
  1 19 3 0 15 3.2 3.46666666666667 0 0 0
  1 20 3 0 17 3.05882352941176 2.64705882352941 0.176470588235294 0 0
  1 21 3 0 12 4.25 4.08333333333333 0 0 0
  1 22 3 0 11 4.27272727272727 4.81818181818182 0 0 0
  1 23 3 0 16 3.875 2.375 0 0 0
  1 24 3 0 15 2.06666666666667 4 0.6 0 0
  1 25 3 0 4 12.75 12.25 0 0 0
  1 26 3 0 14 3.85714285714286 3.21428571428571 0.0714285714285714 0 0
  1 27 3 0 6 10.1666666666667 6.33333333333333 0.166666666666667 0 0
  1 28 3 0 4 10.25 14.75 0 0 0
  1 29 3 0 2 25 24.5 0.5 0 0
  1 30 3 0 10 5.1 4.9 0 0 0
  1 31 3 0 9 6.11111111111111 5 0 0 0
  1 32 3 0 12 3 4.25 1.08333333333333 0 0
  1 33 3 0 5 11.8 8 0.2 0 0
  1 34 3 0 9 5.66666666666667 5.33333333333333 0.111111111111111 0 0
  1 35 3 0 5 10.2 9.2 0.6 0 0
  1 36 3 0 5 10 10 0 0 0
  1 37 3 0 3 16.6666666666667 16.6666666666667 0 0 0
  1 38 3 0 15 3 3.6 0.0666666666666667 0 0
  1 39 3 0 12 4 4.08333333333333 0.25 0 0
  1 40 3 0 9 5.66666666666667 5.11111111111111 0.333333333333333 0 0
  1 41 3 0 8 3.5 7.5 1.5 0 0
  1 42 3 0 12 3.75 3.83333333333333 0.5 0.25 0
  1 1 4 0 86 0.430232558139535 0.0930232558139535 0.593023255813954 0.0465116279069767 0
  1 2 4 0 100 0 0.07 0.9 0.03 0
  1 3 4 0 33 2.57575757575758 0.454545454545455 0 0 0
  1 4 4 0 44 1.81818181818182 0.431818181818182 0.0227272727272727 0 0
  1 5 4 0 34 2.32352941176471 0.558823529411765 0.0588235294117647 0 0
  1 6 4 0 40 1.825 0.625 0.05 0 0
  1 7 4 0 39 1.84615384615385 0.717948717948718 0 0 0
  1 8 4 0 49 1.42857142857143 0.612244897959184 0 0 0
  1 9 4 0 36 2.16666666666667 0.611111111111111 0 0 0
  1 10 4 0 43 1.72093023255814 0.604651162790698 0 0 0
  1 11 4 0 41 1.85365853658537 0.585365853658537 0 0 0
  1 12 4 0 35 2.31428571428571 0.542857142857143 0 0 0
  1 13 4 0 32 2.625 0.5 0 0 0
  1 14 4 0 21 4 0.761904761904762 0 0 0
  1 15 4 0 30 2.66666666666667 0.666666666666667 0 0 0
  1 16 4 0 19 4.47368421052632 0.789473684210526 0 0 0
  1 17 4 0 35 2.34285714285714 0.514285714285714 0 0 0
  1 18 4 0 27 2.77777777777778 0.925925925925926 0 0 0
  1 19 4 0 34 2.52941176470588 0.382352941176471 0.0294117647058824 0 0
  1 20 4 0 42 1.85714285714286 0.523809523809524 0 0 0
  1 21 4 0 41 1.8780487804878 0.560975609756098 0 0 0
  1 22 4 0 44 1.90909090909091 0.363636363636364 0 0 0
  1 23 4 0 28 3.03571428571429 0.535714285714286 0 0 0
  1 24 4 0 34 2.35294117647059 0.588235294117647 0 0 0
  1 25 4 0 36 2.19444444444444 0.583333333333333 0 0 0
  1 26 4 0 31 2.51612903225806 0.709677419354839 0 0 0
  1 27 4 0 39 1.92307692307692 0.641025641025641 0 0 0
  1 28 4 0 38 2 0.631578947368421 0 0 0
  1 29 4 0 48 1.58333333333333 0.5 0 0 0
  1 30 4 0 38 2.15789473684211 0.473684210526316 0 0 0
  1 31 4 0 61 1.21311475409836 0.426229508196721 0 0 0
  1 32 4 0 48 1.60416666666667 0.479166666666667 0 0 0
  1 33 4 0 49 1.59183673469388 0.448979591836735 0 0 0
  1 34 4 0 44 1.77272727272727 0.5 0 0 0
  1 35 4 0 61 1.27868852459016 0.344262295081967 0.0163934426229508 0 0
  1 36 4 0 67 1.14925373134328 0.343283582089552 0 0 0
  1 37 4 0 57 1.36842105263158 0.385964912280702 0 0 0
  1 38 4 0 38 2.28947368421053 0.342105263157895 0 0 0
  1 39 4 0 52 1.51923076923077 0.384615384615385 0.0192307692307692 0 0
  1 40 4 0 43 1.74418604651163 0.558139534883721 0.0232558139534884 0 0
  1 41 4 0 42 1.85714285714286 0.523809523809524 0 0 0
  1 42 4 0 61 1.37704918032787 0.262295081967213 0 0 0
  2 1 1 0 58 0 0.0172413793103448 1.63793103448276 0.0689655172413793 0
  2 2 1 0 83 0 0.349397590361446 0.662650602409639 0.192771084337349 0
  2 3 1 0 63 0 1 0.555555555555556 0.0317460317460317 0
  2 4 1 0 56 0 1.33928571428571 0.446428571428571 0 0
  2 5 1 0 55 0 0.509090909090909 1.29090909090909 0.0181818181818182 0
  2 6 1 0 45 0 0.0444444444444444 2.15555555555556 0.0222222222222222 0
  2 7 1 0 46 0.0217391304347826 2.06521739130435 0.0869565217391304 0 0
  2 8 1 0 56 0 0.0535714285714286 1.73214285714286 0 0
  2 9 1 0 51 0 1.70588235294118 0.235294117647059 0.0196078431372549 0
  2 10 1 0 44 0.0227272727272727 1.25 1 0 0
  2 11 1 0 49 0 0.591836734693878 1.44897959183673 0 0
  2 12 1 0 50 0 1.34 0.64 0.02 0
  2 13 1 0 48 0 1.125 0.958333333333333 0 0
  2 14 1 0 52 0 1.19230769230769 0.730769230769231 0 0
  2 15 1 0 31 0 2 1.2258064516129 0 0
  2 16 1 0 38 0 1.86842105263158 0.763157894736842 0 0
  2 17 1 0 26 0 1.69230769230769 2.15384615384615 0 0
  2 18 1 0 33 0 1.15151515151515 1.87878787878788 0 0
  2 19 1 0 31 0.032258064516129 2.06451612903226 1.12903225806452 0 0
  2 20 1 0 38 0.0263157894736842 2.05263157894737 0.552631578947368 0 0
  2 21 1 0 30 0 2.06666666666667 1.26666666666667 0 0
  2 22 1 0 35 0 2.11428571428571 0.742857142857143 0 0
  2 23 1 0 35 0 0.914285714285714 1.94285714285714 0 0
  2 24 1 0 26 0 2.80769230769231 1.03846153846154 0 0
  2 25 1 0 32 0 1.1875 1.9375 0 0
  2 26 1 0 26 0 2.76923076923077 1.07692307692308 0 0
  2 27 1 0 37 0 0.891891891891892 1.81081081081081 0 0
  2 28 1 0 35 0.0285714285714286 2.25714285714286 0.571428571428571 0 0
  2 29 1 0 33 0 1.54545454545455 1.48484848484848 0 0
  2 30 1 0 45 0 1.68888888888889 0.533333333333333 0 0
  2 31 1 0 34 0 1.52941176470588 1.41176470588235 0 0
  2 32 1 0 36 0 1.63888888888889 1.13888888888889 0 0
  2 33 1 0 42 0 0.261904761904762 2.11904761904762 0 0
  2 34 1 0 34 0 2.67647058823529 0.264705882352941 0 0
  2 35 1 0 35 0.0285714285714286 0.942857142857143 1.88571428571429 0 0
  2 36 1 0 28 0.0357142857142857 2.21428571428571 1.28571428571429 0.0357142857142857 0
  2 37 1 0 22 0.0454545454545455 3.40909090909091 1.09090909090909 0 0
  2 38 1 0 32 0 1.53125 1.59375 0 0
  2 39 1 0 27 0 0.111111111111111 3.59259259259259 0 0
  2 40 1 0 39 0.0256410256410256 1.79487179487179 0.692307692307692 0.0512820512820513 0
  2 41 1 0 20 0 2.85 2.15 0 0
  2 42 1 0 30 0 1.06666666666667 2.26666666666667 0 0
  2 1 2 0 16 1.625 1.375 0.8125 1.375 1.0625
  2 2 2 0 20 1.2 0.9 0.95 0.9 1.05
  2 3 2 0 34 0.647058823529412 0.588235294117647 0.5 0.529411764705882 0.676470588235294
  2 4 2 0 15 1.53333333333333 1.53333333333333 1.06666666666667 1.2 1.33333333333333
  2 5 2 0 4 4.5 4.25 5.75 6.5 4
  2 6 2 0 7 3.28571428571429 2.71428571428571 3.57142857142857 2.28571428571429 2.42857142857143
  2 7 2 0 18 0.944444444444444 1.27777777777778 1.11111111111111 0.888888888888889 1.33333333333333
  2 8 2 0 22 1 1.31818181818182 0.727272727272727 0.727272727272727 0.772727272727273
  2 9 2 0 21 1 0.952380952380952 0.80952380952381 1.19047619047619 0.80952380952381
  2 10 2 0 11 1.54545454545455 1.63636363636364 2.09090909090909 1.81818181818182 2
  2 11 2 0 7 2.57142857142857 3.28571428571429 4.28571428571429 2.57142857142857 1.57142857142857
  2 12 2 0 19 0.894736842105263 1.15789473684211 1.15789473684211 0.631578947368421 1.42105263157895
  2 13 2 0 32 1 0.34375 0.6875 0.5625 0.53125
  2 14 2 0 34 0.676470588235294 0.352941176470588 0.470588235294118 0.764705882352941 0.676470588235294
  2 15 2 0 27 0.518518518518518 1.03703703703704 0.666666666666667 0.666666666666667 0.814814814814815
  2 16 2 0 42 0.357142857142857 0.547619047619048 0.428571428571429 0.428571428571429 0.619047619047619
  2 17 2 0 34 0.676470588235294 0.470588235294118 0.676470588235294 0.529411764705882 0.588235294117647
  2 18 2 0 28 0.785714285714286 0.607142857142857 0.714285714285714 0.75 0.714285714285714
  2 19 2 0 26 0.923076923076923 0.538461538461538 0.5 0.846153846153846 1.03846153846154
  2 20 2 0 32 0.4375 0.5625 0.9375 0.6875 0.5
  2 21 2 0 37 0.27027027027027 0.72972972972973 0.621621621621622 0.459459459459459 0.621621621621622
  2 22 2 0 38 0.526315789473684 0.5 0.657894736842105 0.5 0.447368421052632
  2 23 2 0 41 0.536585365853659 0.585365853658537 0.414634146341463 0.439024390243902 0.463414634146341
  2 24 2 0 33 0.454545454545455 0.666666666666667 0.575757575757576 0.787878787878788 0.545454545454545
  2 25 2 0 45 0.377777777777778 0.488888888888889 0.466666666666667 0.466666666666667 0.422222222222222
  2 26 2 0 28 0.642857142857143 1 0.535714285714286 0.607142857142857 0.785714285714286
  2 27 2 0 47 0.48936170212766 0.382978723404255 0.319148936170213 0.48936170212766 0.446808510638298
  2 28 2 0 22 1 0.772727272727273 0.909090909090909 0.772727272727273 1.09090909090909
  2 29 2 0 40 0.475 0.6 0.5 0.5 0.425
  2 30 2 0 28 0.75 0.928571428571429 0.607142857142857 0.821428571428571 0.464285714285714
  2 31 2 0 32 0.625 0.46875 0.65625 0.71875 0.65625
  2 32 2 0 40 0.6 0.525 0.6 0.325 0.45
  2 33 2 0 43 0.27906976744186 0.395348837209302 0.488372093023256 0.534883720930233 0.627906976744186
  2 34 2 0 46 0.434782608695652 0.282608695652174 0.5 0.478260869565217 0.478260869565217
  2 35 2 0 60 0.4 0.4 0.233333333333333 0.35 0.283333333333333
  2 36 2 0 49 0.448979591836735 0.346938775510204 0.469387755102041 0.489795918367347 0.285714285714286
  2 37 2 0 32 0.5 0.9375 0.5 0.625 0.5625
  2 38 2 0 30 0.633333333333333 0.766666666666667 0.5 0.866666666666667 0.566666666666667
  2 39 2 0 29 0.517241379310345 0.655172413793103 0.827586206896552 0.655172413793103 0.793103448275862
  2 40 2 0 31 0.483870967741935 0.548387096774194 0.967741935483871 0.709677419354839 0.516129032258065
  2 41 2 0 14 1.92857142857143 1.07142857142857 2 0.857142857142857 1.28571428571429
  2 42 2 0 19 1.36842105263158 1.15789473684211 1.26315789473684 0.736842105263158 0.736842105263158
  2 2 3 0 3 0 0 3.66666666666667 29.6666666666667 0
  2 3 3 0 3 5 27 0.333333333333333 1 0
  2 4 3 0 7 0.142857142857143 3.28571428571429 10.8571428571429 0 0
  2 5 3 0 1 10 84 2 4 0
  2 6 3 0 14 0.357142857142857 2.57142857142857 4 0.214285714285714 0
  2 8 3 0 10 1.2 8.4 0.1 0.3 0
  2 9 3 0 6 2.5 13 1 0.166666666666667 0
  2 10 3 0 2 8 37 5 0 0
  2 12 3 0 1 4 78 17 1 0
  2 14 3 0 9 1.77777777777778 8.55555555555556 0.666666666666667 0.111111111111111 0
  2 15 3 0 5 1.2 17 1.8 0 0
  2 16 3 0 9 1.22222222222222 9.22222222222222 0.666666666666667 0 0
  2 17 3 0 9 0.222222222222222 2.66666666666667 7.88888888888889 0.333333333333333 0
  2 18 3 0 13 0.384615384615385 5.84615384615385 0.615384615384615 0.846153846153846 0
  2 19 3 0 14 0.928571428571429 5.85714285714286 0.357142857142857 0 0
  2 20 3 0 19 0.157894736842105 2.78947368421053 2.31578947368421 0 0
  2 21 3 0 20 0.9 3.9 0.2 0 0
  2 22 3 0 23 0.565217391304348 3.69565217391304 0.0869565217391304 0 0
  2 23 3 0 26 0.346153846153846 3.30769230769231 0.192307692307692 0 0
  2 24 3 0 28 0.25 1.10714285714286 2.17857142857143 0.0357142857142857 0
  2 25 3 0 20 0.45 4.3 0.15 0.1 0
  2 26 3 0 7 1.28571428571429 12.2857142857143 0.714285714285714 0 0
  2 27 3 0 5 2 17.2 0.8 0 0
  2 29 3 0 6 2.83333333333333 12.3333333333333 1.5 0 0
  2 30 3 0 14 0.928571428571429 6 0.214285714285714 0 0
  2 31 3 0 7 1.57142857142857 12.2857142857143 0.428571428571429 0 0
  2 32 3 0 20 0.1 1.2 3.7 0 0
  2 33 3 0 18 0.222222222222222 3.72222222222222 0.944444444444444 0.666666666666667 0
  2 34 3 0 15 0.533333333333333 5.13333333333333 0.866666666666667 0.133333333333333 0
  2 35 3 0 28 0.285714285714286 2.67857142857143 0.607142857142857 0 0
  2 36 3 0 25 0.56 3.44 0 0 0
  2 37 3 0 19 0.631578947368421 4.47368421052632 0.157894736842105 0 0
  2 38 3 0 33 0.242424242424242 2.54545454545455 0.242424242424242 0 0
  2 39 3 0 32 0.25 2.34375 0.46875 0.0625 0
  2 40 3 0 34 0.294117647058824 2.08823529411765 0.5 0.0588235294117647 0
  2 41 3 0 20 0.05 1.2 2.85 0.9 0
  2 42 3 0 27 0.0740740740740741 0.851851851851852 1.07407407407407 1.7037037037037 0
  2 1 4 0 44 0 0 2.18181818181818 0.0909090909090909 0
  2 2 4 0 75 0 0 1.18666666666667 0.146666666666667 0
  2 3 4 0 66 0.0303030303030303 1.45454545454545 0.0303030303030303 0 0
  2 4 4 0 54 0.0555555555555556 1.2037037037037 0.592592592592593 0 0
  2 5 4 0 31 0 2.38709677419355 0.838709677419355 0 0
  2 6 4 0 24 0 2.33333333333333 1.83333333333333 0 0
  2 7 4 0 20 0.05 4.65 0.3 0 0
  2 8 4 0 25 0.04 1.52 2.44 0 0
  2 9 4 0 44 0.0454545454545455 2.15909090909091 0.0681818181818182 0 0
  2 10 4 0 36 0.0555555555555556 2 0.722222222222222 0 0
  2 11 4 0 22 0.0909090909090909 3.04545454545455 1.40909090909091 0 0
  2 12 4 0 21 0.0952380952380952 4.23809523809524 0.428571428571429 0 0
  2 13 4 0 26 0.0384615384615385 3.5 0.307692307692308 0 0
  2 14 4 0 35 0 2.42857142857143 0.428571428571429 0 0
  2 15 4 0 21 0.0476190476190476 4.28571428571429 0.428571428571429 0 0
  2 16 4 0 30 0.166666666666667 2.93333333333333 0.233333333333333 0 0
  2 17 4 0 40 0 2.15 0.35 0 0
  2 18 4 0 42 0.0476190476190476 1.88095238095238 0.452380952380952 0 0
  2 19 4 0 46 0.0217391304347826 2.06521739130435 0.0869565217391304 0 0
  2 20 4 0 37 0 2.64864864864865 0.0540540540540541 0 0
  2 21 4 0 44 0 2.06818181818182 0.204545454545455 0 0
  2 22 4 0 42 0.0476190476190476 2.0952380952381 0.238095238095238 0 0
  2 23 4 0 35 0.0285714285714286 2.51428571428571 0.314285714285714 0 0
  2 24 4 0 26 0.153846153846154 3.19230769230769 0.5 0 0
  2 25 4 0 19 0.105263157894737 4.21052631578947 0.947368421052632 0 0
  2 26 4 0 29 0.0689655172413793 2.93103448275862 0.448275862068966 0 0
  2 27 4 0 10 0.1 8.7 1.2 0 0
  2 28 4 0 20 0.1 4.8 0.1 0 0
  2 29 4 0 25 0.08 3.28 0.64 0 0
  2 30 4 0 18 0.277777777777778 4.55555555555556 0.722222222222222 0 0
  2 31 4 0 24 0.0416666666666667 3.04166666666667 1.08333333333333 0 0
  2 32 4 0 21 0.0476190476190476 4.42857142857143 0.285714285714286 0 0
  2 33 4 0 10 0 6.3 3.7 0 0
  2 34 4 0 12 0.416666666666667 7.33333333333333 0.583333333333333 0 0
  2 35 4 0 29 0.103448275862069 2.79310344827586 0.551724137931034 0 0
  2 36 4 0 17 0 5.41176470588235 0.470588235294118 0 0
  2 37 4 0 39 0.0256410256410256 2.46153846153846 0.0769230769230769 0 0
  2 38 4 0 9 0 9.33333333333333 1.77777777777778 0 0
  2 39 4 0 50 0.02 1.18 0.8 0 0
  2 40 4 0 15 0.133333333333333 4.73333333333333 1.8 0 0
  2 41 4 0 7 0.142857142857143 9.57142857142857 4.57142857142857 0 0
  2 42 4 0 9 0.111111111111111 8.22222222222222 2.77777777777778 0 0
# end survey length observations 
#  
# Fishery catch data 
# Number of observations, init_int Ncatch_obs
  168
# init_matrix obs_catch_biomass(1,Ncatch_obs,1,6) 
# Fleet	Area	Year	Species	Catch(biomass t)	CV 
  1 1 1 1 16174.3454483551 0.05
  1 1 2 1 20593.6200388476 0.05
  1 1 3 1 17077.4167825878 0.05
  1 1 4 1 19595.3903777893 0.05
  1 1 5 1 26949.50765408 0.05
  1 1 6 1 15547.3948592236 0.05
  1 1 7 1 14052.8689225395 0.05
  1 1 8 1 13780.5031699473 0.05
  1 1 9 1 13773.930670707 0.05
  1 1 10 1 17105.6645670091 0.05
  1 1 11 1 17936.2196230815 0.05
  1 1 12 1 16581.7818013559 0.05
  1 1 13 1 17671.0030311128 0.05
  1 1 14 1 15181.1633080124 0.05
  1 1 15 1 12627.7517422702 0.05
  1 1 16 1 8823.9929818183 0.05
  1 1 17 1 7115.48861467431 0.05
  1 1 18 1 4829.33083360347 0.05
  1 1 19 1 4185.23416921335 0.05
  1 1 20 1 5591.50382184781 0.05
  1 1 21 1 3998.31995000911 0.05
  1 1 22 1 4938.79909333089 0.05
  1 1 23 1 4606.28165780834 0.05
  1 1 24 1 6187.9674229537 0.05
  1 1 25 1 4175.46602609357 0.05
  1 1 26 1 5870.69881367978 0.05
  1 1 27 1 2072.91153001542 0.05
  1 1 28 1 1993.86029366675 0.05
  1 1 29 1 2569.01886684894 0.05
  1 1 30 1 3445.01123269554 0.05
  1 1 31 1 3975.2726820922 0.05
  1 1 32 1 4034.09913179143 0.05
  1 1 33 1 1774.99080664744 0.05
  1 1 34 1 2063.36489260702 0.05
  1 1 35 1 1206.88109737079 0.05
  1 1 36 1 699.13854636585 0.05
  1 1 37 1 1050.33920385368 0.05
  1 1 38 1 976.932443988608 0.05
  1 1 39 1 796.114352175587 0.05
  1 1 40 1 572.138090172785 0.05
  1 1 41 1 618.178498358824 0.05
  1 1 42 1 351.182778240314 0.05
  1 1 1 4 6065.79812361736 0.05
  1 1 2 4 4803.91210143197 0.05
  1 1 3 4 6487.31916832647 0.05
  1 1 4 4 6189.91530862823 0.05
  1 1 5 4 8245.60074412608 0.05
  1 1 6 4 8782.81822310489 0.05
  1 1 7 4 6643.48353822925 0.05
  1 1 8 4 6748.94758860248 0.05
  1 1 9 4 7174.35704386213 0.05
  1 1 10 4 6602.41847776697 0.05
  1 1 11 4 7693.46600180342 0.05
  1 1 12 4 9122.01532489161 0.05
  1 1 13 4 13312.086293316 0.05
  1 1 14 4 11699.7157946572 0.05
  1 1 15 4 8141.59857339809 0.05
  1 1 16 4 6086.99189631468 0.05
  1 1 17 4 12303.3081109261 0.05
  1 1 18 4 4545.54733073564 0.05
  1 1 19 4 5611.10206289275 0.05
  1 1 20 4 9449.27213111073 0.05
  1 1 21 4 4508.79021906732 0.05
  1 1 22 4 5018.7366956682 0.05
  1 1 23 4 8263.00843052715 0.05
  1 1 24 4 7588.91682871015 0.05
  1 1 25 4 5895.6701672879 0.05
  1 1 26 4 4362.66578103445 0.05
  1 1 27 4 3254.93127162326 0.05
  1 1 28 4 1766.16750442614 0.05
  1 1 29 4 4443.88021419745 0.05
  1 1 30 4 3230.33250846932 0.05
  1 1 31 4 2365.57144566956 0.05
  1 1 32 4 3776.89675697154 0.05
  1 1 33 4 3107.65471256423 0.05
  1 1 34 4 2930.14945652741 0.05
  1 1 35 4 3155.57482895561 0.05
  1 1 36 4 2689.1594032775 0.05
  1 1 37 4 4586.92864229328 0.05
  1 1 38 4 4232.68578106684 0.05
  1 1 39 4 5333.23800616893 0.05
  1 1 40 4 3619.27140377945 0.05
  1 1 41 4 3318.14804197199 0.05
  1 1 42 4 2333.9091014604 0.05
  2 1 1 2 1346.66835091853 0.05
  2 1 2 2 876.333562883755 0.05
  2 1 3 2 1490.66640603091 0.05
  2 1 4 2 856.718030746589 0.05
  2 1 5 2 1281.19741705262 0.05
  2 1 6 2 1103.5876159272 0.05
  2 1 7 2 746.553585712824 0.05
  2 1 8 2 996.367990126709 0.05
  2 1 9 2 885.297495788302 0.05
  2 1 10 2 813.327731368129 0.05
  2 1 11 2 1013.63015785838 0.05
  2 1 12 2 962.323789561369 0.05
  2 1 13 2 3639.84695372887 0.05
  2 1 14 2 1723.05623906577 0.05
  2 1 15 2 1114.36608942755 0.05
  2 1 16 2 2605.96623848366 0.05
  2 1 17 2 2014.27002375342 0.05
  2 1 18 2 26.9792739352706 0.05
  2 1 19 2 3844.03658035838 0.05
  2 1 20 2 5861.87656190046 0.05
  2 1 21 2 14138.1496603923 0.05
  2 1 22 2 14421.8226271649 0.05
  2 1 23 2 9572.4099662055 0.05
  2 1 24 2 20967.2547193205 0.05
  2 1 25 2 10136.7801735076 0.05
  2 1 26 2 14225.1104860552 0.05
  2 1 27 2 12563.886017822 0.05
  2 1 28 2 9812.54325046429 0.05
  2 1 29 2 10653.6564265923 0.05
  2 1 30 2 7539.57876450857 0.05
  2 1 31 2 7999.69818787357 0.05
  2 1 32 2 17983.2527451691 0.05
  2 1 33 2 9445.99846081885 0.05
  2 1 34 2 19193.6658270313 0.05
  2 1 35 2 17242.7630942089 0.05
  2 1 36 2 20485.5809597497 0.05
  2 1 37 2 20950.5595041086 0.05
  2 1 38 2 16653.3390957861 0.05
  2 1 39 2 11028.36790883 0.05
  2 1 40 2 7388.35969198382 0.05
  2 1 41 2 5851.47810683109 0.05
  2 1 42 2 1388.54600706653 0.05
  2 1 1 3 504.983355043049 0.05
  2 1 2 3 253.054957959107 0.05
  2 1 3 3 318.191612062113 0.05
  2 1 4 3 396.67910291065 0.05
  2 1 5 3 2746.86856262186 0.05
  2 1 6 3 3078.05039148965 0.05
  2 1 7 3 2918.86967008407 0.05
  2 1 8 3 2502.94666807263 0.05
  2 1 9 3 2959.44982983904 0.05
  2 1 10 3 2611.98246393538 0.05
  2 1 11 3 3311.72949583268 0.05
  2 1 12 3 579.118572012732 0.05
  2 1 13 3 2293.80634617405 0.05
  2 1 14 3 1306.30180790112 0.05
  2 1 15 3 987.249952729505 0.05
  2 1 16 3 947.19551223374 0.05
  2 1 17 3 18302.5967665551 0.05
  2 1 18 3 1113.88807249787 0.05
  2 1 19 3 874.230344637233 0.05
  2 1 20 3 728.689054036262 0.05
  2 1 21 3 447.924740334216 0.05
  2 1 22 3 2372.24350306081 0.05
  2 1 23 3 1096.19557039137 0.05
  2 1 24 3 213.972242014478 0.05
  2 1 25 3 933.765073559198 0.05
  2 1 26 3 1997.97248666776 0.05
  2 1 27 3 2316.72198874481 0.05
  2 1 28 3 666.063758897581 0.05
  2 1 29 3 1608.37766251795 0.05
  2 1 30 3 2173.51959652016 0.05
  2 1 31 3 1793.62057572851 0.05
  2 1 32 3 615.926160855855 0.05
  2 1 33 3 182.077233642499 0.05
  2 1 34 3 141.220776817697 0.05
  2 1 35 3 152.067072201515 0.05
  2 1 36 3 2144.9507227333 0.05
  2 1 37 3 2153.80468421418 0.05
  2 1 38 3 1149.96048679657 0.05
  2 1 39 3 925.552838976126 0.05
  2 1 40 3 1611.18709859495 0.05
  2 1 41 3 15440.267199027 0.05
  2 1 42 3 19717.0494290276 0.05
# end catch observations 
#  
# Fishery size comp data 
# Number of observations, init_int Ncatch_size_obs 
  168
# init_matrix obs_catch_size(1,Ncatch_size_obs,1,ncol) 
# Fleet Area  Year  Species Type (0=whole, 1=retained, 2=discard) InpN, proportion by size bin 
  1 1 1 1 0 81 0 0.506172839506173 0.296296296296296 0.160493827160494 0.271604938271605
  1 1 2 1 0 73 1.34246575342466 0 0.0136986301369863 0.0136986301369863 0
  1 1 3 1 0 65 1.50769230769231 0.0153846153846154 0 0.0153846153846154 0
  1 1 4 1 0 56 1.76785714285714 0.0178571428571429 0 0 0
  1 1 5 1 0 120 0.75 0.0833333333333333 0 0 0
  1 1 6 1 0 130 0.253846153846154 0.407692307692308 0.107692307692308 0 0
  1 1 7 1 0 94 1.0531914893617 0 0.0106382978723404 0 0
  1 1 8 1 0 94 0.478723404255319 0.574468085106383 0 0.0106382978723404 0
  1 1 9 1 0 82 1.20731707317073 0 0.0121951219512195 0 0
  1 1 10 1 0 76 1.31578947368421 0 0 0 0
  1 1 11 1 0 74 1.33783783783784 0.0135135135135135 0 0 0
  1 1 12 1 0 65 1.53846153846154 0 0 0 0
  1 1 13 1 0 77 1.25974025974026 0.038961038961039 0 0 0
  1 1 14 1 0 88 1.11363636363636 0.0113636363636364 0.0113636363636364 0 0
  1 1 15 1 0 66 1.5 0.0151515151515152 0 0 0
  1 1 16 1 0 69 1.40579710144928 0.0434782608695652 0 0 0
  1 1 17 1 0 43 2.27906976744186 0.0465116279069767 0 0 0
  1 1 18 1 0 34 2.91176470588235 0.0294117647058824 0 0 0
  1 1 19 1 0 55 1.81818181818182 0 0 0 0
  1 1 20 1 0 64 1.5625 0 0 0 0
  1 1 21 1 0 77 1.28571428571429 0.012987012987013 0 0 0
  1 1 22 1 0 67 1.49253731343284 0 0 0 0
  1 1 23 1 0 133 0.714285714285714 0.037593984962406 0 0 0
  1 1 24 1 0 98 1.01020408163265 0.0102040816326531 0 0 0
  1 1 25 1 0 91 1.01098901098901 0.0879120879120879 0 0 0
  1 1 26 1 0 77 1.28571428571429 0.012987012987013 0 0 0
  1 1 27 1 0 102 0.96078431372549 0.0196078431372549 0 0 0
  1 1 28 1 0 76 1.30263157894737 0.0131578947368421 0 0 0
  1 1 29 1 0 110 0.890909090909091 0.0181818181818182 0 0 0
  1 1 30 1 0 100 0.99 0.01 0 0 0
  1 1 31 1 0 108 0.907407407407407 0.0185185185185185 0 0 0
  1 1 32 1 0 118 0.830508474576271 0.0169491525423729 0 0 0
  1 1 33 1 0 129 0.441860465116279 0.325581395348837 0.00775193798449612 0 0
  1 1 34 1 0 90 1.11111111111111 0 0 0 0
  1 1 35 1 0 69 1.3768115942029 0.072463768115942 0 0 0
  1 1 36 1 0 80 1.2375 0.0125 0 0 0
  1 1 37 1 0 62 1.61290322580645 0 0 0 0
  1 1 38 1 0 94 1.03191489361702 0.0212765957446809 0.0106382978723404 0 0
  1 1 39 1 0 75 0.72 0.546666666666667 0.0666666666666667 0 0
  1 1 40 1 0 75 1.33333333333333 0 0 0 0
  1 1 41 1 0 35 2.82857142857143 0.0285714285714286 0 0 0
  1 1 42 1 0 22 4.45454545454545 0.0909090909090909 0 0 0
  1 1 1 4 0 5 3.8 0 0 0 16.2
  1 1 2 4 0 5 20 0 0 0 0
  1 1 3 4 0 5 20 0 0 0 0
  1 1 4 4 0 5 20 0 0 0 0
  1 1 5 4 0 5 20 0 0 0 0
  1 1 6 4 0 5 20 0 0 0 0
  1 1 7 4 0 5 20 0 0 0 0
  1 1 8 4 0 5 20 0 0 0 0
  1 1 9 4 0 5 20 0 0 0 0
  1 1 10 4 0 5 20 0 0 0 0
  1 1 11 4 0 1 100 0 0 0 0
  1 1 12 4 0 5 20 0 0 0 0
  1 1 13 4 0 1 100 0 0 0 0
  1 1 14 4 0 2 50 0 0 0 0
  1 1 15 4 0 8 12.5 0 0 0 0
  1 1 16 4 0 3 33.3333333333333 0 0 0 0
  1 1 17 4 0 3 33.3333333333333 0 0 0 0
  1 1 18 4 0 1 100 0 0 0 0
  1 1 19 4 0 3 33.3333333333333 0 0 0 0
  1 1 20 4 0 3 33.3333333333333 0 0 0 0
  1 1 21 4 0 3 33.3333333333333 0 0 0 0
  1 1 22 4 0 2 50 0 0 0 0
  1 1 23 4 0 6 16.6666666666667 0 0 0 0
  1 1 24 4 0 1 100 0 0 0 0
  1 1 25 4 0 1 100 0 0 0 0
  1 1 26 4 0 2 50 0 0 0 0
  1 1 27 4 0 2 50 0 0 0 0
  1 1 28 4 0 4 25 0 0 0 0
  1 1 29 4 0 7 14.2857142857143 0 0 0 0
  1 1 30 4 0 6 16.6666666666667 0 0 0 0
  1 1 31 4 0 10 10 0 0 0 0
  1 1 32 4 0 7 14.2857142857143 0 0 0 0
  1 1 33 4 0 15 6.66666666666667 0 0 0 0
  1 1 34 4 0 19 5.26315789473684 0 0 0 0
  1 1 35 4 0 13 7.69230769230769 0 0 0 0
  1 1 36 4 0 23 4.34782608695652 0 0 0 0
  1 1 37 4 0 7 14.2857142857143 0 0 0 0
  1 1 38 4 0 7 14.2857142857143 0 0 0 0
  1 1 39 4 0 19 5.26315789473684 0 0 0 0
  1 1 40 4 0 25 4 0 0 0 0
  1 1 41 4 0 31 3.2258064516129 0 0 0 0
  1 1 42 4 0 31 3.2258064516129 0 0 0 0
  2 1 1 2 0 2 0 22 19.5 8.5 0
  2 1 2 2 0 5 6.6 2.8 7.8 2.8 0
  2 1 3 2 0 2 50 0 0 0 0
  2 1 4 2 0 5 10 10 0 0 0
  2 1 5 2 0 5 20 0 0 0 0
  2 1 6 2 0 5 16.2 3.8 0 0 0
  2 1 7 2 0 5 19.8 0.2 0 0 0
  2 1 8 2 0 1 100 0 0 0 0
  2 1 9 2 0 5 20 0 0 0 0
  2 1 10 2 0 5 20 0 0 0 0
  2 1 11 2 0 2 50 0 0 0 0
  2 1 12 2 0 5 20 0 0 0 0
  2 1 13 2 0 5 20 0 0 0 0
  2 1 14 2 0 5 20 0 0 0 0
  2 1 15 2 0 5 19.8 0.2 0 0 0
  2 1 16 2 0 5 20 0 0 0 0
  2 1 17 2 0 5 20 0 0 0 0
  2 1 18 2 0 5 20 0 0 0 0
  2 1 19 2 0 5 20 0 0 0 0
  2 1 20 2 0 30 3.33333333333333 0 0 0 0
  2 1 21 2 0 46 2.17391304347826 0 0 0 0
  2 1 22 2 0 10 10 0 0 0 0
  2 1 23 2 0 19 5.26315789473684 0 0 0 0
  2 1 24 2 0 61 1.32786885245902 0.311475409836066 0 0 0
  2 1 25 2 0 29 3.41379310344828 0.0344827586206897 0 0 0
  2 1 26 2 0 32 3.125 0 0 0 0
  2 1 27 2 0 16 6.25 0 0 0 0
  2 1 28 2 0 31 3.2258064516129 0 0 0 0
  2 1 29 2 0 44 2.27272727272727 0 0 0 0
  2 1 30 2 0 29 3.41379310344828 0.0344827586206897 0 0 0
  2 1 31 2 0 25 4 0 0 0 0
  2 1 32 2 0 22 3.04545454545455 1.5 0 0 0
  2 1 33 2 0 35 2.77142857142857 0.0285714285714286 0.0571428571428571 0 0
  2 1 34 2 0 28 3.53571428571429 0 0.0357142857142857 0 0
  2 1 35 2 0 45 2.15555555555556 0.0666666666666667 0 0 0
  2 1 36 2 0 51 1.96078431372549 0 0 0 0
  2 1 37 2 0 41 2.4390243902439 0 0 0 0
  2 1 38 2 0 36 2.75 0.0277777777777778 0 0 0
  2 1 39 2 0 20 4.9 0.1 0 0 0
  2 1 40 2 0 14 6.92857142857143 0.214285714285714 0 0 0
  2 1 41 2 0 17 5.76470588235294 0.117647058823529 0 0 0
  2 1 42 2 0 24 4.16666666666667 0 0 0 0
  2 1 1 3 0 1 16 0 81 3 0
  2 1 2 3 0 5 8.6 0 4.8 6.6 0
  2 1 3 3 0 5 20 0 0 0 0
  2 1 4 3 0 1 99 1 0 0 0
  2 1 5 3 0 6 16.6666666666667 0 0 0 0
  2 1 6 3 0 4 24.5 0.5 0 0 0
  2 1 7 3 0 5 19.6 0.2 0.2 0 0
  2 1 8 3 0 1 100 0 0 0 0
  2 1 9 3 0 1 100 0 0 0 0
  2 1 10 3 0 1 99 1 0 0 0
  2 1 11 3 0 2 50 0 0 0 0
  2 1 12 3 0 5 20 0 0 0 0
  2 1 13 3 0 4 25 0 0 0 0
  2 1 14 3 0 8 12.5 0 0 0 0
  2 1 15 3 0 11 9.09090909090909 0 0 0 0
  2 1 16 3 0 5 20 0 0 0 0
  2 1 17 3 0 5 20 0 0 0 0
  2 1 18 3 0 1 100 0 0 0 0
  2 1 19 3 0 1 100 0 0 0 0
  2 1 20 3 0 4 25 0 0 0 0
  2 1 21 3 0 3 33 0.333333333333333 0 0 0
  2 1 22 3 0 4 25 0 0 0 0
  2 1 23 3 0 3 33 0.333333333333333 0 0 0
  2 1 24 3 0 3 32.6666666666667 0.666666666666667 0 0 0
  2 1 25 3 0 2 50 0 0 0 0
  2 1 26 3 0 4 25 0 0 0 0
  2 1 27 3 0 5 19.6 0.4 0 0 0
  2 1 28 3 0 4 25 0 0 0 0
  2 1 29 3 0 4 24.25 0.75 0 0 0
  2 1 30 3 0 24 4.16666666666667 0 0 0 0
  2 1 31 3 0 10 9.9 0.1 0 0 0
  2 1 32 3 0 12 8.25 0.0833333333333333 0 0 0
  2 1 33 3 0 4 24.75 0.25 0 0 0
  2 1 34 3 0 6 16.6666666666667 0 0 0 0
  2 1 35 3 0 2 49.5 0.5 0 0 0
  2 1 36 3 0 10 9.9 0.1 0 0 0
  2 1 37 3 0 9 11 0.111111111111111 0 0 0
  2 1 38 3 0 13 7.61538461538461 0.0769230769230769 0 0 0
  2 1 39 3 0 16 6.0625 0.1875 0 0 0
  2 1 40 3 0 27 3.62962962962963 0.0740740740740741 0 0 0
  2 1 41 3 0 15 6.6 0.0666666666666667 0 0 0
  2 1 42 3 0 16 6.25 0 0 0 0
# end fishery length observations 
#  
# Survey diet proportion observations 
# Number of observations, init_int Ndietprop_obs 
  115
# init_matrix obs_dietprop(1,Ndietprop_obs,1,ncol) 
# Survey  Year  Predator  Predator_size InpN  wt_prey_1 wt_prey_2 wt_prey_3 wt_prey_4 wt_prey_5 wt_prey_6 wt_prey_7 wt_prey_8 wt_prey_9 wt_prey_10 wt_prey_11 other 
  1 12 1 2 100 0 0 0 0 1
  1 12 1 3 100 0 0 0 0 1
  1 13 1 3 100 0 0.11 0 0 0.89
  1 13 1 4 100 0 0.91 0 0 0.09
  1 15 1 2 100 0 0.84 0 0 0.16
  1 18 1 1 100 0.16 0 0 0 0.84
  1 18 1 2 100 0 0 0 0 1
  1 18 1 3 100 0 0 0 0 1
  1 19 1 2 100 0 0 0 0 1
  1 19 1 3 100 0 0.55 0 0 0.45
  1 20 1 3 100 0 0 0 0 1
  1 21 1 2 100 0 0 0 0 1
  1 21 1 3 100 0 0.33 0 0 0.67
  1 24 1 3 100 0 0.88 0 0 0.12
  1 25 1 3 100 0 1 0 0 0
  1 26 1 3 100 0 0.28 0 0 0.72
  1 27 1 3 100 0 0 1 0 0
  1 28 1 3 100 0 1 0 0 0
  1 33 1 3 100 0 1 0 0 0
  1 34 1 3 100 0 0.11 0 0 0.89
  1 35 1 3 100 0 0.08 0 0 0.92
  1 38 1 3 100 0 0 0 0 1
  1 39 1 3 100 0 0.04 0 0 0.96
  1 40 1 2 100 0 0.6 0 0 0.4
  1 41 1 2 100 0 0 0.68 0 0.32
  2 2 1 4 100 0 0.04 0 0 0.96
  2 11 1 3 100 0 0 0 0 1
  2 14 1 3 100 0 0.04 0 0 0.96
  2 14 1 4 100 0 1 0 0 0
  2 15 1 3 100 0 0 0 0 1
  2 16 1 3 100 0 0 0 0 1
  2 16 1 4 100 0 0.45 0 0 0.55
  2 19 1 3 100 0 0 0 0 1
  2 19 1 4 100 0 0 0 0 1
  2 21 1 3 100 0 0 0 0 1
  2 21 1 4 100 0 0 0 0 1
  2 22 1 3 100 0 1 0 0 0
  2 23 1 3 100 0 0.32 0 0 0.68
  2 24 1 3 100 0 0.11 0 0 0.89
  2 24 1 4 100 0 0.38 0 0 0.62
  2 25 1 2 100 0 0 0 0 1
  2 25 1 3 100 0 0 1 0 0
  2 26 1 3 100 0 0 0 0 1
  2 27 1 3 100 0 0 0 0 1
  2 27 1 4 100 0 1 0 0 0
  2 29 1 3 100 0 0 0 0 1
  2 33 1 3 100 0 0 0 0 1
  2 35 1 1 100 0 0 0 0 1
  2 35 1 2 100 0 0 0 0 1
  2 35 1 3 100 0 0.4 0 0 0.6
  2 36 1 3 100 0 0 0 0 1
  2 39 1 3 100 0 0 0 0 1
  2 40 1 2 100 0 0.23 0 0 0.77
  2 36 2 3 100 0 0.89 0 0 0.11
  2 30 3 2 100 0 0.3 0 0 0.7
  2 30 3 4 100 0 1 0 0 0
  1 8 4 2 100 0 0 0 0 1
  1 8 4 3 100 0 0 0 0 1
  1 11 4 3 100 0 0 0 0 1
  1 13 4 2 100 0 0.5 0 0 0.5
  1 13 4 3 100 0 0 0 0 1
  1 13 4 4 100 0 0 0 0 1
  1 14 4 3 100 0 0.82 0 0 0.18
  1 15 4 3 100 0 0 0 0 1
  1 15 4 4 100 0 0 0 0 1
  1 16 4 3 100 0 0 0 0 1
  1 16 4 4 100 0 0 0 0 1
  1 17 4 3 100 0 1 0 0 0
  1 18 4 3 100 0 0 0 0 1
  1 19 4 2 100 0 0 0 0 1
  1 19 4 3 100 0 0.02 0 0 0.98
  1 20 4 2 100 0 0 0.15 0 0.85
  1 20 4 3 100 0 0 0 0 1
  1 21 4 3 100 0 0 0 0 1
  1 22 4 2 100 0 0.62 0 0 0.38
  1 23 4 3 100 0 0.8 0 0 0.2
  1 24 4 3 100 0 0 0 0 1
  1 25 4 3 100 0 0 0.45 0 0.55
  1 25 4 4 100 0 0 0.94 0 0.06
  1 26 4 3 100 0 0 0 0 1
  1 27 4 2 100 1 0 0 0 0
  1 27 4 3 100 0 0 0 0 1
  1 28 4 2 100 0 0 0 0 1
  1 28 4 3 100 0 0 0 0 1
  1 29 4 3 100 0 1 0 0 0
  1 31 4 3 100 0 0 0 0 1
  1 31 4 4 100 0 0.11 0 0 0.89
  1 34 4 3 100 0 1 0 0 0
  1 40 4 3 100 0 0.27 0 0 0.73
  1 40 4 4 100 0 0 0 0 1
  1 42 4 3 100 0 0 0.96 0 0.04
  2 6 4 3 100 0 0 0.08 0 0.92
  2 8 4 3 100 0 0 0.05 0 0.95
  2 9 4 4 100 0 0 0 0.21 0.79
  2 14 4 4 100 0 0 0 0 1
  2 15 4 3 100 0 0 0 0 1
  2 16 4 3 100 0 0 0 0 1
  2 17 4 2 100 0 0 0 0 1
  2 18 4 3 100 0 0 0 0 1
  2 19 4 3 100 0 0 0 0 1
  2 21 4 3 100 0 0 0 0 1
  2 22 4 3 100 0 0.61 0 0 0.39
  2 23 4 3 100 0 0 1 0 0
  2 24 4 3 100 0 0.92 0 0 0.08
  2 25 4 3 100 0 1 0 0 0
  2 25 4 4 100 0 0 0.04 0 0.96
  2 27 4 3 100 0 0 0 0 1
  2 30 4 3 100 0 0.75 0 0 0.25
  2 33 4 3 100 0 0 0 0 1
  2 34 4 3 100 0 1 0 0 0
  2 35 4 3 100 0 0.78 0 0 0.22
  2 36 4 2 100 0 0.84 0 0 0.16
  2 36 4 3 100 0 1 0 0 0
  2 37 4 3 100 0 0.12 0 0 0.88
  2 42 4 3 100 0 0 1 0 0
# end survey diet proportion observations 
#  
