# This file was created using the write_tsDatFile function and used all the simulated data from sim_dta.rds found in repo:Hydra-self-testing
# Survey index data 
# Number of observations, init_int Nsurvey_obs
  329
# init_matrix obs_survey_biomass(1,Nsurvey_obs,1,5)
# survey year spp value cv
  1 1 4 644994.912947671 0.212720515437525
  2 1 4 363314.839989214 0.25363203301826
  1 2 4 27600.3679575653 0.222168779300385
  2 2 4 13295.020254605 0.187773345626693
  1 3 4 211655.504091993 0.394113240257454
  2 3 4 4399.86736386116 0.423618201694685
  1 4 4 328429.2493959 0.310035034727007
  2 4 4 13002.8367133296 0.327069686277164
  1 5 4 121683.747240078 0.378629084128514
  2 5 4 1743.57761355763 0.391316523019912
  1 6 4 30858.2427982386 0.494427832556011
  2 6 4 1262.70526526803 0.376280830351703
  1 7 4 42611.6181452179 0.759062286891916
  2 7 4 2803.63883398748 0.665352569827422
  1 8 4 6206.77330623306 0.383150869515862
  2 8 4 273.798762736374 0.433685089735353
  1 9 4 42718.6587927964 0.48934963094834
  2 9 4 737.712810494867 0.392371299771634
  1 10 4 44751.7802189694 0.382452035825211
  2 10 4 891.420303709268 0.333798529002863
  1 11 4 8657.05758841656 0.566792532611316
  2 11 4 364.138629223182 0.868042030585988
  1 12 4 39673.6656809674 0.381518572031255
  2 12 4 215.279161674892 0.445144789260538
  1 13 4 6416.27784801087 0.438380584739347
  2 13 4 180.732938988746 0.947226139495183
  1 14 4 6408.5445936242 0.482345652338289
  2 14 4 255.185315684714 0.377075764230608
  1 15 4 5737.8008214412 0.420835086749712
  2 15 4 133.167030036092 0.614716212748607
  1 16 4 9665.98230711299 0.515165860253858
  2 16 4 151.922140499893 0.704031323768783
  1 17 4 3332.57452030154 0.559532625975744
  2 17 4 129.907602435287 0.319774204956139
  1 18 4 1072.99537584385 0.479008946214672
  2 18 4 45.495669698062 0.41351869139049
  1 19 4 3120.12318445176 0.429419179801904
  2 19 4 90.0864636038616 0.387615780132326
  1 20 4 7303.83860760332 0.477074256852948
  2 20 4 156.427018286052 0.315868813200741
  1 21 4 6043.63286481017 0.410621521476155
  2 21 4 93.864011713223 0.630050999524052
  1 22 4 18466.561561557 0.294672690077384
  2 22 4 285.256319890633 0.335469505128288
  1 23 4 10174.2359567723 0.477447511398437
  2 23 4 484.675421201522 0.407625761955908
  1 24 4 4549.68487102817 0.384568504019134
  2 24 4 113.764643885276 0.43049173366256
  1 25 4 4246.63741467445 0.333261603198005
  2 25 4 258.737130180295 0.843960441627036
  1 26 4 6552.96047306743 0.685474246042822
  2 26 4 92.5967399989509 0.429620783824035
  1 27 4 3870.30721859224 0.286882992344226
  2 27 4 36.4633737501696 0.81343687860715
  1 28 4 8387.20756604431 0.371822434434906
  2 28 4 223.893306102991 0.53327636373572
  1 29 4 7460.69358459365 0.592639130460935
  2 29 4 448.968496775635 0.590339711107796
  1 30 4 15894.2390293076 0.374062101432949
  2 30 4 337.777074671265 0.701775131617819
  1 31 4 10662.8789732694 0.304499664309564
  2 31 4 344.257533252564 0.210828956182955
  1 32 4 29518.8883519258 0.233962995093855
  2 32 4 460.729397570925 0.329779252894958
  1 33 4 9557.27281182133 0.270006842918168
  2 33 4 494.452543254312 0.460124990024536
  1 34 4 8695.68031088774 0.350007507053818
  2 34 4 154.711156073279 0.837656243552001
  1 35 4 10867.442311069 0.34274593698132
  2 35 4 335.939166811056 0.291986952078346
  1 36 4 25433.8841554683 0.261906583866089
  2 36 4 218.886314142606 0.425399553458769
  1 37 4 68530.4900298747 0.417429035160016
  2 37 4 1669.11035246648 0.287702894520317
  1 38 4 40501.3940066999 0.441211421515246
  2 38 4 12343.208847961 0.866971810340233
  1 39 4 15456.235347693 0.495234601454268
  2 39 4 1896.35279209297 0.556663444153977
  1 40 4 16053.3038370459 0.237858203733512
  2 40 4 456.561687852313 0.295404104464232
  1 41 4 7105.36724982614 0.327346172729995
  2 41 4 153.013605788712 0.994030515469621
  1 42 4 1567.77219049884 0.368315456462939
  2 42 4 50.0087470762826 0.461505384764764
  1 1 2 6.03672673571546e-264 0.601375663623589
  2 1 2 5.31252074304272e-264 0.565196579518992
  2 2 2 1.06351732957479e-209 0.686052062200317
  2 3 2 1.16203217230497e-186 0.378997614818957
  1 4 2 8.88964761272409e-191 1
  2 4 2 2.10832229542217e-193 0.459316778181236
  1 5 2 3.17138176949684e-194 0.611089023955187
  2 5 2 5.45527603068878e-196 0.780615956536472
  1 6 2 7.49535942998707e-199 0.702037850017464
  2 6 2 1.10718257500087e-199 0.461790555986525
  1 7 2 3.61097476814453e-200 0.948289691951521
  2 7 2 2.98306476708384e-202 0.685175011742778
  1 8 2 5.43279808307781e-203 0.544380631361087
  2 8 2 6.50520227817005e-204 0.424096495665332
  1 9 2 5.82099119343584e-204 0.5393131982084
  2 9 2 9.74501691986699e-206 0.454629127333952
  1 10 2 5.38685223894923e-206 0.88095039530815
  2 10 2 4.4629636673728e-207 0.419344308350161
  1 11 2 1.75444770556784e-207 0.799987970388403
  2 11 2 2.13541675698734e-208 0.839124360078806
  1 12 2 1.09559687167138e-201 0.774991903603438
  2 12 2 3.23722955621978e-204 0.424721667998453
  1 13 2 4.21278048908731e-206 0.863215133786584
  2 13 2 1.08856325520724e-207 0.387073469025502
  1 14 2 1.2060124224284e-207 0.704083892007286
  2 14 2 5.9005602418079e-209 0.312793018147624
  1 15 2 2.41840224991687e-201 0.457459057188701
  2 15 2 1.66803021289004e-203 0.459652287866146
  1 16 2 1.05721655679108e-186 0.853197309912465
  2 16 2 1.41171855582532e-189 0.628928805514438
  1 17 2 4.71550117581085e-200 0.61116783920211
  2 17 2 5.53480557050724e-202 0.3895964128798
  1 18 2 4.70100914184174e-205 0.416775375911518
  2 18 2 6.7362048960089e-206 0.495180348393774
  1 19 2 3.73812081992295e-186 0.69077510766454
  2 19 2 6.14241142753109e-188 0.347120352110889
  1 20 2 4.77438472940049e-190 0.793751288508348
  2 20 2 8.93576812324797e-192 0.526946514998015
  1 21 2 5.86978129530331e-193 0.339376634127756
  2 21 2 6.80668835379028e-194 0.609998621037514
  1 22 2 7.76881791290335e-195 0.601950919776798
  2 22 2 6.12507598756746e-196 0.389299707202565
  1 23 2 5.76274189440614e-197 0.658556209578282
  2 23 2 1.71760989917134e-197 0.288585466763824
  1 24 2 3.77178622146752e-197 0.637453135075156
  2 24 2 2.05355337992162e-199 0.480513100150493
  1 25 2 1.08658551104227e-201 0.510473149998029
  2 25 2 1.29290518809294e-202 0.338488147626423
  1 26 2 1.13602747682225e-190 0.548437091427541
  2 26 2 4.60837589891943e-193 0.345955330423839
  1 27 2 6.68900827167328e-178 0.492912195981742
  2 27 2 5.99602842668957e-180 0.33164245084141
  1 28 2 1.94894232307285e-180 0.747597319880804
  2 28 2 4.67781140732149e-183 0.447853531697379
  1 29 2 7.19258623775127e-184 0.451616070879294
  2 29 2 2.99588177539265e-185 0.305275882623724
  1 30 2 5.78929021239536e-185 0.797269558848634
  2 30 2 1.10222880371973e-186 0.605264936420634
  1 31 2 4.5436724066647e-187 0.666772556553203
  2 31 2 4.19751499860877e-188 0.359836468902791
  1 32 2 2.65242668645785e-188 0.96787270074405
  2 32 2 1.09838017394688e-189 0.422601396160012
  1 33 2 2.04206997605371e-190 0.404694020855087
  2 33 2 5.58383960032703e-192 0.465820030674526
  1 34 2 1.54234036827025e-193 0.814873375751391
  2 34 2 4.23640881277598e-194 0.505954372112585
  1 35 2 1.59147402679902e-195 0.533219898766676
  2 35 2 1.38635326842187e-196 0.287403659199158
  1 36 2 5.00924615993904e-198 0.371953858881132
  2 36 2 5.66468993296059e-199 0.365560779244073
  1 37 2 1.33192677638843e-199 0.791301167226987
  2 37 2 1.06543184253812e-200 0.487536998609889
  1 38 2 9.71718700904792e-202 0.633364993316759
  2 38 2 5.29498391142257e-202 0.644823084547079
  1 39 2 1.99834967324034e-202 0.827253682697507
  2 39 2 3.48272841125052e-203 0.354235596542703
  1 40 2 9.96127363994252e-204 0.900216415173481
  2 40 2 2.24567899532422e-205 0.395846441583114
  1 41 2 1.66252354826829e-206 0.957770995377006
  2 41 2 1.29628232382842e-207 0.496084887173497
  1 42 2 2.77532229585999e-209 0.55870584954739
  2 42 2 1.60949392935151e-209 0.604660139936764
  1 1 1 116238.372964838 0.241799049430762
  2 1 1 2118879.75227856 0.250018379470286
  1 2 1 55712.7395230813 0.142636213550947
  2 2 1 110050.744417332 0.163647146277456
  1 3 1 46380.9428575249 0.225478190042395
  2 3 1 45770.9322251923 0.192013183632222
  1 4 1 119089.527189887 0.323579734794357
  2 4 1 85167.6028926417 0.162432383538487
  1 5 1 24974.7558010281 0.320666395151501
  2 5 1 80298.4668180376 0.822390366318268
  1 6 1 5276.89730157883 0.452044832991261
  2 6 1 65388.4849759614 0.192408532269243
  1 7 1 100833.971598923 0.28209645893665
  2 7 1 31158.0969971394 0.262097825842625
  1 8 1 3703.2564277122 0.414010381101596
  2 8 1 44050.1824166478 0.189959250209439
  1 9 1 27426.2459219144 0.40638853202345
  2 9 1 9643.88509781929 0.178404315527443
  1 10 1 26896.5446746999 0.290993157294119
  2 10 1 29423.7705804273 0.156753980046499
  1 11 1 4931.94476423037 0.324615016521962
  2 11 1 13767.3674248618 0.174348711952217
  1 12 1 5351.16933983401 0.294780938380682
  2 12 1 6127.49152418083 0.195232854572048
  1 13 1 3843.07652922647 0.440402569626277
  2 13 1 7175.06465993143 0.185762358850192
  1 14 1 4389.04475156142 0.372421878022742
  2 14 1 4522.79185444487 0.151581173531864
  1 15 1 4476.7022149096 0.341871348717721
  2 15 1 2562.75952212125 0.233364310094868
  1 16 1 2976.70862217423 0.416897355424411
  2 16 1 1661.0999198493 0.283802183917676
  1 17 1 1928.64052600323 0.500820840736393
  2 17 1 1949.6835299537 0.495024013362717
  1 18 1 498.828269349161 0.389853340834037
  2 18 1 1023.72701903131 0.390988792530431
  1 19 1 604.927699804149 0.293941849282161
  2 19 1 478.217747057977 0.322403741112933
  1 20 1 1746.27309808982 0.525509720403112
  2 20 1 673.44414331451 0.218361153170241
  1 21 1 1616.69705329874 0.266433769579894
  2 21 1 917.497249600121 0.421115605185845
  1 22 1 4528.71767875574 0.374831371194202
  2 22 1 3583.87128296484 0.227391091044855
  1 23 1 1303.0240881413 0.352011231642473
  2 23 1 4640.74593018865 0.384269029090844
  1 24 1 2038.67003374392 0.34725908523047
  2 24 1 1531.29192509679 0.331291933735556
  1 25 1 1340.60124428363 0.578696888706846
  2 25 1 1098.7679652845 0.247394190789157
  1 26 1 638.702444087071 0.459728456052307
  2 26 1 1296.62142076546 0.394189312610479
  1 27 1 782.29937318518 0.539982548576019
  2 27 1 319.055816479082 0.72948972943007
  1 28 1 2351.54583896174 0.364309332200766
  2 28 1 771.820264946482 0.278656828353639
  1 29 1 1885.82118569323 0.562793580097325
  2 29 1 3747.41761427797 0.316141323613091
  1 30 1 5898.91544564015 0.420348818797864
  2 30 1 1760.15324010413 0.30511736182771
  1 31 1 12574.0307612611 0.403753427903273
  2 31 1 8986.69901659652 0.278331587636247
  1 32 1 3554.82892550534 0.491331418922754
  2 32 1 5740.49803502609 0.329726795744574
  1 33 1 1034.86274802909 0.537081122476055
  2 33 1 4840.60907195242 0.33086845072982
  1 34 1 1667.0816668128 0.379030815152119
  2 34 1 854.460847625111 0.278881417082292
  1 35 1 511.451317086713 0.519511456600017
  2 35 1 1122.28530035274 0.27351876283918
  1 36 1 1618.51727625886 0.556056214854877
  2 36 1 1092.58284296304 0.714061811185508
  1 37 1 2434.73365113919 0.588197671943964
  2 37 1 1820.44415935733 0.340315242626747
  1 38 1 2424.34251498799 0.324588369174256
  2 38 1 3024.38338773077 0.300199803594678
  1 39 1 145.225394240319 0.501841796783066
  2 39 1 6961.88061938411 0.438397059851219
  1 40 1 579.624951572102 0.403101009292275
  2 40 1 249.836934315836 0.410378233550251
  1 41 1 190.307820495106 0.478602624152216
  2 41 1 248.047937680053 0.362128776577143
  1 42 1 234.280565938192 0.646634922078809
  2 42 1 117.368605349504 0.816170985475773
  1 1 3 159695.91925109 0.499484636786782
  1 2 3 2456.51594527014 0.358153914340203
  2 2 3 122797.760256348 0.577110518633802
  1 3 3 393618.526749882 0.678339172154909
  2 3 3 34206.0368758283 0.738121970739642
  1 4 3 9422.40864407262 1
  2 4 3 63016.1371709016 0.52056341701904
  1 5 3 114384.503101915 0.693225535250834
  2 5 3 78770.2807104348 1
  1 6 3 6526.01672616706 1
  2 6 3 3729.13388091646 0.48452157876779
  1 7 3 720.662398992171 0.912293822979085
  1 8 3 251.323992201755 0.655734850091527
  2 8 3 256.925447511638 0.750382084373246
  1 9 3 1228.97531026319 0.670809892238012
  2 9 3 134.215900758004 0.47273108889926
  1 10 3 175.322064959303 0.631102684426709
  2 10 3 39.676577858209 0.919260399745188
  1 11 3 132.500942770299 0.496475444687371
  1 12 3 137.281655107852 0.740682868109632
  2 12 3 288.798023908993 1
  1 13 3 183.133709463935 0.360862225436052
  1 14 3 258.830614957509 0.547901331396328
  2 14 3 277.1746839001 0.478873954421528
  1 15 3 151.582015568261 0.429608216382601
  2 15 3 143.747567946357 0.654713783069401
  1 16 3 874.190928207096 0.69118921143411
  2 16 3 964.949809430763 0.8614889831113
  1 17 3 45.5361877025768 0.426971754606328
  2 17 3 170.569928885254 0.572182042928152
  1 18 3 55.2278603809651 0.505524319387353
  2 18 3 41.68682123221 0.488492827246527
  1 19 3 38.627221671658 0.644591984223249
  2 19 3 113.2544443427 0.51925665989311
  1 20 3 55.9409804136589 0.899065435378594
  2 20 3 68.3933089714912 0.59569628754064
  1 21 3 16.5999977096878 0.543826822033971
  2 21 3 22.7031687192246 0.466111862829518
  1 22 3 179.212639848775 0.88174616562504
  2 22 3 89.7797809408372 0.568444982816852
  1 23 3 381.922134074323 0.408104676406013
  2 23 3 123.736092398946 0.357346049869971
  1 24 3 23.7350511317993 0.92608255019157
  2 24 3 46.4083048215779 0.539541007788685
  1 25 3 7.01983512114868 0.648664057223823
  2 25 3 27.1028708382539 0.576168087832409
  1 26 3 50.7196869883715 0.695927823776047
  2 26 3 9.18202297330219 0.549529982814455
  1 27 3 66.8951119058642 0.708713243925404
  2 27 3 12.7486633826169 0.496269825160911
  1 28 3 62.4257627214746 0.489543853646182
  1 29 3 84.917719698031 0.703511357168505
  2 29 3 373.756200143206 0.875017095315649
  1 30 3 442.079590548443 0.631659802692532
  2 30 3 275.624424978833 0.908152223575802
  1 31 3 1894.41944160268 0.626570332091694
  2 31 3 901.586537961771 0.712465807947941
  1 32 3 138.716437428478 0.661895735249442
  2 32 3 581.433386553878 0.86012943797605
  1 33 3 71.6047553161116 0.783155911787346
  2 33 3 79.7617511873043 0.598390099709208
  1 34 3 35.7632934435861 0.542775440757204
  2 34 3 10.497950299231 0.743173480285892
  1 35 3 20.9184473340062 0.870542376054271
  2 35 3 12.6814254176233 0.446478967244395
  1 36 3 315.007241812015 0.492193512682958
  2 36 3 57.7347983718544 0.490110041691513
  1 37 3 1392.8105174586 0.909630520329322
  2 37 3 581.849304221827 0.433872317628348
  1 38 3 1997.3033025562 0.644773009949607
  2 38 3 766.297093623231 0.484949159815328
  1 39 3 3514.92555050424 0.515045488987725
  2 39 3 1002.59888747893 0.388710136036013
  1 40 3 308.174153983255 0.442573167063876
  2 40 3 590.395463228071 0.395139923022642
  1 41 3 24.8516446189895 0.88587618368699
  2 41 3 243.416255715616 0.537531419606343
  1 42 3 428126.561081003 0.983269433580366
  2 42 3 357667.384057318 0.849696423298534
# end survey index observations 
#  
# Survey size comp data 
# Number of observations, init_int Nsurvey_size_obs 
  329
# init_matrix obs_survey_size(1,Nsurvey_size_obs,1,ncol) 
# Survey  Year  Species Type (0=whole, 1=retained, 2=discard) InpN, proportion by length bin 
  1 1 1 0 57 0.0350877192982456 1.01754385964912 0.666666666666667 0.0350877192982456 0
  1 2 1 0 65 0.907692307692308 0.615384615384615 0 0.0153846153846154 0
  1 3 1 0 32 1.53125 1.59375 0 0 0
  1 4 1 0 32 1.625 1.5 0 0 0
  1 5 1 0 21 2.23809523809524 2.47619047619048 0.0476190476190476 0 0
  1 6 1 0 18 0.555555555555556 3.27777777777778 1.72222222222222 0 0
  1 7 1 0 25 1.76 2.24 0 0 0
  1 8 1 0 20 0.1 3.15 1.75 0 0
  1 9 1 0 16 3.3125 2.875 0.0625 0 0
  1 10 1 0 19 2.73684210526316 2.52631578947368 0 0 0
  1 11 1 0 20 2.45 2.4 0.15 0 0
  1 12 1 0 22 2.72727272727273 1.81818181818182 0 0 0
  1 13 1 0 23 2.34782608695652 1.95652173913043 0.0434782608695652 0 0
  1 14 1 0 14 3.57142857142857 3.57142857142857 0 0 0
  1 15 1 0 21 2.47619047619048 2.19047619047619 0.0952380952380952 0 0
  1 16 1 0 14 3.07142857142857 4.07142857142857 0 0 0
  1 17 1 0 17 2.58823529411765 3.23529411764706 0.0588235294117647 0 0
  1 18 1 0 19 2.36842105263158 2.73684210526316 0.157894736842105 0 0
  1 19 1 0 18 2.61111111111111 2.88888888888889 0.0555555555555556 0 0
  1 20 1 0 15 4 2.66666666666667 0 0 0
  1 21 1 0 21 2.52380952380952 2.19047619047619 0.0476190476190476 0 0
  1 22 1 0 13 4.46153846153846 3.23076923076923 0 0 0
  1 23 1 0 14 3.14285714285714 3.64285714285714 0.357142857142857 0 0
  1 24 1 0 14 3.92857142857143 3.21428571428571 0 0 0
  1 25 1 0 18 2.72222222222222 2.83333333333333 0 0 0
  1 26 1 0 14 3.42857142857143 3.71428571428571 0 0 0
  1 27 1 0 23 2.1304347826087 2.17391304347826 0.0434782608695652 0 0
  1 28 1 0 14 3.71428571428571 3.42857142857143 0 0 0
  1 29 1 0 17 2.94117647058824 2.88235294117647 0.0588235294117647 0 0
  1 30 1 0 18 3.11111111111111 2.38888888888889 0.0555555555555556 0 0
  1 31 1 0 20 2.4 2.6 0 0 0
  1 32 1 0 10 5.2 4.7 0.1 0 0
  1 33 1 0 15 1 4.26666666666667 1.4 0 0
  1 34 1 0 18 3.5 2.05555555555556 0 0 0
  1 35 1 0 8 6.125 6.125 0.25 0 0
  1 36 1 0 12 3.25 4.91666666666667 0.166666666666667 0 0
  1 37 1 0 8 6.625 5.875 0 0 0
  1 38 1 0 16 3.5625 2.625 0.0625 0 0
  1 39 1 0 10 3.6 5.8 0.6 0 0
  1 40 1 0 10 5.8 4 0.1 0.1 0
  1 41 1 0 13 3.15384615384615 4.46153846153846 0.0769230769230769 0 0
  1 42 1 0 8 6.75 5.375 0.375 0 0
  1 1 2 0 11 1.45454545454545 2.27272727272727 2.09090909090909 1.81818181818182 1.45454545454545
  1 4 2 0 1 19 19 21 23 18
  1 5 2 0 5 4 5.2 4.8 4 2
  1 6 2 0 1 18 15 22 28 17
  1 7 2 0 3 5.66666666666667 6 6 8.33333333333333 7.33333333333333
  1 8 2 0 4 4.5 6 5.5 4 5
  1 9 2 0 5 3 3.8 4.6 4.4 4.2
  1 10 2 0 10 2 2.6 2.2 1.8 1.4
  1 11 2 0 13 1.38461538461538 1.30769230769231 1.92307692307692 1.46153846153846 1.61538461538462
  1 12 2 0 15 1.6 1.26666666666667 0.933333333333333 1.66666666666667 1.2
  1 13 2 0 9 2.44444444444444 2.44444444444444 2.11111111111111 2.33333333333333 1.77777777777778
  1 14 2 0 6 1.83333333333333 3.83333333333333 4.66666666666667 3.33333333333333 3
  1 15 2 0 13 1.61538461538462 1.07692307692308 1.30769230769231 1.84615384615385 1.84615384615385
  1 16 2 0 10 2 2.7 1.8 1.7 1.8
  1 17 2 0 10 2 2 1.7 2 2.3
  1 18 2 0 18 1.38888888888889 1.16666666666667 1.38888888888889 0.944444444444444 0.666666666666667
  1 19 2 0 27 0.777777777777778 0.851851851851852 0.555555555555556 0.814814814814815 0.703703703703704
  1 20 2 0 23 1.1304347826087 1 0.869565217391304 0.695652173913043 0.652173913043478
  1 21 2 0 25 0.72 0.84 0.76 0.88 0.8
  1 22 2 0 9 2.11111111111111 2.77777777777778 1.66666666666667 2.44444444444444 2.11111111111111
  1 23 2 0 8 2.25 2.875 2.625 2.625 2.125
  1 24 2 0 9 2.55555555555556 3 1.77777777777778 1.44444444444444 2.33333333333333
  1 25 2 0 14 1.14285714285714 1.42857142857143 1.92857142857143 1.35714285714286 1.28571428571429
  1 26 2 0 18 1.33333333333333 0.722222222222222 1.38888888888889 1 1.11111111111111
  1 27 2 0 16 1.3125 1.1875 1.4375 1.3125 1
  1 28 2 0 6 4.16666666666667 3.5 3.66666666666667 3.5 1.83333333333333
  1 29 2 0 8 2.375 3 1.625 2.375 3.125
  1 30 2 0 17 1.23529411764706 0.941176470588235 1.17647058823529 1.23529411764706 1.29411764705882
  1 31 2 0 9 2.33333333333333 1.77777777777778 2.33333333333333 2.44444444444444 2.22222222222222
  1 32 2 0 30 0.533333333333333 0.666666666666667 0.733333333333333 0.633333333333333 0.766666666666667
  1 33 2 0 24 0.666666666666667 1 0.833333333333333 0.75 0.916666666666667
  1 34 2 0 25 0.76 0.76 1.04 0.8 0.64
  1 35 2 0 16 1.25 1.625 0.8125 0.75 1.8125
  1 36 2 0 13 1.23076923076923 1.46153846153846 1.46153846153846 2.15384615384615 1.38461538461538
  1 37 2 0 8 2.125 3.125 3 1.5 2.75
  1 38 2 0 10 1.8 2.1 1.3 1.8 3
  1 39 2 0 13 0.769230769230769 2 1.61538461538462 1.23076923076923 2.07692307692308
  1 40 2 0 8 2.75 2.625 2.5 2.625 2
  1 41 2 0 5 4.2 4.6 2.4 5.8 3
  1 42 2 0 17 0.647058823529412 1.52941176470588 1.35294117647059 1.11764705882353 1.23529411764706
  1 1 3 0 27 0 0.925925925925926 1.88888888888889 0.888888888888889 0
  1 2 3 0 13 0 0.307692307692308 4.07692307692308 3.30769230769231 0
  1 3 3 0 5 10.2 9.8 0 0 0
  1 4 3 0 2 8.5 30.5 11 0 0
  1 5 3 0 5 11.6 8.4 0 0 0
  1 6 3 0 1 32 61 7 0 0
  1 7 3 0 3 10.6666666666667 20 2.33333333333333 0.333333333333333 0
  1 8 3 0 3 19 14.3333333333333 0 0 0
  1 9 3 0 4 13.25 11.75 0 0 0
  1 10 3 0 4 13.75 11.25 0 0 0
  1 11 3 0 4 11.75 13 0.25 0 0
  1 12 3 0 2 24.5 25.5 0 0 0
  1 13 3 0 8 7.5 5 0 0 0
  1 14 3 0 19 2.89473684210526 2.31578947368421 0.0526315789473684 0 0
  1 15 3 0 15 3.66666666666667 3 0 0 0
  1 16 3 0 12 3.91666666666667 4.41666666666667 0 0 0
  1 17 3 0 14 1 4.5 1.64285714285714 0 0
  1 18 3 0 14 4 3.07142857142857 0.0714285714285714 0 0
  1 19 3 0 15 3.26666666666667 3.4 0 0 0
  1 20 3 0 17 2.52941176470588 3.11764705882353 0.235294117647059 0 0
  1 21 3 0 12 4.25 3.83333333333333 0.25 0 0
  1 22 3 0 11 5.18181818181818 3.90909090909091 0 0 0
  1 23 3 0 16 3.625 2.625 0 0 0
  1 24 3 0 15 2.53333333333333 3.4 0.733333333333333 0 0
  1 25 3 0 4 14.5 10 0.25 0.25 0
  1 26 3 0 14 4.21428571428571 2.92857142857143 0 0 0
  1 27 3 0 6 7.66666666666667 8.66666666666667 0.333333333333333 0 0
  1 28 3 0 4 12.5 12.25 0.25 0 0
  1 29 3 0 2 27 23 0 0 0
  1 30 3 0 10 5.6 4.4 0 0 0
  1 31 3 0 9 6 5.11111111111111 0 0 0
  1 32 3 0 12 2 4.75 1.58333333333333 0 0
  1 33 3 0 5 11.4 8.4 0.2 0 0
  1 34 3 0 9 5.66666666666667 5.22222222222222 0.222222222222222 0 0
  1 35 3 0 5 12.6 7 0.4 0 0
  1 36 3 0 5 10.4 9.6 0 0 0
  1 37 3 0 3 19 14.3333333333333 0 0 0
  1 38 3 0 15 3.33333333333333 3.33333333333333 0 0 0
  1 39 3 0 12 4.75 3.5 0.0833333333333333 0 0
  1 40 3 0 9 6.55555555555556 4.44444444444444 0.111111111111111 0 0
  1 41 3 0 8 3.75 6.625 2.125 0 0
  1 42 3 0 12 4.5 3.41666666666667 0.25 0.166666666666667 0
  1 1 4 0 86 0.534883720930233 0.116279069767442 0.476744186046512 0.0348837209302326 0
  1 2 4 0 100 0.02 0.08 0.82 0.08 0
  1 3 4 0 33 2.63636363636364 0.393939393939394 0 0 0
  1 4 4 0 44 1.68181818181818 0.590909090909091 0 0 0
  1 5 4 0 34 2.35294117647059 0.588235294117647 0 0 0
  1 6 4 0 40 2.05 0.45 0 0 0
  1 7 4 0 39 2.17948717948718 0.384615384615385 0 0 0
  1 8 4 0 49 1.46938775510204 0.571428571428571 0 0 0
  1 9 4 0 36 2.33333333333333 0.444444444444444 0 0 0
  1 10 4 0 43 1.95348837209302 0.348837209302326 0.0232558139534884 0 0
  1 11 4 0 41 2.07317073170732 0.365853658536585 0 0 0
  1 12 4 0 35 2.34285714285714 0.514285714285714 0 0 0
  1 13 4 0 32 2.21875 0.90625 0 0 0
  1 14 4 0 21 3.66666666666667 1.0952380952381 0 0 0
  1 15 4 0 30 2.56666666666667 0.766666666666667 0 0 0
  1 16 4 0 19 4.15789473684211 1.10526315789474 0 0 0
  1 17 4 0 35 2.34285714285714 0.514285714285714 0 0 0
  1 18 4 0 27 2.81481481481481 0.888888888888889 0 0 0
  1 19 4 0 34 2.41176470588235 0.529411764705882 0 0 0
  1 20 4 0 42 1.92857142857143 0.452380952380952 0 0 0
  1 21 4 0 41 1.92682926829268 0.51219512195122 0 0 0
  1 22 4 0 44 1.84090909090909 0.431818181818182 0 0 0
  1 23 4 0 28 2.92857142857143 0.642857142857143 0 0 0
  1 24 4 0 34 2.47058823529412 0.470588235294118 0 0 0
  1 25 4 0 36 2.38888888888889 0.388888888888889 0 0 0
  1 26 4 0 31 2.54838709677419 0.67741935483871 0 0 0
  1 27 4 0 39 2.05128205128205 0.512820512820513 0 0 0
  1 28 4 0 38 1.94736842105263 0.684210526315789 0 0 0
  1 29 4 0 48 1.54166666666667 0.541666666666667 0 0 0
  1 30 4 0 38 2.31578947368421 0.315789473684211 0 0 0
  1 31 4 0 61 1.29508196721311 0.344262295081967 0 0 0
  1 32 4 0 48 1.75 0.333333333333333 0 0 0
  1 33 4 0 49 1.75510204081633 0.285714285714286 0 0 0
  1 34 4 0 44 1.77272727272727 0.5 0 0 0
  1 35 4 0 61 1.36065573770492 0.278688524590164 0 0 0
  1 36 4 0 67 1.25373134328358 0.238805970149254 0 0 0
  1 37 4 0 57 1.35087719298246 0.403508771929825 0 0 0
  1 38 4 0 38 2.05263157894737 0.578947368421053 0 0 0
  1 39 4 0 52 1.61538461538462 0.307692307692308 0 0 0
  1 40 4 0 43 2.02325581395349 0.302325581395349 0 0 0
  1 41 4 0 42 1.92857142857143 0.428571428571429 0.0238095238095238 0 0
  1 42 4 0 61 1.31147540983607 0.327868852459016 0 0 0
  2 1 1 0 58 0 0.0689655172413793 1.5 0.155172413793103 0
  2 2 1 0 83 0 0.253012048192771 0.72289156626506 0.228915662650602 0
  2 3 1 0 63 0 1.11111111111111 0.476190476190476 0 0
  2 4 1 0 56 0.0178571428571429 1.28571428571429 0.482142857142857 0 0
  2 5 1 0 55 0 0.545454545454545 1.27272727272727 0 0
  2 6 1 0 45 0 0.155555555555556 2 0.0666666666666667 0
  2 7 1 0 46 0 2.04347826086957 0.130434782608696 0 0
  2 8 1 0 56 0 0.0892857142857143 1.69642857142857 0 0
  2 9 1 0 51 0 1.80392156862745 0.156862745098039 0 0
  2 10 1 0 44 0 1.15909090909091 1.11363636363636 0 0
  2 11 1 0 49 0 0.591836734693878 1.44897959183673 0 0
  2 12 1 0 50 0.06 1.44 0.5 0 0
  2 13 1 0 48 0.0208333333333333 0.916666666666667 1.14583333333333 0 0
  2 14 1 0 52 0 1.21153846153846 0.711538461538462 0 0
  2 15 1 0 31 0.032258064516129 1.7741935483871 1.41935483870968 0 0
  2 16 1 0 38 0.0263157894736842 1.63157894736842 0.973684210526316 0 0
  2 17 1 0 26 0.0384615384615385 1.69230769230769 2.11538461538462 0 0
  2 18 1 0 33 0.0303030303030303 1.18181818181818 1.81818181818182 0 0
  2 19 1 0 31 0 2.19354838709677 1.03225806451613 0 0
  2 20 1 0 38 0 1.94736842105263 0.684210526315789 0 0
  2 21 1 0 30 0.0333333333333333 1.96666666666667 1.33333333333333 0 0
  2 22 1 0 35 0 2.05714285714286 0.8 0 0
  2 23 1 0 35 0.0285714285714286 0.942857142857143 1.88571428571429 0 0
  2 24 1 0 26 0 2.57692307692308 1.26923076923077 0 0
  2 25 1 0 32 0.03125 1.46875 1.625 0 0
  2 26 1 0 26 0 2.80769230769231 1.03846153846154 0 0
  2 27 1 0 37 0 0.810810810810811 1.89189189189189 0 0
  2 28 1 0 35 0.0285714285714286 2.17142857142857 0.657142857142857 0 0
  2 29 1 0 33 0 1.48484848484848 1.54545454545455 0 0
  2 30 1 0 45 0 1.86666666666667 0.355555555555556 0 0
  2 31 1 0 34 0 1.44117647058824 1.5 0 0
  2 32 1 0 36 0 1.69444444444444 1.08333333333333 0 0
  2 33 1 0 42 0 0.119047619047619 2.26190476190476 0 0
  2 34 1 0 34 0.0588235294117647 2.26470588235294 0.617647058823529 0 0
  2 35 1 0 35 0.0571428571428571 0.828571428571429 1.97142857142857 0 0
  2 36 1 0 28 0 2.21428571428571 1.35714285714286 0 0
  2 37 1 0 22 0 3.59090909090909 0.954545454545455 0 0
  2 38 1 0 32 0 1.3125 1.8125 0 0
  2 39 1 0 27 0 0.37037037037037 3.2962962962963 0.037037037037037 0
  2 40 1 0 39 0 1.92307692307692 0.615384615384615 0.0256410256410256 0
  2 41 1 0 20 0 2.85 2.1 0.05 0
  2 42 1 0 30 0 0.766666666666667 2.56666666666667 0 0
  2 1 2 0 16 1.1875 1.25 1.125 1.375 1.3125
  2 2 2 0 20 0.55 1.4 1.4 0.8 0.85
  2 3 2 0 34 0.735294117647059 0.529411764705882 0.735294117647059 0.558823529411765 0.382352941176471
  2 4 2 0 15 1.53333333333333 0.933333333333333 1.73333333333333 1.33333333333333 1.13333333333333
  2 5 2 0 4 5.25 5.75 5 4.25 4.75
  2 6 2 0 7 2.28571428571429 1.71428571428571 3.42857142857143 2.85714285714286 4
  2 7 2 0 18 1.16666666666667 1.16666666666667 1.16666666666667 1.11111111111111 0.944444444444444
  2 8 2 0 22 0.863636363636364 1.04545454545455 0.727272727272727 1.13636363636364 0.772727272727273
  2 9 2 0 21 0.761904761904762 1.47619047619048 1.28571428571429 0.619047619047619 0.619047619047619
  2 10 2 0 11 2.18181818181818 2.18181818181818 1.63636363636364 1.36363636363636 1.72727272727273
  2 11 2 0 7 2.28571428571429 2.57142857142857 3.14285714285714 3 3.28571428571429
  2 12 2 0 19 1.21052631578947 1.05263157894737 0.684210526315789 1.10526315789474 1.21052631578947
  2 13 2 0 32 0.59375 0.625 0.71875 0.65625 0.53125
  2 14 2 0 34 0.676470588235294 0.676470588235294 0.441176470588235 0.588235294117647 0.558823529411765
  2 15 2 0 27 0.703703703703704 1.03703703703704 0.666666666666667 0.62962962962963 0.666666666666667
  2 16 2 0 42 0.5 0.428571428571429 0.428571428571429 0.642857142857143 0.380952380952381
  2 17 2 0 34 0.617647058823529 0.558823529411765 0.588235294117647 0.735294117647059 0.441176470588235
  2 18 2 0 28 0.571428571428571 0.714285714285714 1.10714285714286 0.5 0.678571428571429
  2 19 2 0 26 0.653846153846154 0.730769230769231 1 0.923076923076923 0.538461538461538
  2 20 2 0 32 0.5 0.59375 0.71875 0.90625 0.40625
  2 21 2 0 37 0.621621621621622 0.432432432432432 0.432432432432432 0.459459459459459 0.756756756756757
  2 22 2 0 38 0.473684210526316 0.605263157894737 0.5 0.552631578947368 0.5
  2 23 2 0 41 0.51219512195122 0.463414634146341 0.439024390243902 0.390243902439024 0.634146341463415
  2 24 2 0 33 0.666666666666667 0.545454545454545 0.545454545454545 0.666666666666667 0.606060606060606
  2 25 2 0 45 0.422222222222222 0.555555555555556 0.444444444444444 0.377777777777778 0.422222222222222
  2 26 2 0 28 0.392857142857143 0.642857142857143 0.785714285714286 0.821428571428571 0.928571428571429
  2 27 2 0 47 0.446808510638298 0.340425531914894 0.404255319148936 0.446808510638298 0.48936170212766
  2 28 2 0 22 0.863636363636364 0.954545454545455 0.954545454545455 0.681818181818182 1.09090909090909
  2 29 2 0 40 0.45 0.575 0.55 0.575 0.35
  2 30 2 0 28 0.75 0.571428571428571 0.714285714285714 0.75 0.785714285714286
  2 31 2 0 32 0.6875 0.5 0.59375 0.84375 0.5
  2 32 2 0 40 0.425 0.55 0.525 0.5 0.5
  2 33 2 0 43 0.348837209302326 0.418604651162791 0.511627906976744 0.395348837209302 0.651162790697674
  2 34 2 0 46 0.41304347826087 0.434782608695652 0.521739130434783 0.543478260869565 0.260869565217391
  2 35 2 0 60 0.316666666666667 0.35 0.183333333333333 0.433333333333333 0.383333333333333
  2 36 2 0 49 0.326530612244898 0.326530612244898 0.530612244897959 0.448979591836735 0.408163265306122
  2 37 2 0 32 0.5625 0.65625 0.65625 0.71875 0.53125
  2 38 2 0 30 0.833333333333333 0.733333333333333 0.7 0.366666666666667 0.7
  2 39 2 0 29 0.620689655172414 0.758620689655172 0.724137931034483 0.655172413793103 0.689655172413793
  2 40 2 0 31 0.612903225806452 0.67741935483871 0.645161290322581 0.451612903225806 0.838709677419355
  2 41 2 0 14 1.35714285714286 1.28571428571429 1.42857142857143 1.42857142857143 1.64285714285714
  2 42 2 0 19 1.68421052631579 1.21052631578947 0.789473684210526 0.894736842105263 0.684210526315789
  2 2 3 0 3 0 0 2.33333333333333 31 0
  2 3 3 0 3 3.33333333333333 29.6666666666667 0 0.333333333333333 0
  2 4 3 0 7 0.428571428571429 4 9.85714285714286 0 0
  2 5 3 0 1 11 87 2 0 0
  2 6 3 0 14 0.214285714285714 2.14285714285714 4.57142857142857 0.214285714285714 0
  2 8 3 0 10 1.6 7.6 0.3 0.5 0
  2 9 3 0 6 1.5 14.5 0.666666666666667 0 0
  2 10 3 0 2 5.5 39 4.5 1 0
  2 12 3 0 1 10 70 18 2 0
  2 14 3 0 9 1 9.11111111111111 1 0 0
  2 15 3 0 5 1.6 16.6 1.6 0.2 0
  2 16 3 0 9 1.33333333333333 9.33333333333333 0.444444444444444 0 0
  2 17 3 0 9 0.111111111111111 3.88888888888889 7 0.111111111111111 0
  2 18 3 0 13 0.538461538461538 5.92307692307692 0.461538461538462 0.769230769230769 0
  2 19 3 0 14 0.5 6.21428571428571 0.357142857142857 0.0714285714285714 0
  2 20 3 0 19 0.315789473684211 3.10526315789474 1.84210526315789 0 0
  2 21 3 0 20 0.55 4.1 0.35 0 0
  2 22 3 0 23 0.652173913043478 3.69565217391304 0 0 0
  2 23 3 0 26 0.461538461538462 3.07692307692308 0.307692307692308 0 0
  2 24 3 0 28 0.0714285714285714 1.14285714285714 2.32142857142857 0.0357142857142857 0
  2 25 3 0 20 0.4 3.9 0.5 0.2 0
  2 26 3 0 7 2.42857142857143 11.1428571428571 0.714285714285714 0 0
  2 27 3 0 5 2.8 16.2 0.8 0.2 0
  2 29 3 0 6 1.5 14.5 0.666666666666667 0 0
  2 30 3 0 14 0.785714285714286 6.14285714285714 0.214285714285714 0 0
  2 31 3 0 7 1.28571428571429 12.2857142857143 0.714285714285714 0 0
  2 32 3 0 20 0.15 1.5 3.25 0.1 0
  2 33 3 0 18 0.444444444444444 3.55555555555556 0.944444444444444 0.611111111111111 0
  2 34 3 0 15 0.533333333333333 4.93333333333333 0.933333333333333 0.266666666666667 0
  2 35 3 0 28 0.357142857142857 2.78571428571429 0.392857142857143 0.0357142857142857 0
  2 36 3 0 25 0.48 3.48 0.04 0 0
  2 37 3 0 19 0.684210526315789 4.47368421052632 0.105263157894737 0 0
  2 38 3 0 33 0.424242424242424 2.42424242424242 0.181818181818182 0 0
  2 39 3 0 32 0.34375 2.1875 0.53125 0.0625 0
  2 40 3 0 34 0.235294117647059 1.97058823529412 0.588235294117647 0.147058823529412 0
  2 41 3 0 20 0.15 1.35 2.85 0.65 0
  2 42 3 0 27 0.037037037037037 1.11111111111111 1.40740740740741 1.14814814814815 0
  2 1 4 0 44 0 0.0227272727272727 2.13636363636364 0.113636363636364 0
  2 2 4 0 75 0 0.0133333333333333 1.24 0.08 0
  2 3 4 0 66 0.0454545454545455 1.46969696969697 0 0 0
  2 4 4 0 54 0.0185185185185185 1.37037037037037 0.462962962962963 0 0
  2 5 4 0 31 0.0967741935483871 2.12903225806452 1 0 0
  2 6 4 0 24 0.0416666666666667 1.91666666666667 2.20833333333333 0 0
  2 7 4 0 20 0 4.9 0.1 0 0
  2 8 4 0 25 0 1.36 2.64 0 0
  2 9 4 0 44 0.0227272727272727 2.18181818181818 0.0681818181818182 0 0
  2 10 4 0 36 0 2.11111111111111 0.666666666666667 0 0
  2 11 4 0 22 0.0454545454545455 2.86363636363636 1.63636363636364 0 0
  2 12 4 0 21 0.0476190476190476 4.19047619047619 0.523809523809524 0 0
  2 13 4 0 26 0.0384615384615385 3.34615384615385 0.461538461538462 0 0
  2 14 4 0 35 0.0857142857142857 2.51428571428571 0.257142857142857 0 0
  2 15 4 0 21 0.0476190476190476 4.04761904761905 0.666666666666667 0 0
  2 16 4 0 30 0.0333333333333333 3.06666666666667 0.233333333333333 0 0
  2 17 4 0 40 0.05 1.925 0.525 0 0
  2 18 4 0 42 0 1.88095238095238 0.5 0 0
  2 19 4 0 46 0.0217391304347826 2.06521739130435 0.0869565217391304 0 0
  2 20 4 0 37 0.0810810810810811 2.43243243243243 0.189189189189189 0 0
  2 21 4 0 44 0 1.95454545454545 0.318181818181818 0 0
  2 22 4 0 42 0.0714285714285714 2.0952380952381 0.214285714285714 0 0
  2 23 4 0 35 0 2.28571428571429 0.571428571428571 0 0
  2 24 4 0 26 0.0384615384615385 3.19230769230769 0.615384615384615 0 0
  2 25 4 0 19 0.157894736842105 4.73684210526316 0.368421052631579 0 0
  2 26 4 0 29 0 3.13793103448276 0.310344827586207 0 0
  2 27 4 0 10 0.3 8.6 1.1 0 0
  2 28 4 0 20 0.15 4.55 0.3 0 0
  2 29 4 0 25 0.08 3.4 0.52 0 0
  2 30 4 0 18 0.166666666666667 4.83333333333333 0.555555555555556 0 0
  2 31 4 0 24 0.0416666666666667 3.5 0.625 0 0
  2 32 4 0 21 0.0476190476190476 4.23809523809524 0.476190476190476 0 0
  2 33 4 0 10 0.1 6.1 3.8 0 0
  2 34 4 0 12 0.0833333333333333 7.83333333333333 0.416666666666667 0 0
  2 35 4 0 29 0 2.6551724137931 0.793103448275862 0 0
  2 36 4 0 17 0.117647058823529 5.35294117647059 0.411764705882353 0 0
  2 37 4 0 39 0.0256410256410256 2.38461538461538 0.153846153846154 0 0
  2 38 4 0 9 0 8.66666666666667 2.44444444444444 0 0
  2 39 4 0 50 0 1.18 0.82 0 0
  2 40 4 0 15 0.133333333333333 5.06666666666667 1.46666666666667 0 0
  2 41 4 0 7 0.285714285714286 9.71428571428571 4.28571428571429 0 0
  2 42 4 0 9 0.111111111111111 8 3 0 0
# end survey length observations 
#  
# Fishery catch data 
# Number of observations, init_int Ncatch_obs
  168
# init_matrix obs_catch_biomass(1,Ncatch_obs,1,6) 
# Fleet	Area	Year	Species	Catch(biomass t)	CV 
  1 1 1 1 15608.9235244563 0.05
  1 1 2 1 19397.9828782931 0.05
  1 1 3 1 15996.8656491326 0.05
  1 1 4 1 21153.7858811416 0.05
  1 1 5 1 27287.60372503 0.05
  1 1 6 1 13899.1135864393 0.05
  1 1 7 1 15939.0725402007 0.05
  1 1 8 1 13150.192033635 0.05
  1 1 9 1 13551.0475524183 0.05
  1 1 10 1 16829.905583704 0.05
  1 1 11 1 19376.1904008165 0.05
  1 1 12 1 17160.4292224692 0.05
  1 1 13 1 19086.3455748814 0.05
  1 1 14 1 16201.2451398971 0.05
  1 1 15 1 13270.7787904781 0.05
  1 1 16 1 7984.11767264877 0.05
  1 1 17 1 7583.12331921943 0.05
  1 1 18 1 4881.31450842545 0.05
  1 1 19 1 4047.49348111066 0.05
  1 1 20 1 4953.61533920066 0.05
  1 1 21 1 4101.83064591843 0.05
  1 1 22 1 4951.52051124259 0.05
  1 1 23 1 4525.09340237947 0.05
  1 1 24 1 6401.14717099079 0.05
  1 1 25 1 4456.63944723749 0.05
  1 1 26 1 6027.60538881342 0.05
  1 1 27 1 1952.98501517823 0.05
  1 1 28 1 1859.72054516159 0.05
  1 1 29 1 2304.49623946203 0.05
  1 1 30 1 3593.72787376668 0.05
  1 1 31 1 4119.1615200489 0.05
  1 1 32 1 4193.08452070356 0.05
  1 1 33 1 1697.40558794507 0.05
  1 1 34 1 2003.72125633625 0.05
  1 1 35 1 1249.78253294852 0.05
  1 1 36 1 641.679979908441 0.05
  1 1 37 1 1172.01923708091 0.05
  1 1 38 1 1035.14776028654 0.05
  1 1 39 1 838.910893440082 0.05
  1 1 40 1 639.314909268561 0.05
  1 1 41 1 599.688100843984 0.05
  1 1 42 1 410.937696402165 0.05
  1 1 1 4 6448.50738994202 0.05
  1 1 2 4 4161.70567302291 0.05
  1 1 3 4 6580.58535611147 0.05
  1 1 4 4 5971.63001277863 0.05
  1 1 5 4 7869.52073183465 0.05
  1 1 6 4 8962.70293126884 0.05
  1 1 7 4 5749.30447086443 0.05
  1 1 8 4 6950.14924488458 0.05
  1 1 9 4 6321.20246705015 0.05
  1 1 10 4 7553.96144018489 0.05
  1 1 11 4 8302.1093732406 0.05
  1 1 12 4 8850.10731007345 0.05
  1 1 13 4 13129.8969716324 0.05
  1 1 14 4 13387.4979408498 0.05
  1 1 15 4 8640.82524813417 0.05
  1 1 16 4 5616.74358675284 0.05
  1 1 17 4 12965.0371550989 0.05
  1 1 18 4 4677.77578043671 0.05
  1 1 19 4 5759.88675998796 0.05
  1 1 20 4 9150.53214475262 0.05
  1 1 21 4 4331.62073033098 0.05
  1 1 22 4 4334.81879987546 0.05
  1 1 23 4 7626.05018010319 0.05
  1 1 24 4 7174.84183502461 0.05
  1 1 25 4 5929.96191412675 0.05
  1 1 26 4 4663.00451382715 0.05
  1 1 27 4 3211.31820276334 0.05
  1 1 28 4 1691.23036674657 0.05
  1 1 29 4 4826.53084855785 0.05
  1 1 30 4 3615.7995712016 0.05
  1 1 31 4 2258.68339918209 0.05
  1 1 32 4 3841.15993310503 0.05
  1 1 33 4 2859.98997313756 0.05
  1 1 34 4 3566.1010215734 0.05
  1 1 35 4 3460.63118706013 0.05
  1 1 36 4 2893.84430950816 0.05
  1 1 37 4 5074.20429822122 0.05
  1 1 38 4 4216.04037822438 0.05
  1 1 39 4 4963.66905638718 0.05
  1 1 40 4 3722.43670746124 0.05
  1 1 41 4 3353.62442573116 0.05
  1 1 42 4 2557.13538804679 0.05
  2 1 1 2 1356.00907532879 0.05
  2 1 2 2 847.069895129153 0.05
  2 1 3 2 1460.77480446812 0.05
  2 1 4 2 930.679283561114 0.05
  2 1 5 2 1287.16784578898 0.05
  2 1 6 2 1252.13661645138 0.05
  2 1 7 2 701.460834217296 0.05
  2 1 8 2 930.598986322554 0.05
  2 1 9 2 933.445908660996 0.05
  2 1 10 2 754.111962775676 0.05
  2 1 11 2 1088.56562704433 0.05
  2 1 12 2 1000.77674364449 0.05
  2 1 13 2 3285.81628279882 0.05
  2 1 14 2 1804.93685331888 0.05
  2 1 15 2 1118.46253829331 0.05
  2 1 16 2 2577.37764258424 0.05
  2 1 17 2 2350.96754907054 0.05
  2 1 18 2 27.2282103107835 0.05
  2 1 19 2 3543.96009425147 0.05
  2 1 20 2 5946.15176634219 0.05
  2 1 21 2 14303.7448529616 0.05
  2 1 22 2 15498.0397931815 0.05
  2 1 23 2 9176.1119030188 0.05
  2 1 24 2 21082.3404970152 0.05
  2 1 25 2 10062.5473240478 0.05
  2 1 26 2 12604.8132759049 0.05
  2 1 27 2 13436.215694916 0.05
  2 1 28 2 8619.00325241884 0.05
  2 1 29 2 10651.5314296047 0.05
  2 1 30 2 7625.93205352589 0.05
  2 1 31 2 8675.94268311785 0.05
  2 1 32 2 16938.395760809 0.05
  2 1 33 2 9766.72720711461 0.05
  2 1 34 2 19514.3906713002 0.05
  2 1 35 2 17995.6901248918 0.05
  2 1 36 2 21985.2533395509 0.05
  2 1 37 2 18734.5193953958 0.05
  2 1 38 2 18337.4199690909 0.05
  2 1 39 2 11607.3114440298 0.05
  2 1 40 2 6774.50059270709 0.05
  2 1 41 2 6351.89869418096 0.05
  2 1 42 2 1554.35880809581 0.05
  2 1 1 3 503.261105370166 0.05
  2 1 2 3 242.309269473448 0.05
  2 1 3 3 306.69256011771 0.05
  2 1 4 3 393.364573949308 0.05
  2 1 5 3 2725.30076466267 0.05
  2 1 6 3 3724.84001613394 0.05
  2 1 7 3 2504.25317391862 0.05
  2 1 8 3 2364.05184649228 0.05
  2 1 9 3 3417.44963025243 0.05
  2 1 10 3 2275.69569414457 0.05
  2 1 11 3 3160.90652183086 0.05
  2 1 12 3 554.607437596613 0.05
  2 1 13 3 2516.02378544679 0.05
  2 1 14 3 1264.21740232004 0.05
  2 1 15 3 903.731432548613 0.05
  2 1 16 3 964.457688686434 0.05
  2 1 17 3 16238.891944997 0.05
  2 1 18 3 1196.01440220492 0.05
  2 1 19 3 951.534804759148 0.05
  2 1 20 3 738.705103690731 0.05
  2 1 21 3 495.988207048873 0.05
  2 1 22 3 2324.69030388324 0.05
  2 1 23 3 981.548757638818 0.05
  2 1 24 3 221.465591654821 0.05
  2 1 25 3 931.930704134862 0.05
  2 1 26 3 2130.95293345973 0.05
  2 1 27 3 2353.78927278024 0.05
  2 1 28 3 672.549676764136 0.05
  2 1 29 3 1613.6035590132 0.05
  2 1 30 3 2328.81502666515 0.05
  2 1 31 3 1669.7741232071 0.05
  2 1 32 3 581.540326937903 0.05
  2 1 33 3 161.819606770247 0.05
  2 1 34 3 125.446384923204 0.05
  2 1 35 3 154.047894152254 0.05
  2 1 36 3 2033.90358603368 0.05
  2 1 37 3 2320.53901079573 0.05
  2 1 38 3 1022.65234952591 0.05
  2 1 39 3 900.230626859129 0.05
  2 1 40 3 1741.74493096321 0.05
  2 1 41 3 15927.7006207778 0.05
  2 1 42 3 19239.1316618286 0.05
# end catch observations 
#  
# Fishery size comp data 
# Number of observations, init_int Ncatch_size_obs 
  168
# init_matrix obs_catch_size(1,Ncatch_size_obs,1,ncol) 
# Fleet Area  Year  Species Type (0=whole, 1=retained, 2=discard) InpN, proportion by size bin 
  1 1 1 1 0 81 0.0246913580246914 0.567901234567901 0.283950617283951 0.0617283950617284 0.296296296296296
  1 1 2 1 0 73 1.34246575342466 0 0 0.0273972602739726 0
  1 1 3 1 0 65 1.47692307692308 0.0461538461538462 0 0.0153846153846154 0
  1 1 4 1 0 56 1.76785714285714 0.0178571428571429 0 0 0
  1 1 5 1 0 120 0.8 0.0333333333333333 0 0 0
  1 1 6 1 0 130 0.215384615384615 0.4 0.153846153846154 0 0
  1 1 7 1 0 94 1.0531914893617 0 0.0106382978723404 0 0
  1 1 8 1 0 94 0.457446808510638 0.595744680851064 0 0.0106382978723404 0
  1 1 9 1 0 82 1.20731707317073 0 0.0121951219512195 0 0
  1 1 10 1 0 76 1.30263157894737 0.0131578947368421 0 0 0
  1 1 11 1 0 74 1.2972972972973 0.0405405405405405 0.0135135135135135 0 0
  1 1 12 1 0 65 1.53846153846154 0 0 0 0
  1 1 13 1 0 77 1.27272727272727 0.025974025974026 0 0 0
  1 1 14 1 0 88 1.13636363636364 0 0 0 0
  1 1 15 1 0 66 1.5 0.0151515151515152 0 0 0
  1 1 16 1 0 69 1.42028985507246 0.0289855072463768 0 0 0
  1 1 17 1 0 43 2.30232558139535 0.0232558139534884 0 0 0
  1 1 18 1 0 34 2.91176470588235 0.0294117647058824 0 0 0
  1 1 19 1 0 55 1.74545454545455 0.0545454545454545 0.0181818181818182 0 0
  1 1 20 1 0 64 1.546875 0.015625 0 0 0
  1 1 21 1 0 77 1.27272727272727 0.025974025974026 0 0 0
  1 1 22 1 0 67 1.46268656716418 0.0298507462686567 0 0 0
  1 1 23 1 0 133 0.669172932330827 0.0827067669172932 0 0 0
  1 1 24 1 0 98 1 0.0102040816326531 0.0102040816326531 0 0
  1 1 25 1 0 91 1.07692307692308 0.021978021978022 0 0 0
  1 1 26 1 0 77 1.2987012987013 0 0 0 0
  1 1 27 1 0 102 0.96078431372549 0.0196078431372549 0 0 0
  1 1 28 1 0 76 1.31578947368421 0 0 0 0
  1 1 29 1 0 110 0.872727272727273 0.0363636363636364 0 0 0
  1 1 30 1 0 100 1 0 0 0 0
  1 1 31 1 0 108 0.898148148148148 0.0277777777777778 0 0 0
  1 1 32 1 0 118 0.805084745762712 0.0423728813559322 0 0 0
  1 1 33 1 0 129 0.294573643410853 0.449612403100775 0.0232558139534884 0.00775193798449612 0
  1 1 34 1 0 90 1.1 0.0111111111111111 0 0 0
  1 1 35 1 0 69 1.39130434782609 0.0579710144927536 0 0 0
  1 1 36 1 0 80 1.2375 0 0.0125 0 0
  1 1 37 1 0 62 1.61290322580645 0 0 0 0
  1 1 38 1 0 94 1.0531914893617 0.0106382978723404 0 0 0
  1 1 39 1 0 75 0.8 0.453333333333333 0.08 0 0
  1 1 40 1 0 75 1.32 0.0133333333333333 0 0 0
  1 1 41 1 0 35 2.8 0.0571428571428571 0 0 0
  1 1 42 1 0 22 4.40909090909091 0.136363636363636 0 0 0
  1 1 1 4 0 5 3.8 0 0 0 16.2
  1 1 2 4 0 5 20 0 0 0 0
  1 1 3 4 0 5 20 0 0 0 0
  1 1 4 4 0 5 20 0 0 0 0
  1 1 5 4 0 5 20 0 0 0 0
  1 1 6 4 0 5 20 0 0 0 0
  1 1 7 4 0 5 20 0 0 0 0
  1 1 8 4 0 5 20 0 0 0 0
  1 1 9 4 0 5 20 0 0 0 0
  1 1 10 4 0 5 20 0 0 0 0
  1 1 11 4 0 1 100 0 0 0 0
  1 1 12 4 0 5 20 0 0 0 0
  1 1 13 4 0 1 100 0 0 0 0
  1 1 14 4 0 2 50 0 0 0 0
  1 1 15 4 0 8 12.5 0 0 0 0
  1 1 16 4 0 3 33.3333333333333 0 0 0 0
  1 1 17 4 0 3 33.3333333333333 0 0 0 0
  1 1 18 4 0 1 100 0 0 0 0
  1 1 19 4 0 3 33.3333333333333 0 0 0 0
  1 1 20 4 0 3 33.3333333333333 0 0 0 0
  1 1 21 4 0 3 33.3333333333333 0 0 0 0
  1 1 22 4 0 2 50 0 0 0 0
  1 1 23 4 0 6 16.6666666666667 0 0 0 0
  1 1 24 4 0 1 100 0 0 0 0
  1 1 25 4 0 1 100 0 0 0 0
  1 1 26 4 0 2 50 0 0 0 0
  1 1 27 4 0 2 50 0 0 0 0
  1 1 28 4 0 4 25 0 0 0 0
  1 1 29 4 0 7 14.2857142857143 0 0 0 0
  1 1 30 4 0 6 16.6666666666667 0 0 0 0
  1 1 31 4 0 10 10 0 0 0 0
  1 1 32 4 0 7 14.2857142857143 0 0 0 0
  1 1 33 4 0 15 6.66666666666667 0 0 0 0
  1 1 34 4 0 19 5.26315789473684 0 0 0 0
  1 1 35 4 0 13 7.69230769230769 0 0 0 0
  1 1 36 4 0 23 4.34782608695652 0 0 0 0
  1 1 37 4 0 7 14.2857142857143 0 0 0 0
  1 1 38 4 0 7 14.2857142857143 0 0 0 0
  1 1 39 4 0 19 5.26315789473684 0 0 0 0
  1 1 40 4 0 25 4 0 0 0 0
  1 1 41 4 0 31 3.2258064516129 0 0 0 0
  1 1 42 4 0 31 3.2258064516129 0 0 0 0
  2 1 1 2 0 2 0 20 23 7 0
  2 1 2 2 0 5 5.4 3.6 7.4 3.6 0
  2 1 3 2 0 2 50 0 0 0 0
  2 1 4 2 0 5 11.4 8.6 0 0 0
  2 1 5 2 0 5 20 0 0 0 0
  2 1 6 2 0 5 17.8 2.2 0 0 0
  2 1 7 2 0 5 20 0 0 0 0
  2 1 8 2 0 1 100 0 0 0 0
  2 1 9 2 0 5 20 0 0 0 0
  2 1 10 2 0 5 20 0 0 0 0
  2 1 11 2 0 2 50 0 0 0 0
  2 1 12 2 0 5 20 0 0 0 0
  2 1 13 2 0 5 20 0 0 0 0
  2 1 14 2 0 5 20 0 0 0 0
  2 1 15 2 0 5 20 0 0 0 0
  2 1 16 2 0 5 20 0 0 0 0
  2 1 17 2 0 5 20 0 0 0 0
  2 1 18 2 0 5 20 0 0 0 0
  2 1 19 2 0 5 20 0 0 0 0
  2 1 20 2 0 30 3.26666666666667 0.0666666666666667 0 0 0
  2 1 21 2 0 46 2.17391304347826 0 0 0 0
  2 1 22 2 0 10 10 0 0 0 0
  2 1 23 2 0 19 5.21052631578947 0.0526315789473684 0 0 0
  2 1 24 2 0 61 1.19672131147541 0.442622950819672 0 0 0
  2 1 25 2 0 29 3.44827586206897 0 0 0 0
  2 1 26 2 0 32 3.125 0 0 0 0
  2 1 27 2 0 16 6.25 0 0 0 0
  2 1 28 2 0 31 3.2258064516129 0 0 0 0
  2 1 29 2 0 44 2.27272727272727 0 0 0 0
  2 1 30 2 0 29 3.44827586206897 0 0 0 0
  2 1 31 2 0 25 4 0 0 0 0
  2 1 32 2 0 22 2.90909090909091 1.63636363636364 0 0 0
  2 1 33 2 0 35 2.77142857142857 0.0571428571428571 0.0285714285714286 0 0
  2 1 34 2 0 28 3.5 0.0714285714285714 0 0 0
  2 1 35 2 0 45 2.2 0.0222222222222222 0 0 0
  2 1 36 2 0 51 1.96078431372549 0 0 0 0
  2 1 37 2 0 41 2.4390243902439 0 0 0 0
  2 1 38 2 0 36 2.75 0.0277777777777778 0 0 0
  2 1 39 2 0 20 4.75 0.25 0 0 0
  2 1 40 2 0 14 7 0.142857142857143 0 0 0
  2 1 41 2 0 17 5.64705882352941 0.235294117647059 0 0 0
  2 1 42 2 0 24 4.16666666666667 0 0 0 0
  2 1 1 3 0 1 19 0 78 3 0
  2 1 2 3 0 5 7.4 0 4.8 7.8 0
  2 1 3 3 0 5 20 0 0 0 0
  2 1 4 3 0 1 99 1 0 0 0
  2 1 5 3 0 6 16.5 0.166666666666667 0 0 0
  2 1 6 3 0 4 24 1 0 0 0
  2 1 7 3 0 5 20 0 0 0 0
  2 1 8 3 0 1 99 1 0 0 0
  2 1 9 3 0 1 100 0 0 0 0
  2 1 10 3 0 1 100 0 0 0 0
  2 1 11 3 0 2 50 0 0 0 0
  2 1 12 3 0 5 20 0 0 0 0
  2 1 13 3 0 4 24.75 0.25 0 0 0
  2 1 14 3 0 8 12.5 0 0 0 0
  2 1 15 3 0 11 9.09090909090909 0 0 0 0
  2 1 16 3 0 5 20 0 0 0 0
  2 1 17 3 0 5 20 0 0 0 0
  2 1 18 3 0 1 100 0 0 0 0
  2 1 19 3 0 1 100 0 0 0 0
  2 1 20 3 0 4 25 0 0 0 0
  2 1 21 3 0 3 33.3333333333333 0 0 0 0
  2 1 22 3 0 4 25 0 0 0 0
  2 1 23 3 0 3 33.3333333333333 0 0 0 0
  2 1 24 3 0 3 33.3333333333333 0 0 0 0
  2 1 25 3 0 2 50 0 0 0 0
  2 1 26 3 0 4 25 0 0 0 0
  2 1 27 3 0 5 20 0 0 0 0
  2 1 28 3 0 4 25 0 0 0 0
  2 1 29 3 0 4 25 0 0 0 0
  2 1 30 3 0 24 4.16666666666667 0 0 0 0
  2 1 31 3 0 10 9.9 0.1 0 0 0
  2 1 32 3 0 12 8.33333333333333 0 0 0 0
  2 1 33 3 0 4 24.75 0.25 0 0 0
  2 1 34 3 0 6 16.6666666666667 0 0 0 0
  2 1 35 3 0 2 50 0 0 0 0
  2 1 36 3 0 10 10 0 0 0 0
  2 1 37 3 0 9 11.1111111111111 0 0 0 0
  2 1 38 3 0 13 7.53846153846154 0.153846153846154 0 0 0
  2 1 39 3 0 16 6.0625 0.125 0.0625 0 0
  2 1 40 3 0 27 3.7037037037037 0 0 0 0
  2 1 41 3 0 15 6.6 0.0666666666666667 0 0 0
  2 1 42 3 0 16 6.25 0 0 0 0
# end fishery length observations 
#  
# Survey diet proportion observations 
# Number of observations, init_int Ndietprop_obs 
  115
# init_matrix obs_dietprop(1,Ndietprop_obs,1,ncol) 
# Survey  Year  Predator  Predator_size InpN  wt_prey_1 wt_prey_2 wt_prey_3 wt_prey_4 wt_prey_5 wt_prey_6 wt_prey_7 wt_prey_8 wt_prey_9 wt_prey_10 wt_prey_11 other 
  1 12 1 2 100 0 0 0 0 1
  1 12 1 3 100 0.26 0 0 0 0.74
  1 13 1 3 100 0 0.11 0 0 0.89
  1 13 1 4 100 0 0.97 0 0 0.03
  1 15 1 2 100 0 0.48 0 0 0.52
  1 18 1 1 100 0.46 0 0 0 0.54
  1 18 1 2 100 0.05 0 0 0 0.95
  1 18 1 3 100 0 0.14 0 0 0.86
  1 19 1 2 100 0 0.28 0 0 0.72
  1 19 1 3 100 0 0.53 0 0 0.47
  1 20 1 3 100 0 0 0 0 1
  1 21 1 2 100 0 0 0 0 1
  1 21 1 3 100 0 0.49 0 0 0.51
  1 24 1 3 100 0 0.21 0 0 0.79
  1 25 1 3 100 0 0.66 0 0 0.34
  1 26 1 3 100 0 0.63 0.22 0 0.15
  1 27 1 3 100 0 0 1 0 0
  1 28 1 3 100 0 1 0 0 0
  1 33 1 3 100 0 0.75 0 0 0.25
  1 34 1 3 100 0 0.15 0 0 0.85
  1 35 1 3 100 0 0.17 0 0 0.83
  1 38 1 3 100 0 0 0 0 1
  1 39 1 3 100 0 0.51 0 0 0.49
  1 40 1 2 100 0 0.29 0 0 0.71
  1 41 1 2 100 0 0 0.38 0 0.62
  2 2 1 4 100 0 0.11 0 0 0.89
  2 11 1 3 100 0 1 0 0 0
  2 14 1 3 100 0 0 0 0 1
  2 14 1 4 100 0 0 0 0 1
  2 15 1 3 100 0 0 0 0 1
  2 16 1 3 100 0 0 0 0 1
  2 16 1 4 100 0 0.69 0 0 0.31
  2 19 1 3 100 0 0 0 0 1
  2 19 1 4 100 0 0 0 0 1
  2 21 1 3 100 0 0.54 0 0 0.46
  2 21 1 4 100 0 0.41 0 0 0.59
  2 22 1 3 100 0 0.52 0 0 0.48
  2 23 1 3 100 0 0.9 0 0 0.1
  2 24 1 3 100 0 0 0 0 1
  2 24 1 4 100 0 0 0 0 1
  2 25 1 2 100 0 0 0 0 1
  2 25 1 3 100 0 0.52 0 0 0.48
  2 26 1 3 100 0 0 0 0 1
  2 27 1 3 100 0 0 0 0 1
  2 27 1 4 100 0 0.25 0 0 0.75
  2 29 1 3 100 0 0 0 0 1
  2 33 1 3 100 0 0 0 0 1
  2 35 1 1 100 0 0 0 0 1
  2 35 1 2 100 0 0 0 0 1
  2 35 1 3 100 0 1 0 0 0
  2 36 1 3 100 0 0 0 0 1
  2 39 1 3 100 0 0.15 0 0 0.85
  2 40 1 2 100 0 0.48 0 0 0.52
  2 36 2 3 100 0 0 0.31 0 0.69
  2 30 3 2 100 0 0.1 0 0 0.9
  2 30 3 4 100 0 0 0 0 1
  1 8 4 2 100 0 0.3 0 0 0.7
  1 8 4 3 100 0 0.45 0 0 0.55
  1 11 4 3 100 0 0 0 0 1
  1 13 4 2 100 0 0 0.47 0 0.53
  1 13 4 3 100 0 0 0.86 0 0.14
  1 13 4 4 100 0 0 0 0 1
  1 14 4 3 100 1 0 0 0 0
  1 15 4 3 100 0 0 0 0 1
  1 15 4 4 100 0 0 0 0 1
  1 16 4 3 100 0 0 0 0 1
  1 16 4 4 100 0 0.74 0 0 0.26
  1 17 4 3 100 0 0 0 0 1
  1 18 4 3 100 0 0.2 0 0 0.8
  1 19 4 2 100 0 0.89 0 0 0.11
  1 19 4 3 100 0 0.15 0 0 0.85
  1 20 4 2 100 0 0.45 0 0 0.55
  1 20 4 3 100 0 0 0.47 0 0.53
  1 21 4 3 100 0 0.2 0 0 0.8
  1 22 4 2 100 0 0.27 0 0 0.73
  1 23 4 3 100 0 0.09 0 0 0.91
  1 24 4 3 100 0 1 0 0 0
  1 25 4 3 100 0 0 0 0 1
  1 25 4 4 100 0 0.05 0 0 0.95
  1 26 4 3 100 0 0.22 0 0 0.78
  1 27 4 2 100 0.22 0 0 0 0.78
  1 27 4 3 100 0 0.02 0 0 0.98
  1 28 4 2 100 0 0 0 0 1
  1 28 4 3 100 0 0.26 0 0 0.74
  1 29 4 3 100 0 1 0 0 0
  1 31 4 3 100 0 0.38 0 0 0.62
  1 31 4 4 100 0 0.09 0 0 0.91
  1 34 4 3 100 0 0.38 0 0 0.62
  1 40 4 3 100 0 0 0.13 0 0.87
  1 40 4 4 100 0 0 0.72 0 0.28
  1 42 4 3 100 0 0 0 0 1
  2 6 4 3 100 0 0 0.1 0 0.9
  2 8 4 3 100 0 0 0.31 0 0.69
  2 9 4 4 100 0 0 0 0.11 0.89
  2 14 4 4 100 0 0 0 0 1
  2 15 4 3 100 0 0 0 0 1
  2 16 4 3 100 0 0 0 0 1
  2 17 4 2 100 0 0 0 0 1
  2 18 4 3 100 0 0 0 0 1
  2 19 4 3 100 0 0 0 0 1
  2 21 4 3 100 0 0.08 0 0 0.92
  2 22 4 3 100 0 0.43 0 0 0.57
  2 23 4 3 100 0 0 0.48 0 0.52
  2 24 4 3 100 0 0.41 0.01 0 0.58
  2 25 4 3 100 0 0.92 0 0 0.08
  2 25 4 4 100 0 0 0.4 0 0.6
  2 27 4 3 100 0 0 0 0 1
  2 30 4 3 100 0 0.26 0 0 0.74
  2 33 4 3 100 0 0 0 0 1
  2 34 4 3 100 0 1 0 0 0
  2 35 4 3 100 0 0.89 0 0 0.11
  2 36 4 2 100 0 0.95 0 0 0.05
  2 36 4 3 100 0 1 0 0 0
  2 37 4 3 100 0 0.3 0 0 0.7
  2 42 4 3 100 0 0 1 0 0
# end survey diet proportion observations 
#  
