# This file was created using the write_tsDatFile function and used all the simulated data from sim_dta.rds found in repo:Hydra-self-testing
# Survey index data 
# Number of observations, init_int Nsurvey_obs
  329
# init_matrix obs_survey_biomass(1,Nsurvey_obs,1,5)
# survey year spp value cv
  1 1 4 782828.909288102 0.212720515437525
  2 1 4 586109.059579895 0.25363203301826
  1 2 4 20440.5352149603 0.222168779300385
  2 2 4 18547.387777981 0.187773345626693
  1 3 4 150744.5077399 0.394113240257454
  2 3 4 1482.4365488674 0.423618201694685
  1 4 4 281550.223123022 0.310035034727007
  2 4 4 10012.1444628481 0.327069686277164
  1 5 4 218622.3298435 0.378629084128514
  2 5 4 2711.11386580331 0.391316523019912
  1 6 4 33584.5719850174 0.494427832556011
  2 6 4 1581.8591179852 0.376280830351703
  1 7 4 174383.407860468 0.759062286891916
  2 7 4 334.681167396993 0.665352569827422
  1 8 4 5480.41789781068 0.383150869515862
  2 8 4 390.490568549554 0.433685089735353
  1 9 4 166400.715684064 0.48934963094834
  2 9 4 328.506755047842 0.392371299771634
  1 10 4 25516.4711557174 0.382452035825211
  2 10 4 1170.03069929719 0.333798529002863
  1 11 4 12703.6944710538 0.566792532611316
  2 11 4 1116.86396423146 0.868042030585988
  1 12 4 12994.0901041267 0.381518572031255
  2 12 4 116.328646583673 0.445144789260538
  1 13 4 13115.0518298264 0.438380584739347
  2 13 4 299.272996980279 0.947226139495183
  1 14 4 4790.94674487973 0.482345652338289
  2 14 4 215.406993627819 0.377075764230608
  1 15 4 5940.7267985815 0.420835086749712
  2 15 4 117.388633973918 0.614716212748607
  1 16 4 7650.60058985356 0.515165860253858
  2 16 4 145.275411299863 0.704031323768783
  1 17 4 3849.36711799701 0.559532625975744
  2 17 4 130.945856661627 0.319774204956139
  1 18 4 1893.54907923839 0.479008946214672
  2 18 4 49.2415300997298 0.41351869139049
  1 19 4 3901.39359881924 0.429419179801904
  2 19 4 84.5545959519237 0.387615780132326
  1 20 4 12299.5158931307 0.477074256852948
  2 20 4 48.160685636905 0.315868813200741
  1 21 4 4041.97028735813 0.410621521476155
  2 21 4 319.468470291665 0.630050999524052
  1 22 4 15691.8599343175 0.294672690077384
  2 22 4 246.392241776966 0.335469505128288
  1 23 4 8490.34951694645 0.477447511398437
  2 23 4 294.101281353544 0.407625761955908
  1 24 4 8148.98988195878 0.384568504019134
  2 24 4 212.999858774791 0.43049173366256
  1 25 4 2523.31804351727 0.333261603198005
  2 25 4 265.275132255777 0.843960441627036
  1 26 4 6119.15873358451 0.685474246042822
  2 26 4 94.309980882364 0.429620783824035
  1 27 4 3465.53502436737 0.286882992344226
  2 27 4 110.054183534326 0.81343687860715
  1 28 4 7988.95503633561 0.371822434434906
  2 28 4 688.2428400061 0.53327636373572
  1 29 4 16731.2333256414 0.592639130460935
  2 29 4 414.835850664384 0.590339711107796
  1 30 4 12401.7041305809 0.374062101432949
  2 30 4 608.153649601513 0.701775131617819
  1 31 4 13840.20036671 0.304499664309564
  2 31 4 431.401380570909 0.210828956182955
  1 32 4 53783.8666660154 0.233962995093855
  2 32 4 829.46497578375 0.329779252894958
  1 33 4 5954.61296047477 0.270006842918168
  2 33 4 646.304432456746 0.460124990024536
  1 34 4 20343.856507427 0.350007507053818
  2 34 4 60.6116589858515 0.837656243552001
  1 35 4 7202.92924660856 0.34274593698132
  2 35 4 157.98253028181 0.291986952078346
  1 36 4 14076.6393247463 0.261906583866089
  2 36 4 530.659681817522 0.425399553458769
  1 37 4 53759.2560379864 0.417429035160016
  2 37 4 2041.33887661655 0.287702894520317
  1 38 4 117317.058788447 0.441211421515246
  2 38 4 1924.3782028251 0.866971810340233
  1 39 4 8657.74056395821 0.495234601454268
  2 39 4 1654.73953812114 0.556663444153977
  1 40 4 12952.1424744867 0.237858203733512
  2 40 4 146.489102298908 0.295404104464232
  1 41 4 3538.94850364095 0.327346172729995
  2 41 4 244.356734735053 0.994030515469621
  1 42 4 1034.69195872624 0.368315456462939
  2 42 4 35.3263561136419 0.461505384764764
  1 1 2 4.75252308079062e-264 0.601375663623589
  2 1 2 2.91732364346239e-264 0.565196579518992
  2 2 2 4.36098284134561e-209 0.686052062200317
  2 3 2 4.21721801289425e-187 0.378997614818957
  1 4 2 2.42775888544918e-191 1
  2 4 2 5.01156956079632e-193 0.459316778181236
  1 5 2 7.50178747020513e-195 0.611089023955187
  2 5 2 4.06322988633009e-195 0.780615956536472
  1 6 2 3.26668796824453e-198 0.702037850017464
  2 6 2 1.27964604123979e-199 0.461790555986525
  1 7 2 7.829687336439e-201 0.948289691951521
  2 7 2 1.41697672755533e-201 0.685175011742778
  1 8 2 3.85216893158421e-203 0.544380631361087
  2 8 2 2.15086528353884e-204 0.424096495665332
  1 9 2 1.92889979441309e-204 0.5393131982084
  2 9 2 1.6780397546967e-205 0.454629127333952
  1 10 2 3.71189376869806e-206 0.88095039530815
  2 10 2 4.10120898119057e-207 0.419344308350161
  1 11 2 4.12013457984679e-208 0.799987970388403
  2 11 2 1.14764145021804e-208 0.839124360078806
  1 12 2 9.98883517062855e-203 0.774991903603438
  2 12 2 5.85338318979502e-204 0.424721667998453
  1 13 2 1.79932397433148e-206 0.863215133786584
  2 13 2 3.83751419784351e-208 0.387073469025502
  1 14 2 2.24051680061393e-207 0.704083892007286
  2 14 2 4.18948161363751e-209 0.312793018147624
  1 15 2 5.99381404988587e-201 0.457459057188701
  2 15 2 1.02605965330899e-203 0.459652287866146
  1 16 2 3.22806513231957e-187 0.853197309912465
  2 16 2 2.81775681017425e-189 0.628928805514438
  1 17 2 1.96710805420039e-200 0.61116783920211
  2 17 2 9.28835587656195e-202 0.3895964128798
  1 18 2 6.71274603588994e-205 0.416775375911518
  2 18 2 5.24689937199169e-206 0.495180348393774
  1 19 2 1.21969462276913e-186 0.69077510766454
  2 19 2 7.60396616432802e-188 0.347120352110889
  1 20 2 5.65379936905297e-190 0.793751288508348
  2 20 2 1.24035794664641e-191 0.526946514998015
  1 21 2 6.39579158421926e-193 0.339376634127756
  2 21 2 5.73546306713232e-194 0.609998621037514
  1 22 2 2.12096174205328e-195 0.601950919776798
  2 22 2 2.09333364913716e-196 0.389299707202565
  1 23 2 8.08221337527204e-197 0.658556209578282
  2 23 2 1.14513933419393e-197 0.288585466763824
  1 24 2 9.45313013975088e-197 0.637453135075156
  2 24 2 3.89122087328472e-199 0.480513100150493
  1 25 2 3.66417169574665e-201 0.510473149998029
  2 25 2 1.21527549754309e-202 0.338488147626423
  1 26 2 4.39668709789194e-191 0.548437091427541
  2 26 2 5.76034359662556e-193 0.345955330423839
  1 27 2 3.24242057383791e-177 0.492912195981742
  2 27 2 3.6869223543858e-180 0.33164245084141
  1 28 2 1.14547276398765e-179 0.747597319880804
  2 28 2 1.27647650209331e-182 0.447853531697379
  1 29 2 5.54597215363016e-184 0.451616070879294
  2 29 2 7.81086011786551e-185 0.305275882623724
  1 30 2 1.72578447761452e-185 0.797269558848634
  2 30 2 2.31963136226456e-186 0.605264936420634
  1 31 2 1.05193079721025e-186 0.666772556553203
  2 31 2 3.94677747439608e-188 0.359836468902791
  1 32 2 5.54110026666742e-189 0.96787270074405
  2 32 2 4.92495922777609e-190 0.422601396160012
  1 33 2 7.03254914586499e-191 0.404694020855087
  2 33 2 5.55976521937024e-192 0.465820030674526
  1 34 2 5.50861813672089e-193 0.814873375751391
  2 34 2 4.90778093113514e-194 0.505954372112585
  1 35 2 9.09083456556414e-196 0.533219898766676
  2 35 2 1.83240440861853e-196 0.287403659199158
  1 36 2 5.85849764242986e-198 0.371953858881132
  2 36 2 3.59403655643974e-199 0.365560779244073
  1 37 2 9.27787253623748e-200 0.791301167226987
  2 37 2 1.72471050570874e-200 0.487536998609889
  1 38 2 6.33283790712532e-201 0.633364993316759
  2 38 2 7.47568441407511e-202 0.644823084547079
  1 39 2 1.99817624930769e-202 0.827253682697507
  2 39 2 2.24187033129468e-203 0.354235596542703
  1 40 2 1.57345076982228e-204 0.900216415173481
  2 40 2 2.52507220803555e-205 0.395846441583114
  1 41 2 7.76215215676613e-207 0.957770995377006
  2 41 2 9.01500078459653e-208 0.496084887173497
  1 42 2 8.60432950892124e-209 0.55870584954739
  2 42 2 5.77158299175278e-210 0.604660139936764
  1 1 1 171281.234094331 0.241799049430762
  2 1 1 2048342.20753542 0.250018379470286
  1 2 1 37737.5954911565 0.142636213550947
  2 2 1 126792.85091425 0.163647146277456
  1 3 1 62505.5016682534 0.225478190042395
  2 3 1 57657.8569308177 0.192013183632222
  1 4 1 202330.042727944 0.323579734794357
  2 4 1 121414.439527996 0.162432383538487
  1 5 1 46777.3127315965 0.320666395151501
  2 5 1 506600.125981941 0.822390366318268
  1 6 1 8671.92811533963 0.452044832991261
  2 6 1 58648.3159938975 0.192408532269243
  1 7 1 61367.6028709395 0.28209645893665
  2 7 1 28283.2863826756 0.262097825842625
  1 8 1 6624.91824412913 0.414010381101596
  2 8 1 36650.0486272301 0.189959250209439
  1 9 1 18593.0574911273 0.40638853202345
  2 9 1 8259.03826532451 0.178404315527443
  1 10 1 22418.3097311228 0.290993157294119
  2 10 1 20397.23587453 0.156753980046499
  1 11 1 10404.7851196654 0.324615016521962
  2 11 1 20061.3142996971 0.174348711952217
  1 12 1 11463.5770116557 0.294780938380682
  2 12 1 13159.4550425039 0.195232854572048
  1 13 1 3118.63502427386 0.440402569626277
  2 13 1 9600.68652204363 0.185762358850192
  1 14 1 2346.45717354908 0.372421878022742
  2 14 1 4238.8096108019 0.151581173531864
  1 15 1 2787.25154085502 0.341871348717721
  2 15 1 3681.19546514969 0.233364310094868
  1 16 1 4114.31505048506 0.416897355424411
  2 16 1 2781.04812368179 0.283802183917676
  1 17 1 5601.86227500282 0.500820840736393
  2 17 1 2394.72624448724 0.495024013362717
  1 18 1 793.96158006777 0.389853340834037
  2 18 1 1845.49310954699 0.390988792530431
  1 19 1 877.392543213841 0.293941849282161
  2 19 1 497.410829892382 0.322403741112933
  1 20 1 1054.74072961608 0.525509720403112
  2 20 1 636.573429649959 0.218361153170241
  1 21 1 1194.51215672457 0.266433769579894
  2 21 1 1009.21271345151 0.421115605185845
  1 22 1 5949.80921641818 0.374831371194202
  2 22 1 2116.81696603488 0.227391091044855
  1 23 1 2017.14761219905 0.352011231642473
  2 23 1 3691.88953900141 0.384269029090844
  1 24 1 2618.38289700863 0.34725908523047
  2 24 1 2515.55811725776 0.331291933735556
  1 25 1 2282.83019767511 0.578696888706846
  2 25 1 1841.3404259096 0.247394190789157
  1 26 1 2164.86977131535 0.459728456052307
  2 26 1 1684.8055958252 0.394189312610479
  1 27 1 774.621618669279 0.539982548576019
  2 27 1 3098.76656628294 0.72948972943007
  1 28 1 1529.32952573691 0.364309332200766
  2 28 1 999.334876548587 0.278656828353639
  1 29 1 1149.0250056536 0.562793580097325
  2 29 1 4975.4273289903 0.316141323613091
  1 30 1 5334.12859141457 0.420348818797864
  2 30 1 2133.11202484273 0.30511736182771
  1 31 1 4089.25665827336 0.403753427903273
  2 31 1 5981.77439049294 0.278331587636247
  1 32 1 10063.974895323 0.491331418922754
  2 32 1 9873.47054419031 0.329726795744574
  1 33 1 376.550272542476 0.537081122476055
  2 33 1 6347.51393171473 0.33086845072982
  1 34 1 2161.42932456221 0.379030815152119
  2 34 1 667.834136245128 0.278881417082292
  1 35 1 875.271855390649 0.519511456600017
  2 35 1 1710.16350644155 0.27351876283918
  1 36 1 1953.17970123495 0.556056214854877
  2 36 1 525.711802308615 0.714061811185508
  1 37 1 2792.87085779883 0.588197671943964
  2 37 1 1726.4242822833 0.340315242626747
  1 38 1 4536.84260887516 0.324588369174256
  2 38 1 4493.66865375004 0.300199803594678
  1 39 1 815.562547630411 0.501841796783066
  2 39 1 1795.42693433234 0.438397059851219
  1 40 1 346.115107594918 0.403101009292275
  2 40 1 595.506227541303 0.410378233550251
  1 41 1 160.847016700824 0.478602624152216
  2 41 1 401.149820360249 0.362128776577143
  1 42 1 242.44896213587 0.646634922078809
  2 42 1 272.508780941183 0.816170985475773
  1 1 3 63471.7322766644 0.499484636786782
  1 2 3 1633.34457910374 0.358153914340203
  2 2 3 32740.0612446349 0.577110518633802
  1 3 3 217350.277545607 0.678339172154909
  2 3 3 56006.6091932685 0.738121970739642
  1 4 3 31106.3174582805 1
  2 4 3 41317.8205481716 0.52056341701904
  1 5 3 39929.8758227062 0.693225535250834
  2 5 3 54542.9793327671 1
  1 6 3 11454.2209404298 1
  2 6 3 6666.19062230443 0.48452157876779
  1 7 3 581.237322102714 0.912293822979085
  1 8 3 476.568849795133 0.655734850091527
  2 8 3 229.41099462347 0.750382084373246
  1 9 3 195.672099200534 0.670809892238012
  2 9 3 151.31751657672 0.47273108889926
  1 10 3 483.736201643108 0.631102684426709
  2 10 3 75.4976773676521 0.919260399745188
  1 11 3 78.3911488234813 0.496475444687371
  1 12 3 21.757018658905 0.740682868109632
  2 12 3 97.3795020648734 1
  1 13 3 195.363076354933 0.360862225436052
  1 14 3 248.975686497353 0.547901331396328
  2 14 3 176.393534292018 0.478873954421528
  1 15 3 78.3885195609871 0.429608216382601
  2 15 3 109.510987736039 0.654713783069401
  1 16 3 1788.47440830464 0.69118921143411
  2 16 3 561.782797806131 0.8614889831113
  1 17 3 45.1249454472552 0.426971754606328
  2 17 3 83.1086845752478 0.572182042928152
  1 18 3 18.0604261775677 0.505524319387353
  2 18 3 21.4773953966488 0.488492827246527
  1 19 3 112.836180497865 0.644591984223249
  2 19 3 25.7488598425812 0.51925665989311
  1 20 3 19.4212338251541 0.899065435378594
  2 20 3 25.4637718803256 0.59569628754064
  1 21 3 16.7910809045796 0.543826822033971
  2 21 3 13.0381852908686 0.466111862829518
  1 22 3 19.4916849175851 0.88174616562504
  2 22 3 99.6604721209063 0.568444982816852
  1 23 3 353.382511628304 0.408104676406013
  2 23 3 165.08018474458 0.357346049869971
  1 24 3 11.0304199744568 0.92608255019157
  2 24 3 52.1631196342547 0.539541007788685
  1 25 3 28.1924990588993 0.648664057223823
  2 25 3 8.99761226006994 0.576168087832409
  1 26 3 136.646309005206 0.695927823776047
  2 26 3 29.072693277896 0.549529982814455
  1 27 3 151.566671232019 0.708713243925404
  2 27 3 40.1295271058148 0.496269825160911
  1 28 3 55.9033902110257 0.489543853646182
  1 29 3 197.029553158366 0.703511357168505
  2 29 3 188.69088552635 0.875017095315649
  1 30 3 400.87115854713 0.631659802692532
  2 30 3 128.266025846606 0.908152223575802
  1 31 3 3517.57675435087 0.626570332091694
  2 31 3 1578.24358152292 0.712465807947941
  1 32 3 193.842270617955 0.661895735249442
  2 32 3 640.173823325548 0.86012943797605
  1 33 3 52.7679848065602 0.783155911787346
  2 33 3 112.081271958861 0.598390099709208
  1 34 3 27.9348314476177 0.542775440757204
  2 34 3 16.7957856401024 0.743173480285892
  1 35 3 24.8345324811989 0.870542376054271
  2 35 3 6.31934896351757 0.446478967244395
  1 36 3 221.972445711352 0.492193512682958
  2 36 3 72.8608644064306 0.490110041691513
  1 37 3 3222.38625001981 0.909630520329322
  2 37 3 909.502070184574 0.433872317628348
  1 38 3 4570.71905973612 0.644773009949607
  2 38 3 1916.88558431897 0.484949159815328
  1 39 3 1656.16280294254 0.515045488987725
  2 39 3 1371.88514701816 0.388710136036013
  1 40 3 471.315918490467 0.442573167063876
  2 40 3 827.208486366725 0.395139923022642
  1 41 3 49.4820523750765 0.88587618368699
  2 41 3 87.5205612825271 0.537531419606343
  1 42 3 510978.58111604 0.983269433580366
  2 42 3 283620.765112523 0.849696423298534
# end survey index observations 
#  
# Survey size comp data 
# Number of observations, init_int Nsurvey_size_obs 
  329
# init_matrix obs_survey_size(1,Nsurvey_size_obs,1,ncol) 
# Survey  Year  Species Type (0=whole, 1=retained, 2=discard) InpN, proportion by length bin 
  1 1 1 0 57 0.0175438596491228 1 0.684210526315789 0.0526315789473684 0
  1 2 1 0 65 0.846153846153846 0.646153846153846 0.0461538461538462 0 0
  1 3 1 0 32 1.5625 1.53125 0.03125 0 0
  1 4 1 0 32 1.625 1.4375 0.0625 0 0
  1 5 1 0 21 2.14285714285714 2.52380952380952 0.0952380952380952 0 0
  1 6 1 0 18 0.277777777777778 4.11111111111111 1.16666666666667 0 0
  1 7 1 0 25 2 2 0 0 0
  1 8 1 0 20 0.3 3.25 1.45 0 0
  1 9 1 0 16 3.375 2.875 0 0 0
  1 10 1 0 19 2.73684210526316 2.47368421052632 0.0526315789473684 0 0
  1 11 1 0 20 2.55 2.25 0.2 0 0
  1 12 1 0 22 2.31818181818182 2.09090909090909 0.136363636363636 0 0
  1 13 1 0 23 2.21739130434783 2 0.130434782608696 0 0
  1 14 1 0 14 3.71428571428571 3.42857142857143 0 0 0
  1 15 1 0 21 2 2.66666666666667 0.0952380952380952 0 0
  1 16 1 0 14 3.57142857142857 3.57142857142857 0 0 0
  1 17 1 0 17 3.05882352941176 2.76470588235294 0.0588235294117647 0 0
  1 18 1 0 19 2.63157894736842 2.57894736842105 0.0526315789473684 0 0
  1 19 1 0 18 2.88888888888889 2.66666666666667 0 0 0
  1 20 1 0 15 3.66666666666667 2.93333333333333 0.0666666666666667 0 0
  1 21 1 0 21 2.33333333333333 2.42857142857143 0 0 0
  1 22 1 0 13 4.15384615384615 3.53846153846154 0 0 0
  1 23 1 0 14 3.28571428571429 3.64285714285714 0.214285714285714 0 0
  1 24 1 0 14 3.14285714285714 4 0 0 0
  1 25 1 0 18 2.66666666666667 2.88888888888889 0 0 0
  1 26 1 0 14 3.5 3.57142857142857 0.0714285714285714 0 0
  1 27 1 0 23 2.21739130434783 2.08695652173913 0.0434782608695652 0 0
  1 28 1 0 14 3.14285714285714 4 0 0 0
  1 29 1 0 17 2.52941176470588 3.29411764705882 0.0588235294117647 0 0
  1 30 1 0 18 3.16666666666667 2.38888888888889 0 0 0
  1 31 1 0 20 2.55 2.45 0 0 0
  1 32 1 0 10 5.5 4.4 0.1 0 0
  1 33 1 0 15 1.06666666666667 4.06666666666667 1.53333333333333 0 0
  1 34 1 0 18 2.77777777777778 2.77777777777778 0 0 0
  1 35 1 0 8 5.875 6.5 0.125 0 0
  1 36 1 0 12 4.83333333333333 3.5 0 0 0
  1 37 1 0 8 6.5 6 0 0 0
  1 38 1 0 16 3.0625 3.125 0.0625 0 0
  1 39 1 0 10 3.3 5.3 1.4 0 0
  1 40 1 0 10 5.4 4.5 0.1 0 0
  1 41 1 0 13 4.23076923076923 3.30769230769231 0.153846153846154 0 0
  1 42 1 0 8 6.625 5.625 0.25 0 0
  1 1 2 0 11 2.18181818181818 1.81818181818182 1.18181818181818 1.90909090909091 2
  1 4 2 0 1 22 19 23 10 26
  1 5 2 0 5 4 4.4 3.4 3.2 5
  1 6 2 0 1 17 22 20 22 19
  1 7 2 0 3 7 7.33333333333333 5.33333333333333 7.33333333333333 6.33333333333333
  1 8 2 0 4 4.75 5 6.75 4 4.5
  1 9 2 0 5 4.4 4 3.2 3.4 5
  1 10 2 0 10 1.8 1.4 2 2.4 2.4
  1 11 2 0 13 1.46153846153846 1.92307692307692 1.53846153846154 1.69230769230769 1.07692307692308
  1 12 2 0 15 1.06666666666667 1.73333333333333 1.33333333333333 1.4 1.13333333333333
  1 13 2 0 9 1.88888888888889 2.22222222222222 2.33333333333333 2.66666666666667 2
  1 14 2 0 6 3.83333333333333 3.5 3.16666666666667 3.83333333333333 2.33333333333333
  1 15 2 0 13 1.30769230769231 1.69230769230769 1.61538461538462 1.76923076923077 1.30769230769231
  1 16 2 0 10 2.4 1.9 2 1.6 2.1
  1 17 2 0 10 1.6 2.1 2.1 2.2 2
  1 18 2 0 18 1.27777777777778 1.05555555555556 1 1.44444444444444 0.777777777777778
  1 19 2 0 27 0.592592592592593 0.888888888888889 0.703703703703704 0.703703703703704 0.814814814814815
  1 20 2 0 23 0.739130434782609 0.826086956521739 1 0.91304347826087 0.869565217391304
  1 21 2 0 25 1.12 0.56 0.76 0.68 0.88
  1 22 2 0 9 1.77777777777778 1.88888888888889 2.44444444444444 2.66666666666667 2.33333333333333
  1 23 2 0 8 2.625 2.625 3 2.5 1.75
  1 24 2 0 9 2.77777777777778 1.88888888888889 2 2.44444444444444 2
  1 25 2 0 14 1.5 1.42857142857143 1.28571428571429 1.78571428571429 1.14285714285714
  1 26 2 0 18 1.05555555555556 1.33333333333333 1 0.888888888888889 1.27777777777778
  1 27 2 0 16 1.625 1 0.8125 1.1875 1.625
  1 28 2 0 6 3 3 3.66666666666667 3.83333333333333 3.16666666666667
  1 29 2 0 8 2.125 3.625 2.375 2.125 2.25
  1 30 2 0 17 1.11764705882353 0.941176470588235 1.52941176470588 1.23529411764706 1.05882352941176
  1 31 2 0 9 3.44444444444444 2.11111111111111 1 2.44444444444444 2.11111111111111
  1 32 2 0 30 0.5 0.766666666666667 0.566666666666667 0.733333333333333 0.766666666666667
  1 33 2 0 24 0.75 1.125 0.708333333333333 0.708333333333333 0.875
  1 34 2 0 25 0.8 0.8 0.6 0.76 1.04
  1 35 2 0 16 1 1.1875 1.1875 1.6875 1.1875
  1 36 2 0 13 1.76923076923077 1.38461538461538 1.30769230769231 1.84615384615385 1.38461538461538
  1 37 2 0 8 2.625 1 3.125 3.125 2.625
  1 38 2 0 10 2 2.3 1.8 2.3 1.6
  1 39 2 0 13 1 1.38461538461538 1.61538461538462 1.69230769230769 2
  1 40 2 0 8 2 2.125 2.875 2.5 3
  1 41 2 0 5 4 4.6 3 3 5.4
  1 42 2 0 17 1.17647058823529 1.35294117647059 1.23529411764706 0.882352941176471 1.23529411764706
  1 1 3 0 27 0 0.666666666666667 2.25925925925926 0.777777777777778 0
  1 2 3 0 13 0 0.153846153846154 3.69230769230769 3.84615384615385 0
  1 3 3 0 5 10.2 9.8 0 0 0
  1 4 3 0 2 4.5 30.5 15 0 0
  1 5 3 0 5 10.4 9.6 0 0 0
  1 6 3 0 1 35 56 9 0 0
  1 7 3 0 3 16.3333333333333 14.3333333333333 2 0.666666666666667 0
  1 8 3 0 3 21 12.3333333333333 0 0 0
  1 9 3 0 4 13 11.75 0.25 0 0
  1 10 3 0 4 12.5 12.5 0 0 0
  1 11 3 0 4 12 12.75 0.25 0 0
  1 12 3 0 2 27.5 22.5 0 0 0
  1 13 3 0 8 5.75 6.75 0 0 0
  1 14 3 0 19 2.52631578947368 2.73684210526316 0 0 0
  1 15 3 0 15 3.53333333333333 3 0.133333333333333 0 0
  1 16 3 0 12 4.41666666666667 3.83333333333333 0.0833333333333333 0 0
  1 17 3 0 14 1.14285714285714 4.07142857142857 1.92857142857143 0 0
  1 18 3 0 14 4.5 2.57142857142857 0.0714285714285714 0 0
  1 19 3 0 15 3.26666666666667 3.4 0 0 0
  1 20 3 0 17 2.64705882352941 3.05882352941176 0.176470588235294 0 0
  1 21 3 0 12 4.58333333333333 3.75 0 0 0
  1 22 3 0 11 5 4.09090909090909 0 0 0
  1 23 3 0 16 3.125 3.125 0 0 0
  1 24 3 0 15 3.2 3.06666666666667 0.4 0 0
  1 25 3 0 4 11.5 13.5 0 0 0
  1 26 3 0 14 4.14285714285714 2.92857142857143 0.0714285714285714 0 0
  1 27 3 0 6 9.5 7.16666666666667 0 0 0
  1 28 3 0 4 11.5 13 0.5 0 0
  1 29 3 0 2 30 20 0 0 0
  1 30 3 0 10 5.8 4.2 0 0 0
  1 31 3 0 9 6.11111111111111 5 0 0 0
  1 32 3 0 12 1.33333333333333 4.91666666666667 2.08333333333333 0 0
  1 33 3 0 5 11 9 0 0 0
  1 34 3 0 9 4.66666666666667 6.33333333333333 0.111111111111111 0 0
  1 35 3 0 5 9 11 0 0 0
  1 36 3 0 5 10.8 9.2 0 0 0
  1 37 3 0 3 20 13.3333333333333 0 0 0
  1 38 3 0 15 3.53333333333333 3.06666666666667 0.0666666666666667 0 0
  1 39 3 0 12 5 3.33333333333333 0 0 0
  1 40 3 0 9 6.88888888888889 4.22222222222222 0 0 0
  1 41 3 0 8 4.5 6.25 1.75 0 0
  1 42 3 0 12 3.75 3.91666666666667 0.583333333333333 0.0833333333333333 0
  1 1 4 0 86 0.534883720930233 0.162790697674419 0.453488372093023 0.0116279069767442 0
  1 2 4 0 100 0.03 0.14 0.78 0.05 0
  1 3 4 0 33 2.45454545454545 0.575757575757576 0 0 0
  1 4 4 0 44 1.77272727272727 0.5 0 0 0
  1 5 4 0 34 2.23529411764706 0.647058823529412 0.0588235294117647 0 0
  1 6 4 0 40 1.925 0.55 0.025 0 0
  1 7 4 0 39 1.92307692307692 0.641025641025641 0 0 0
  1 8 4 0 49 1.51020408163265 0.469387755102041 0.0612244897959184 0 0
  1 9 4 0 36 2.27777777777778 0.5 0 0 0
  1 10 4 0 43 1.93023255813953 0.372093023255814 0.0232558139534884 0 0
  1 11 4 0 41 2 0.439024390243902 0 0 0
  1 12 4 0 35 2.34285714285714 0.514285714285714 0 0 0
  1 13 4 0 32 2.40625 0.71875 0 0 0
  1 14 4 0 21 3.95238095238095 0.80952380952381 0 0 0
  1 15 4 0 30 2.56666666666667 0.766666666666667 0 0 0
  1 16 4 0 19 4 1.26315789473684 0 0 0
  1 17 4 0 35 2.05714285714286 0.8 0 0 0
  1 18 4 0 27 2.7037037037037 1 0 0 0
  1 19 4 0 34 2.47058823529412 0.470588235294118 0 0 0
  1 20 4 0 42 1.78571428571429 0.595238095238095 0 0 0
  1 21 4 0 41 1.80487804878049 0.634146341463415 0 0 0
  1 22 4 0 44 1.79545454545455 0.477272727272727 0 0 0
  1 23 4 0 28 2.82142857142857 0.75 0 0 0
  1 24 4 0 34 2.08823529411765 0.852941176470588 0 0 0
  1 25 4 0 36 2.11111111111111 0.666666666666667 0 0 0
  1 26 4 0 31 2.61290322580645 0.612903225806452 0 0 0
  1 27 4 0 39 2.05128205128205 0.512820512820513 0 0 0
  1 28 4 0 38 2.21052631578947 0.421052631578947 0 0 0
  1 29 4 0 48 1.6875 0.395833333333333 0 0 0
  1 30 4 0 38 2.13157894736842 0.5 0 0 0
  1 31 4 0 61 1.37704918032787 0.262295081967213 0 0 0
  1 32 4 0 48 1.625 0.458333333333333 0 0 0
  1 33 4 0 49 1.71428571428571 0.306122448979592 0.0204081632653061 0 0
  1 34 4 0 44 1.72727272727273 0.545454545454545 0 0 0
  1 35 4 0 61 1.37704918032787 0.262295081967213 0 0 0
  1 36 4 0 67 1.2089552238806 0.283582089552239 0 0 0
  1 37 4 0 57 1.2280701754386 0.526315789473684 0 0 0
  1 38 4 0 38 2.05263157894737 0.552631578947368 0.0263157894736842 0 0
  1 39 4 0 52 1.53846153846154 0.384615384615385 0 0 0
  1 40 4 0 43 1.81395348837209 0.511627906976744 0 0 0
  1 41 4 0 42 1.88095238095238 0.5 0 0 0
  1 42 4 0 61 1.27868852459016 0.360655737704918 0 0 0
  2 1 1 0 58 0 0.0517241379310345 1.51724137931034 0.155172413793103 0
  2 2 1 0 83 0 0.44578313253012 0.614457831325301 0.144578313253012 0
  2 3 1 0 63 0.0158730158730159 1 0.571428571428571 0 0
  2 4 1 0 56 0 1.25 0.517857142857143 0.0178571428571429 0
  2 5 1 0 55 0 0.563636363636364 1.25454545454545 0 0
  2 6 1 0 45 0 0.0222222222222222 2.13333333333333 0.0666666666666667 0
  2 7 1 0 46 0 2.06521739130435 0.108695652173913 0 0
  2 8 1 0 56 0 0.0357142857142857 1.75 0 0
  2 9 1 0 51 0 1.74509803921569 0.215686274509804 0 0
  2 10 1 0 44 0 1.38636363636364 0.886363636363636 0 0
  2 11 1 0 49 0 0.63265306122449 1.40816326530612 0 0
  2 12 1 0 50 0.02 1.4 0.56 0.02 0
  2 13 1 0 48 0 0.895833333333333 1.1875 0 0
  2 14 1 0 52 0 1.03846153846154 0.884615384615385 0 0
  2 15 1 0 31 0.032258064516129 1.54838709677419 1.64516129032258 0 0
  2 16 1 0 38 0.0263157894736842 1.47368421052632 1.13157894736842 0 0
  2 17 1 0 26 0 1.92307692307692 1.92307692307692 0 0
  2 18 1 0 33 0 1.42424242424242 1.60606060606061 0 0
  2 19 1 0 31 0 2.12903225806452 1.09677419354839 0 0
  2 20 1 0 38 0 2.10526315789474 0.526315789473684 0 0
  2 21 1 0 30 0.0333333333333333 1.86666666666667 1.43333333333333 0 0
  2 22 1 0 35 0 2.25714285714286 0.6 0 0
  2 23 1 0 35 0.0285714285714286 0.828571428571429 2 0 0
  2 24 1 0 26 0.0384615384615385 2.65384615384615 1.15384615384615 0 0
  2 25 1 0 32 0 1.5625 1.5625 0 0
  2 26 1 0 26 0 3 0.807692307692308 0.0384615384615385 0
  2 27 1 0 37 0 0.972972972972973 1.72972972972973 0 0
  2 28 1 0 35 0 2.48571428571429 0.371428571428571 0 0
  2 29 1 0 33 0 1.09090909090909 1.93939393939394 0 0
  2 30 1 0 45 0 1.77777777777778 0.422222222222222 0.0222222222222222 0
  2 31 1 0 34 0 2 0.941176470588235 0 0
  2 32 1 0 36 0 1.80555555555556 0.972222222222222 0 0
  2 33 1 0 42 0 0.142857142857143 2.21428571428571 0.0238095238095238 0
  2 34 1 0 34 0 2.67647058823529 0.235294117647059 0.0294117647058824 0
  2 35 1 0 35 0 0.942857142857143 1.91428571428571 0 0
  2 36 1 0 28 0 2.53571428571429 1.03571428571429 0 0
  2 37 1 0 22 0.0454545454545455 3.63636363636364 0.863636363636364 0 0
  2 38 1 0 32 0 1.46875 1.65625 0 0
  2 39 1 0 27 0 0.111111111111111 3.55555555555556 0.037037037037037 0
  2 40 1 0 39 0 1.66666666666667 0.82051282051282 0.0769230769230769 0
  2 41 1 0 20 0 2.9 2.1 0 0
  2 42 1 0 30 0 1.16666666666667 2.16666666666667 0 0
  2 1 2 0 16 1.5 1.3125 1.375 0.8125 1.25
  2 2 2 0 20 1.25 0.75 0.95 0.9 1.15
  2 3 2 0 34 0.411764705882353 0.5 0.823529411764706 0.5 0.705882352941177
  2 4 2 0 15 1 1.33333333333333 1.26666666666667 1.46666666666667 1.6
  2 5 2 0 4 5.25 4.5 3 7.25 5
  2 6 2 0 7 3.28571428571429 2.28571428571429 2.85714285714286 2.42857142857143 3.42857142857143
  2 7 2 0 18 0.722222222222222 0.888888888888889 1.11111111111111 1.66666666666667 1.16666666666667
  2 8 2 0 22 0.727272727272727 1.27272727272727 1.09090909090909 0.727272727272727 0.727272727272727
  2 9 2 0 21 0.857142857142857 1.04761904761905 1.28571428571429 0.857142857142857 0.714285714285714
  2 10 2 0 11 1 1.63636363636364 1.63636363636364 2 2.81818181818182
  2 11 2 0 7 2.28571428571429 2.85714285714286 3.42857142857143 3 2.71428571428571
  2 12 2 0 19 0.789473684210526 1.15789473684211 1.05263157894737 1.26315789473684 1
  2 13 2 0 32 0.5 0.71875 0.65625 0.53125 0.71875
  2 14 2 0 34 0.735294117647059 0.441176470588235 0.470588235294118 0.470588235294118 0.823529411764706
  2 15 2 0 27 0.703703703703704 0.703703703703704 0.740740740740741 0.962962962962963 0.592592592592593
  2 16 2 0 42 0.547619047619048 0.428571428571429 0.428571428571429 0.452380952380952 0.523809523809524
  2 17 2 0 34 0.647058823529412 0.5 0.588235294117647 0.705882352941177 0.5
  2 18 2 0 28 0.821428571428571 0.642857142857143 0.821428571428571 0.464285714285714 0.821428571428571
  2 19 2 0 26 0.538461538461538 0.884615384615385 1.03846153846154 0.692307692307692 0.692307692307692
  2 20 2 0 32 0.53125 0.59375 0.6875 0.71875 0.59375
  2 21 2 0 37 0.567567567567568 0.459459459459459 0.756756756756757 0.405405405405405 0.513513513513513
  2 22 2 0 38 0.631578947368421 0.447368421052632 0.552631578947368 0.473684210526316 0.526315789473684
  2 23 2 0 41 0.341463414634146 0.48780487804878 0.658536585365854 0.463414634146341 0.48780487804878
  2 24 2 0 33 0.545454545454545 0.757575757575758 0.696969696969697 0.484848484848485 0.545454545454545
  2 25 2 0 45 0.466666666666667 0.444444444444444 0.4 0.577777777777778 0.333333333333333
  2 26 2 0 28 0.571428571428571 0.714285714285714 0.642857142857143 1.03571428571429 0.607142857142857
  2 27 2 0 47 0.425531914893617 0.425531914893617 0.276595744680851 0.468085106382979 0.531914893617021
  2 28 2 0 22 1.18181818181818 0.954545454545455 1.18181818181818 0.5 0.727272727272727
  2 29 2 0 40 0.525 0.5 0.525 0.425 0.525
  2 30 2 0 28 0.642857142857143 0.75 0.428571428571429 0.785714285714286 0.964285714285714
  2 31 2 0 32 0.53125 0.46875 0.78125 0.71875 0.625
  2 32 2 0 40 0.525 0.45 0.4 0.575 0.55
  2 33 2 0 43 0.255813953488372 0.465116279069767 0.465116279069767 0.581395348837209 0.558139534883721
  2 34 2 0 46 0.456521739130435 0.391304347826087 0.41304347826087 0.434782608695652 0.478260869565217
  2 35 2 0 60 0.333333333333333 0.416666666666667 0.3 0.333333333333333 0.283333333333333
  2 36 2 0 49 0.510204081632653 0.36734693877551 0.469387755102041 0.244897959183673 0.448979591836735
  2 37 2 0 32 0.8125 0.4375 0.5625 0.75 0.5625
  2 38 2 0 30 0.7 0.3 0.766666666666667 0.633333333333333 0.933333333333333
  2 39 2 0 29 0.758620689655172 0.758620689655172 0.827586206896552 0.482758620689655 0.620689655172414
  2 40 2 0 31 0.548387096774194 0.806451612903226 0.645161290322581 0.612903225806452 0.612903225806452
  2 41 2 0 14 1.14285714285714 2.07142857142857 1.5 1.14285714285714 1.28571428571429
  2 42 2 0 19 1.31578947368421 1.05263157894737 1.05263157894737 1 0.842105263157895
  2 2 3 0 3 0 0 2 31.3333333333333 0
  2 3 3 0 3 4 29.3333333333333 0 0 0
  2 4 3 0 7 0.142857142857143 3.28571428571429 10.8571428571429 0 0
  2 5 3 0 1 11 86 1 2 0
  2 6 3 0 14 0.0714285714285714 2 5 0.0714285714285714 0
  2 8 3 0 10 1 8.3 0.5 0.2 0
  2 9 3 0 6 2 13.6666666666667 1 0 0
  2 10 3 0 2 4.5 42.5 3 0 0
  2 12 3 0 1 8 77 15 0 0
  2 14 3 0 9 1.55555555555556 9 0.555555555555556 0 0
  2 15 3 0 5 1.6 17 1.4 0 0
  2 16 3 0 9 1.33333333333333 9.55555555555556 0.222222222222222 0 0
  2 17 3 0 9 0.111111111111111 2.88888888888889 8.11111111111111 0 0
  2 18 3 0 13 0.846153846153846 5.53846153846154 0.538461538461538 0.769230769230769 0
  2 19 3 0 14 0.357142857142857 6.28571428571429 0.5 0 0
  2 20 3 0 19 0.684210526315789 2.47368421052632 2.05263157894737 0.0526315789473684 0
  2 21 3 0 20 0.25 4.65 0.05 0.05 0
  2 22 3 0 23 0.608695652173913 3.65217391304348 0.0869565217391304 0 0
  2 23 3 0 26 0.423076923076923 3.23076923076923 0.192307692307692 0 0
  2 24 3 0 28 0.178571428571429 1 2.25 0.142857142857143 0
  2 25 3 0 20 0.35 4.1 0.2 0.35 0
  2 26 3 0 7 1.85714285714286 12 0.428571428571429 0 0
  2 27 3 0 5 2.4 14.6 3 0 0
  2 29 3 0 6 2 13.6666666666667 1 0 0
  2 30 3 0 14 0.857142857142857 6.14285714285714 0.142857142857143 0 0
  2 31 3 0 7 1.42857142857143 12.7142857142857 0.142857142857143 0 0
  2 32 3 0 20 0 1.75 3.2 0.05 0
  2 33 3 0 18 0.388888888888889 3.11111111111111 0.944444444444444 1.11111111111111 0
  2 34 3 0 15 0.8 4.86666666666667 0.8 0.2 0
  2 35 3 0 28 0.464285714285714 2.42857142857143 0.571428571428571 0.107142857142857 0
  2 36 3 0 25 0.68 3.32 0 0 0
  2 37 3 0 19 0.684210526315789 4.42105263157895 0.157894736842105 0 0
  2 38 3 0 33 0.272727272727273 2.60606060606061 0.151515151515152 0 0
  2 39 3 0 32 0.21875 2.5 0.40625 0 0
  2 40 3 0 34 0.441176470588235 1.91176470588235 0.529411764705882 0.0588235294117647 0
  2 41 3 0 20 0.05 1.1 3.1 0.75 0
  2 42 3 0 27 0.0740740740740741 0.592592592592593 1.59259259259259 1.44444444444444 0
  2 1 4 0 44 0 0 2.09090909090909 0.181818181818182 0
  2 2 4 0 75 0 0.0133333333333333 1.26666666666667 0.0533333333333333 0
  2 3 4 0 66 0.0151515151515152 1.46969696969697 0.0303030303030303 0 0
  2 4 4 0 54 0 1.46296296296296 0.388888888888889 0 0
  2 5 4 0 31 0.032258064516129 2.35483870967742 0.838709677419355 0 0
  2 6 4 0 24 0.0416666666666667 2.20833333333333 1.91666666666667 0 0
  2 7 4 0 20 0.15 4.6 0.25 0 0
  2 8 4 0 25 0 1.36 2.64 0 0
  2 9 4 0 44 0 2.20454545454545 0.0681818181818182 0 0
  2 10 4 0 36 0.0277777777777778 2.08333333333333 0.666666666666667 0 0
  2 11 4 0 22 0 3.18181818181818 1.36363636363636 0 0
  2 12 4 0 21 0.0476190476190476 4.38095238095238 0.333333333333333 0 0
  2 13 4 0 26 0.0769230769230769 2.92307692307692 0.846153846153846 0 0
  2 14 4 0 35 0.0285714285714286 2.42857142857143 0.4 0 0
  2 15 4 0 21 0.0476190476190476 4.23809523809524 0.476190476190476 0 0
  2 16 4 0 30 0.1 2.96666666666667 0.266666666666667 0 0
  2 17 4 0 40 0.025 2.1 0.375 0 0
  2 18 4 0 42 0.0714285714285714 2 0.30952380952381 0 0
  2 19 4 0 46 0 2.1304347826087 0.0434782608695652 0 0
  2 20 4 0 37 0 2.59459459459459 0.108108108108108 0 0
  2 21 4 0 44 0.0681818181818182 2 0.204545454545455 0 0
  2 22 4 0 42 0 2.21428571428571 0.166666666666667 0 0
  2 23 4 0 35 0 2.48571428571429 0.371428571428571 0 0
  2 24 4 0 26 0.0384615384615385 3.23076923076923 0.576923076923077 0 0
  2 25 4 0 19 0 4.57894736842105 0.684210526315789 0 0
  2 26 4 0 29 0 3 0.448275862068966 0 0
  2 27 4 0 10 0 9 1 0 0
  2 28 4 0 20 0.2 4.5 0.3 0 0
  2 29 4 0 25 0 3.56 0.44 0 0
  2 30 4 0 18 0.166666666666667 4.66666666666667 0.722222222222222 0 0
  2 31 4 0 24 0.166666666666667 2.875 1.125 0 0
  2 32 4 0 21 0.0952380952380952 4.23809523809524 0.428571428571429 0 0
  2 33 4 0 10 0.2 6.2 3.6 0 0
  2 34 4 0 12 0.0833333333333333 6.66666666666667 1.58333333333333 0 0
  2 35 4 0 29 0.0344827586206897 2.75862068965517 0.655172413793103 0 0
  2 36 4 0 17 0.176470588235294 5.29411764705882 0.411764705882353 0 0
  2 37 4 0 39 0.0512820512820513 2.25641025641026 0.256410256410256 0 0
  2 38 4 0 9 0.222222222222222 8.55555555555556 2.33333333333333 0 0
  2 39 4 0 50 0.02 1.02 0.96 0 0
  2 40 4 0 15 0.133333333333333 5 1.53333333333333 0 0
  2 41 4 0 7 0 9.14285714285714 5.14285714285714 0 0
  2 42 4 0 9 0.333333333333333 7.33333333333333 3.44444444444444 0 0
# end survey length observations 
#  
# Fishery catch data 
# Number of observations, init_int Ncatch_obs
  168
# init_matrix obs_catch_biomass(1,Ncatch_obs,1,6) 
# Fleet	Area	Year	Species	Catch(biomass t)	CV 
  1 1 1 1 15604.8346398009 0.05
  1 1 2 1 19344.7243314623 0.05
  1 1 3 1 17083.4731177688 0.05
  1 1 4 1 20275.1557356881 0.05
  1 1 5 1 25626.1767787611 0.05
  1 1 6 1 16347.7885344193 0.05
  1 1 7 1 15381.2481822649 0.05
  1 1 8 1 14310.524093927 0.05
  1 1 9 1 12863.0408924247 0.05
  1 1 10 1 16876.7537089612 0.05
  1 1 11 1 20431.2840483 0.05
  1 1 12 1 18403.237056859 0.05
  1 1 13 1 18240.2926702176 0.05
  1 1 14 1 17050.2483055261 0.05
  1 1 15 1 12776.4031069653 0.05
  1 1 16 1 7839.2773418811 0.05
  1 1 17 1 8023.49038898291 0.05
  1 1 18 1 5162.98378860376 0.05
  1 1 19 1 3934.41267190231 0.05
  1 1 20 1 5278.61442868884 0.05
  1 1 21 1 3877.26455932453 0.05
  1 1 22 1 5402.46246224616 0.05
  1 1 23 1 4371.55704655503 0.05
  1 1 24 1 5958.48948949108 0.05
  1 1 25 1 4243.39330371517 0.05
  1 1 26 1 6062.63112923359 0.05
  1 1 27 1 2079.41390541049 0.05
  1 1 28 1 1877.08308260637 0.05
  1 1 29 1 2521.76976985067 0.05
  1 1 30 1 3442.06295879352 0.05
  1 1 31 1 4238.64133538417 0.05
  1 1 32 1 4022.65249877387 0.05
  1 1 33 1 1929.70634939019 0.05
  1 1 34 1 1959.60084463225 0.05
  1 1 35 1 1206.38755053685 0.05
  1 1 36 1 645.425604170932 0.05
  1 1 37 1 1131.06862677253 0.05
  1 1 38 1 1106.25326587482 0.05
  1 1 39 1 890.091550306952 0.05
  1 1 40 1 553.90788295025 0.05
  1 1 41 1 596.376077804991 0.05
  1 1 42 1 368.880953394259 0.05
  1 1 1 4 6190.71479392834 0.05
  1 1 2 4 3996.01170372273 0.05
  1 1 3 4 6602.47615085276 0.05
  1 1 4 4 6256.431772693 0.05
  1 1 5 4 7908.0138491321 0.05
  1 1 6 4 8675.92507307257 0.05
  1 1 7 4 6429.08614245718 0.05
  1 1 8 4 6690.84021896077 0.05
  1 1 9 4 6227.86726382386 0.05
  1 1 10 4 7839.37882016699 0.05
  1 1 11 4 7721.77865855523 0.05
  1 1 12 4 9597.36397043322 0.05
  1 1 13 4 12949.4726118428 0.05
  1 1 14 4 12664.6530063855 0.05
  1 1 15 4 8193.11205646638 0.05
  1 1 16 4 5815.62811963951 0.05
  1 1 17 4 12122.3196533016 0.05
  1 1 18 4 4546.81596543891 0.05
  1 1 19 4 5357.98348393758 0.05
  1 1 20 4 10278.5832388529 0.05
  1 1 21 4 4164.99944018004 0.05
  1 1 22 4 4381.47554873081 0.05
  1 1 23 4 7409.0896206498 0.05
  1 1 24 4 6816.64142950036 0.05
  1 1 25 4 5917.28607514971 0.05
  1 1 26 4 4437.68128178621 0.05
  1 1 27 4 2992.75451486163 0.05
  1 1 28 4 1973.63143483296 0.05
  1 1 29 4 4616.24122905755 0.05
  1 1 30 4 3589.54107220363 0.05
  1 1 31 4 2109.03610029217 0.05
  1 1 32 4 3679.15085874781 0.05
  1 1 33 4 2989.9916374342 0.05
  1 1 34 4 3039.20250693272 0.05
  1 1 35 4 3611.4717196772 0.05
  1 1 36 4 2956.4855750392 0.05
  1 1 37 4 4773.48361425846 0.05
  1 1 38 4 4209.284524722 0.05
  1 1 39 4 5044.35305093346 0.05
  1 1 40 4 3912.5661909199 0.05
  1 1 41 4 3503.52366276193 0.05
  1 1 42 4 2628.80988636398 0.05
  2 1 1 2 1463.65832668644 0.05
  2 1 2 2 821.540946890453 0.05
  2 1 3 2 1462.34141487202 0.05
  2 1 4 2 906.411031330925 0.05
  2 1 5 2 1327.21806223913 0.05
  2 1 6 2 1231.73430474876 0.05
  2 1 7 2 786.423680920335 0.05
  2 1 8 2 934.68361535554 0.05
  2 1 9 2 916.490379645665 0.05
  2 1 10 2 831.322258316207 0.05
  2 1 11 2 1123.92395769261 0.05
  2 1 12 2 942.472073513437 0.05
  2 1 13 2 3330.38656475914 0.05
  2 1 14 2 1703.04923447798 0.05
  2 1 15 2 1217.30410915044 0.05
  2 1 16 2 2700.94254416031 0.05
  2 1 17 2 2135.92943853391 0.05
  2 1 18 2 28.5414858972456 0.05
  2 1 19 2 3777.33734037585 0.05
  2 1 20 2 5967.66458816632 0.05
  2 1 21 2 14044.0818648741 0.05
  2 1 22 2 14852.1175229746 0.05
  2 1 23 2 9657.53512985701 0.05
  2 1 24 2 22290.3705213265 0.05
  2 1 25 2 10425.8978009298 0.05
  2 1 26 2 13105.7095576277 0.05
  2 1 27 2 12263.9614360932 0.05
  2 1 28 2 9597.94524492662 0.05
  2 1 29 2 11066.0912341136 0.05
  2 1 30 2 7905.5396193313 0.05
  2 1 31 2 8075.23029236081 0.05
  2 1 32 2 18450.1656992107 0.05
  2 1 33 2 10296.5116039911 0.05
  2 1 34 2 19820.706178343 0.05
  2 1 35 2 16451.496310285 0.05
  2 1 36 2 20405.5474331593 0.05
  2 1 37 2 19606.4761419438 0.05
  2 1 38 2 18274.2641505537 0.05
  2 1 39 2 10951.152005725 0.05
  2 1 40 2 7141.81175722429 0.05
  2 1 41 2 6420.35509023693 0.05
  2 1 42 2 1573.28941113 0.05
  2 1 1 3 486.877503578681 0.05
  2 1 2 3 226.569587550811 0.05
  2 1 3 3 306.100880857485 0.05
  2 1 4 3 414.073399401129 0.05
  2 1 5 3 2770.29194838241 0.05
  2 1 6 3 3555.03061017082 0.05
  2 1 7 3 2544.29661075947 0.05
  2 1 8 3 2828.93496318887 0.05
  2 1 9 3 3286.20570883471 0.05
  2 1 10 3 2413.25534075352 0.05
  2 1 11 3 2994.48406107466 0.05
  2 1 12 3 567.162636078934 0.05
  2 1 13 3 2332.97345099451 0.05
  2 1 14 3 1314.85083472284 0.05
  2 1 15 3 1030.48261402685 0.05
  2 1 16 3 880.848587570342 0.05
  2 1 17 3 14846.3694048056 0.05
  2 1 18 3 1180.90282319426 0.05
  2 1 19 3 938.684022615143 0.05
  2 1 20 3 715.932858753076 0.05
  2 1 21 3 519.344782397619 0.05
  2 1 22 3 2225.91151635111 0.05
  2 1 23 3 1079.97755350428 0.05
  2 1 24 3 226.533198956506 0.05
  2 1 25 3 901.12142218509 0.05
  2 1 26 3 2102.07007641484 0.05
  2 1 27 3 2269.64548406528 0.05
  2 1 28 3 721.237626940825 0.05
  2 1 29 3 1576.24367241097 0.05
  2 1 30 3 2320.4764873994 0.05
  2 1 31 3 1666.22779923667 0.05
  2 1 32 3 647.033872571555 0.05
  2 1 33 3 170.607421123226 0.05
  2 1 34 3 129.8289176908 0.05
  2 1 35 3 146.414393507818 0.05
  2 1 36 3 2141.02250626382 0.05
  2 1 37 3 2332.38595768704 0.05
  2 1 38 3 1034.45053004705 0.05
  2 1 39 3 930.355985323561 0.05
  2 1 40 3 1604.44765608072 0.05
  2 1 41 3 16379.7687116669 0.05
  2 1 42 3 19676.1180067319 0.05
# end catch observations 
#  
# Fishery size comp data 
# Number of observations, init_int Ncatch_size_obs 
  168
# init_matrix obs_catch_size(1,Ncatch_size_obs,1,ncol) 
# Fleet Area  Year  Species Type (0=whole, 1=retained, 2=discard) InpN, proportion by size bin 
  1 1 1 1 0 81 0 0.444444444444444 0.37037037037037 0.0987654320987654 0.320987654320988
  1 1 2 1 0 73 1.35616438356164 0 0.0136986301369863 0 0
  1 1 3 1 0 65 1.50769230769231 0 0 0.0307692307692308 0
  1 1 4 1 0 56 1.78571428571429 0 0 0 0
  1 1 5 1 0 120 0.775 0.05 0.00833333333333333 0 0
  1 1 6 1 0 130 0.246153846153846 0.376923076923077 0.146153846153846 0 0
  1 1 7 1 0 94 1.06382978723404 0 0 0 0
  1 1 8 1 0 94 0.372340425531915 0.680851063829787 0 0.0106382978723404 0
  1 1 9 1 0 82 1.19512195121951 0 0.024390243902439 0 0
  1 1 10 1 0 76 1.28947368421053 0.0263157894736842 0 0 0
  1 1 11 1 0 74 1.32432432432432 0.027027027027027 0 0 0
  1 1 12 1 0 65 1.53846153846154 0 0 0 0
  1 1 13 1 0 77 1.25974025974026 0.038961038961039 0 0 0
  1 1 14 1 0 88 1.125 0 0.0113636363636364 0 0
  1 1 15 1 0 66 1.5 0.0151515151515152 0 0 0
  1 1 16 1 0 69 1.42028985507246 0.0289855072463768 0 0 0
  1 1 17 1 0 43 2.30232558139535 0.0232558139534884 0 0 0
  1 1 18 1 0 34 2.88235294117647 0.0588235294117647 0 0 0
  1 1 19 1 0 55 1.8 0 0.0181818181818182 0 0
  1 1 20 1 0 64 1.5625 0 0 0 0
  1 1 21 1 0 77 1.2987012987013 0 0 0 0
  1 1 22 1 0 67 1.49253731343284 0 0 0 0
  1 1 23 1 0 133 0.714285714285714 0.0300751879699248 0.0075187969924812 0 0
  1 1 24 1 0 98 1.01020408163265 0.0102040816326531 0 0 0
  1 1 25 1 0 91 1.0989010989011 0 0 0 0
  1 1 26 1 0 77 1.28571428571429 0.012987012987013 0 0 0
  1 1 27 1 0 102 0.96078431372549 0.0196078431372549 0 0 0
  1 1 28 1 0 76 1.30263157894737 0 0.0131578947368421 0 0
  1 1 29 1 0 110 0.872727272727273 0.0363636363636364 0 0 0
  1 1 30 1 0 100 1 0 0 0 0
  1 1 31 1 0 108 0.907407407407407 0.0185185185185185 0 0 0
  1 1 32 1 0 118 0.838983050847458 0.00847457627118644 0 0 0
  1 1 33 1 0 129 0.310077519379845 0.434108527131783 0.0310077519379845 0 0
  1 1 34 1 0 90 1.1 0.0111111111111111 0 0 0
  1 1 35 1 0 69 1.42028985507246 0.0289855072463768 0 0 0
  1 1 36 1 0 80 1.225 0.025 0 0 0
  1 1 37 1 0 62 1.61290322580645 0 0 0 0
  1 1 38 1 0 94 1.04255319148936 0.0212765957446809 0 0 0
  1 1 39 1 0 75 0.746666666666667 0.506666666666667 0.08 0 0
  1 1 40 1 0 75 1.28 0 0.0533333333333333 0 0
  1 1 41 1 0 35 2.85714285714286 0 0 0 0
  1 1 42 1 0 22 4.5 0.0454545454545455 0 0 0
  1 1 1 4 0 5 5 0 0 0 15
  1 1 2 4 0 5 20 0 0 0 0
  1 1 3 4 0 5 20 0 0 0 0
  1 1 4 4 0 5 20 0 0 0 0
  1 1 5 4 0 5 20 0 0 0 0
  1 1 6 4 0 5 20 0 0 0 0
  1 1 7 4 0 5 20 0 0 0 0
  1 1 8 4 0 5 20 0 0 0 0
  1 1 9 4 0 5 20 0 0 0 0
  1 1 10 4 0 5 20 0 0 0 0
  1 1 11 4 0 1 100 0 0 0 0
  1 1 12 4 0 5 20 0 0 0 0
  1 1 13 4 0 1 100 0 0 0 0
  1 1 14 4 0 2 50 0 0 0 0
  1 1 15 4 0 8 12.5 0 0 0 0
  1 1 16 4 0 3 33.3333333333333 0 0 0 0
  1 1 17 4 0 3 33.3333333333333 0 0 0 0
  1 1 18 4 0 1 100 0 0 0 0
  1 1 19 4 0 3 33.3333333333333 0 0 0 0
  1 1 20 4 0 3 33.3333333333333 0 0 0 0
  1 1 21 4 0 3 33.3333333333333 0 0 0 0
  1 1 22 4 0 2 50 0 0 0 0
  1 1 23 4 0 6 16.6666666666667 0 0 0 0
  1 1 24 4 0 1 100 0 0 0 0
  1 1 25 4 0 1 100 0 0 0 0
  1 1 26 4 0 2 50 0 0 0 0
  1 1 27 4 0 2 50 0 0 0 0
  1 1 28 4 0 4 25 0 0 0 0
  1 1 29 4 0 7 14.2857142857143 0 0 0 0
  1 1 30 4 0 6 16.6666666666667 0 0 0 0
  1 1 31 4 0 10 10 0 0 0 0
  1 1 32 4 0 7 14.2857142857143 0 0 0 0
  1 1 33 4 0 15 6.66666666666667 0 0 0 0
  1 1 34 4 0 19 5.26315789473684 0 0 0 0
  1 1 35 4 0 13 7.69230769230769 0 0 0 0
  1 1 36 4 0 23 4.34782608695652 0 0 0 0
  1 1 37 4 0 7 14.2857142857143 0 0 0 0
  1 1 38 4 0 7 14.2857142857143 0 0 0 0
  1 1 39 4 0 19 5.26315789473684 0 0 0 0
  1 1 40 4 0 25 4 0 0 0 0
  1 1 41 4 0 31 3.2258064516129 0 0 0 0
  1 1 42 4 0 31 3.2258064516129 0 0 0 0
  2 1 1 2 0 2 0 22 20.5 7.5 0
  2 1 2 2 0 5 5.4 2.8 9.2 2.6 0
  2 1 3 2 0 2 50 0 0 0 0
  2 1 4 2 0 5 11 9 0 0 0
  2 1 5 2 0 5 19.8 0.2 0 0 0
  2 1 6 2 0 5 16.2 3.8 0 0 0
  2 1 7 2 0 5 20 0 0 0 0
  2 1 8 2 0 1 100 0 0 0 0
  2 1 9 2 0 5 20 0 0 0 0
  2 1 10 2 0 5 20 0 0 0 0
  2 1 11 2 0 2 49.5 0.5 0 0 0
  2 1 12 2 0 5 20 0 0 0 0
  2 1 13 2 0 5 20 0 0 0 0
  2 1 14 2 0 5 20 0 0 0 0
  2 1 15 2 0 5 20 0 0 0 0
  2 1 16 2 0 5 20 0 0 0 0
  2 1 17 2 0 5 20 0 0 0 0
  2 1 18 2 0 5 20 0 0 0 0
  2 1 19 2 0 5 20 0 0 0 0
  2 1 20 2 0 30 3.3 0.0333333333333333 0 0 0
  2 1 21 2 0 46 2.17391304347826 0 0 0 0
  2 1 22 2 0 10 9.9 0.1 0 0 0
  2 1 23 2 0 19 5.26315789473684 0 0 0 0
  2 1 24 2 0 61 1.29508196721311 0.344262295081967 0 0 0
  2 1 25 2 0 29 3.44827586206897 0 0 0 0
  2 1 26 2 0 32 3.125 0 0 0 0
  2 1 27 2 0 16 6.25 0 0 0 0
  2 1 28 2 0 31 3.19354838709677 0.032258064516129 0 0 0
  2 1 29 2 0 44 2.27272727272727 0 0 0 0
  2 1 30 2 0 29 3.37931034482759 0.0689655172413793 0 0 0
  2 1 31 2 0 25 4 0 0 0 0
  2 1 32 2 0 22 3.22727272727273 1.31818181818182 0 0 0
  2 1 33 2 0 35 2.85714285714286 0 0 0 0
  2 1 34 2 0 28 3.57142857142857 0 0 0 0
  2 1 35 2 0 45 2.2 0.0222222222222222 0 0 0
  2 1 36 2 0 51 1.96078431372549 0 0 0 0
  2 1 37 2 0 41 2.4390243902439 0 0 0 0
  2 1 38 2 0 36 2.75 0.0277777777777778 0 0 0
  2 1 39 2 0 20 4.75 0.25 0 0 0
  2 1 40 2 0 14 6.92857142857143 0.214285714285714 0 0 0
  2 1 41 2 0 17 5.58823529411765 0.294117647058824 0 0 0
  2 1 42 2 0 24 4.16666666666667 0 0 0 0
  2 1 1 3 0 1 9 0 91 0 0
  2 1 2 3 0 5 7.6 0 3.2 9.2 0
  2 1 3 3 0 5 20 0 0 0 0
  2 1 4 3 0 1 100 0 0 0 0
  2 1 5 3 0 6 16 0.666666666666667 0 0 0
  2 1 6 3 0 4 24.5 0.25 0.25 0 0
  2 1 7 3 0 5 20 0 0 0 0
  2 1 8 3 0 1 96 4 0 0 0
  2 1 9 3 0 1 100 0 0 0 0
  2 1 10 3 0 1 100 0 0 0 0
  2 1 11 3 0 2 50 0 0 0 0
  2 1 12 3 0 5 20 0 0 0 0
  2 1 13 3 0 4 25 0 0 0 0
  2 1 14 3 0 8 12.5 0 0 0 0
  2 1 15 3 0 11 9.09090909090909 0 0 0 0
  2 1 16 3 0 5 20 0 0 0 0
  2 1 17 3 0 5 20 0 0 0 0
  2 1 18 3 0 1 100 0 0 0 0
  2 1 19 3 0 1 100 0 0 0 0
  2 1 20 3 0 4 25 0 0 0 0
  2 1 21 3 0 3 33.3333333333333 0 0 0 0
  2 1 22 3 0 4 25 0 0 0 0
  2 1 23 3 0 3 33 0.333333333333333 0 0 0
  2 1 24 3 0 3 33.3333333333333 0 0 0 0
  2 1 25 3 0 2 50 0 0 0 0
  2 1 26 3 0 4 25 0 0 0 0
  2 1 27 3 0 5 19.8 0.2 0 0 0
  2 1 28 3 0 4 25 0 0 0 0
  2 1 29 3 0 4 25 0 0 0 0
  2 1 30 3 0 24 4.08333333333333 0.0833333333333333 0 0 0
  2 1 31 3 0 10 9.8 0.2 0 0 0
  2 1 32 3 0 12 8.33333333333333 0 0 0 0
  2 1 33 3 0 4 24.25 0.75 0 0 0
  2 1 34 3 0 6 16.6666666666667 0 0 0 0
  2 1 35 3 0 2 49 1 0 0 0
  2 1 36 3 0 10 10 0 0 0 0
  2 1 37 3 0 9 11.1111111111111 0 0 0 0
  2 1 38 3 0 13 7.61538461538461 0.0769230769230769 0 0 0
  2 1 39 3 0 16 6 0.25 0 0 0
  2 1 40 3 0 27 3.7037037037037 0 0 0 0
  2 1 41 3 0 15 6.6 0.0666666666666667 0 0 0
  2 1 42 3 0 16 6.125 0.125 0 0 0
# end fishery length observations 
#  
# Survey diet proportion observations 
# Number of observations, init_int Ndietprop_obs 
  115
# init_matrix obs_dietprop(1,Ndietprop_obs,1,ncol) 
# Survey  Year  Predator  Predator_size InpN  wt_prey_1 wt_prey_2 wt_prey_3 wt_prey_4 wt_prey_5 wt_prey_6 wt_prey_7 wt_prey_8 wt_prey_9 wt_prey_10 wt_prey_11 other 
  1 12 1 2 100 0 0 0 0 1
  1 12 1 3 100 0 0 0 0 1
  1 13 1 3 100 0 0.07 0 0 0.93
  1 13 1 4 100 0 0.89 0 0 0.11
  1 15 1 2 100 0 0.93 0 0 0.07
  1 18 1 1 100 0.09 0 0 0 0.91
  1 18 1 2 100 0 0 0 0 1
  1 18 1 3 100 0 0 0 0 1
  1 19 1 2 100 0 0 0 0 1
  1 19 1 3 100 0 0.5 0 0 0.5
  1 20 1 3 100 0 0 0 0 1
  1 21 1 2 100 0 0 0 0 1
  1 21 1 3 100 0 0.35 0 0 0.65
  1 24 1 3 100 0 0.88 0 0 0.12
  1 25 1 3 100 0 1 0 0 0
  1 26 1 3 100 0 0.28 0 0 0.72
  1 27 1 3 100 0 0 1 0 0
  1 28 1 3 100 0 1 0 0 0
  1 33 1 3 100 0 1 0 0 0
  1 34 1 3 100 0 0.17 0 0 0.83
  1 35 1 3 100 0 0.03 0 0 0.97
  1 38 1 3 100 0 0 0 0 1
  1 39 1 3 100 0 0 0 0 1
  1 40 1 2 100 0 0.61 0 0 0.39
  1 41 1 2 100 0 0 0.61 0 0.39
  2 2 1 4 100 0 1 0 0 0
  2 11 1 3 100 0 0.44 0 0 0.56
  2 14 1 3 100 0 0.19 0 0 0.81
  2 14 1 4 100 0 0.3 0 0 0.7
  2 15 1 3 100 0 0 0 0 1
  2 16 1 3 100 0 0 1 0 0
  2 16 1 4 100 0 0 0 0 1
  2 19 1 3 100 0 0 0 0 1
  2 19 1 4 100 0 1 0 0 0
  2 21 1 3 100 0 0 0 0 1
  2 21 1 4 100 0 0 0 0 1
  2 22 1 3 100 0 0 0 0 1
  2 23 1 3 100 0 0 0 0 1
  2 24 1 3 100 0 0.52 0 0 0.48
  2 24 1 4 100 0 0 0 0 1
  2 25 1 2 100 0 0 0 0 1
  2 25 1 3 100 0 0.03 0 0 0.97
  2 26 1 3 100 0 0.72 0 0 0.28
  2 27 1 3 100 0 0.19 0 0 0.81
  2 27 1 4 100 0 1 0 0 0
  2 29 1 3 100 0 0 0 0 1
  2 33 1 3 100 0 0 0 0 1
  2 35 1 1 100 0 0 0 0 1
  2 35 1 2 100 0 0.72 0 0 0.28
  2 35 1 3 100 0 0 0 0 1
  2 36 1 3 100 0 0 0 0 1
  2 39 1 3 100 0 0.93 0 0 0.07
  2 40 1 2 100 0 0 0 0 1
  2 36 2 3 100 0 0 0 0 1
  2 30 3 2 100 0 0 0 0 1
  2 30 3 4 100 0 0 0 0 1
  1 8 4 2 100 0 1 0 0 0
  1 8 4 3 100 0 0 0 0 1
  1 11 4 3 100 0 0 0 0 1
  1 13 4 2 100 0 0.01 0 0 0.99
  1 13 4 3 100 0 0 0.1 0 0.9
  1 13 4 4 100 0 0 0 0 1
  1 14 4 3 100 0 0 0 0 1
  1 15 4 3 100 0 0.7 0 0 0.3
  1 15 4 4 100 0 0.69 0 0 0.31
  1 16 4 3 100 0 0 0 0 1
  1 16 4 4 100 0 0 0.53 0 0.47
  1 17 4 3 100 0 0 0.94 0 0.06
  1 18 4 3 100 0 0 0 0 1
  1 19 4 2 100 1 0 0 0 0
  1 19 4 3 100 0 0 0 0 1
  1 20 4 2 100 0 0 0 0 1
  1 20 4 3 100 0 0 0 0 1
  1 21 4 3 100 0 1 0 0 0
  1 22 4 2 100 0 0 0 0 1
  1 23 4 3 100 0 0.17 0 0 0.83
  1 24 4 3 100 0 1 0 0 0
  1 25 4 3 100 0 0.29 0 0 0.71
  1 25 4 4 100 0 0 0 0 1
  1 26 4 3 100 0 0 0.92 0 0.08
  1 27 4 2 100 0 0 0 0 1
  1 27 4 3 100 0 0 0 0 1
  1 28 4 2 100 0 0.14 0 0 0.86
  1 28 4 3 100 0 1 0 0 0
  1 29 4 3 100 0 0 0 0 1
  1 31 4 3 100 0 0 0 0 1
  1 31 4 4 100 0 0.3 0 0 0.7
  1 34 4 3 100 0 0 0 0 1
  1 40 4 3 100 0 0 0 0 1
  1 40 4 4 100 0 0 0 0 1
  1 42 4 3 100 0 0 0 0 1
  2 6 4 3 100 0 0 0.04 0 0.96
  2 8 4 3 100 0 0 0 0 1
  2 9 4 4 100 0 0 0 0.36 0.64
  2 14 4 4 100 0 0 0 0 1
  2 15 4 3 100 0 0 0 0 1
  2 16 4 3 100 0 0 0 0 1
  2 17 4 2 100 0 0 0 0 1
  2 18 4 3 100 0 0 0 0 1
  2 19 4 3 100 0 0 0 0 1
  2 21 4 3 100 0 0 0 0 1
  2 22 4 3 100 0 0.56 0 0 0.44
  2 23 4 3 100 0 0 1 0 0
  2 24 4 3 100 0 0.73 0 0 0.27
  2 25 4 3 100 0 1 0 0 0
  2 25 4 4 100 0 0 0.05 0 0.95
  2 27 4 3 100 0 0 0 0 1
  2 30 4 3 100 0 0.79 0 0 0.21
  2 33 4 3 100 0 0 0 0 1
  2 34 4 3 100 0 1 0 0 0
  2 35 4 3 100 0 0.98 0 0 0.02
  2 36 4 2 100 0 0.85 0 0 0.15
  2 36 4 3 100 0 1 0 0 0
  2 37 4 3 100 0 0 0 0 1
  2 42 4 3 100 0 0 1 0 0
# end survey diet proportion observations 
#  
