# This file was created using the write_tsDatFile function and used all the simulated data from sim_dta.rds found in repo:Hydra-self-testing
# Survey index data 
# Number of observations, init_int Nsurvey_obs
  329
# init_matrix obs_survey_biomass(1,Nsurvey_obs,1,5)
# survey year spp value cv
  1 1 4 652489.138909796 0.212720515437525
  2 1 4 605967.365403879 0.25363203301826
  1 2 4 19744.9033917564 0.222168779300385
  2 2 4 17238.9721377697 0.187773345626693
  1 3 4 144503.957357462 0.394113240257454
  2 3 4 5083.07722821608 0.423618201694685
  1 4 4 281115.718777273 0.310035034727007
  2 4 4 6452.70210278463 0.327069686277164
  1 5 4 88498.7126874492 0.378629084128514
  2 5 4 12273.9563141525 0.391316523019912
  1 6 4 33341.9108356984 0.494427832556011
  2 6 4 933.389575220818 0.376280830351703
  1 7 4 70971.0180513369 0.759062286891916
  2 7 4 2672.6917743717 0.665352569827422
  1 8 4 1644.09717415967 0.383150869515862
  2 8 4 431.709698648397 0.433685089735353
  1 9 4 47332.1019839974 0.48934963094834
  2 9 4 967.195176869464 0.392371299771634
  1 10 4 32219.2693444111 0.382452035825211
  2 10 4 857.202922118629 0.333798529002863
  1 11 4 11824.7164702748 0.566792532611316
  2 11 4 244.166259965 0.868042030585988
  1 12 4 32448.3521547064 0.381518572031255
  2 12 4 336.315522214017 0.445144789260538
  1 13 4 8539.62756106214 0.438380584739347
  2 13 4 196.143067430781 0.947226139495183
  1 14 4 7801.45054370045 0.482345652338289
  2 14 4 159.865503249568 0.377075764230608
  1 15 4 8453.94079868012 0.420835086749712
  2 15 4 80.7802356871955 0.614716212748607
  1 16 4 7422.45698967815 0.515165860253858
  2 16 4 210.525012865938 0.704031323768783
  1 17 4 2096.76853371159 0.559532625975744
  2 17 4 92.6387474774186 0.319774204956139
  1 18 4 2421.9908004234 0.479008946214672
  2 18 4 16.9572553447891 0.41351869139049
  1 19 4 6082.29060813571 0.429419179801904
  2 19 4 79.6293410161398 0.387615780132326
  1 20 4 12082.8649246553 0.477074256852948
  2 20 4 74.5392625055294 0.315868813200741
  1 21 4 5880.53971954586 0.410621521476155
  2 21 4 99.2629416595178 0.630050999524052
  1 22 4 14848.6553110922 0.294672690077384
  2 22 4 205.988758299874 0.335469505128288
  1 23 4 11880.0747874617 0.477447511398437
  2 23 4 102.06092553898 0.407625761955908
  1 24 4 5301.07950785416 0.384568504019134
  2 24 4 175.003150088069 0.43049173366256
  1 25 4 4236.61498605535 0.333261603198005
  2 25 4 442.861115986074 0.843960441627036
  1 26 4 2524.14640933538 0.685474246042822
  2 26 4 70.567520053355 0.429620783824035
  1 27 4 3372.3335212473 0.286882992344226
  2 27 4 88.4179094382803 0.81343687860715
  1 28 4 9376.11343842544 0.371822434434906
  2 28 4 178.554428197279 0.53327636373572
  1 29 4 10090.6920074348 0.592639130460935
  2 29 4 217.0879132356 0.590339711107796
  1 30 4 17968.5872300399 0.374062101432949
  2 30 4 101.35223297666 0.701775131617819
  1 31 4 16754.0423350269 0.304499664309564
  2 31 4 491.992664164149 0.210828956182955
  1 32 4 28208.1584793523 0.233962995093855
  2 32 4 657.030501171912 0.329779252894958
  1 33 4 7963.8400676584 0.270006842918168
  2 33 4 464.187675003755 0.460124990024536
  1 34 4 8237.08715861878 0.350007507053818
  2 34 4 260.249077696216 0.837656243552001
  1 35 4 7422.75103730115 0.34274593698132
  2 35 4 244.797837154054 0.291986952078346
  1 36 4 24884.9041181541 0.261906583866089
  2 36 4 562.911130754367 0.425399553458769
  1 37 4 46710.9465841024 0.417429035160016
  2 37 4 1752.85727094958 0.287702894520317
  1 38 4 95194.7831475098 0.441211421515246
  2 38 4 1206.54965261018 0.866971810340233
  1 39 4 20641.6243015268 0.495234601454268
  2 39 4 1874.66937501325 0.556663444153977
  1 40 4 14673.3073461026 0.237858203733512
  2 40 4 428.572755318487 0.295404104464232
  1 41 4 5709.19421916063 0.327346172729995
  2 41 4 51.6346667793203 0.994030515469621
  1 42 4 2258.04141667044 0.368315456462939
  2 42 4 81.3478247941836 0.461505384764764
  1 1 2 4.50474595167394e-264 0.601375663623589
  2 1 2 1.07097133181086e-264 0.565196579518992
  2 2 2 2.50483092228926e-209 0.686052062200317
  2 3 2 5.74138631585503e-187 0.378997614818957
  1 4 2 3.07649088758719e-191 1
  2 4 2 3.8456840508335e-193 0.459316778181236
  1 5 2 4.92321408257253e-194 0.611089023955187
  2 5 2 4.11300532305756e-196 0.780615956536472
  1 6 2 4.98246422872317e-198 0.702037850017464
  2 6 2 8.87272657715677e-200 0.461790555986525
  1 7 2 4.24002246948762e-201 0.948289691951521
  2 7 2 6.76537817003004e-202 0.685175011742778
  1 8 2 1.07276878047198e-202 0.544380631361087
  2 8 2 5.0611421817196e-204 0.424096495665332
  1 9 2 1.83029564364165e-204 0.5393131982084
  2 9 2 1.16020712651485e-205 0.454629127333952
  1 10 2 6.47666432642611e-206 0.88095039530815
  2 10 2 6.84766306403622e-207 0.419344308350161
  1 11 2 1.07298688224379e-207 0.799987970388403
  2 11 2 1.42927412830085e-208 0.839124360078806
  1 12 2 6.24196221132282e-202 0.774991903603438
  2 12 2 6.17277416394233e-204 0.424721667998453
  1 13 2 7.79335883644146e-206 0.863215133786584
  2 13 2 5.6318893886741e-208 0.387073469025502
  1 14 2 1.0937225416924e-207 0.704083892007286
  2 14 2 8.32239254614459e-209 0.312793018147624
  1 15 2 2.43220050198965e-201 0.457459057188701
  2 15 2 1.17724051069939e-203 0.459652287866146
  1 16 2 2.93366450727282e-187 0.853197309912465
  2 16 2 1.26037441131004e-189 0.628928805514438
  1 17 2 5.8359526934813e-200 0.61116783920211
  2 17 2 7.39107918537102e-202 0.3895964128798
  1 18 2 6.95251818491603e-205 0.416775375911518
  2 18 2 4.35539048285615e-206 0.495180348393774
  1 19 2 7.28287485810397e-186 0.69077510766454
  2 19 2 5.25393572208171e-188 0.347120352110889
  1 20 2 1.66727883347282e-190 0.793751288508348
  2 20 2 8.6207288660626e-192 0.526946514998015
  1 21 2 9.14199236534097e-193 0.339376634127756
  2 21 2 2.31874681029926e-194 0.609998621037514
  1 22 2 9.36044352242216e-195 0.601950919776798
  2 22 2 3.33323964097857e-196 0.389299707202565
  1 23 2 3.0449250592314e-196 0.658556209578282
  2 23 2 8.6481681077542e-198 0.288585466763824
  1 24 2 1.26813860651778e-196 0.637453135075156
  2 24 2 4.72240903137639e-199 0.480513100150493
  1 25 2 1.72119829211055e-201 0.510473149998029
  2 25 2 1.21996032887967e-202 0.338488147626423
  1 26 2 5.57350377226218e-191 0.548437091427541
  2 26 2 2.70022997323633e-193 0.345955330423839
  1 27 2 3.06276822569152e-178 0.492912195981742
  2 27 2 5.6254437075234e-180 0.33164245084141
  1 28 2 1.26172543060557e-180 0.747597319880804
  2 28 2 4.53866165714278e-183 0.447853531697379
  1 29 2 4.24997199564998e-184 0.451616070879294
  2 29 2 4.11789473836686e-185 0.305275882623724
  1 30 2 6.36832637237111e-185 0.797269558848634
  2 30 2 2.49877350755878e-186 0.605264936420634
  1 31 2 2.46003565725204e-187 0.666772556553203
  2 31 2 3.71286543936922e-188 0.359836468902791
  1 32 2 3.35025519635191e-189 0.96787270074405
  2 32 2 1.41502784745904e-189 0.422601396160012
  1 33 2 9.68331169205191e-191 0.404694020855087
  2 33 2 5.95758281286042e-192 0.465820030674526
  1 34 2 7.7746161701168e-194 0.814873375751391
  2 34 2 5.48898477196724e-194 0.505954372112585
  1 35 2 8.685584581223e-196 0.533219898766676
  2 35 2 1.31438141751855e-196 0.287403659199158
  1 36 2 3.31556035796587e-198 0.371953858881132
  2 36 2 4.02739099108923e-199 0.365560779244073
  1 37 2 6.81299875719979e-200 0.791301167226987
  2 37 2 1.04445753818827e-200 0.487536998609889
  1 38 2 7.33094581206418e-201 0.633364993316759
  2 38 2 9.72119370180924e-202 0.644823084547079
  1 39 2 9.12467656973345e-203 0.827253682697507
  2 39 2 2.1444199008947e-203 0.354235596542703
  1 40 2 9.08984551403332e-204 0.900216415173481
  2 40 2 2.1686691201617e-205 0.395846441583114
  1 41 2 6.64673566524615e-207 0.957770995377006
  2 41 2 5.0222539311624e-208 0.496084887173497
  1 42 2 3.07205575623624e-208 0.55870584954739
  2 42 2 6.0062296444017e-210 0.604660139936764
  1 1 1 90560.2519562869 0.241799049430762
  2 1 1 2181862.9487136 0.250018379470286
  1 2 1 40012.2467370391 0.142636213550947
  2 2 1 180580.328235643 0.163647146277456
  1 3 1 65354.7583814493 0.225478190042395
  2 3 1 48511.9728966079 0.192013183632222
  1 4 1 235669.325145515 0.323579734794357
  2 4 1 113082.223819188 0.162432383538487
  1 5 1 73310.7887148333 0.320666395151501
  2 5 1 143603.486119322 0.822390366318268
  1 6 1 6247.79391387155 0.452044832991261
  2 6 1 50200.1829100188 0.192408532269243
  1 7 1 80878.0701769877 0.28209645893665
  2 7 1 39307.6376154424 0.262097825842625
  1 8 1 3094.58205460424 0.414010381101596
  2 8 1 53276.8665212222 0.189959250209439
  1 9 1 21860.7139926402 0.40638853202345
  2 9 1 7349.33983219171 0.178404315527443
  1 10 1 13619.0024847551 0.290993157294119
  2 10 1 23425.2323385357 0.156753980046499
  1 11 1 11968.8429081658 0.324615016521962
  2 11 1 17623.1383556487 0.174348711952217
  1 12 1 11359.5737908885 0.294780938380682
  2 12 1 13841.1373209968 0.195232854572048
  1 13 1 2502.68920560908 0.440402569626277
  2 13 1 8430.37937232259 0.185762358850192
  1 14 1 1343.93362753995 0.372421878022742
  2 14 1 4237.90522593494 0.151581173531864
  1 15 1 2138.7692574475 0.341871348717721
  2 15 1 2131.5108224299 0.233364310094868
  1 16 1 1285.59056949852 0.416897355424411
  2 16 1 3527.64454175448 0.283802183917676
  1 17 1 1517.08373422569 0.500820840736393
  2 17 1 2540.88811770472 0.495024013362717
  1 18 1 663.10929390613 0.389853340834037
  2 18 1 841.483636757266 0.390988792530431
  1 19 1 628.115420560627 0.293941849282161
  2 19 1 918.56039194634 0.322403741112933
  1 20 1 1206.13882880343 0.525509720403112
  2 20 1 987.978035199174 0.218361153170241
  1 21 1 2414.9567555258 0.266433769579894
  2 21 1 1471.87557030773 0.421115605185845
  1 22 1 4788.53079873488 0.374831371194202
  2 22 1 3553.62318507461 0.227391091044855
  1 23 1 1187.24457214238 0.352011231642473
  2 23 1 2083.69399227097 0.384269029090844
  1 24 1 2551.06998964852 0.34725908523047
  2 24 1 2629.58088292438 0.331291933735556
  1 25 1 782.698128815475 0.578696888706846
  2 25 1 1635.05614269616 0.247394190789157
  1 26 1 1036.34491524233 0.459728456052307
  2 26 1 1839.48485315684 0.394189312610479
  1 27 1 387.114165809892 0.539982548576019
  2 27 1 4316.43690194275 0.72948972943007
  1 28 1 2533.42557648973 0.364309332200766
  2 28 1 1153.97820435035 0.278656828353639
  1 29 1 562.45135988141 0.562793580097325
  2 29 1 1657.60702630875 0.316141323613091
  1 30 1 6609.87529551876 0.420348818797864
  2 30 1 1945.23135574508 0.30511736182771
  1 31 1 2822.9991015688 0.403753427903273
  2 31 1 7771.48685620283 0.278331587636247
  1 32 1 5529.89247519149 0.491331418922754
  2 32 1 11913.4742891166 0.329726795744574
  1 33 1 551.57603047476 0.537081122476055
  2 33 1 6648.16314879486 0.33086845072982
  1 34 1 1097.37708568464 0.379030815152119
  2 34 1 593.355859960245 0.278881417082292
  1 35 1 632.14607294828 0.519511456600017
  2 35 1 1172.75995686748 0.27351876283918
  1 36 1 1401.49620616591 0.556056214854877
  2 36 1 194.458524215708 0.714061811185508
  1 37 1 3164.29367145858 0.588197671943964
  2 37 1 1947.07108844965 0.340315242626747
  1 38 1 3716.98809150757 0.324588369174256
  2 38 1 4763.78187137976 0.300199803594678
  1 39 1 439.460488186106 0.501841796783066
  2 39 1 4406.52213494411 0.438397059851219
  1 40 1 602.52219026096 0.403101009292275
  2 40 1 214.636488661312 0.410378233550251
  1 41 1 391.735001583507 0.478602624152216
  2 41 1 191.906016283463 0.362128776577143
  1 42 1 110.776982581158 0.646634922078809
  2 42 1 128.21047584988 0.816170985475773
  1 1 3 96901.7665623895 0.499484636786782
  1 2 3 4685.1845423924 0.358153914340203
  2 2 3 77309.865506705 0.577110518633802
  1 3 3 147595.959630023 0.678339172154909
  2 3 3 121340.340385596 0.738121970739642
  1 4 3 14096.172270498 1
  2 4 3 90315.4569106215 0.52056341701904
  1 5 3 18602.2721558069 0.693225535250834
  2 5 3 60199.8353481469 1
  1 6 3 4403.23927219904 1
  2 6 3 2855.53080094827 0.48452157876779
  1 7 3 200.17640645813 0.912293822979085
  1 8 3 214.740456293136 0.655734850091527
  2 8 3 110.31607922245 0.750382084373246
  1 9 3 227.778292541864 0.670809892238012
  2 9 3 228.386020487208 0.47273108889926
  1 10 3 223.299135496395 0.631102684426709
  2 10 3 52.3134413583643 0.919260399745188
  1 11 3 332.79870048417 0.496475444687371
  1 12 3 66.6660295563485 0.740682868109632
  2 12 3 413.015850328791 1
  1 13 3 223.370123467616 0.360862225436052
  1 14 3 197.914029100488 0.547901331396328
  2 14 3 117.59282766524 0.478873954421528
  1 15 3 235.007091805123 0.429608216382601
  2 15 3 331.360732368306 0.654713783069401
  1 16 3 505.456990855663 0.69118921143411
  2 16 3 422.568797836792 0.8614889831113
  1 17 3 58.4148536810648 0.426971754606328
  2 17 3 201.087232734768 0.572182042928152
  1 18 3 8.50791918932554 0.505524319387353
  2 18 3 53.6945912325768 0.488492827246527
  1 19 3 119.660782548029 0.644591984223249
  2 19 3 28.6803494819329 0.51925665989311
  1 20 3 4.02400717636128 0.899065435378594
  2 20 3 39.9425461449287 0.59569628754064
  1 21 3 42.2327707125458 0.543826822033971
  2 21 3 19.5786161542466 0.466111862829518
  1 22 3 129.781501423707 0.88174616562504
  2 22 3 57.8947300618106 0.568444982816852
  1 23 3 162.410608983354 0.408104676406013
  2 23 3 187.966035164058 0.357346049869971
  1 24 3 7.52618951068678 0.92608255019157
  2 24 3 27.5348276786906 0.539541007788685
  1 25 3 64.2812583364047 0.648664057223823
  2 25 3 7.78487371857473 0.576168087832409
  1 26 3 60.0265112010463 0.695927823776047
  2 26 3 18.6557981934738 0.549529982814455
  1 27 3 96.7212379340648 0.708713243925404
  2 27 3 25.4244872859934 0.496269825160911
  1 28 3 98.1759411361614 0.489543853646182
  1 29 3 92.9082370670097 0.703511357168505
  2 29 3 182.148490050233 0.875017095315649
  1 30 3 308.200136794711 0.631659802692532
  2 30 3 992.407906576757 0.908152223575802
  1 31 3 978.280414183101 0.626570332091694
  2 31 3 490.946394110106 0.712465807947941
  1 32 3 189.840614745227 0.661895735249442
  2 32 3 930.33970776917 0.86012943797605
  1 33 3 13.9309098575112 0.783155911787346
  2 33 3 84.7651535613142 0.598390099709208
  1 34 3 13.7175988087902 0.542775440757204
  2 34 3 32.6509738235046 0.743173480285892
  1 35 3 6.65383045401718 0.870542376054271
  2 35 3 11.6051617815829 0.446478967244395
  1 36 3 189.169650826831 0.492193512682958
  2 36 3 53.6043104692754 0.490110041691513
  1 37 3 2634.41346532353 0.909630520329322
  2 37 3 955.773281338704 0.433872317628348
  1 38 3 3234.57466946245 0.644773009949607
  2 38 3 1426.97712795576 0.484949159815328
  1 39 3 858.414889389969 0.515045488987725
  2 39 3 1430.60491265303 0.388710136036013
  1 40 3 549.413214385973 0.442573167063876
  2 40 3 150.07317790221 0.395139923022642
  1 41 3 70.523581625283 0.88587618368699
  2 41 3 73.9248179075692 0.537531419606343
  1 42 3 455400.984453199 0.983269433580366
  2 42 3 460598.76042584 0.849696423298534
# end survey index observations 
#  
# Survey size comp data 
# Number of observations, init_int Nsurvey_size_obs 
  329
# init_matrix obs_survey_size(1,Nsurvey_size_obs,1,ncol) 
# Survey  Year  Species Type (0=whole, 1=retained, 2=discard) InpN, proportion by length bin 
  1 1 1 0 57 0.0175438596491228 1.10526315789474 0.56140350877193 0.0701754385964912 0
  1 2 1 0 65 0.876923076923077 0.630769230769231 0.0153846153846154 0.0153846153846154 0
  1 3 1 0 32 1.5625 1.53125 0 0.03125 0
  1 4 1 0 32 1.71875 1.375 0.03125 0 0
  1 5 1 0 21 2.57142857142857 2.19047619047619 0 0 0
  1 6 1 0 18 0.777777777777778 3.61111111111111 1.16666666666667 0 0
  1 7 1 0 25 1.96 2.04 0 0 0
  1 8 1 0 20 0.25 2.9 1.85 0 0
  1 9 1 0 16 3.0625 3.1875 0 0 0
  1 10 1 0 19 2.73684210526316 2.47368421052632 0.0526315789473684 0 0
  1 11 1 0 20 2.55 2.3 0.15 0 0
  1 12 1 0 22 2.63636363636364 1.90909090909091 0 0 0
  1 13 1 0 23 2 2.30434782608696 0.0434782608695652 0 0
  1 14 1 0 14 3.57142857142857 3.57142857142857 0 0 0
  1 15 1 0 21 2.61904761904762 2.14285714285714 0 0 0
  1 16 1 0 14 3.35714285714286 3.71428571428571 0.0714285714285714 0 0
  1 17 1 0 17 2.88235294117647 2.82352941176471 0.176470588235294 0 0
  1 18 1 0 19 2.42105263157895 2.84210526315789 0 0 0
  1 19 1 0 18 2.83333333333333 2.66666666666667 0.0555555555555556 0 0
  1 20 1 0 15 3.53333333333333 3.13333333333333 0 0 0
  1 21 1 0 21 2.42857142857143 2.28571428571429 0.0476190476190476 0 0
  1 22 1 0 13 4.53846153846154 3.15384615384615 0 0 0
  1 23 1 0 14 3.35714285714286 3.71428571428571 0.0714285714285714 0 0
  1 24 1 0 14 4 3 0.142857142857143 0 0
  1 25 1 0 18 3.44444444444444 2.05555555555556 0.0555555555555556 0 0
  1 26 1 0 14 3 4.14285714285714 0 0 0
  1 27 1 0 23 2.17391304347826 2.08695652173913 0.0869565217391304 0 0
  1 28 1 0 14 3.07142857142857 4.07142857142857 0 0 0
  1 29 1 0 17 2.88235294117647 3 0 0 0
  1 30 1 0 18 2.5 3.05555555555556 0 0 0
  1 31 1 0 20 2.8 2.1 0.1 0 0
  1 32 1 0 10 5.2 4.8 0 0 0
  1 33 1 0 15 1.4 4.2 1.06666666666667 0 0
  1 34 1 0 18 2.83333333333333 2.72222222222222 0 0 0
  1 35 1 0 8 5.5 6.75 0.25 0 0
  1 36 1 0 12 4 4.33333333333333 0 0 0
  1 37 1 0 8 6.625 5.75 0.125 0 0
  1 38 1 0 16 3.375 2.8125 0.0625 0 0
  1 39 1 0 10 2.3 6 1.7 0 0
  1 40 1 0 10 4.6 5.4 0 0 0
  1 41 1 0 13 3.61538461538462 4.07692307692308 0 0 0
  1 42 1 0 8 7.5 4.625 0.375 0 0
  1 1 2 0 11 1.45454545454545 2.09090909090909 1.54545454545455 2.27272727272727 1.72727272727273
  1 4 2 0 1 22 20 22 17 19
  1 5 2 0 5 3.4 3.6 4.6 4 4.4
  1 6 2 0 1 17 15 25 20 23
  1 7 2 0 3 7.66666666666667 5.33333333333333 6 7.33333333333333 7
  1 8 2 0 4 4.5 5.5 4.5 3.5 7
  1 9 2 0 5 5.2 2.2 4.6 5 3
  1 10 2 0 10 2.3 2.4 1.4 1.5 2.4
  1 11 2 0 13 1.46153846153846 1.76923076923077 1.30769230769231 1.46153846153846 1.69230769230769
  1 12 2 0 15 1.26666666666667 1.13333333333333 1.73333333333333 1.26666666666667 1.26666666666667
  1 13 2 0 9 2.77777777777778 2.11111111111111 1.88888888888889 1.44444444444444 2.88888888888889
  1 14 2 0 6 3.33333333333333 2.33333333333333 2.16666666666667 3.5 5.33333333333333
  1 15 2 0 13 1.23076923076923 1.69230769230769 1.69230769230769 1 2.07692307692308
  1 16 2 0 10 1.9 1.6 2.2 1.9 2.4
  1 17 2 0 10 2.1 2.3 2 1.5 2.1
  1 18 2 0 18 1.22222222222222 1.11111111111111 1.11111111111111 1.16666666666667 0.944444444444444
  1 19 2 0 27 0.481481481481481 0.851851851851852 0.740740740740741 0.481481481481481 1.14814814814815
  1 20 2 0 23 1.1304347826087 0.652173913043478 0.869565217391304 0.826086956521739 0.869565217391304
  1 21 2 0 25 0.72 0.92 0.88 0.8 0.68
  1 22 2 0 9 2.66666666666667 1.55555555555556 2.11111111111111 2.11111111111111 2.66666666666667
  1 23 2 0 8 2.75 3.25 2 2.125 2.375
  1 24 2 0 9 2.22222222222222 2 2.11111111111111 2.33333333333333 2.44444444444444
  1 25 2 0 14 1.21428571428571 1.57142857142857 1.42857142857143 1.14285714285714 1.78571428571429
  1 26 2 0 18 1.11111111111111 1 0.944444444444444 1.44444444444444 1.05555555555556
  1 27 2 0 16 1.1875 1.375 1.6875 1 1
  1 28 2 0 6 3.66666666666667 5 2.83333333333333 2.83333333333333 2.33333333333333
  1 29 2 0 8 2.25 2.75 2.125 3.25 2.125
  1 30 2 0 17 1.52941176470588 1.11764705882353 0.823529411764706 1.17647058823529 1.23529411764706
  1 31 2 0 9 1.44444444444444 2.88888888888889 2 2.33333333333333 2.44444444444444
  1 32 2 0 30 0.633333333333333 0.8 0.533333333333333 0.733333333333333 0.633333333333333
  1 33 2 0 24 0.833333333333333 0.791666666666667 1 0.958333333333333 0.583333333333333
  1 34 2 0 25 0.8 0.88 0.64 0.92 0.76
  1 35 2 0 16 1.5 1.875 1.1875 0.9375 0.75
  1 36 2 0 13 1.69230769230769 1.46153846153846 1.23076923076923 2 1.30769230769231
  1 37 2 0 8 2.375 2.625 1.75 2.875 2.875
  1 38 2 0 10 1.8 2.3 2.4 1.5 2
  1 39 2 0 13 1.69230769230769 1.15384615384615 1.76923076923077 1.53846153846154 1.53846153846154
  1 40 2 0 8 3.25 2.125 2.375 2 2.75
  1 41 2 0 5 3.8 3.8 3.8 4.4 4.2
  1 42 2 0 17 0.882352941176471 1.52941176470588 1.11764705882353 1.17647058823529 1.17647058823529
  1 1 3 0 27 0 0.925925925925926 2.03703703703704 0.740740740740741 0
  1 2 3 0 13 0 0.384615384615385 3.15384615384615 4.15384615384615 0
  1 3 3 0 5 11.2 8.8 0 0 0
  1 4 3 0 2 4 31 15 0 0
  1 5 3 0 5 10 10 0 0 0
  1 6 3 0 1 39 53 8 0 0
  1 7 3 0 3 17.3333333333333 14.3333333333333 1.66666666666667 0 0
  1 8 3 0 3 16 17 0.333333333333333 0 0
  1 9 3 0 4 13.25 11.75 0 0 0
  1 10 3 0 4 11 14 0 0 0
  1 11 3 0 4 13.75 11.25 0 0 0
  1 12 3 0 2 21 28 1 0 0
  1 13 3 0 8 6.375 6.125 0 0 0
  1 14 3 0 19 2.68421052631579 2.52631578947368 0.0526315789473684 0 0
  1 15 3 0 15 3.66666666666667 3 0 0 0
  1 16 3 0 12 4.75 3.58333333333333 0 0 0
  1 17 3 0 14 0.928571428571429 4.85714285714286 1.28571428571429 0.0714285714285714 0
  1 18 3 0 14 4.42857142857143 2.71428571428571 0 0 0
  1 19 3 0 15 4.13333333333333 2.46666666666667 0.0666666666666667 0 0
  1 20 3 0 17 2.94117647058824 2.70588235294118 0.235294117647059 0 0
  1 21 3 0 12 4.5 3.75 0.0833333333333333 0 0
  1 22 3 0 11 5.54545454545455 3.54545454545455 0 0 0
  1 23 3 0 16 3.3125 2.75 0.1875 0 0
  1 24 3 0 15 2.46666666666667 3.33333333333333 0.8 0.0666666666666667 0
  1 25 3 0 4 11.75 12.5 0.75 0 0
  1 26 3 0 14 4.14285714285714 3 0 0 0
  1 27 3 0 6 8.66666666666667 8 0 0 0
  1 28 3 0 4 14.25 10.75 0 0 0
  1 29 3 0 2 29 21 0 0 0
  1 30 3 0 10 5.6 4.4 0 0 0
  1 31 3 0 9 6.11111111111111 5 0 0 0
  1 32 3 0 12 2.16666666666667 4.91666666666667 1.25 0 0
  1 33 3 0 5 10.6 9 0.2 0.2 0
  1 34 3 0 9 6.11111111111111 4.88888888888889 0.111111111111111 0 0
  1 35 3 0 5 9.4 10.6 0 0 0
  1 36 3 0 5 10.4 9.6 0 0 0
  1 37 3 0 3 18 15.3333333333333 0 0 0
  1 38 3 0 15 3.46666666666667 3.2 0 0 0
  1 39 3 0 12 4.58333333333333 3.5 0.25 0 0
  1 40 3 0 9 4.88888888888889 6 0.222222222222222 0 0
  1 41 3 0 8 2.75 8.25 1.25 0.25 0
  1 42 3 0 12 4.08333333333333 3.91666666666667 0.25 0.0833333333333333 0
  1 1 4 0 86 0.511627906976744 0.104651162790698 0.534883720930233 0.0116279069767442 0
  1 2 4 0 100 0.01 0.18 0.76 0.05 0
  1 3 4 0 33 2.54545454545455 0.484848484848485 0 0 0
  1 4 4 0 44 1.97727272727273 0.295454545454545 0 0 0
  1 5 4 0 34 2.17647058823529 0.764705882352941 0 0 0
  1 6 4 0 40 2.1 0.4 0 0 0
  1 7 4 0 39 2.05128205128205 0.512820512820513 0 0 0
  1 8 4 0 49 1.51020408163265 0.510204081632653 0.0204081632653061 0 0
  1 9 4 0 36 2.36111111111111 0.416666666666667 0 0 0
  1 10 4 0 43 1.83720930232558 0.488372093023256 0 0 0
  1 11 4 0 41 1.82926829268293 0.609756097560976 0 0 0
  1 12 4 0 35 2.37142857142857 0.485714285714286 0 0 0
  1 13 4 0 32 2.3125 0.8125 0 0 0
  1 14 4 0 21 3.85714285714286 0.904761904761905 0 0 0
  1 15 4 0 30 2.4 0.933333333333333 0 0 0
  1 16 4 0 19 4.05263157894737 1.21052631578947 0 0 0
  1 17 4 0 35 2.31428571428571 0.542857142857143 0 0 0
  1 18 4 0 27 2.77777777777778 0.925925925925926 0 0 0
  1 19 4 0 34 2.32352941176471 0.617647058823529 0 0 0
  1 20 4 0 42 1.92857142857143 0.452380952380952 0 0 0
  1 21 4 0 41 2.02439024390244 0.414634146341463 0 0 0
  1 22 4 0 44 1.84090909090909 0.431818181818182 0 0 0
  1 23 4 0 28 2.85714285714286 0.714285714285714 0 0 0
  1 24 4 0 34 2.32352941176471 0.617647058823529 0 0 0
  1 25 4 0 36 2.08333333333333 0.694444444444444 0 0 0
  1 26 4 0 31 2.54838709677419 0.67741935483871 0 0 0
  1 27 4 0 39 2.07692307692308 0.487179487179487 0 0 0
  1 28 4 0 38 2.23684210526316 0.394736842105263 0 0 0
  1 29 4 0 48 1.70833333333333 0.375 0 0 0
  1 30 4 0 38 2.26315789473684 0.368421052631579 0 0 0
  1 31 4 0 61 1.34426229508197 0.295081967213115 0 0 0
  1 32 4 0 48 1.79166666666667 0.291666666666667 0 0 0
  1 33 4 0 49 1.48979591836735 0.530612244897959 0.0204081632653061 0 0
  1 34 4 0 44 1.72727272727273 0.545454545454545 0 0 0
  1 35 4 0 61 1.26229508196721 0.377049180327869 0 0 0
  1 36 4 0 67 1.16417910447761 0.328358208955224 0 0 0
  1 37 4 0 57 1.35087719298246 0.403508771929825 0 0 0
  1 38 4 0 38 2.13157894736842 0.5 0 0 0
  1 39 4 0 52 1.5 0.403846153846154 0.0192307692307692 0 0
  1 40 4 0 43 1.95348837209302 0.372093023255814 0 0 0
  1 41 4 0 42 1.92857142857143 0.428571428571429 0.0238095238095238 0 0
  1 42 4 0 61 1.24590163934426 0.39344262295082 0 0 0
  2 1 1 0 58 0 0.0344827586206897 1.5 0.189655172413793 0
  2 2 1 0 83 0 0.433734939759036 0.662650602409639 0.108433734939759 0
  2 3 1 0 63 0 1.01587301587302 0.53968253968254 0.0317460317460317 0
  2 4 1 0 56 0 1.375 0.410714285714286 0 0
  2 5 1 0 55 0 0.436363636363636 1.38181818181818 0 0
  2 6 1 0 45 0 0.0222222222222222 2.11111111111111 0.0888888888888889 0
  2 7 1 0 46 0 2.10869565217391 0.0434782608695652 0.0217391304347826 0
  2 8 1 0 56 0 0.0714285714285714 1.71428571428571 0 0
  2 9 1 0 51 0 1.66666666666667 0.274509803921569 0.0196078431372549 0
  2 10 1 0 44 0 1.22727272727273 1.04545454545455 0 0
  2 11 1 0 49 0 0.63265306122449 1.40816326530612 0 0
  2 12 1 0 50 0 1.3 0.7 0 0
  2 13 1 0 48 0 0.895833333333333 1.1875 0 0
  2 14 1 0 52 0 1 0.923076923076923 0 0
  2 15 1 0 31 0 1.45161290322581 1.7741935483871 0 0
  2 16 1 0 38 0 1.71052631578947 0.921052631578947 0 0
  2 17 1 0 26 0 1.96153846153846 1.88461538461538 0 0
  2 18 1 0 33 0 1.24242424242424 1.78787878787879 0 0
  2 19 1 0 31 0 1.90322580645161 1.32258064516129 0 0
  2 20 1 0 38 0.0263157894736842 1.78947368421053 0.815789473684211 0 0
  2 21 1 0 30 0.0333333333333333 2.03333333333333 1.26666666666667 0 0
  2 22 1 0 35 0.0285714285714286 2.25714285714286 0.571428571428571 0 0
  2 23 1 0 35 0 0.971428571428571 1.88571428571429 0 0
  2 24 1 0 26 0 2.80769230769231 1.03846153846154 0 0
  2 25 1 0 32 0 1.3125 1.8125 0 0
  2 26 1 0 26 0.0384615384615385 2.92307692307692 0.884615384615385 0 0
  2 27 1 0 37 0 0.837837837837838 1.86486486486486 0 0
  2 28 1 0 35 0.0571428571428571 2.34285714285714 0.457142857142857 0 0
  2 29 1 0 33 0 1.51515151515152 1.51515151515152 0 0
  2 30 1 0 45 0 1.77777777777778 0.444444444444444 0 0
  2 31 1 0 34 0 1.73529411764706 1.20588235294118 0 0
  2 32 1 0 36 0 1.44444444444444 1.30555555555556 0.0277777777777778 0
  2 33 1 0 42 0 0.142857142857143 2.21428571428571 0.0238095238095238 0
  2 34 1 0 34 0.0294117647058824 2.5 0.411764705882353 0 0
  2 35 1 0 35 0.0285714285714286 0.8 2.02857142857143 0 0
  2 36 1 0 28 0 2.39285714285714 1.14285714285714 0.0357142857142857 0
  2 37 1 0 22 0 3.68181818181818 0.863636363636364 0 0
  2 38 1 0 32 0 1.625 1.5 0 0
  2 39 1 0 27 0 0.111111111111111 3.55555555555556 0.037037037037037 0
  2 40 1 0 39 0.0256410256410256 1.64102564102564 0.846153846153846 0.0512820512820513 0
  2 41 1 0 20 0 2.85 2.15 0 0
  2 42 1 0 30 0 1.03333333333333 2.3 0 0
  2 1 2 0 16 1.25 1 1.5 1.4375 1.0625
  2 2 2 0 20 1.4 0.9 0.6 0.95 1.15
  2 3 2 0 34 0.441176470588235 0.794117647058823 0.617647058823529 0.558823529411765 0.529411764705882
  2 4 2 0 15 1.53333333333333 1.53333333333333 1.13333333333333 1.4 1.06666666666667
  2 5 2 0 4 5 7 3.5 5 4.5
  2 6 2 0 7 2.14285714285714 3.71428571428571 2.71428571428571 3.14285714285714 2.57142857142857
  2 7 2 0 18 1.11111111111111 0.833333333333333 1 1.16666666666667 1.44444444444444
  2 8 2 0 22 1.04545454545455 0.772727272727273 0.727272727272727 0.909090909090909 1.09090909090909
  2 9 2 0 21 0.619047619047619 0.857142857142857 1.0952380952381 0.857142857142857 1.33333333333333
  2 10 2 0 11 1.45454545454545 1.81818181818182 1.63636363636364 2.27272727272727 1.90909090909091
  2 11 2 0 7 2.42857142857143 2.42857142857143 3.14285714285714 3.28571428571429 3
  2 12 2 0 19 1.05263157894737 1.21052631578947 0.789473684210526 1.10526315789474 1.10526315789474
  2 13 2 0 32 0.5625 0.6875 0.9375 0.46875 0.46875
  2 14 2 0 34 0.470588235294118 0.735294117647059 0.441176470588235 0.676470588235294 0.617647058823529
  2 15 2 0 27 0.814814814814815 0.703703703703704 0.62962962962963 0.851851851851852 0.703703703703704
  2 16 2 0 42 0.5 0.452380952380952 0.452380952380952 0.452380952380952 0.523809523809524
  2 17 2 0 34 0.676470588235294 0.588235294117647 0.588235294117647 0.529411764705882 0.558823529411765
  2 18 2 0 28 0.892857142857143 0.714285714285714 0.642857142857143 0.607142857142857 0.714285714285714
  2 19 2 0 26 0.961538461538462 0.615384615384615 0.769230769230769 0.692307692307692 0.807692307692308
  2 20 2 0 32 0.8125 0.46875 0.5625 0.84375 0.4375
  2 21 2 0 37 0.540540540540541 0.486486486486487 0.594594594594595 0.594594594594595 0.486486486486487
  2 22 2 0 38 0.684210526315789 0.605263157894737 0.605263157894737 0.394736842105263 0.342105263157895
  2 23 2 0 41 0.51219512195122 0.390243902439024 0.51219512195122 0.634146341463415 0.390243902439024
  2 24 2 0 33 0.575757575757576 0.545454545454545 0.545454545454545 0.727272727272727 0.636363636363636
  2 25 2 0 45 0.4 0.444444444444444 0.288888888888889 0.555555555555556 0.533333333333333
  2 26 2 0 28 1.14285714285714 0.571428571428571 0.678571428571429 0.75 0.428571428571429
  2 27 2 0 47 0.382978723404255 0.404255319148936 0.425531914893617 0.446808510638298 0.468085106382979
  2 28 2 0 22 0.727272727272727 0.727272727272727 1.09090909090909 1.04545454545455 0.954545454545455
  2 29 2 0 40 0.475 0.575 0.275 0.55 0.625
  2 30 2 0 28 0.607142857142857 0.607142857142857 0.535714285714286 0.892857142857143 0.928571428571429
  2 31 2 0 32 0.65625 0.59375 0.65625 0.5625 0.65625
  2 32 2 0 40 0.55 0.325 0.525 0.5 0.6
  2 33 2 0 43 0.604651162790698 0.465116279069767 0.255813953488372 0.465116279069767 0.534883720930233
  2 34 2 0 46 0.369565217391304 0.478260869565217 0.369565217391304 0.41304347826087 0.543478260869565
  2 35 2 0 60 0.366666666666667 0.266666666666667 0.266666666666667 0.433333333333333 0.333333333333333
  2 36 2 0 49 0.489795918367347 0.428571428571429 0.387755102040816 0.428571428571429 0.306122448979592
  2 37 2 0 32 0.59375 0.625 0.46875 0.8125 0.625
  2 38 2 0 30 0.633333333333333 0.666666666666667 0.566666666666667 0.8 0.666666666666667
  2 39 2 0 29 0.482758620689655 0.724137931034483 0.862068965517241 0.517241379310345 0.862068965517241
  2 40 2 0 31 0.516129032258065 0.935483870967742 0.612903225806452 0.548387096774194 0.612903225806452
  2 41 2 0 14 1.42857142857143 1.14285714285714 1.85714285714286 1.28571428571429 1.42857142857143
  2 42 2 0 19 0.947368421052632 1.31578947368421 0.842105263157895 1 1.15789473684211
  2 2 3 0 3 0 0 3.33333333333333 30 0
  2 3 3 0 3 4.66666666666667 28.6666666666667 0 0 0
  2 4 3 0 7 0.285714285714286 2.28571428571429 11.7142857142857 0 0
  2 5 3 0 1 8 89 2 1 0
  2 6 3 0 14 0.142857142857143 1.92857142857143 4.71428571428571 0.357142857142857 0
  2 8 3 0 10 0.8 8.1 0 1.1 0
  2 9 3 0 6 2 13.8333333333333 0.833333333333333 0 0
  2 10 3 0 2 3.5 41 5.5 0 0
  2 12 3 0 1 9 67 23 1 0
  2 14 3 0 9 1.44444444444444 8 1.55555555555556 0.111111111111111 0
  2 15 3 0 5 2.6 15.6 1.6 0.2 0
  2 16 3 0 9 1.44444444444444 9 0.555555555555556 0.111111111111111 0
  2 17 3 0 9 0 3.11111111111111 7.88888888888889 0.111111111111111 0
  2 18 3 0 13 1.07692307692308 5.84615384615385 0.384615384615385 0.384615384615385 0
  2 19 3 0 14 0.785714285714286 6.07142857142857 0.285714285714286 0 0
  2 20 3 0 19 0.578947368421053 2.42105263157895 2.21052631578947 0.0526315789473684 0
  2 21 3 0 20 0.55 4.05 0.15 0.25 0
  2 22 3 0 23 0.478260869565217 3.8695652173913 0 0 0
  2 23 3 0 26 0.307692307692308 3.30769230769231 0.230769230769231 0 0
  2 24 3 0 28 0.0714285714285714 1.14285714285714 2.25 0.107142857142857 0
  2 25 3 0 20 0.25 4.35 0.15 0.25 0
  2 26 3 0 7 1.28571428571429 12.5714285714286 0.428571428571429 0 0
  2 27 3 0 5 1.8 16.6 1.6 0 0
  2 29 3 0 6 2.16666666666667 14 0.5 0 0
  2 30 3 0 14 1.28571428571429 5.85714285714286 0 0 0
  2 31 3 0 7 1.85714285714286 12 0.428571428571429 0 0
  2 32 3 0 20 0 1.25 3.75 0 0
  2 33 3 0 18 0.611111111111111 3.33333333333333 0.777777777777778 0.833333333333333 0
  2 34 3 0 15 0.733333333333333 4.4 1 0.533333333333333 0
  2 35 3 0 28 0.392857142857143 2.75 0.392857142857143 0.0357142857142857 0
  2 36 3 0 25 0.44 3.56 0 0 0
  2 37 3 0 19 0.578947368421053 4.57894736842105 0.105263157894737 0 0
  2 38 3 0 33 0.484848484848485 2.39393939393939 0.151515151515152 0 0
  2 39 3 0 32 0.40625 2.34375 0.375 0 0
  2 40 3 0 34 0.294117647058824 2.02941176470588 0.588235294117647 0.0294117647058824 0
  2 41 3 0 20 0.1 1.35 2.9 0.65 0
  2 42 3 0 27 0.0740740740740741 1.03703703703704 1.33333333333333 1.25925925925926 0
  2 1 4 0 44 0 0 2.09090909090909 0.181818181818182 0
  2 2 4 0 75 0 0 1.25333333333333 0.08 0
  2 3 4 0 66 0.0303030303030303 1.45454545454545 0.0303030303030303 0 0
  2 4 4 0 54 0 1.25925925925926 0.592592592592593 0 0
  2 5 4 0 31 0.032258064516129 2.06451612903226 1.12903225806452 0 0
  2 6 4 0 24 0 1.95833333333333 2.20833333333333 0 0
  2 7 4 0 20 0.25 4.4 0.35 0 0
  2 8 4 0 25 0 1.36 2.64 0 0
  2 9 4 0 44 0 2.20454545454545 0.0681818181818182 0 0
  2 10 4 0 36 0.0277777777777778 2.19444444444444 0.555555555555556 0 0
  2 11 4 0 22 0.0454545454545455 3.13636363636364 1.36363636363636 0 0
  2 12 4 0 21 0.0952380952380952 4.28571428571429 0.380952380952381 0 0
  2 13 4 0 26 0.0769230769230769 3.23076923076923 0.538461538461538 0 0
  2 14 4 0 35 0 2.62857142857143 0.228571428571429 0 0
  2 15 4 0 21 0 4.19047619047619 0.571428571428571 0 0
  2 16 4 0 30 0.0666666666666667 3.16666666666667 0.1 0 0
  2 17 4 0 40 0.025 1.85 0.625 0 0
  2 18 4 0 42 0 1.95238095238095 0.428571428571429 0 0
  2 19 4 0 46 0.0652173913043478 1.97826086956522 0.130434782608696 0 0
  2 20 4 0 37 0 2.56756756756757 0.135135135135135 0 0
  2 21 4 0 44 0.0227272727272727 2.04545454545455 0.204545454545455 0 0
  2 22 4 0 42 0.142857142857143 2.0952380952381 0.142857142857143 0 0
  2 23 4 0 35 0.0857142857142857 2.11428571428571 0.657142857142857 0 0
  2 24 4 0 26 0 3.5 0.346153846153846 0 0
  2 25 4 0 19 0 4.47368421052632 0.789473684210526 0 0
  2 26 4 0 29 0.0689655172413793 3.06896551724138 0.310344827586207 0 0
  2 27 4 0 10 0.2 8.7 1.1 0 0
  2 28 4 0 20 0.05 4.4 0.55 0 0
  2 29 4 0 25 0.04 3.48 0.48 0 0
  2 30 4 0 18 0.166666666666667 4.66666666666667 0.722222222222222 0 0
  2 31 4 0 24 0 2.91666666666667 1.25 0 0
  2 32 4 0 21 0.0952380952380952 4.38095238095238 0.285714285714286 0 0
  2 33 4 0 10 0.2 6.1 3.7 0 0
  2 34 4 0 12 0.0833333333333333 7.41666666666667 0.833333333333333 0 0
  2 35 4 0 29 0.0689655172413793 2.72413793103448 0.655172413793103 0 0
  2 36 4 0 17 0.0588235294117647 4.94117647058824 0.882352941176471 0 0
  2 37 4 0 39 0.0256410256410256 2.35897435897436 0.179487179487179 0 0
  2 38 4 0 9 0.222222222222222 8.44444444444444 2.44444444444444 0 0
  2 39 4 0 50 0 1.12 0.88 0 0
  2 40 4 0 15 0.0666666666666667 5.6 1 0 0
  2 41 4 0 7 0.285714285714286 10.1428571428571 3.85714285714286 0 0
  2 42 4 0 9 0.555555555555556 7.66666666666667 2.88888888888889 0 0
# end survey length observations 
#  
# Fishery catch data 
# Number of observations, init_int Ncatch_obs
  168
# init_matrix obs_catch_biomass(1,Ncatch_obs,1,6) 
# Fleet	Area	Year	Species	Catch(biomass t)	CV 
  1 1 1 1 16550.1339025412 0.05
  1 1 2 1 18221.2462062664 0.05
  1 1 3 1 17870.5434270023 0.05
  1 1 4 1 19854.1584415007 0.05
  1 1 5 1 24626.1721026553 0.05
  1 1 6 1 16023.2901057101 0.05
  1 1 7 1 15448.5319569184 0.05
  1 1 8 1 14081.019896404 0.05
  1 1 9 1 13337.8553566308 0.05
  1 1 10 1 17833.7971591504 0.05
  1 1 11 1 19780.8182093826 0.05
  1 1 12 1 17905.0410703846 0.05
  1 1 13 1 18089.7531798276 0.05
  1 1 14 1 16316.2557874353 0.05
  1 1 15 1 12269.248685922 0.05
  1 1 16 1 8706.4396505484 0.05
  1 1 17 1 8226.41471380643 0.05
  1 1 18 1 4804.83168459593 0.05
  1 1 19 1 4130.20524606167 0.05
  1 1 20 1 4916.24488648759 0.05
  1 1 21 1 4175.27037338265 0.05
  1 1 22 1 4881.2007550585 0.05
  1 1 23 1 4176.043268187 0.05
  1 1 24 1 6028.7649459882 0.05
  1 1 25 1 4198.44635158904 0.05
  1 1 26 1 5506.3116313863 0.05
  1 1 27 1 2278.50004264886 0.05
  1 1 28 1 1853.58661706349 0.05
  1 1 29 1 2402.31634442356 0.05
  1 1 30 1 3251.48601711539 0.05
  1 1 31 1 4512.31205236086 0.05
  1 1 32 1 3861.9871045748 0.05
  1 1 33 1 1588.41333438208 0.05
  1 1 34 1 2056.8578169058 0.05
  1 1 35 1 1312.94863850813 0.05
  1 1 36 1 672.371362965469 0.05
  1 1 37 1 990.078752106326 0.05
  1 1 38 1 1063.92016093268 0.05
  1 1 39 1 866.550973226184 0.05
  1 1 40 1 592.131397933721 0.05
  1 1 41 1 597.754634801072 0.05
  1 1 42 1 377.589557742535 0.05
  1 1 1 4 7173.78160129895 0.05
  1 1 2 4 4424.47774453351 0.05
  1 1 3 4 6534.60041959815 0.05
  1 1 4 4 6484.83593253656 0.05
  1 1 5 4 8140.19058310326 0.05
  1 1 6 4 7946.96175959353 0.05
  1 1 7 4 5873.56344932607 0.05
  1 1 8 4 6411.5906412006 0.05
  1 1 9 4 6343.9333548043 0.05
  1 1 10 4 6510.17212772273 0.05
  1 1 11 4 7963.87486137474 0.05
  1 1 12 4 9770.84184184153 0.05
  1 1 13 4 12968.1015420448 0.05
  1 1 14 4 11806.9979129245 0.05
  1 1 15 4 9112.35747410715 0.05
  1 1 16 4 6141.35000890799 0.05
  1 1 17 4 12609.5236845148 0.05
  1 1 18 4 4901.80143832629 0.05
  1 1 19 4 5541.00157434978 0.05
  1 1 20 4 10037.6545259011 0.05
  1 1 21 4 4514.06053786706 0.05
  1 1 22 4 4493.80478931523 0.05
  1 1 23 4 8285.81152201447 0.05
  1 1 24 4 6888.88836191607 0.05
  1 1 25 4 5607.15037632506 0.05
  1 1 26 4 4414.45486434112 0.05
  1 1 27 4 2979.19359664272 0.05
  1 1 28 4 1987.95921888151 0.05
  1 1 29 4 5112.77375163706 0.05
  1 1 30 4 3138.97687100643 0.05
  1 1 31 4 2173.08368772672 0.05
  1 1 32 4 3586.6964199185 0.05
  1 1 33 4 2777.88749708771 0.05
  1 1 34 4 3012.34614978375 0.05
  1 1 35 4 3570.61141442884 0.05
  1 1 36 4 2873.30426916839 0.05
  1 1 37 4 4544.07737280423 0.05
  1 1 38 4 4149.57865784708 0.05
  1 1 39 4 5121.39057254499 0.05
  1 1 40 4 3839.12774051209 0.05
  1 1 41 4 3413.378179052 0.05
  1 1 42 4 2466.04629147314 0.05
  2 1 1 2 1301.05678810893 0.05
  2 1 2 2 876.917764878878 0.05
  2 1 3 2 1619.56101098706 0.05
  2 1 4 2 848.259816223875 0.05
  2 1 5 2 1242.81575592013 0.05
  2 1 6 2 1203.17855973952 0.05
  2 1 7 2 702.120642466935 0.05
  2 1 8 2 863.712442941686 0.05
  2 1 9 2 811.73740746828 0.05
  2 1 10 2 776.40236621788 0.05
  2 1 11 2 1071.70883090853 0.05
  2 1 12 2 941.68858523039 0.05
  2 1 13 2 3712.38077380855 0.05
  2 1 14 2 2064.24814091377 0.05
  2 1 15 2 1183.79288808274 0.05
  2 1 16 2 2457.40070141764 0.05
  2 1 17 2 1935.60969642554 0.05
  2 1 18 2 26.3088129354811 0.05
  2 1 19 2 3634.1200682989 0.05
  2 1 20 2 6107.86584863371 0.05
  2 1 21 2 13184.5174468599 0.05
  2 1 22 2 14542.7306859917 0.05
  2 1 23 2 9075.04048263242 0.05
  2 1 24 2 21987.8601258267 0.05
  2 1 25 2 9976.27227673873 0.05
  2 1 26 2 12837.7244438859 0.05
  2 1 27 2 12731.2433280126 0.05
  2 1 28 2 9284.29020786859 0.05
  2 1 29 2 10989.4544968565 0.05
  2 1 30 2 7458.82262071525 0.05
  2 1 31 2 8360.70317898295 0.05
  2 1 32 2 18381.1406782191 0.05
  2 1 33 2 11480.2610129364 0.05
  2 1 34 2 19571.480448331 0.05
  2 1 35 2 17982.4541908921 0.05
  2 1 36 2 22408.7822143798 0.05
  2 1 37 2 19612.8486652512 0.05
  2 1 38 2 17989.7278139072 0.05
  2 1 39 2 9949.60882340987 0.05
  2 1 40 2 7288.85070029942 0.05
  2 1 41 2 6647.66671053917 0.05
  2 1 42 2 1443.35321142784 0.05
  2 1 1 3 509.058173427217 0.05
  2 1 2 3 234.371546182204 0.05
  2 1 3 3 320.194118852326 0.05
  2 1 4 3 382.873142405931 0.05
  2 1 5 3 2795.27949828656 0.05
  2 1 6 3 3290.94081330347 0.05
  2 1 7 3 2631.81998715658 0.05
  2 1 8 3 2613.56098644318 0.05
  2 1 9 3 3477.83622536676 0.05
  2 1 10 3 2500.72500043574 0.05
  2 1 11 3 3414.65410756183 0.05
  2 1 12 3 583.353967898284 0.05
  2 1 13 3 2223.36978304667 0.05
  2 1 14 3 1426.55975374896 0.05
  2 1 15 3 1011.46056986778 0.05
  2 1 16 3 1009.1520013505 0.05
  2 1 17 3 16211.2993185655 0.05
  2 1 18 3 1242.82826348766 0.05
  2 1 19 3 900.844311966102 0.05
  2 1 20 3 745.864226117571 0.05
  2 1 21 3 519.665600797558 0.05
  2 1 22 3 2370.78480446374 0.05
  2 1 23 3 1093.61858737484 0.05
  2 1 24 3 243.628741860571 0.05
  2 1 25 3 860.496443201111 0.05
  2 1 26 3 2019.91133308116 0.05
  2 1 27 3 2628.14034978191 0.05
  2 1 28 3 663.615030847609 0.05
  2 1 29 3 1483.63050722978 0.05
  2 1 30 3 2071.9812442217 0.05
  2 1 31 3 1598.47332404564 0.05
  2 1 32 3 624.389789813422 0.05
  2 1 33 3 151.812109407989 0.05
  2 1 34 3 134.34693392162 0.05
  2 1 35 3 151.954606467964 0.05
  2 1 36 3 2170.81960728211 0.05
  2 1 37 3 2315.85346997056 0.05
  2 1 38 3 1127.74063410463 0.05
  2 1 39 3 858.611195136801 0.05
  2 1 40 3 1543.73798334022 0.05
  2 1 41 3 15069.3538411347 0.05
  2 1 42 3 18973.5052330975 0.05
# end catch observations 
#  
# Fishery size comp data 
# Number of observations, init_int Ncatch_size_obs 
  168
# init_matrix obs_catch_size(1,Ncatch_size_obs,1,ncol) 
# Fleet Area  Year  Species Type (0=whole, 1=retained, 2=discard) InpN, proportion by size bin 
  1 1 1 1 0 81 0.0123456790123457 0.382716049382716 0.345679012345679 0.111111111111111 0.382716049382716
  1 1 2 1 0 73 1.36986301369863 0 0 0 0
  1 1 3 1 0 65 1.52307692307692 0.0153846153846154 0 0 0
  1 1 4 1 0 56 1.78571428571429 0 0 0 0
  1 1 5 1 0 120 0.808333333333333 0.025 0 0 0
  1 1 6 1 0 130 0.238461538461538 0.392307692307692 0.138461538461538 0 0
  1 1 7 1 0 94 1.06382978723404 0 0 0 0
  1 1 8 1 0 94 0.521276595744681 0.531914893617021 0.0106382978723404 0 0
  1 1 9 1 0 82 1.20731707317073 0 0.0121951219512195 0 0
  1 1 10 1 0 76 1.31578947368421 0 0 0 0
  1 1 11 1 0 74 1.28378378378378 0.0675675675675676 0 0 0
  1 1 12 1 0 65 1.52307692307692 0.0153846153846154 0 0 0
  1 1 13 1 0 77 1.27272727272727 0.025974025974026 0 0 0
  1 1 14 1 0 88 1.125 0.0113636363636364 0 0 0
  1 1 15 1 0 66 1.46969696969697 0.0454545454545455 0 0 0
  1 1 16 1 0 69 1.43478260869565 0.0144927536231884 0 0 0
  1 1 17 1 0 43 2.30232558139535 0.0232558139534884 0 0 0
  1 1 18 1 0 34 2.94117647058824 0 0 0 0
  1 1 19 1 0 55 1.76363636363636 0.0545454545454545 0 0 0
  1 1 20 1 0 64 1.53125 0.03125 0 0 0
  1 1 21 1 0 77 1.27272727272727 0.025974025974026 0 0 0
  1 1 22 1 0 67 1.49253731343284 0 0 0 0
  1 1 23 1 0 133 0.721804511278195 0.0300751879699248 0 0 0
  1 1 24 1 0 98 1.02040816326531 0 0 0 0
  1 1 25 1 0 91 1.06593406593407 0.032967032967033 0 0 0
  1 1 26 1 0 77 1.2987012987013 0 0 0 0
  1 1 27 1 0 102 0.950980392156863 0.0294117647058824 0 0 0
  1 1 28 1 0 76 1.31578947368421 0 0 0 0
  1 1 29 1 0 110 0.863636363636364 0.0454545454545455 0 0 0
  1 1 30 1 0 100 0.99 0.01 0 0 0
  1 1 31 1 0 108 0.925925925925926 0 0 0 0
  1 1 32 1 0 118 0.830508474576271 0.0169491525423729 0 0 0
  1 1 33 1 0 129 0.348837209302326 0.387596899224806 0.0387596899224806 0 0
  1 1 34 1 0 90 1.11111111111111 0 0 0 0
  1 1 35 1 0 69 1.43478260869565 0.0144927536231884 0 0 0
  1 1 36 1 0 80 1.2125 0.025 0.0125 0 0
  1 1 37 1 0 62 1.61290322580645 0 0 0 0
  1 1 38 1 0 94 1.03191489361702 0.0319148936170213 0 0 0
  1 1 39 1 0 75 0.733333333333333 0.533333333333333 0.0666666666666667 0 0
  1 1 40 1 0 75 1.29333333333333 0.0133333333333333 0.0266666666666667 0 0
  1 1 41 1 0 35 2.82857142857143 0.0285714285714286 0 0 0
  1 1 42 1 0 22 4.5 0 0.0454545454545455 0 0
  1 1 1 4 0 5 3.8 0 0 0 16.2
  1 1 2 4 0 5 20 0 0 0 0
  1 1 3 4 0 5 20 0 0 0 0
  1 1 4 4 0 5 20 0 0 0 0
  1 1 5 4 0 5 20 0 0 0 0
  1 1 6 4 0 5 20 0 0 0 0
  1 1 7 4 0 5 20 0 0 0 0
  1 1 8 4 0 5 20 0 0 0 0
  1 1 9 4 0 5 20 0 0 0 0
  1 1 10 4 0 5 20 0 0 0 0
  1 1 11 4 0 1 100 0 0 0 0
  1 1 12 4 0 5 20 0 0 0 0
  1 1 13 4 0 1 100 0 0 0 0
  1 1 14 4 0 2 50 0 0 0 0
  1 1 15 4 0 8 12.5 0 0 0 0
  1 1 16 4 0 3 33.3333333333333 0 0 0 0
  1 1 17 4 0 3 33.3333333333333 0 0 0 0
  1 1 18 4 0 1 100 0 0 0 0
  1 1 19 4 0 3 33.3333333333333 0 0 0 0
  1 1 20 4 0 3 33.3333333333333 0 0 0 0
  1 1 21 4 0 3 33.3333333333333 0 0 0 0
  1 1 22 4 0 2 50 0 0 0 0
  1 1 23 4 0 6 16.6666666666667 0 0 0 0
  1 1 24 4 0 1 100 0 0 0 0
  1 1 25 4 0 1 100 0 0 0 0
  1 1 26 4 0 2 50 0 0 0 0
  1 1 27 4 0 2 50 0 0 0 0
  1 1 28 4 0 4 25 0 0 0 0
  1 1 29 4 0 7 14.2857142857143 0 0 0 0
  1 1 30 4 0 6 16.6666666666667 0 0 0 0
  1 1 31 4 0 10 10 0 0 0 0
  1 1 32 4 0 7 14.2857142857143 0 0 0 0
  1 1 33 4 0 15 6.66666666666667 0 0 0 0
  1 1 34 4 0 19 5.26315789473684 0 0 0 0
  1 1 35 4 0 13 7.69230769230769 0 0 0 0
  1 1 36 4 0 23 4.34782608695652 0 0 0 0
  1 1 37 4 0 7 14.2857142857143 0 0 0 0
  1 1 38 4 0 7 14.2857142857143 0 0 0 0
  1 1 39 4 0 19 5.26315789473684 0 0 0 0
  1 1 40 4 0 25 4 0 0 0 0
  1 1 41 4 0 31 3.2258064516129 0 0 0 0
  1 1 42 4 0 31 3.2258064516129 0 0 0 0
  2 1 1 2 0 2 0 21.5 25 3.5 0
  2 1 2 2 0 5 6 1.6 9.2 3.2 0
  2 1 3 2 0 2 50 0 0 0 0
  2 1 4 2 0 5 11 9 0 0 0
  2 1 5 2 0 5 20 0 0 0 0
  2 1 6 2 0 5 18 2 0 0 0
  2 1 7 2 0 5 20 0 0 0 0
  2 1 8 2 0 1 100 0 0 0 0
  2 1 9 2 0 5 20 0 0 0 0
  2 1 10 2 0 5 20 0 0 0 0
  2 1 11 2 0 2 50 0 0 0 0
  2 1 12 2 0 5 20 0 0 0 0
  2 1 13 2 0 5 20 0 0 0 0
  2 1 14 2 0 5 20 0 0 0 0
  2 1 15 2 0 5 20 0 0 0 0
  2 1 16 2 0 5 19.8 0.2 0 0 0
  2 1 17 2 0 5 19.8 0.2 0 0 0
  2 1 18 2 0 5 20 0 0 0 0
  2 1 19 2 0 5 20 0 0 0 0
  2 1 20 2 0 30 3.33333333333333 0 0 0 0
  2 1 21 2 0 46 2.17391304347826 0 0 0 0
  2 1 22 2 0 10 10 0 0 0 0
  2 1 23 2 0 19 5.26315789473684 0 0 0 0
  2 1 24 2 0 61 1.40983606557377 0.229508196721311 0 0 0
  2 1 25 2 0 29 3.41379310344828 0.0344827586206897 0 0 0
  2 1 26 2 0 32 3.125 0 0 0 0
  2 1 27 2 0 16 6.1875 0.0625 0 0 0
  2 1 28 2 0 31 3.2258064516129 0 0 0 0
  2 1 29 2 0 44 2.27272727272727 0 0 0 0
  2 1 30 2 0 29 3.41379310344828 0.0344827586206897 0 0 0
  2 1 31 2 0 25 4 0 0 0 0
  2 1 32 2 0 22 3 1.45454545454545 0.0909090909090909 0 0
  2 1 33 2 0 35 2.82857142857143 0.0285714285714286 0 0 0
  2 1 34 2 0 28 3.53571428571429 0.0357142857142857 0 0 0
  2 1 35 2 0 45 2.13333333333333 0.0666666666666667 0.0222222222222222 0 0
  2 1 36 2 0 51 1.96078431372549 0 0 0 0
  2 1 37 2 0 41 2.4390243902439 0 0 0 0
  2 1 38 2 0 36 2.75 0.0277777777777778 0 0 0
  2 1 39 2 0 20 4.9 0.1 0 0 0
  2 1 40 2 0 14 7.07142857142857 0.0714285714285714 0 0 0
  2 1 41 2 0 17 5.64705882352941 0.235294117647059 0 0 0
  2 1 42 2 0 24 4.16666666666667 0 0 0 0
  2 1 1 3 0 1 14 0 81 5 0
  2 1 2 3 0 5 6.6 0 6 7.4 0
  2 1 3 3 0 5 20 0 0 0 0
  2 1 4 3 0 1 100 0 0 0 0
  2 1 5 3 0 6 16.3333333333333 0.333333333333333 0 0 0
  2 1 6 3 0 4 25 0 0 0 0
  2 1 7 3 0 5 20 0 0 0 0
  2 1 8 3 0 1 100 0 0 0 0
  2 1 9 3 0 1 100 0 0 0 0
  2 1 10 3 0 1 100 0 0 0 0
  2 1 11 3 0 2 49.5 0.5 0 0 0
  2 1 12 3 0 5 20 0 0 0 0
  2 1 13 3 0 4 25 0 0 0 0
  2 1 14 3 0 8 12.25 0.25 0 0 0
  2 1 15 3 0 11 9 0.0909090909090909 0 0 0
  2 1 16 3 0 5 19.8 0.2 0 0 0
  2 1 17 3 0 5 20 0 0 0 0
  2 1 18 3 0 1 100 0 0 0 0
  2 1 19 3 0 1 99 1 0 0 0
  2 1 20 3 0 4 25 0 0 0 0
  2 1 21 3 0 3 33.3333333333333 0 0 0 0
  2 1 22 3 0 4 25 0 0 0 0
  2 1 23 3 0 3 33 0.333333333333333 0 0 0
  2 1 24 3 0 3 33 0.333333333333333 0 0 0
  2 1 25 3 0 2 49.5 0.5 0 0 0
  2 1 26 3 0 4 24.75 0.25 0 0 0
  2 1 27 3 0 5 19.8 0.2 0 0 0
  2 1 28 3 0 4 24.75 0.25 0 0 0
  2 1 29 3 0 4 25 0 0 0 0
  2 1 30 3 0 24 4.16666666666667 0 0 0 0
  2 1 31 3 0 10 9.8 0.2 0 0 0
  2 1 32 3 0 12 8.33333333333333 0 0 0 0
  2 1 33 3 0 4 24.25 0.75 0 0 0
  2 1 34 3 0 6 16.5 0.166666666666667 0 0 0
  2 1 35 3 0 2 49.5 0.5 0 0 0
  2 1 36 3 0 10 10 0 0 0 0
  2 1 37 3 0 9 11.1111111111111 0 0 0 0
  2 1 38 3 0 13 7.69230769230769 0 0 0 0
  2 1 39 3 0 16 6 0.1875 0.0625 0 0
  2 1 40 3 0 27 3.66666666666667 0.037037037037037 0 0 0
  2 1 41 3 0 15 6.6 0.0666666666666667 0 0 0
  2 1 42 3 0 16 6.25 0 0 0 0
# end fishery length observations 
#  
# Survey diet proportion observations 
# Number of observations, init_int Ndietprop_obs 
  115
# init_matrix obs_dietprop(1,Ndietprop_obs,1,ncol) 
# Survey  Year  Predator  Predator_size InpN  wt_prey_1 wt_prey_2 wt_prey_3 wt_prey_4 wt_prey_5 wt_prey_6 wt_prey_7 wt_prey_8 wt_prey_9 wt_prey_10 wt_prey_11 other 
  1 12 1 2 100 0 0 0 0 1
  1 12 1 3 100 0 0 0 0 1
  1 13 1 3 100 0 0.1 0 0 0.9
  1 13 1 4 100 0 0.89 0 0 0.11
  1 15 1 2 100 0 0.9 0 0 0.1
  1 18 1 1 100 0.19 0 0 0 0.81
  1 18 1 2 100 0 0 0 0 1
  1 18 1 3 100 0 0 0 0 1
  1 19 1 2 100 0 0 0 0 1
  1 19 1 3 100 0 0.5 0 0 0.5
  1 20 1 3 100 0 0 0 0 1
  1 21 1 2 100 0 0 0 0 1
  1 21 1 3 100 0 0.32 0 0 0.68
  1 24 1 3 100 0 0.87 0 0 0.13
  1 25 1 3 100 0 1 0 0 0
  1 26 1 3 100 0 0.23 0 0 0.77
  1 27 1 3 100 0 0 1 0 0
  1 28 1 3 100 0 1 0 0 0
  1 33 1 3 100 0 1 0 0 0
  1 34 1 3 100 0 0.18 0 0 0.82
  1 35 1 3 100 0 0.13 0 0 0.87
  1 38 1 3 100 0 0 0 0 1
  1 39 1 3 100 0 0.1 0 0 0.9
  1 40 1 2 100 0 0.61 0 0 0.39
  1 41 1 2 100 0 0 0.71 0 0.29
  2 2 1 4 100 0 0 0 0 1
  2 11 1 3 100 0 0 0 0 1
  2 14 1 3 100 0 0 0 0 1
  2 14 1 4 100 0 1 0 0 0
  2 15 1 3 100 0 0.45 0 0 0.55
  2 16 1 3 100 0 0.2 0 0 0.8
  2 16 1 4 100 0 0.41 0 0 0.59
  2 19 1 3 100 0 0 0 0 1
  2 19 1 4 100 0 0 0.99 0 0.01
  2 21 1 3 100 0 0 0 0 1
  2 21 1 4 100 0 0 0 0 1
  2 22 1 3 100 0 1 0 0 0
  2 23 1 3 100 0 0 0 0 1
  2 24 1 3 100 0 0 0 0 1
  2 24 1 4 100 0 0 0 0 1
  2 25 1 2 100 0 0 0 0 1
  2 25 1 3 100 0 0.47 0 0 0.53
  2 26 1 3 100 0 0 0 0 1
  2 27 1 3 100 0 0 0 0 1
  2 27 1 4 100 0 0.24 0 0 0.76
  2 29 1 3 100 0 0.88 0 0 0.12
  2 33 1 3 100 0 0.35 0 0 0.65
  2 35 1 1 100 0 1 0 0 0
  2 35 1 2 100 0 0 0 0 1
  2 35 1 3 100 0 0 0 0 1
  2 36 1 3 100 0 0 0 0 1
  2 39 1 3 100 0 0.48 0 0 0.52
  2 40 1 2 100 0 0 0 0 1
  2 36 2 3 100 0 0 0 0 1
  2 30 3 2 100 0 0.91 0 0 0.09
  2 30 3 4 100 0 0 0 0 1
  1 8 4 2 100 0 0 0 0 1
  1 8 4 3 100 0 0 0 0 1
  1 11 4 3 100 0 0 0 0 1
  1 13 4 2 100 0 1 0 0 0
  1 13 4 3 100 0 0 0 0 1
  1 13 4 4 100 0 0 0 0 1
  1 14 4 3 100 0 0.06 0 0 0.94
  1 15 4 3 100 0 0 0.18 0 0.82
  1 15 4 4 100 0 0 0 0 1
  1 16 4 3 100 0 0 0 0 1
  1 16 4 4 100 0 0.59 0 0 0.41
  1 17 4 3 100 0 0.71 0 0 0.29
  1 18 4 3 100 0 0 0 0 1
  1 19 4 2 100 0 0 0.5 0 0.5
  1 19 4 3 100 0 0 0.82 0 0.18
  1 20 4 2 100 0 0 0 0 1
  1 20 4 3 100 1 0 0 0 0
  1 21 4 3 100 0 0 0 0 1
  1 22 4 2 100 0 0 0 0 1
  1 23 4 3 100 0 0 0 0 1
  1 24 4 3 100 0 1 0 0 0
  1 25 4 3 100 0 0 0 0 1
  1 25 4 4 100 0 0.1 0 0 0.9
  1 26 4 3 100 0 1 0 0 0
  1 27 4 2 100 0 0.28 0 0 0.72
  1 27 4 3 100 0 0 0 0 1
  1 28 4 2 100 0 0 0.94 0 0.06
  1 28 4 3 100 0 0.06 0 0 0.94
  1 29 4 3 100 0 0 0 0 1
  1 31 4 3 100 0 0.06 0 0 0.94
  1 31 4 4 100 0 1 0 0 0
  1 34 4 3 100 0 0 0 0 1
  1 40 4 3 100 0 0 0 0 1
  1 40 4 4 100 0 0.36 0 0 0.64
  1 42 4 3 100 0 0 0 0 1
  2 6 4 3 100 0 0 0.08 0 0.92
  2 8 4 3 100 0 0 0.14 0 0.86
  2 9 4 4 100 0 0 0 0.15 0.85
  2 14 4 4 100 0 0 0 0 1
  2 15 4 3 100 0 0 0 0 1
  2 16 4 3 100 0 0 0 0 1
  2 17 4 2 100 0 0 0 0 1
  2 18 4 3 100 0 0 0 0 1
  2 19 4 3 100 0 0 0 0 1
  2 21 4 3 100 0 0 0 0 1
  2 22 4 3 100 0 0.61 0 0 0.39
  2 23 4 3 100 0 0 1 0 0
  2 24 4 3 100 0 0.83 0 0 0.17
  2 25 4 3 100 0 1 0 0 0
  2 25 4 4 100 0 0 0.03 0 0.97
  2 27 4 3 100 0 0 0 0 1
  2 30 4 3 100 0 0.86 0 0 0.14
  2 33 4 3 100 0 0 0 0 1
  2 34 4 3 100 0 1 0 0 0
  2 35 4 3 100 0 0.57 0 0 0.43
  2 36 4 2 100 0 0.91 0 0 0.09
  2 36 4 3 100 0 1 0 0 0
  2 37 4 3 100 0 0.15 0 0 0.85
  2 42 4 3 100 0 0 1 0 0
# end survey diet proportion observations 
#  
