# This file was created using the write_tsDatFile function and used all the simulated data from sim_dta.rds found in repo:Hydra-self-testing
# Survey index data 
# Number of observations, init_int Nsurvey_obs
  329
# init_matrix obs_survey_biomass(1,Nsurvey_obs,1,5)
# survey year spp value cv
  1 1 4 464771.809801231 0.212720515437525
  2 1 4 387158.500693564 0.25363203301826
  1 2 4 23910.1015042924 0.222168779300385
  2 2 4 20511.8461732719 0.187773345626693
  1 3 4 189737.014405772 0.394113240257454
  2 3 4 5631.2207032194 0.423618201694685
  1 4 4 192828.789969287 0.310035034727007
  2 4 4 4007.9909754577 0.327069686277164
  1 5 4 95043.6134790307 0.378629084128514
  2 5 4 2308.06213595007 0.391316523019912
  1 6 4 37891.3165856998 0.494427832556011
  2 6 4 2334.16667223988 0.376280830351703
  1 7 4 58565.8185206946 0.759062286891916
  2 7 4 1135.20839904673 0.665352569827422
  1 8 4 2704.33994584816 0.383150869515862
  2 8 4 1630.70198290627 0.433685089735353
  1 9 4 28230.5032942315 0.48934963094834
  2 9 4 508.79277040268 0.392371299771634
  1 10 4 19329.5398748274 0.382452035825211
  2 10 4 370.205517636003 0.333798529002863
  1 11 4 12800.8483687543 0.566792532611316
  2 11 4 300.144641418441 0.868042030585988
  1 12 4 14181.5462593471 0.381518572031255
  2 12 4 377.627035229839 0.445144789260538
  1 13 4 17717.9839056982 0.438380584739347
  2 13 4 195.236732248438 0.947226139495183
  1 14 4 18885.9474580626 0.482345652338289
  2 14 4 210.999816017377 0.377075764230608
  1 15 4 2608.96295716541 0.420835086749712
  2 15 4 100.105418524774 0.614716212748607
  1 16 4 4634.58574522255 0.515165860253858
  2 16 4 86.9415206209397 0.704031323768783
  1 17 4 2676.63759222183 0.559532625975744
  2 17 4 72.7441663028365 0.319774204956139
  1 18 4 2697.41588680519 0.479008946214672
  2 18 4 67.5291464691032 0.41351869139049
  1 19 4 3002.19907666281 0.429419179801904
  2 19 4 79.6751497420177 0.387615780132326
  1 20 4 4136.51675582144 0.477074256852948
  2 20 4 50.9925421961287 0.315868813200741
  1 21 4 4978.12918205332 0.410621521476155
  2 21 4 99.321029757283 0.630050999524052
  1 22 4 24685.0585898023 0.294672690077384
  2 22 4 317.498374311698 0.335469505128288
  1 23 4 9011.97476058622 0.477447511398437
  2 23 4 192.767206800926 0.407625761955908
  1 24 4 16736.0031924995 0.384568504019134
  2 24 4 109.976714123207 0.43049173366256
  1 25 4 3436.34743348829 0.333261603198005
  2 25 4 199.29852695466 0.843960441627036
  1 26 4 4636.76203759158 0.685474246042822
  2 26 4 113.776496577002 0.429620783824035
  1 27 4 4788.95227510798 0.286882992344226
  2 27 4 105.021246951515 0.81343687860715
  1 28 4 10311.3086588468 0.371822434434906
  2 28 4 102.655971676347 0.53327636373572
  1 29 4 8628.99225149324 0.592639130460935
  2 29 4 152.617672011432 0.590339711107796
  1 30 4 11050.9609052877 0.374062101432949
  2 30 4 679.610059577343 0.701775131617819
  1 31 4 11680.50167596 0.304499664309564
  2 31 4 710.372802292844 0.210828956182955
  1 32 4 28159.3309555811 0.233962995093855
  2 32 4 1476.28414523349 0.329779252894958
  1 33 4 6703.65048761362 0.270006842918168
  2 33 4 900.925669128159 0.460124990024536
  1 34 4 14657.6117594895 0.350007507053818
  2 34 4 342.961679561179 0.837656243552001
  1 35 4 11872.4870664619 0.34274593698132
  2 35 4 159.038612512548 0.291986952078346
  1 36 4 22691.0521960265 0.261906583866089
  2 36 4 333.708733300396 0.425399553458769
  1 37 4 114963.767804274 0.417429035160016
  2 37 4 2055.26207497306 0.287702894520317
  1 38 4 69273.5917089948 0.441211421515246
  2 38 4 1385.78188464349 0.866971810340233
  1 39 4 25382.9367239889 0.495234601454268
  2 39 4 1474.42453135515 0.556663444153977
  1 40 4 14115.0562213544 0.237858203733512
  2 40 4 338.559368122924 0.295404104464232
  1 41 4 3259.76503840269 0.327346172729995
  2 41 4 74.9055787780383 0.994030515469621
  1 42 4 935.660348658285 0.368315456462939
  2 42 4 36.8656192623468 0.461505384764764
  1 1 2 9.07700299598738e-264 0.601375663623589
  2 1 2 2.78812263703887e-264 0.565196579518992
  2 2 2 3.32439030385936e-209 0.686052062200317
  2 3 2 9.15063693545302e-187 0.378997614818957
  1 4 2 9.86148914864858e-192 1
  2 4 2 1.0018638740567e-192 0.459316778181236
  1 5 2 1.03509377783203e-194 0.611089023955187
  2 5 2 8.10005439027721e-196 0.780615956536472
  1 6 2 2.35273808886445e-198 0.702037850017464
  2 6 2 2.33156235224095e-199 0.461790555986525
  1 7 2 1.06889645512125e-200 0.948289691951521
  2 7 2 2.26546633465794e-201 0.685175011742778
  1 8 2 5.24297581777587e-203 0.544380631361087
  2 8 2 6.02672726627994e-204 0.424096495665332
  1 9 2 1.69849216608585e-204 0.5393131982084
  2 9 2 1.2251452627026e-205 0.454629127333952
  1 10 2 1.85791796350693e-206 0.88095039530815
  2 10 2 3.17791734082934e-207 0.419344308350161
  1 11 2 2.74836593688777e-207 0.799987970388403
  2 11 2 1.24312611885965e-208 0.839124360078806
  1 12 2 5.47251225699142e-202 0.774991903603438
  2 12 2 4.17793453168088e-204 0.424721667998453
  1 13 2 1.02718004282385e-206 0.863215133786584
  2 13 2 8.72774615801373e-208 0.387073469025502
  1 14 2 3.23640801970915e-207 0.704083892007286
  2 14 2 6.70101199409079e-209 0.312793018147624
  1 15 2 2.17042776150404e-201 0.457459057188701
  2 15 2 9.5748797607727e-204 0.459652287866146
  1 16 2 7.60180303404262e-187 0.853197309912465
  2 16 2 5.93459492425459e-189 0.628928805514438
  1 17 2 3.79213162187718e-200 0.61116783920211
  2 17 2 4.7489911326569e-202 0.3895964128798
  1 18 2 6.71913641844103e-205 0.416775375911518
  2 18 2 8.97935670577096e-206 0.495180348393774
  1 19 2 8.54998882161678e-186 0.69077510766454
  2 19 2 4.97668263586509e-188 0.347120352110889
  1 20 2 2.11475069541058e-190 0.793751288508348
  2 20 2 8.69841523576064e-192 0.526946514998015
  1 21 2 8.17113711786435e-193 0.339376634127756
  2 21 2 3.0400316476489e-194 0.609998621037514
  1 22 2 3.13212155828793e-195 0.601950919776798
  2 22 2 1.11463092339555e-195 0.389299707202565
  1 23 2 8.85876222955375e-197 0.658556209578282
  2 23 2 9.40818668008122e-198 0.288585466763824
  1 24 2 1.46764193392575e-196 0.637453135075156
  2 24 2 2.40232552604384e-199 0.480513100150493
  1 25 2 1.44853924014918e-201 0.510473149998029
  2 25 2 1.4669897064039e-202 0.338488147626423
  1 26 2 5.42817494942091e-191 0.548437091427541
  2 26 2 7.15268808390773e-193 0.345955330423839
  1 27 2 1.0365204172094e-177 0.492912195981742
  2 27 2 7.11603665354595e-180 0.33164245084141
  1 28 2 9.82017717055109e-181 0.747597319880804
  2 28 2 1.32631278229975e-182 0.447853531697379
  1 29 2 1.62714687705329e-183 0.451616070879294
  2 29 2 7.14649516839379e-185 0.305275882623724
  1 30 2 1.05733604288293e-184 0.797269558848634
  2 30 2 4.52094536267725e-187 0.605264936420634
  1 31 2 1.08167168830246e-187 0.666772556553203
  2 31 2 6.97971355455147e-188 0.359836468902791
  1 32 2 6.22816530333621e-189 0.96787270074405
  2 32 2 6.43573669139018e-190 0.422601396160012
  1 33 2 1.14667656793861e-190 0.404694020855087
  2 33 2 4.72037663425525e-192 0.465820030674526
  1 34 2 4.51329857180321e-193 0.814873375751391
  2 34 2 3.94371858238307e-194 0.505954372112585
  1 35 2 1.59457427395431e-195 0.533219898766676
  2 35 2 1.05664314505385e-196 0.287403659199158
  1 36 2 4.45825830695069e-198 0.371953858881132
  2 36 2 5.14550472278554e-199 0.365560779244073
  1 37 2 1.03546164970102e-199 0.791301167226987
  2 37 2 1.98147987630732e-200 0.487536998609889
  1 38 2 4.96406666105674e-201 0.633364993316759
  2 38 2 4.55723094830666e-202 0.644823084547079
  1 39 2 6.48516116569069e-203 0.827253682697507
  2 39 2 1.64228702147376e-203 0.354235596542703
  1 40 2 8.84885461382603e-205 0.900216415173481
  2 40 2 3.0289256284025e-205 0.395846441583114
  1 41 2 2.14293345688023e-206 0.957770995377006
  2 41 2 1.05595532594427e-207 0.496084887173497
  1 42 2 3.90043314360717e-209 0.55870584954739
  2 42 2 2.02949510450792e-210 0.604660139936764
  1 1 1 148882.708229443 0.241799049430762
  2 1 1 2833947.02427291 0.250018379470286
  1 2 1 36079.9570332138 0.142636213550947
  2 2 1 168442.215139603 0.163647146277456
  1 3 1 48923.5150661757 0.225478190042395
  2 3 1 47058.5531528855 0.192013183632222
  1 4 1 164892.410730563 0.323579734794357
  2 4 1 119497.387421608 0.162432383538487
  1 5 1 80160.8042188209 0.320666395151501
  2 5 1 67458.1840100273 0.822390366318268
  1 6 1 3423.72633737992 0.452044832991261
  2 6 1 48778.3585443478 0.192408532269243
  1 7 1 90573.8102781743 0.28209645893665
  2 7 1 29824.3233456415 0.262097825842625
  1 8 1 2483.95722236244 0.414010381101596
  2 8 1 48984.5279036202 0.189959250209439
  1 9 1 9838.06811095499 0.40638853202345
  2 9 1 13702.296984054 0.178404315527443
  1 10 1 13291.2913447224 0.290993157294119
  2 10 1 27067.0979047646 0.156753980046499
  1 11 1 15545.7009486007 0.324615016521962
  2 11 1 20962.9595355247 0.174348711952217
  1 12 1 13791.823662924 0.294780938380682
  2 12 1 8293.37800169456 0.195232854572048
  1 13 1 2778.0507690021 0.440402569626277
  2 13 1 7119.06940766221 0.185762358850192
  1 14 1 2779.12545474448 0.372421878022742
  2 14 1 4602.43460573657 0.151581173531864
  1 15 1 3763.14110680017 0.341871348717721
  2 15 1 2398.69189378908 0.233364310094868
  1 16 1 3343.26583715565 0.416897355424411
  2 16 1 2723.72342206745 0.283802183917676
  1 17 1 979.817275069341 0.500820840736393
  2 17 1 2603.67207090199 0.495024013362717
  1 18 1 544.073147406174 0.389853340834037
  2 18 1 1248.56471212702 0.390988792530431
  1 19 1 1011.79937541817 0.293941849282161
  2 19 1 743.308757402377 0.322403741112933
  1 20 1 1325.34745724466 0.525509720403112
  2 20 1 924.842432786559 0.218361153170241
  1 21 1 2496.58355401814 0.266433769579894
  2 21 1 757.457524985433 0.421115605185845
  1 22 1 6195.34664658313 0.374831371194202
  2 22 1 2276.73414197988 0.227391091044855
  1 23 1 836.708429710112 0.352011231642473
  2 23 1 3491.5328796179 0.384269029090844
  1 24 1 2495.19641259647 0.34725908523047
  2 24 1 1255.78195778561 0.331291933735556
  1 25 1 972.483999566668 0.578696888706846
  2 25 1 1006.36766893527 0.247394190789157
  1 26 1 1796.96747430913 0.459728456052307
  2 26 1 1057.33110480141 0.394189312610479
  1 27 1 612.871497545606 0.539982548576019
  2 27 1 1610.87505968533 0.72948972943007
  1 28 1 2382.61114477198 0.364309332200766
  2 28 1 1250.33426217737 0.278656828353639
  1 29 1 2896.75632863769 0.562793580097325
  2 29 1 2018.384997558 0.316141323613091
  1 30 1 6302.89793732445 0.420348818797864
  2 30 1 2791.66617945203 0.30511736182771
  1 31 1 9761.6661255163 0.403753427903273
  2 31 1 5902.86280440472 0.278331587636247
  1 32 1 18832.5860818455 0.491331418922754
  2 32 1 10693.2146081231 0.329726795744574
  1 33 1 909.311313292739 0.537081122476055
  2 33 1 5486.11231811254 0.33086845072982
  1 34 1 2399.47338269215 0.379030815152119
  2 34 1 516.73568691112 0.278881417082292
  1 35 1 336.271890597774 0.519511456600017
  2 35 1 1469.95463849475 0.27351876283918
  1 36 1 1372.57191245376 0.556056214854877
  2 36 1 1110.91308277856 0.714061811185508
  1 37 1 5922.19891761899 0.588197671943964
  2 37 1 1671.16143022617 0.340315242626747
  1 38 1 4000.03664206063 0.324588369174256
  2 38 1 5886.60328037767 0.300199803594678
  1 39 1 575.072397779805 0.501841796783066
  2 39 1 1420.72146187611 0.438397059851219
  1 40 1 204.237308270376 0.403101009292275
  2 40 1 196.635306481742 0.410378233550251
  1 41 1 203.793084989278 0.478602624152216
  2 41 1 239.955695437661 0.362128776577143
  1 42 1 113.551070844727 0.646634922078809
  2 42 1 760.691944859413 0.816170985475773
  1 1 3 136748.233919008 0.499484636786782
  1 2 3 4318.29892161933 0.358153914340203
  2 2 3 51818.0830450812 0.577110518633802
  1 3 3 228170.721866557 0.678339172154909
  2 3 3 202572.045892112 0.738121970739642
  1 4 3 5704.84606939633 1
  2 4 3 36999.5549458498 0.52056341701904
  1 5 3 82992.8833548774 0.693225535250834
  2 5 3 52160.2147067431 1
  1 6 3 4108.82340979264 1
  2 6 3 6808.16832676505 0.48452157876779
  1 7 3 240.458566384122 0.912293822979085
  1 8 3 63.5693334419943 0.655734850091527
  2 8 3 443.98547491444 0.750382084373246
  1 9 3 89.8918055950096 0.670809892238012
  2 9 3 146.607739118616 0.47273108889926
  1 10 3 416.924371622758 0.631102684426709
  2 10 3 390.903046615058 0.919260399745188
  1 11 3 304.309339295311 0.496475444687371
  1 12 3 82.2582852600473 0.740682868109632
  2 12 3 36.4640486815339 1
  1 13 3 314.508484181918 0.360862225436052
  1 14 3 107.091361892986 0.547901331396328
  2 14 3 299.085284792144 0.478873954421528
  1 15 3 200.052363283607 0.429608216382601
  2 15 3 221.779315146354 0.654713783069401
  1 16 3 605.836243769166 0.69118921143411
  2 16 3 453.503135595429 0.8614889831113
  1 17 3 40.1663973560301 0.426971754606328
  2 17 3 100.499515040648 0.572182042928152
  1 18 3 39.0200382673083 0.505524319387353
  2 18 3 16.475323938999 0.488492827246527
  1 19 3 34.1986832872806 0.644591984223249
  2 19 3 48.4542360720123 0.51925665989311
  1 20 3 18.1850259787998 0.899065435378594
  2 20 3 18.8147063736997 0.59569628754064
  1 21 3 15.2208775796973 0.543826822033971
  2 21 3 36.9287269750396 0.466111862829518
  1 22 3 45.0173851243309 0.88174616562504
  2 22 3 135.110077687957 0.568444982816852
  1 23 3 119.118292106605 0.408104676406013
  2 23 3 213.774793514298 0.357346049869971
  1 24 3 20.5368070956584 0.92608255019157
  2 24 3 52.3562746680241 0.539541007788685
  1 25 3 28.4230759861137 0.648664057223823
  2 25 3 33.5560992587427 0.576168087832409
  1 26 3 36.5169934382567 0.695927823776047
  2 26 3 46.5117318303007 0.549529982814455
  1 27 3 43.2971031811741 0.708713243925404
  2 27 3 24.7780464729369 0.496269825160911
  1 28 3 72.9098031634881 0.489543853646182
  1 29 3 126.274684339641 0.703511357168505
  2 29 3 54.7282412784649 0.875017095315649
  1 30 3 1906.91550588634 0.631659802692532
  2 30 3 155.05515050933 0.908152223575802
  1 31 3 2289.73170127265 0.626570332091694
  2 31 3 1672.57906247501 0.712465807947941
  1 32 3 101.551576080701 0.661895735249442
  2 32 3 113.517147938787 0.86012943797605
  1 33 3 57.3933037980205 0.783155911787346
  2 33 3 95.2119116846371 0.598390099709208
  1 34 3 23.6118697792122 0.542775440757204
  2 34 3 47.2553244988573 0.743173480285892
  1 35 3 4.10469495633817 0.870542376054271
  2 35 3 11.1141387345824 0.446478967244395
  1 36 3 158.41687224505 0.492193512682958
  2 36 3 79.0058681553443 0.490110041691513
  1 37 3 2203.84210317756 0.909630520329322
  2 37 3 252.960552860123 0.433872317628348
  1 38 3 2247.12628347523 0.644773009949607
  2 38 3 1309.75707556702 0.484949159815328
  1 39 3 572.300938990661 0.515045488987725
  2 39 3 1507.58615418566 0.388710136036013
  1 40 3 392.911629777118 0.442573167063876
  2 40 3 528.738413376168 0.395139923022642
  1 41 3 37.4955574204656 0.88587618368699
  2 41 3 168.12565128381 0.537531419606343
  1 42 3 455766.104105764 0.983269433580366
  2 42 3 326109.342315104 0.849696423298534
# end survey index observations 
#  
# Survey size comp data 
# Number of observations, init_int Nsurvey_size_obs 
  329
# init_matrix obs_survey_size(1,Nsurvey_size_obs,1,ncol) 
# Survey  Year  Species Type (0=whole, 1=retained, 2=discard) InpN, proportion by length bin 
  1 1 1 0 57 0 1 0.666666666666667 0.087719298245614 0
  1 2 1 0 65 0.753846153846154 0.769230769230769 0 0.0153846153846154 0
  1 3 1 0 32 1.375 1.71875 0.03125 0 0
  1 4 1 0 32 1.59375 1.53125 0 0 0
  1 5 1 0 21 2.23809523809524 2.28571428571429 0.238095238095238 0 0
  1 6 1 0 18 0.666666666666667 3.77777777777778 1.11111111111111 0 0
  1 7 1 0 25 1.76 2.24 0 0 0
  1 8 1 0 20 0.35 2.85 1.8 0 0
  1 9 1 0 16 2.5625 3.625 0.0625 0 0
  1 10 1 0 19 2.47368421052632 2.73684210526316 0.0526315789473684 0 0
  1 11 1 0 20 2.6 2.2 0.2 0 0
  1 12 1 0 22 2.40909090909091 2.09090909090909 0.0454545454545455 0 0
  1 13 1 0 23 2.21739130434783 2.04347826086957 0.0869565217391304 0 0
  1 14 1 0 14 3.92857142857143 3.21428571428571 0 0 0
  1 15 1 0 21 2.28571428571429 2.42857142857143 0.0476190476190476 0 0
  1 16 1 0 14 3.78571428571429 3.35714285714286 0 0 0
  1 17 1 0 17 3.47058823529412 2.29411764705882 0.117647058823529 0 0
  1 18 1 0 19 2.68421052631579 2.57894736842105 0 0 0
  1 19 1 0 18 2.72222222222222 2.83333333333333 0 0 0
  1 20 1 0 15 3.33333333333333 3.26666666666667 0.0666666666666667 0 0
  1 21 1 0 21 2.57142857142857 2.14285714285714 0.0476190476190476 0 0
  1 22 1 0 13 4.15384615384615 3.53846153846154 0 0 0
  1 23 1 0 14 3.71428571428571 3.28571428571429 0.142857142857143 0 0
  1 24 1 0 14 3.85714285714286 3.21428571428571 0.0714285714285714 0 0
  1 25 1 0 18 3.05555555555556 2.5 0 0 0
  1 26 1 0 14 3.57142857142857 3.57142857142857 0 0 0
  1 27 1 0 23 2.04347826086957 2.30434782608696 0 0 0
  1 28 1 0 14 3.85714285714286 3.21428571428571 0.0714285714285714 0 0
  1 29 1 0 17 2.76470588235294 3.05882352941176 0.0588235294117647 0 0
  1 30 1 0 18 3.5 2.05555555555556 0 0 0
  1 31 1 0 20 2.5 2.45 0.05 0 0
  1 32 1 0 10 5.1 4.9 0 0 0
  1 33 1 0 15 0.666666666666667 4.46666666666667 1.53333333333333 0 0
  1 34 1 0 18 2.77777777777778 2.77777777777778 0 0 0
  1 35 1 0 8 6.125 6.125 0.25 0 0
  1 36 1 0 12 4.41666666666667 3.83333333333333 0.0833333333333333 0 0
  1 37 1 0 8 6.375 6.125 0 0 0
  1 38 1 0 16 3.1875 3 0.0625 0 0
  1 39 1 0 10 3.2 5.7 1.1 0 0
  1 40 1 0 10 5.6 4.4 0 0 0
  1 41 1 0 13 3.30769230769231 4.30769230769231 0.0769230769230769 0 0
  1 42 1 0 8 6.375 5.875 0.25 0 0
  1 1 2 0 11 2.45454545454545 1.72727272727273 1.90909090909091 2.09090909090909 0.909090909090909
  1 4 2 0 1 19 20 18 25 18
  1 5 2 0 5 3.6 4.6 3.6 3.8 4.4
  1 6 2 0 1 19 25 24 12 20
  1 7 2 0 3 8 4.66666666666667 6.66666666666667 7 7
  1 8 2 0 4 3.75 5 5 6.75 4.5
  1 9 2 0 5 3 4 3.4 4.6 5
  1 10 2 0 10 1.5 2.1 2.4 1.8 2.2
  1 11 2 0 13 2.07692307692308 1.76923076923077 0.923076923076923 1.76923076923077 1.15384615384615
  1 12 2 0 15 1.53333333333333 1.06666666666667 1.26666666666667 1.33333333333333 1.46666666666667
  1 13 2 0 9 2.55555555555556 1.66666666666667 3.11111111111111 1.77777777777778 2
  1 14 2 0 6 4.66666666666667 4 3.33333333333333 2.5 2.16666666666667
  1 15 2 0 13 1.38461538461538 1.76923076923077 1.38461538461538 1.53846153846154 1.61538461538462
  1 16 2 0 10 1.7 2.1 2.4 1.8 2
  1 17 2 0 10 2.4 1.8 2 2.4 1.4
  1 18 2 0 18 1.38888888888889 1.05555555555556 1 1.16666666666667 0.944444444444444
  1 19 2 0 27 0.740740740740741 0.703703703703704 0.777777777777778 0.925925925925926 0.555555555555556
  1 20 2 0 23 1.26086956521739 0.652173913043478 0.782608695652174 0.826086956521739 0.826086956521739
  1 21 2 0 25 0.52 0.56 0.92 0.76 1.24
  1 22 2 0 9 2.22222222222222 2.33333333333333 2.11111111111111 2.33333333333333 2.11111111111111
  1 23 2 0 8 2.25 2.125 2.5 2.375 3.25
  1 24 2 0 9 1.77777777777778 1.88888888888889 2.33333333333333 2.77777777777778 2.33333333333333
  1 25 2 0 14 1.28571428571429 1.71428571428571 1.42857142857143 1 1.71428571428571
  1 26 2 0 18 1.11111111111111 1.22222222222222 1.22222222222222 1.11111111111111 0.888888888888889
  1 27 2 0 16 1.1875 1.5625 1 1 1.5
  1 28 2 0 6 4.16666666666667 3.16666666666667 2.5 4 2.83333333333333
  1 29 2 0 8 3.125 2.625 3.625 1.875 1.25
  1 30 2 0 17 1.17647058823529 1.29411764705882 1.29411764705882 1 1.11764705882353
  1 31 2 0 9 2.44444444444444 2.33333333333333 2 1.77777777777778 2.55555555555556
  1 32 2 0 30 0.7 0.733333333333333 0.6 0.533333333333333 0.766666666666667
  1 33 2 0 24 0.791666666666667 1.125 0.75 0.708333333333333 0.791666666666667
  1 34 2 0 25 0.68 0.52 0.8 1.24 0.76
  1 35 2 0 16 1.0625 1.75 1 1.3125 1.125
  1 36 2 0 13 2 0.923076923076923 0.923076923076923 1.92307692307692 1.92307692307692
  1 37 2 0 8 2.375 2.5 2.875 2.375 2.375
  1 38 2 0 10 1.5 2.5 1.8 2.7 1.5
  1 39 2 0 13 1.92307692307692 1.76923076923077 1.07692307692308 1.69230769230769 1.23076923076923
  1 40 2 0 8 2.5 3.125 1.875 2.25 2.75
  1 41 2 0 5 3.6 5.2 3.4 4.4 3.4
  1 42 2 0 17 0.882352941176471 1.17647058823529 1.41176470588235 1.17647058823529 1.23529411764706
  1 1 3 0 27 0 0.851851851851852 2.11111111111111 0.740740740740741 0
  1 2 3 0 13 0 0.230769230769231 3.30769230769231 4.15384615384615 0
  1 3 3 0 5 11 9 0 0 0
  1 4 3 0 2 4.5 31.5 14 0 0
  1 5 3 0 5 12.8 7.2 0 0 0
  1 6 3 0 1 37 49 14 0 0
  1 7 3 0 3 16 16.3333333333333 1 0 0
  1 8 3 0 3 16.3333333333333 17 0 0 0
  1 9 3 0 4 12.25 12.5 0.25 0 0
  1 10 3 0 4 13.75 11 0.25 0 0
  1 11 3 0 4 13.25 11.5 0.25 0 0
  1 12 3 0 2 26.5 23 0.5 0 0
  1 13 3 0 8 6.25 6.25 0 0 0
  1 14 3 0 19 2.57894736842105 2.68421052631579 0 0 0
  1 15 3 0 15 3.46666666666667 3.13333333333333 0.0666666666666667 0 0
  1 16 3 0 12 4.66666666666667 3.58333333333333 0.0833333333333333 0 0
  1 17 3 0 14 0.928571428571429 4.78571428571429 1.42857142857143 0 0
  1 18 3 0 14 4.14285714285714 2.92857142857143 0.0714285714285714 0 0
  1 19 3 0 15 4 2.6 0.0666666666666667 0 0
  1 20 3 0 17 2.94117647058824 2.82352941176471 0.117647058823529 0 0
  1 21 3 0 12 4.16666666666667 4.16666666666667 0 0 0
  1 22 3 0 11 5.27272727272727 3.81818181818182 0 0 0
  1 23 3 0 16 3.3125 2.875 0.0625 0 0
  1 24 3 0 15 2.53333333333333 3.33333333333333 0.8 0 0
  1 25 3 0 4 15.25 9.75 0 0 0
  1 26 3 0 14 3.92857142857143 3.21428571428571 0 0 0
  1 27 3 0 6 8.33333333333333 8.33333333333333 0 0 0
  1 28 3 0 4 12.5 12.5 0 0 0
  1 29 3 0 2 25 25 0 0 0
  1 30 3 0 10 6.4 3.6 0 0 0
  1 31 3 0 9 5.88888888888889 5.22222222222222 0 0 0
  1 32 3 0 12 2 5 1.25 0.0833333333333333 0
  1 33 3 0 5 10.2 9.4 0.4 0 0
  1 34 3 0 9 5.44444444444444 5.66666666666667 0 0 0
  1 35 3 0 5 9.8 10.2 0 0 0
  1 36 3 0 5 10.4 9.6 0 0 0
  1 37 3 0 3 18 15 0.333333333333333 0 0
  1 38 3 0 15 3.73333333333333 2.86666666666667 0.0666666666666667 0 0
  1 39 3 0 12 4.08333333333333 4.16666666666667 0.0833333333333333 0 0
  1 40 3 0 9 5.88888888888889 5.11111111111111 0.111111111111111 0 0
  1 41 3 0 8 2.625 8.375 1.5 0 0
  1 42 3 0 12 3.5 4.08333333333333 0.666666666666667 0.0833333333333333 0
  1 1 4 0 86 0.453488372093023 0.174418604651163 0.511627906976744 0.0232558139534884 0
  1 2 4 0 100 0.01 0.09 0.88 0.02 0
  1 3 4 0 33 2.27272727272727 0.757575757575758 0 0 0
  1 4 4 0 44 1.81818181818182 0.454545454545455 0 0 0
  1 5 4 0 34 2.29411764705882 0.647058823529412 0 0 0
  1 6 4 0 40 1.9 0.6 0 0 0
  1 7 4 0 39 2.05128205128205 0.512820512820513 0 0 0
  1 8 4 0 49 1.61224489795918 0.408163265306122 0.0204081632653061 0 0
  1 9 4 0 36 1.97222222222222 0.805555555555556 0 0 0
  1 10 4 0 43 1.83720930232558 0.488372093023256 0 0 0
  1 11 4 0 41 1.95121951219512 0.48780487804878 0 0 0
  1 12 4 0 35 2.37142857142857 0.485714285714286 0 0 0
  1 13 4 0 32 2.5 0.625 0 0 0
  1 14 4 0 21 3.66666666666667 1.0952380952381 0 0 0
  1 15 4 0 30 2.63333333333333 0.7 0 0 0
  1 16 4 0 19 4.15789473684211 1.10526315789474 0 0 0
  1 17 4 0 35 2.25714285714286 0.6 0 0 0
  1 18 4 0 27 3.07407407407407 0.62962962962963 0 0 0
  1 19 4 0 34 2.23529411764706 0.705882352941177 0 0 0
  1 20 4 0 42 1.88095238095238 0.5 0 0 0
  1 21 4 0 41 1.82926829268293 0.609756097560976 0 0 0
  1 22 4 0 44 1.77272727272727 0.5 0 0 0
  1 23 4 0 28 3 0.571428571428571 0 0 0
  1 24 4 0 34 2.29411764705882 0.647058823529412 0 0 0
  1 25 4 0 36 2 0.777777777777778 0 0 0
  1 26 4 0 31 2.35483870967742 0.870967741935484 0 0 0
  1 27 4 0 39 2.12820512820513 0.435897435897436 0 0 0
  1 28 4 0 38 2.07894736842105 0.552631578947368 0 0 0
  1 29 4 0 48 1.64583333333333 0.4375 0 0 0
  1 30 4 0 38 2.13157894736842 0.5 0 0 0
  1 31 4 0 61 1.29508196721311 0.344262295081967 0 0 0
  1 32 4 0 48 1.5 0.583333333333333 0 0 0
  1 33 4 0 49 1.6530612244898 0.387755102040816 0 0 0
  1 34 4 0 44 1.68181818181818 0.590909090909091 0 0 0
  1 35 4 0 61 1.32786885245902 0.311475409836066 0 0 0
  1 36 4 0 67 1.19402985074627 0.298507462686567 0 0 0
  1 37 4 0 57 1.43859649122807 0.315789473684211 0 0 0
  1 38 4 0 38 2.10526315789474 0.526315789473684 0 0 0
  1 39 4 0 52 1.44230769230769 0.480769230769231 0 0 0
  1 40 4 0 43 1.81395348837209 0.511627906976744 0 0 0
  1 41 4 0 42 1.92857142857143 0.452380952380952 0 0 0
  1 42 4 0 61 1.37704918032787 0.262295081967213 0 0 0
  2 1 1 0 58 0 0.0344827586206897 1.56896551724138 0.120689655172414 0
  2 2 1 0 83 0 0.373493975903614 0.662650602409639 0.168674698795181 0
  2 3 1 0 63 0 1 0.587301587301587 0 0
  2 4 1 0 56 0 1.25 0.535714285714286 0 0
  2 5 1 0 55 0 0.563636363636364 1.25454545454545 0 0
  2 6 1 0 45 0 0.0444444444444444 2.15555555555556 0.0222222222222222 0
  2 7 1 0 46 0.0217391304347826 2.06521739130435 0.0869565217391304 0 0
  2 8 1 0 56 0 0.0535714285714286 1.73214285714286 0 0
  2 9 1 0 51 0.0196078431372549 1.74509803921569 0.196078431372549 0 0
  2 10 1 0 44 0 1.20454545454545 1.06818181818182 0 0
  2 11 1 0 49 0 0.775510204081633 1.24489795918367 0.0204081632653061 0
  2 12 1 0 50 0 1.36 0.64 0 0
  2 13 1 0 48 0 0.729166666666667 1.35416666666667 0 0
  2 14 1 0 52 0 1.07692307692308 0.846153846153846 0 0
  2 15 1 0 31 0 1.67741935483871 1.54838709677419 0 0
  2 16 1 0 38 0 1.84210526315789 0.789473684210526 0 0
  2 17 1 0 26 0 1.65384615384615 2.19230769230769 0 0
  2 18 1 0 33 0 1.42424242424242 1.60606060606061 0 0
  2 19 1 0 31 0 2.03225806451613 1.19354838709677 0 0
  2 20 1 0 38 0 1.86842105263158 0.763157894736842 0 0
  2 21 1 0 30 0 2.16666666666667 1.16666666666667 0 0
  2 22 1 0 35 0 2.31428571428571 0.542857142857143 0 0
  2 23 1 0 35 0 1 1.85714285714286 0 0
  2 24 1 0 26 0 2.80769230769231 1.03846153846154 0 0
  2 25 1 0 32 0.03125 1.78125 1.3125 0 0
  2 26 1 0 26 0 3.11538461538462 0.730769230769231 0 0
  2 27 1 0 37 0 1.08108108108108 1.62162162162162 0 0
  2 28 1 0 35 0 2.4 0.428571428571429 0.0285714285714286 0
  2 29 1 0 33 0 1.48484848484848 1.54545454545455 0 0
  2 30 1 0 45 0 1.71111111111111 0.511111111111111 0 0
  2 31 1 0 34 0 1.58823529411765 1.32352941176471 0.0294117647058824 0
  2 32 1 0 36 0 1.61111111111111 1.16666666666667 0 0
  2 33 1 0 42 0 0.0714285714285714 2.28571428571429 0.0238095238095238 0
  2 34 1 0 34 0.0294117647058824 2.55882352941176 0.294117647058824 0.0588235294117647 0
  2 35 1 0 35 0 0.685714285714286 2.17142857142857 0 0
  2 36 1 0 28 0 1.92857142857143 1.60714285714286 0.0357142857142857 0
  2 37 1 0 22 0 3.5 1.04545454545455 0 0
  2 38 1 0 32 0 1.46875 1.65625 0 0
  2 39 1 0 27 0 0.185185185185185 3.51851851851852 0 0
  2 40 1 0 39 0 1.76923076923077 0.717948717948718 0.0769230769230769 0
  2 41 1 0 20 0 3.1 1.9 0 0
  2 42 1 0 30 0 0.933333333333333 2.4 0 0
  2 1 2 0 16 1.3125 1.1875 1.375 1.25 1.125
  2 2 2 0 20 0.7 1.15 1.15 1.1 0.9
  2 3 2 0 34 0.294117647058824 0.558823529411765 0.705882352941177 0.705882352941177 0.676470588235294
  2 4 2 0 15 1.66666666666667 1.4 1.46666666666667 1.2 0.933333333333333
  2 5 2 0 4 3 5 5.5 5.75 5.75
  2 6 2 0 7 2.71428571428571 3.14285714285714 2.28571428571429 3.71428571428571 2.42857142857143
  2 7 2 0 18 1.38888888888889 1.05555555555556 1.16666666666667 1.5 0.444444444444444
  2 8 2 0 22 1.13636363636364 0.636363636363636 0.772727272727273 1 1
  2 9 2 0 21 0.761904761904762 0.857142857142857 1.47619047619048 0.714285714285714 0.952380952380952
  2 10 2 0 11 2.54545454545455 1.63636363636364 1.36363636363636 1.63636363636364 1.90909090909091
  2 11 2 0 7 2.57142857142857 3.28571428571429 2.14285714285714 3.14285714285714 3.14285714285714
  2 12 2 0 19 0.789473684210526 1.05263157894737 0.842105263157895 1.15789473684211 1.42105263157895
  2 13 2 0 32 0.65625 0.625 0.6875 0.53125 0.625
  2 14 2 0 34 0.558823529411765 0.705882352941177 0.411764705882353 0.647058823529412 0.617647058823529
  2 15 2 0 27 0.962962962962963 0.814814814814815 0.666666666666667 0.518518518518518 0.740740740740741
  2 16 2 0 42 0.404761904761905 0.523809523809524 0.547619047619048 0.380952380952381 0.523809523809524
  2 17 2 0 34 0.647058823529412 0.647058823529412 0.529411764705882 0.647058823529412 0.470588235294118
  2 18 2 0 28 0.642857142857143 0.785714285714286 0.535714285714286 0.75 0.857142857142857
  2 19 2 0 26 0.730769230769231 0.846153846153846 1.11538461538462 0.653846153846154 0.5
  2 20 2 0 32 0.65625 0.5 0.625 0.53125 0.8125
  2 21 2 0 37 0.540540540540541 0.513513513513513 0.702702702702703 0.432432432432432 0.513513513513513
  2 22 2 0 38 0.631578947368421 0.473684210526316 0.236842105263158 0.552631578947368 0.736842105263158
  2 23 2 0 41 0.51219512195122 0.536585365853659 0.48780487804878 0.463414634146341 0.439024390243902
  2 24 2 0 33 0.484848484848485 0.696969696969697 0.696969696969697 0.545454545454545 0.606060606060606
  2 25 2 0 45 0.311111111111111 0.488888888888889 0.533333333333333 0.488888888888889 0.4
  2 26 2 0 28 0.642857142857143 0.821428571428571 0.75 0.714285714285714 0.642857142857143
  2 27 2 0 47 0.340425531914894 0.425531914893617 0.51063829787234 0.404255319148936 0.446808510638298
  2 28 2 0 22 1.18181818181818 0.772727272727273 1.04545454545455 0.863636363636364 0.681818181818182
  2 29 2 0 40 0.35 0.5 0.525 0.6 0.525
  2 30 2 0 28 0.821428571428571 0.464285714285714 0.571428571428571 0.821428571428571 0.892857142857143
  2 31 2 0 32 0.5625 0.34375 0.59375 0.75 0.875
  2 32 2 0 40 0.75 0.35 0.55 0.325 0.525
  2 33 2 0 43 0.534883720930233 0.441860465116279 0.418604651162791 0.441860465116279 0.488372093023256
  2 34 2 0 46 0.41304347826087 0.434782608695652 0.326086956521739 0.369565217391304 0.630434782608696
  2 35 2 0 60 0.333333333333333 0.266666666666667 0.466666666666667 0.35 0.25
  2 36 2 0 49 0.36734693877551 0.387755102040816 0.26530612244898 0.571428571428571 0.448979591836735
  2 37 2 0 32 0.5625 0.875 0.625 0.6875 0.375
  2 38 2 0 30 0.566666666666667 0.666666666666667 0.7 0.6 0.8
  2 39 2 0 29 0.689655172413793 0.655172413793103 0.793103448275862 0.655172413793103 0.655172413793103
  2 40 2 0 31 0.516129032258065 0.67741935483871 0.67741935483871 0.741935483870968 0.612903225806452
  2 41 2 0 14 1.07142857142857 2 1.42857142857143 1.42857142857143 1.21428571428571
  2 42 2 0 19 1.10526315789474 1.47368421052632 1.05263157894737 0.578947368421053 1.05263157894737
  2 2 3 0 3 0 0 3 30.3333333333333 0
  2 3 3 0 3 3.66666666666667 29.6666666666667 0 0 0
  2 4 3 0 7 0.142857142857143 3 11.1428571428571 0 0
  2 5 3 0 1 14 84 2 0 0
  2 6 3 0 14 0 2.57142857142857 4.5 0.0714285714285714 0
  2 8 3 0 10 0.8 8.4 0.3 0.5 0
  2 9 3 0 6 2.5 13.1666666666667 1 0 0
  2 10 3 0 2 7 39 3.5 0.5 0
  2 12 3 0 1 13 72 14 1 0
  2 14 3 0 9 1.33333333333333 8.33333333333333 1.44444444444444 0 0
  2 15 3 0 5 2.4 15.4 1.6 0.6 0
  2 16 3 0 9 1.44444444444444 9.55555555555556 0.111111111111111 0 0
  2 17 3 0 9 0.111111111111111 2.88888888888889 7.77777777777778 0.333333333333333 0
  2 18 3 0 13 0.615384615384615 5.69230769230769 0.538461538461538 0.846153846153846 0
  2 19 3 0 14 0.785714285714286 6.14285714285714 0.214285714285714 0 0
  2 20 3 0 19 0.315789473684211 3.05263157894737 1.84210526315789 0.0526315789473684 0
  2 21 3 0 20 0.55 4.1 0.3 0.05 0
  2 22 3 0 23 0.434782608695652 3.78260869565217 0.130434782608696 0 0
  2 23 3 0 26 0.423076923076923 2.96153846153846 0.461538461538462 0 0
  2 24 3 0 28 0.0714285714285714 1.21428571428571 2.25 0.0357142857142857 0
  2 25 3 0 20 0.45 3.9 0.45 0.2 0
  2 26 3 0 7 1.42857142857143 11.5714285714286 1.14285714285714 0.142857142857143 0
  2 27 3 0 5 2.2 16.6 1.2 0 0
  2 29 3 0 6 2.33333333333333 14.1666666666667 0.166666666666667 0 0
  2 30 3 0 14 0.785714285714286 6.28571428571429 0.0714285714285714 0 0
  2 31 3 0 7 2.28571428571429 11.4285714285714 0.571428571428571 0 0
  2 32 3 0 20 0.05 1.15 3.6 0.2 0
  2 33 3 0 18 0.611111111111111 3.61111111111111 0.777777777777778 0.555555555555556 0
  2 34 3 0 15 0.4 5.06666666666667 1 0.2 0
  2 35 3 0 28 0.285714285714286 2.5 0.678571428571429 0.107142857142857 0
  2 36 3 0 25 0.44 3.56 0 0 0
  2 37 3 0 19 0.736842105263158 4.47368421052632 0.0526315789473684 0 0
  2 38 3 0 33 0.212121212121212 2.57575757575758 0.242424242424242 0 0
  2 39 3 0 32 0.09375 2.5625 0.375 0.09375 0
  2 40 3 0 34 0.382352941176471 2.02941176470588 0.470588235294118 0.0588235294117647 0
  2 41 3 0 20 0 1.65 2.85 0.5 0
  2 42 3 0 27 0.037037037037037 1.11111111111111 1 1.55555555555556 0
  2 1 4 0 44 0 0.0227272727272727 2.11363636363636 0.136363636363636 0
  2 2 4 0 75 0 0 1.26666666666667 0.0666666666666667 0
  2 3 4 0 66 0.0303030303030303 1.43939393939394 0.0454545454545455 0 0
  2 4 4 0 54 0.0185185185185185 1.2962962962963 0.537037037037037 0 0
  2 5 4 0 31 0.0645161290322581 2.29032258064516 0.870967741935484 0 0
  2 6 4 0 24 0 2.16666666666667 2 0 0
  2 7 4 0 20 0.05 4.5 0.45 0 0
  2 8 4 0 25 0 1.44 2.56 0 0
  2 9 4 0 44 0 2.18181818181818 0.0909090909090909 0 0
  2 10 4 0 36 0.0555555555555556 2 0.722222222222222 0 0
  2 11 4 0 22 0.0909090909090909 3.09090909090909 1.36363636363636 0 0
  2 12 4 0 21 0.0952380952380952 3.95238095238095 0.714285714285714 0 0
  2 13 4 0 26 0.0384615384615385 3.15384615384615 0.653846153846154 0 0
  2 14 4 0 35 0.142857142857143 2.48571428571429 0.228571428571429 0 0
  2 15 4 0 21 0.142857142857143 3.85714285714286 0.761904761904762 0 0
  2 16 4 0 30 0.0666666666666667 3.1 0.166666666666667 0 0
  2 17 4 0 40 0.05 2.05 0.4 0 0
  2 18 4 0 42 0.0476190476190476 2.0952380952381 0.238095238095238 0 0
  2 19 4 0 46 0.0434782608695652 2.02173913043478 0.108695652173913 0 0
  2 20 4 0 37 0.027027027027027 2.54054054054054 0.135135135135135 0 0
  2 21 4 0 44 0.0227272727272727 1.95454545454545 0.295454545454545 0 0
  2 22 4 0 42 0.0476190476190476 2.11904761904762 0.214285714285714 0 0
  2 23 4 0 35 0.0285714285714286 2.31428571428571 0.514285714285714 0 0
  2 24 4 0 26 0 3.23076923076923 0.615384615384615 0 0
  2 25 4 0 19 0.0526315789473684 4.52631578947368 0.684210526315789 0 0
  2 26 4 0 29 0.0344827586206897 3.24137931034483 0.172413793103448 0 0
  2 27 4 0 10 0.2 8.2 1.6 0 0
  2 28 4 0 20 0.05 4.65 0.3 0 0
  2 29 4 0 25 0.04 3.36 0.6 0 0
  2 30 4 0 18 0.0555555555555556 4.55555555555556 0.944444444444444 0 0
  2 31 4 0 24 0 3.16666666666667 1 0 0
  2 32 4 0 21 0.0952380952380952 4.42857142857143 0.238095238095238 0 0
  2 33 4 0 10 0 7.2 2.8 0 0
  2 34 4 0 12 0.166666666666667 7.66666666666667 0.5 0 0
  2 35 4 0 29 0 2.75862068965517 0.689655172413793 0 0
  2 36 4 0 17 0.176470588235294 5.35294117647059 0.352941176470588 0 0
  2 37 4 0 39 0.0256410256410256 2.35897435897436 0.179487179487179 0 0
  2 38 4 0 9 0.222222222222222 9.22222222222222 1.66666666666667 0 0
  2 39 4 0 50 0.02 1.26 0.72 0 0
  2 40 4 0 15 0.133333333333333 5.4 1.13333333333333 0 0
  2 41 4 0 7 0.142857142857143 9.71428571428571 4.42857142857143 0 0
  2 42 4 0 9 0 7.66666666666667 3.44444444444444 0 0
# end survey length observations 
#  
# Fishery catch data 
# Number of observations, init_int Ncatch_obs
  168
# init_matrix obs_catch_biomass(1,Ncatch_obs,1,6) 
# Fleet	Area	Year	Species	Catch(biomass t)	CV 
  1 1 1 1 16249.8577467488 0.05
  1 1 2 1 19891.4487079446 0.05
  1 1 3 1 17368.6091436121 0.05
  1 1 4 1 20207.2306338062 0.05
  1 1 5 1 24065.361560721 0.05
  1 1 6 1 15155.5887768632 0.05
  1 1 7 1 15523.809208859 0.05
  1 1 8 1 12529.3733415846 0.05
  1 1 9 1 12078.5846329001 0.05
  1 1 10 1 19286.2656330331 0.05
  1 1 11 1 20837.6383633328 0.05
  1 1 12 1 18994.7789398848 0.05
  1 1 13 1 18859.4920262935 0.05
  1 1 14 1 15336.0262591947 0.05
  1 1 15 1 12461.2750655098 0.05
  1 1 16 1 8923.98405839209 0.05
  1 1 17 1 8064.69742503627 0.05
  1 1 18 1 4584.27841180569 0.05
  1 1 19 1 4246.65026617149 0.05
  1 1 20 1 5369.46967562275 0.05
  1 1 21 1 4066.95342910783 0.05
  1 1 22 1 5118.76943230399 0.05
  1 1 23 1 4611.07545183086 0.05
  1 1 24 1 5892.01575005677 0.05
  1 1 25 1 4432.70429971381 0.05
  1 1 26 1 5459.62434079788 0.05
  1 1 27 1 2209.64116395778 0.05
  1 1 28 1 2020.27532344888 0.05
  1 1 29 1 2301.89587796716 0.05
  1 1 30 1 3405.64570296292 0.05
  1 1 31 1 3813.87154579563 0.05
  1 1 32 1 4381.80848605466 0.05
  1 1 33 1 1841.48912489974 0.05
  1 1 34 1 1853.44103508685 0.05
  1 1 35 1 1359.15112439212 0.05
  1 1 36 1 700.407470905771 0.05
  1 1 37 1 991.853096074359 0.05
  1 1 38 1 1115.14063096633 0.05
  1 1 39 1 898.14851803771 0.05
  1 1 40 1 537.162410205078 0.05
  1 1 41 1 661.064348927858 0.05
  1 1 42 1 371.405335822086 0.05
  1 1 1 4 7275.23099444644 0.05
  1 1 2 4 4315.39771513692 0.05
  1 1 3 4 6954.53057008731 0.05
  1 1 4 4 6979.56835195987 0.05
  1 1 5 4 8723.7807558242 0.05
  1 1 6 4 8638.45726279184 0.05
  1 1 7 4 6613.51372204421 0.05
  1 1 8 4 6422.82918585707 0.05
  1 1 9 4 6490.81654493877 0.05
  1 1 10 4 7149.3899784787 0.05
  1 1 11 4 8103.9531800613 0.05
  1 1 12 4 8794.97836012229 0.05
  1 1 13 4 14122.3529114 0.05
  1 1 14 4 12712.3233981533 0.05
  1 1 15 4 8449.10861228294 0.05
  1 1 16 4 6266.8763225344 0.05
  1 1 17 4 12706.38103905 0.05
  1 1 18 4 5159.9970143172 0.05
  1 1 19 4 5443.74884698263 0.05
  1 1 20 4 9171.5123822656 0.05
  1 1 21 4 3833.98090071837 0.05
  1 1 22 4 4416.55833450538 0.05
  1 1 23 4 7391.49081954814 0.05
  1 1 24 4 6578.92250346437 0.05
  1 1 25 4 5830.40837055131 0.05
  1 1 26 4 4791.37074762684 0.05
  1 1 27 4 2970.33559279907 0.05
  1 1 28 4 1877.2813683467 0.05
  1 1 29 4 5118.3239130701 0.05
  1 1 30 4 3687.0716177397 0.05
  1 1 31 4 2147.21549123678 0.05
  1 1 32 4 3583.59724783333 0.05
  1 1 33 4 3060.7065470524 0.05
  1 1 34 4 3264.51326078553 0.05
  1 1 35 4 3638.35140800652 0.05
  1 1 36 4 2576.25928319087 0.05
  1 1 37 4 4673.5405708671 0.05
  1 1 38 4 3963.17711099552 0.05
  1 1 39 4 4972.93142152202 0.05
  1 1 40 4 3730.12851654077 0.05
  1 1 41 4 3446.80096675283 0.05
  1 1 42 4 2301.7793489299 0.05
  2 1 1 2 1354.10627580627 0.05
  2 1 2 2 883.725176388261 0.05
  2 1 3 2 1480.72544311806 0.05
  2 1 4 2 916.057357763735 0.05
  2 1 5 2 1287.52504677849 0.05
  2 1 6 2 1168.80373473112 0.05
  2 1 7 2 773.92835364262 0.05
  2 1 8 2 912.643995739032 0.05
  2 1 9 2 882.52170107118 0.05
  2 1 10 2 802.587987962609 0.05
  2 1 11 2 1063.70984781457 0.05
  2 1 12 2 972.189620772894 0.05
  2 1 13 2 3807.78525775775 0.05
  2 1 14 2 1792.9050102995 0.05
  2 1 15 2 1152.08515946502 0.05
  2 1 16 2 2740.74301247793 0.05
  2 1 17 2 2052.24767343141 0.05
  2 1 18 2 27.0321005669858 0.05
  2 1 19 2 3994.21975819502 0.05
  2 1 20 2 6329.19875922356 0.05
  2 1 21 2 13777.0912005508 0.05
  2 1 22 2 15494.1393453708 0.05
  2 1 23 2 9761.66124918208 0.05
  2 1 24 2 21656.2480037647 0.05
  2 1 25 2 10752.2938146603 0.05
  2 1 26 2 13739.746203761 0.05
  2 1 27 2 12538.1319626516 0.05
  2 1 28 2 9466.82035575668 0.05
  2 1 29 2 9713.37335903731 0.05
  2 1 30 2 7637.14624064451 0.05
  2 1 31 2 7493.83722920617 0.05
  2 1 32 2 17766.7542290712 0.05
  2 1 33 2 10802.9427512824 0.05
  2 1 34 2 18704.6086458145 0.05
  2 1 35 2 19415.0496762419 0.05
  2 1 36 2 21586.0428590524 0.05
  2 1 37 2 18745.6977069071 0.05
  2 1 38 2 16747.7298975173 0.05
  2 1 39 2 9734.10247875164 0.05
  2 1 40 2 7505.11032914698 0.05
  2 1 41 2 5729.55566020403 0.05
  2 1 42 2 1479.71672667953 0.05
  2 1 1 3 511.308230450018 0.05
  2 1 2 3 235.567187149569 0.05
  2 1 3 3 298.888839374362 0.05
  2 1 4 3 382.389292543173 0.05
  2 1 5 3 2802.37037413425 0.05
  2 1 6 3 3519.88969987233 0.05
  2 1 7 3 2921.35841501215 0.05
  2 1 8 3 2391.1371205178 0.05
  2 1 9 3 3308.57698053989 0.05
  2 1 10 3 2493.93071372809 0.05
  2 1 11 3 3001.37991050325 0.05
  2 1 12 3 618.086365883357 0.05
  2 1 13 3 2060.06575232144 0.05
  2 1 14 3 1332.89329896599 0.05
  2 1 15 3 1027.65897193478 0.05
  2 1 16 3 983.427361545146 0.05
  2 1 17 3 17090.009789433 0.05
  2 1 18 3 1164.82553014084 0.05
  2 1 19 3 922.135040602004 0.05
  2 1 20 3 690.463704183312 0.05
  2 1 21 3 539.121252614573 0.05
  2 1 22 3 2431.92829709638 0.05
  2 1 23 3 1023.67043338707 0.05
  2 1 24 3 229.828226482439 0.05
  2 1 25 3 973.656518381205 0.05
  2 1 26 3 2410.33813297385 0.05
  2 1 27 3 2549.59296034422 0.05
  2 1 28 3 735.557227174142 0.05
  2 1 29 3 1530.46740870384 0.05
  2 1 30 3 2151.82799644595 0.05
  2 1 31 3 1666.86991687571 0.05
  2 1 32 3 670.273293358202 0.05
  2 1 33 3 157.641276249416 0.05
  2 1 34 3 127.026495534225 0.05
  2 1 35 3 157.154182423457 0.05
  2 1 36 3 2292.84618310519 0.05
  2 1 37 3 2281.26628824757 0.05
  2 1 38 3 1134.37231341685 0.05
  2 1 39 3 935.515545166647 0.05
  2 1 40 3 1662.59585888773 0.05
  2 1 41 3 17211.2584610247 0.05
  2 1 42 3 19519.0188842495 0.05
# end catch observations 
#  
# Fishery size comp data 
# Number of observations, init_int Ncatch_size_obs 
  168
# init_matrix obs_catch_size(1,Ncatch_size_obs,1,ncol) 
# Fleet Area  Year  Species Type (0=whole, 1=retained, 2=discard) InpN, proportion by size bin 
  1 1 1 1 0 81 0.0246913580246914 0.432098765432099 0.395061728395062 0.111111111111111 0.271604938271605
  1 1 2 1 0 73 1.36986301369863 0 0 0 0
  1 1 3 1 0 65 1.52307692307692 0.0153846153846154 0 0 0
  1 1 4 1 0 56 1.78571428571429 0 0 0 0
  1 1 5 1 0 120 0.8 0.0333333333333333 0 0 0
  1 1 6 1 0 130 0.284615384615385 0.407692307692308 0.0769230769230769 0 0
  1 1 7 1 0 94 1.06382978723404 0 0 0 0
  1 1 8 1 0 94 0.468085106382979 0.595744680851064 0 0 0
  1 1 9 1 0 82 1.21951219512195 0 0 0 0
  1 1 10 1 0 76 1.31578947368421 0 0 0 0
  1 1 11 1 0 74 1.33783783783784 0.0135135135135135 0 0 0
  1 1 12 1 0 65 1.50769230769231 0.0153846153846154 0.0153846153846154 0 0
  1 1 13 1 0 77 1.23376623376623 0.0649350649350649 0 0 0
  1 1 14 1 0 88 1.125 0.0113636363636364 0 0 0
  1 1 15 1 0 66 1.48484848484848 0.0303030303030303 0 0 0
  1 1 16 1 0 69 1.44927536231884 0 0 0 0
  1 1 17 1 0 43 2.27906976744186 0.0465116279069767 0 0 0
  1 1 18 1 0 34 2.91176470588235 0.0294117647058824 0 0 0
  1 1 19 1 0 55 1.81818181818182 0 0 0 0
  1 1 20 1 0 64 1.5625 0 0 0 0
  1 1 21 1 0 77 1.28571428571429 0.012987012987013 0 0 0
  1 1 22 1 0 67 1.47761194029851 0.0149253731343284 0 0 0
  1 1 23 1 0 133 0.706766917293233 0.037593984962406 0.0075187969924812 0 0
  1 1 24 1 0 98 1 0.0204081632653061 0 0 0
  1 1 25 1 0 91 1.08791208791209 0.010989010989011 0 0 0
  1 1 26 1 0 77 1.25974025974026 0.038961038961039 0 0 0
  1 1 27 1 0 102 0.970588235294118 0.00980392156862745 0 0 0
  1 1 28 1 0 76 1.27631578947368 0.0394736842105263 0 0 0
  1 1 29 1 0 110 0.872727272727273 0.0363636363636364 0 0 0
  1 1 30 1 0 100 1 0 0 0 0
  1 1 31 1 0 108 0.925925925925926 0 0 0 0
  1 1 32 1 0 118 0.838983050847458 0.00847457627118644 0 0 0
  1 1 33 1 0 129 0.286821705426357 0.449612403100775 0.0387596899224806 0 0
  1 1 34 1 0 90 1.11111111111111 0 0 0 0
  1 1 35 1 0 69 1.3768115942029 0.072463768115942 0 0 0
  1 1 36 1 0 80 1.225 0.025 0 0 0
  1 1 37 1 0 62 1.61290322580645 0 0 0 0
  1 1 38 1 0 94 1.0531914893617 0.0106382978723404 0 0 0
  1 1 39 1 0 75 0.746666666666667 0.506666666666667 0.08 0 0
  1 1 40 1 0 75 1.30666666666667 0.0133333333333333 0.0133333333333333 0 0
  1 1 41 1 0 35 2.82857142857143 0.0285714285714286 0 0 0
  1 1 42 1 0 22 4.40909090909091 0.136363636363636 0 0 0
  1 1 1 4 0 5 5.6 0 0 0 14.4
  1 1 2 4 0 5 20 0 0 0 0
  1 1 3 4 0 5 20 0 0 0 0
  1 1 4 4 0 5 20 0 0 0 0
  1 1 5 4 0 5 20 0 0 0 0
  1 1 6 4 0 5 20 0 0 0 0
  1 1 7 4 0 5 20 0 0 0 0
  1 1 8 4 0 5 20 0 0 0 0
  1 1 9 4 0 5 20 0 0 0 0
  1 1 10 4 0 5 20 0 0 0 0
  1 1 11 4 0 1 100 0 0 0 0
  1 1 12 4 0 5 20 0 0 0 0
  1 1 13 4 0 1 100 0 0 0 0
  1 1 14 4 0 2 50 0 0 0 0
  1 1 15 4 0 8 12.5 0 0 0 0
  1 1 16 4 0 3 33.3333333333333 0 0 0 0
  1 1 17 4 0 3 33.3333333333333 0 0 0 0
  1 1 18 4 0 1 100 0 0 0 0
  1 1 19 4 0 3 33.3333333333333 0 0 0 0
  1 1 20 4 0 3 33.3333333333333 0 0 0 0
  1 1 21 4 0 3 33.3333333333333 0 0 0 0
  1 1 22 4 0 2 50 0 0 0 0
  1 1 23 4 0 6 16.6666666666667 0 0 0 0
  1 1 24 4 0 1 100 0 0 0 0
  1 1 25 4 0 1 100 0 0 0 0
  1 1 26 4 0 2 50 0 0 0 0
  1 1 27 4 0 2 50 0 0 0 0
  1 1 28 4 0 4 25 0 0 0 0
  1 1 29 4 0 7 14.2857142857143 0 0 0 0
  1 1 30 4 0 6 16.6666666666667 0 0 0 0
  1 1 31 4 0 10 10 0 0 0 0
  1 1 32 4 0 7 14.2857142857143 0 0 0 0
  1 1 33 4 0 15 6.66666666666667 0 0 0 0
  1 1 34 4 0 19 5.26315789473684 0 0 0 0
  1 1 35 4 0 13 7.69230769230769 0 0 0 0
  1 1 36 4 0 23 4.34782608695652 0 0 0 0
  1 1 37 4 0 7 14.2857142857143 0 0 0 0
  1 1 38 4 0 7 14.2857142857143 0 0 0 0
  1 1 39 4 0 19 5.26315789473684 0 0 0 0
  1 1 40 4 0 25 4 0 0 0 0
  1 1 41 4 0 31 3.2258064516129 0 0 0 0
  1 1 42 4 0 31 3.2258064516129 0 0 0 0
  2 1 1 2 0 2 0 17.5 22 10.5 0
  2 1 2 2 0 5 5.6 3 8.8 2.6 0
  2 1 3 2 0 2 50 0 0 0 0
  2 1 4 2 0 5 11.6 8.4 0 0 0
  2 1 5 2 0 5 20 0 0 0 0
  2 1 6 2 0 5 17.8 2.2 0 0 0
  2 1 7 2 0 5 20 0 0 0 0
  2 1 8 2 0 1 100 0 0 0 0
  2 1 9 2 0 5 20 0 0 0 0
  2 1 10 2 0 5 20 0 0 0 0
  2 1 11 2 0 2 50 0 0 0 0
  2 1 12 2 0 5 20 0 0 0 0
  2 1 13 2 0 5 20 0 0 0 0
  2 1 14 2 0 5 19.8 0.2 0 0 0
  2 1 15 2 0 5 20 0 0 0 0
  2 1 16 2 0 5 20 0 0 0 0
  2 1 17 2 0 5 20 0 0 0 0
  2 1 18 2 0 5 20 0 0 0 0
  2 1 19 2 0 5 20 0 0 0 0
  2 1 20 2 0 30 3.33333333333333 0 0 0 0
  2 1 21 2 0 46 2.15217391304348 0.0217391304347826 0 0 0
  2 1 22 2 0 10 10 0 0 0 0
  2 1 23 2 0 19 5.15789473684211 0.105263157894737 0 0 0
  2 1 24 2 0 61 1.27868852459016 0.360655737704918 0 0 0
  2 1 25 2 0 29 3.44827586206897 0 0 0 0
  2 1 26 2 0 32 3.125 0 0 0 0
  2 1 27 2 0 16 6.25 0 0 0 0
  2 1 28 2 0 31 3.2258064516129 0 0 0 0
  2 1 29 2 0 44 2.27272727272727 0 0 0 0
  2 1 30 2 0 29 3.44827586206897 0 0 0 0
  2 1 31 2 0 25 4 0 0 0 0
  2 1 32 2 0 22 2.90909090909091 1.59090909090909 0.0454545454545455 0 0
  2 1 33 2 0 35 2.77142857142857 0.0857142857142857 0 0 0
  2 1 34 2 0 28 3.42857142857143 0.142857142857143 0 0 0
  2 1 35 2 0 45 2.17777777777778 0.0444444444444444 0 0 0
  2 1 36 2 0 51 1.96078431372549 0 0 0 0
  2 1 37 2 0 41 2.4390243902439 0 0 0 0
  2 1 38 2 0 36 2.72222222222222 0.0555555555555556 0 0 0
  2 1 39 2 0 20 4.7 0.3 0 0 0
  2 1 40 2 0 14 7.07142857142857 0.0714285714285714 0 0 0
  2 1 41 2 0 17 5.64705882352941 0.235294117647059 0 0 0
  2 1 42 2 0 24 4.16666666666667 0 0 0 0
  2 1 1 3 0 1 16 0 82 2 0
  2 1 2 3 0 5 5.6 0 5.4 9 0
  2 1 3 3 0 5 19.8 0 0.2 0 0
  2 1 4 3 0 1 100 0 0 0 0
  2 1 5 3 0 6 16.6666666666667 0 0 0 0
  2 1 6 3 0 4 25 0 0 0 0
  2 1 7 3 0 5 20 0 0 0 0
  2 1 8 3 0 1 100 0 0 0 0
  2 1 9 3 0 1 100 0 0 0 0
  2 1 10 3 0 1 100 0 0 0 0
  2 1 11 3 0 2 49.5 0.5 0 0 0
  2 1 12 3 0 5 20 0 0 0 0
  2 1 13 3 0 4 25 0 0 0 0
  2 1 14 3 0 8 12.375 0.125 0 0 0
  2 1 15 3 0 11 8.90909090909091 0.181818181818182 0 0 0
  2 1 16 3 0 5 19.8 0.2 0 0 0
  2 1 17 3 0 5 20 0 0 0 0
  2 1 18 3 0 1 98 2 0 0 0
  2 1 19 3 0 1 100 0 0 0 0
  2 1 20 3 0 4 25 0 0 0 0
  2 1 21 3 0 3 33 0.333333333333333 0 0 0
  2 1 22 3 0 4 25 0 0 0 0
  2 1 23 3 0 3 33 0.333333333333333 0 0 0
  2 1 24 3 0 3 33.3333333333333 0 0 0 0
  2 1 25 3 0 2 50 0 0 0 0
  2 1 26 3 0 4 24.75 0.25 0 0 0
  2 1 27 3 0 5 20 0 0 0 0
  2 1 28 3 0 4 24.75 0.25 0 0 0
  2 1 29 3 0 4 25 0 0 0 0
  2 1 30 3 0 24 4.125 0.0416666666666667 0 0 0
  2 1 31 3 0 10 10 0 0 0 0
  2 1 32 3 0 12 8.33333333333333 0 0 0 0
  2 1 33 3 0 4 25 0 0 0 0
  2 1 34 3 0 6 16.6666666666667 0 0 0 0
  2 1 35 3 0 2 50 0 0 0 0
  2 1 36 3 0 10 10 0 0 0 0
  2 1 37 3 0 9 11.1111111111111 0 0 0 0
  2 1 38 3 0 13 7.69230769230769 0 0 0 0
  2 1 39 3 0 16 5.9375 0.3125 0 0 0
  2 1 40 3 0 27 3.66666666666667 0.037037037037037 0 0 0
  2 1 41 3 0 15 6.66666666666667 0 0 0 0
  2 1 42 3 0 16 6.125 0.0625 0.0625 0 0
# end fishery length observations 
#  
# Survey diet proportion observations 
# Number of observations, init_int Ndietprop_obs 
  115
# init_matrix obs_dietprop(1,Ndietprop_obs,1,ncol) 
# Survey  Year  Predator  Predator_size InpN  wt_prey_1 wt_prey_2 wt_prey_3 wt_prey_4 wt_prey_5 wt_prey_6 wt_prey_7 wt_prey_8 wt_prey_9 wt_prey_10 wt_prey_11 other 
  1 12 1 2 100 0 0 0 0 1
  1 12 1 3 100 0.13 0 0 0 0.87
  1 13 1 3 100 0 0.2 0 0 0.8
  1 13 1 4 100 0 0.92 0 0 0.08
  1 15 1 2 100 0 0.48 0 0 0.52
  1 18 1 1 100 0.47 0 0 0 0.53
  1 18 1 2 100 0.07 0 0 0 0.93
  1 18 1 3 100 0 0.22 0 0 0.78
  1 19 1 2 100 0 0.24 0 0 0.76
  1 19 1 3 100 0 0.48 0 0 0.52
  1 20 1 3 100 0 0 0 0 1
  1 21 1 2 100 0 0 0 0 1
  1 21 1 3 100 0 0.55 0 0 0.45
  1 24 1 3 100 0 0.25 0 0 0.75
  1 25 1 3 100 0 0.74 0 0 0.26
  1 26 1 3 100 0 0.77 0.17 0 0.06
  1 27 1 3 100 0 0 1 0 0
  1 28 1 3 100 0 1 0 0 0
  1 33 1 3 100 0 0.79 0 0 0.21
  1 34 1 3 100 0 0.14 0 0 0.86
  1 35 1 3 100 0 0.1 0 0 0.9
  1 38 1 3 100 0 0 0 0 1
  1 39 1 3 100 0 0.45 0 0 0.55
  1 40 1 2 100 0 0.25 0 0 0.75
  1 41 1 2 100 0 0 0.53 0 0.47
  2 2 1 4 100 0 0.33 0 0 0.67
  2 11 1 3 100 0 0 0.29 0 0.71
  2 14 1 3 100 0 0.11 0 0 0.89
  2 14 1 4 100 0 0 0 0 1
  2 15 1 3 100 0 0.41 0 0 0.59
  2 16 1 3 100 0 0.34 0 0 0.66
  2 16 1 4 100 0 0 0 0 1
  2 19 1 3 100 0 0 0.43 0 0.57
  2 19 1 4 100 0 0 0.7 0 0.3
  2 21 1 3 100 0 0 0 0 1
  2 21 1 4 100 1 0 0 0 0
  2 22 1 3 100 0 0 0 0 1
  2 23 1 3 100 0 0 0 0 1
  2 24 1 3 100 0 0 0 0 1
  2 24 1 4 100 0 0.74 0 0 0.26
  2 25 1 2 100 0 0 0 0 1
  2 25 1 3 100 0 0.26 0 0 0.74
  2 26 1 3 100 0 0.95 0 0 0.05
  2 27 1 3 100 0 0.21 0 0 0.79
  2 27 1 4 100 0 0.41 0 0 0.59
  2 29 1 3 100 0 0 0.54 0 0.46
  2 33 1 3 100 0 0.16 0 0 0.84
  2 35 1 1 100 0 0.2 0 0 0.8
  2 35 1 2 100 0 0.01 0 0 0.99
  2 35 1 3 100 0 1 0 0 0
  2 36 1 3 100 0 0 0 0 1
  2 39 1 3 100 0 0.05 0 0 0.95
  2 40 1 2 100 0 0.12 0 0 0.88
  2 36 2 3 100 0.24 0 0 0 0.76
  2 30 3 2 100 0 0.02 0 0 0.98
  2 30 3 4 100 0 0 0 0 1
  1 8 4 2 100 0 0.29 0 0 0.71
  1 8 4 3 100 0 1 0 0 0
  1 11 4 3 100 0 0.31 0 0 0.69
  1 13 4 2 100 0 0.15 0 0 0.85
  1 13 4 3 100 0 0.43 0 0 0.57
  1 13 4 4 100 0 0 0.1 0 0.9
  1 14 4 3 100 0 0 0.77 0 0.23
  1 15 4 3 100 0 0 0 0 1
  1 15 4 4 100 0 0.09 0 0 0.91
  1 16 4 3 100 0 1 0 0 0
  1 16 4 4 100 0 0 0 0 1
  1 17 4 3 100 0 0 0 0 1
  1 18 4 3 100 0 0 0 0 1
  1 19 4 2 100 0 0 0 0 1
  1 19 4 3 100 0 0.65 0 0 0.35
  1 20 4 2 100 0 0 0 0 1
  1 20 4 3 100 0 0 0 0 1
  1 21 4 3 100 0 0.47 0 0 0.53
  1 22 4 2 100 0 0.62 0 0 0.38
  1 23 4 3 100 0 0.6 0 0 0.4
  1 24 4 3 100 0 0.99 0 0 0.01
  1 25 4 3 100 0 0 0 0 1
  1 25 4 4 100 0 0 0 0 1
  1 26 4 3 100 0 0 0 0 1
  1 27 4 2 100 0 0.44 0 0 0.56
  1 27 4 3 100 0 0 0 0 1
  1 28 4 2 100 0 0 0 0 1
  1 28 4 3 100 0 0.24 0 0 0.76
  1 29 4 3 100 0 0 0 0 1
  1 31 4 3 100 0 0 0 0 1
  1 31 4 4 100 0 0 0 0 1
  1 34 4 3 100 0 0 0 0 1
  1 40 4 3 100 0 1 0 0 0
  1 40 4 4 100 0 0 0 0 1
  1 42 4 3 100 0 0.12 0 0 0.88
  2 6 4 3 100 0 0 0.1 0 0.9
  2 8 4 3 100 0 0 0.24 0 0.76
  2 9 4 4 100 0 0 0 0.17 0.83
  2 14 4 4 100 0 0 0 0 1
  2 15 4 3 100 0 0 0 0 1
  2 16 4 3 100 0 0 0 0 1
  2 17 4 2 100 0 0 0 0 1
  2 18 4 3 100 0 0 0 0 1
  2 19 4 3 100 0 0 0 0 1
  2 21 4 3 100 0 0.06 0 0 0.94
  2 22 4 3 100 0 0.59 0 0 0.41
  2 23 4 3 100 0 0 0.56 0 0.44
  2 24 4 3 100 0 0.59 0 0 0.41
  2 25 4 3 100 0 0.94 0 0 0.06
  2 25 4 4 100 0 0 0.32 0 0.68
  2 27 4 3 100 0 0 0 0 1
  2 30 4 3 100 0 0.27 0 0 0.73
  2 33 4 3 100 0 0 0 0 1
  2 34 4 3 100 0 1 0 0 0
  2 35 4 3 100 0 0.92 0 0 0.08
  2 36 4 2 100 0 0.97 0 0 0.03
  2 36 4 3 100 0 1 0 0 0
  2 37 4 3 100 0 0.32 0 0 0.68
  2 42 4 3 100 0 0 1 0 0
# end survey diet proportion observations 
#  
