# This file was created using the write_tsDatFile function and used all the simulated data from sim_dta.rds found in repo:Hydra-self-testing
# Survey index data 
# Number of observations, init_int Nsurvey_obs
  329
# init_matrix obs_survey_biomass(1,Nsurvey_obs,1,5)
# survey year spp value cv
  1 1 4 593449.649778621 0.212720515437525
  2 1 4 407447.741101657 0.25363203301826
  1 2 4 18177.6137634603 0.222168779300385
  2 2 4 16348.8321446983 0.187773345626693
  1 3 4 218919.729665291 0.394113240257454
  2 3 4 5485.25639467467 0.423618201694685
  1 4 4 367377.190027013 0.310035034727007
  2 4 4 7322.56457920754 0.327069686277164
  1 5 4 126999.96927378 0.378629084128514
  2 5 4 5093.73326602457 0.391316523019912
  1 6 4 29055.4687875674 0.494427832556011
  2 6 4 1003.97697977917 0.376280830351703
  1 7 4 152929.556470018 0.759062286891916
  2 7 4 3020.93628098307 0.665352569827422
  1 8 4 3258.51500059199 0.383150869515862
  2 8 4 525.787963448219 0.433685089735353
  1 9 4 30539.0407403996 0.48934963094834
  2 9 4 821.518505610653 0.392371299771634
  1 10 4 23439.953431284 0.382452035825211
  2 10 4 945.969253346047 0.333798529002863
  1 11 4 9068.12054139751 0.566792532611316
  2 11 4 716.055329621104 0.868042030585988
  1 12 4 18101.3228901529 0.381518572031255
  2 12 4 447.172650659186 0.445144789260538
  1 13 4 7498.21511724752 0.438380584739347
  2 13 4 2683.21023681612 0.947226139495183
  1 14 4 8309.35586436112 0.482345652338289
  2 14 4 172.729165738291 0.377075764230608
  1 15 4 5778.96267364429 0.420835086749712
  2 15 4 120.24553529659 0.614716212748607
  1 16 4 4173.99797302298 0.515165860253858
  2 16 4 38.2936434878312 0.704031323768783
  1 17 4 4345.20603480118 0.559532625975744
  2 17 4 115.713103443994 0.319774204956139
  1 18 4 1600.10869655629 0.479008946214672
  2 18 4 24.2038860171046 0.41351869139049
  1 19 4 3779.86682082854 0.429419179801904
  2 19 4 125.264914676662 0.387615780132326
  1 20 4 10352.3687796661 0.477074256852948
  2 20 4 147.290408951059 0.315868813200741
  1 21 4 3012.64847332491 0.410621521476155
  2 21 4 106.642689166345 0.630050999524052
  1 22 4 15902.2900437185 0.294672690077384
  2 22 4 254.120405066715 0.335469505128288
  1 23 4 7164.43922182158 0.477447511398437
  2 23 4 153.238512492692 0.407625761955908
  1 24 4 7764.25177451755 0.384568504019134
  2 24 4 112.630333585316 0.43049173366256
  1 25 4 5215.97993673945 0.333261603198005
  2 25 4 42.3186723416604 0.843960441627036
  1 26 4 3640.80330509657 0.685474246042822
  2 26 4 92.8991544057405 0.429620783824035
  1 27 4 3284.35060394039 0.286882992344226
  2 27 4 50.2819913352472 0.81343687860715
  1 28 4 12748.0752217548 0.371822434434906
  2 28 4 255.196475517209 0.53327636373572
  1 29 4 9436.56033001902 0.592639130460935
  2 29 4 1199.30315859675 0.590339711107796
  1 30 4 22433.4270329402 0.374062101432949
  2 30 4 216.084571727415 0.701775131617819
  1 31 4 12039.9754869102 0.304499664309564
  2 31 4 546.052055186586 0.210828956182955
  1 32 4 44702.6190562773 0.233962995093855
  2 32 4 415.287281186565 0.329779252894958
  1 33 4 4243.33044511434 0.270006842918168
  2 33 4 343.184902942634 0.460124990024536
  1 34 4 5462.42657423586 0.350007507053818
  2 34 4 178.121351106031 0.837656243552001
  1 35 4 5879.9609377725 0.34274593698132
  2 35 4 137.3536345303 0.291986952078346
  1 36 4 22737.8057994246 0.261906583866089
  2 36 4 315.05878678893 0.425399553458769
  1 37 4 65082.8080110139 0.417429035160016
  2 37 4 1212.80412838935 0.287702894520317
  1 38 4 165739.007944352 0.441211421515246
  2 38 4 2174.04018234663 0.866971810340233
  1 39 4 15753.8262527348 0.495234601454268
  2 39 4 585.449988531401 0.556663444153977
  1 40 4 15242.1789845579 0.237858203733512
  2 40 4 214.250921393355 0.295404104464232
  1 41 4 4311.46895074036 0.327346172729995
  2 41 4 46.3442489853667 0.994030515469621
  1 42 4 1693.19666805485 0.368315456462939
  2 42 4 80.9838855621031 0.461505384764764
  1 1 2 4.64183374012493e-264 0.601375663623589
  2 1 2 3.00207932583081e-264 0.565196579518992
  2 2 2 1.41939048124907e-209 0.686052062200317
  2 3 2 7.59200657258555e-187 0.378997614818957
  1 4 2 1.01252733026313e-190 1
  2 4 2 4.61502061099177e-193 0.459316778181236
  1 5 2 1.88199168828154e-194 0.611089023955187
  2 5 2 1.66717518963578e-195 0.780615956536472
  1 6 2 1.89083485938786e-198 0.702037850017464
  2 6 2 2.22879990134178e-199 0.461790555986525
  1 7 2 1.1515193169653e-200 0.948289691951521
  2 7 2 1.09050939300557e-201 0.685175011742778
  1 8 2 6.44254715967242e-203 0.544380631361087
  2 8 2 1.26701722188203e-204 0.424096495665332
  1 9 2 1.05080918550131e-204 0.5393131982084
  2 9 2 1.917801465205e-205 0.454629127333952
  1 10 2 1.92629226257852e-205 0.88095039530815
  2 10 2 5.04348134296633e-207 0.419344308350161
  1 11 2 5.82362454431663e-208 0.799987970388403
  2 11 2 3.92581611780164e-208 0.839124360078806
  1 12 2 2.89675530485045e-202 0.774991903603438
  2 12 2 7.31119307826337e-204 0.424721667998453
  1 13 2 8.87109734941237e-206 0.863215133786584
  2 13 2 1.28334389295087e-207 0.387073469025502
  1 14 2 6.89261354421009e-208 0.704083892007286
  2 14 2 7.59035974164895e-209 0.312793018147624
  1 15 2 1.98902267514054e-201 0.457459057188701
  2 15 2 2.05304252080199e-203 0.459652287866146
  1 16 2 2.35333066823478e-187 0.853197309912465
  2 16 2 7.02637604341653e-189 0.628928805514438
  1 17 2 1.77470836015386e-200 0.61116783920211
  2 17 2 3.81979741098155e-202 0.3895964128798
  1 18 2 3.88930225130696e-205 0.416775375911518
  2 18 2 2.52666479786613e-206 0.495180348393774
  1 19 2 7.04314067758473e-186 0.69077510766454
  2 19 2 3.34279979203921e-188 0.347120352110889
  1 20 2 1.13218541797975e-189 0.793751288508348
  2 20 2 5.51081430093837e-192 0.526946514998015
  1 21 2 4.86224790077325e-193 0.339376634127756
  2 21 2 6.90368191841058e-194 0.609998621037514
  1 22 2 1.11917880703321e-194 0.601950919776798
  2 22 2 3.14691790482089e-196 0.389299707202565
  1 23 2 3.03609508729971e-197 0.658556209578282
  2 23 2 9.85351304650029e-198 0.288585466763824
  1 24 2 1.76490727209433e-196 0.637453135075156
  2 24 2 2.70001929557581e-199 0.480513100150493
  1 25 2 1.46271783418183e-201 0.510473149998029
  2 25 2 1.83835021415398e-202 0.338488147626423
  1 26 2 9.54573032443903e-191 0.548437091427541
  2 26 2 3.02170963485336e-193 0.345955330423839
  1 27 2 1.59653067349908e-177 0.492912195981742
  2 27 2 9.11379957582188e-180 0.33164245084141
  1 28 2 1.09242761083379e-180 0.747597319880804
  2 28 2 2.86728204509035e-183 0.447853531697379
  1 29 2 7.24413601041725e-184 0.451616070879294
  2 29 2 4.77519292709446e-185 0.305275882623724
  1 30 2 5.61642822419488e-185 0.797269558848634
  2 30 2 1.38647889842557e-186 0.605264936420634
  1 31 2 8.90347092663795e-187 0.666772556553203
  2 31 2 6.99112162907654e-188 0.359836468902791
  1 32 2 8.84099475968629e-189 0.96787270074405
  2 32 2 2.93986548231073e-189 0.422601396160012
  1 33 2 5.55946349853477e-191 0.404694020855087
  2 33 2 4.6512828424937e-192 0.465820030674526
  1 34 2 2.20591143041639e-193 0.814873375751391
  2 34 2 8.23968363510037e-194 0.505954372112585
  1 35 2 1.36421832477031e-195 0.533219898766676
  2 35 2 1.21428441650213e-196 0.287403659199158
  1 36 2 5.49772153267133e-198 0.371953858881132
  2 36 2 9.38274259078249e-199 0.365560779244073
  1 37 2 5.66103784480894e-200 0.791301167226987
  2 37 2 6.83578876852269e-201 0.487536998609889
  1 38 2 4.12755924523362e-201 0.633364993316759
  2 38 2 5.15072079922605e-202 0.644823084547079
  1 39 2 2.26225542248976e-202 0.827253682697507
  2 39 2 1.83726478139315e-203 0.354235596542703
  1 40 2 1.17732629001699e-203 0.900216415173481
  2 40 2 6.05336106220249e-205 0.395846441583114
  1 41 2 3.32928289747557e-206 0.957770995377006
  2 41 2 1.06050612807567e-207 0.496084887173497
  1 42 2 1.05727764616301e-208 0.55870584954739
  2 42 2 1.02008188701121e-209 0.604660139936764
  1 1 1 100953.325248822 0.241799049430762
  2 1 1 1361254.56193622 0.250018379470286
  1 2 1 48443.3783092694 0.142636213550947
  2 2 1 130331.972074569 0.163647146277456
  1 3 1 67524.8093461136 0.225478190042395
  2 3 1 36277.8061488934 0.192013183632222
  1 4 1 153078.010117935 0.323579734794357
  2 4 1 116919.224273516 0.162432383538487
  1 5 1 97036.2067269801 0.320666395151501
  2 5 1 954130.503676841 0.822390366318268
  1 6 1 2217.06247280888 0.452044832991261
  2 6 1 54816.2423265628 0.192408532269243
  1 7 1 71641.3185033384 0.28209645893665
  2 7 1 26377.2778016436 0.262097825842625
  1 8 1 6061.66090343602 0.414010381101596
  2 8 1 44298.7986072551 0.189959250209439
  1 9 1 20604.261155975 0.40638853202345
  2 9 1 10126.1773434908 0.178404315527443
  1 10 1 17162.8424958757 0.290993157294119
  2 10 1 26766.9046645697 0.156753980046499
  1 11 1 6822.96033617367 0.324615016521962
  2 11 1 21995.7787799599 0.174348711952217
  1 12 1 11239.8029041877 0.294780938380682
  2 12 1 8814.2551366496 0.195232854572048
  1 13 1 4276.65324979669 0.440402569626277
  2 13 1 6728.02942192222 0.185762358850192
  1 14 1 2939.80786302094 0.372421878022742
  2 14 1 3576.81870919175 0.151581173531864
  1 15 1 1977.43559608001 0.341871348717721
  2 15 1 3091.37162500315 0.233364310094868
  1 16 1 2966.13827246917 0.416897355424411
  2 16 1 1399.13100868462 0.283802183917676
  1 17 1 1792.1154889397 0.500820840736393
  2 17 1 2107.0155966494 0.495024013362717
  1 18 1 1153.66318871694 0.389853340834037
  2 18 1 1391.52631194436 0.390988792530431
  1 19 1 1146.03660940698 0.293941849282161
  2 19 1 854.90509353474 0.322403741112933
  1 20 1 2119.5662682818 0.525509720403112
  2 20 1 716.523381224015 0.218361153170241
  1 21 1 1326.19986239453 0.266433769579894
  2 21 1 2430.67548408196 0.421115605185845
  1 22 1 2233.64127707471 0.374831371194202
  2 22 1 2084.35989432606 0.227391091044855
  1 23 1 679.188278992816 0.352011231642473
  2 23 1 2780.45504379693 0.384269029090844
  1 24 1 2079.27537326123 0.34725908523047
  2 24 1 1456.34411673727 0.331291933735556
  1 25 1 2901.70086364594 0.578696888706846
  2 25 1 1492.43894568945 0.247394190789157
  1 26 1 1338.80748558813 0.459728456052307
  2 26 1 1074.02833412083 0.394189312610479
  1 27 1 774.252832164146 0.539982548576019
  2 27 1 1038.24174969171 0.72948972943007
  1 28 1 3024.0021815956 0.364309332200766
  2 28 1 1327.78971438818 0.278656828353639
  1 29 1 830.370341126205 0.562793580097325
  2 29 1 3862.03510385364 0.316141323613091
  1 30 1 5580.82201831383 0.420348818797864
  2 30 1 3029.46808642301 0.30511736182771
  1 31 1 2695.10818525291 0.403753427903273
  2 31 1 5397.67690419802 0.278331587636247
  1 32 1 9913.3626865873 0.491331418922754
  2 32 1 4730.24828677687 0.329726795744574
  1 33 1 720.601910884232 0.537081122476055
  2 33 1 4600.50654703808 0.33086845072982
  1 34 1 1968.93598488335 0.379030815152119
  2 34 1 386.437557449514 0.278881417082292
  1 35 1 708.767953301941 0.519511456600017
  2 35 1 939.56530531532 0.27351876283918
  1 36 1 609.656629534145 0.556056214854877
  2 36 1 392.293319137264 0.714061811185508
  1 37 1 2825.77890460736 0.588197671943964
  2 37 1 1405.13604232561 0.340315242626747
  1 38 1 3852.94516819345 0.324588369174256
  2 38 1 7392.82423592975 0.300199803594678
  1 39 1 665.478541603581 0.501841796783066
  2 39 1 2517.0404175748 0.438397059851219
  1 40 1 336.153545735083 0.403101009292275
  2 40 1 187.925506577422 0.410378233550251
  1 41 1 547.994195454768 0.478602624152216
  2 41 1 392.840666465129 0.362128776577143
  1 42 1 68.2578925544565 0.646634922078809
  2 42 1 66.3461189921858 0.816170985475773
  1 1 3 119640.472104018 0.499484636786782
  1 2 3 2963.45891039715 0.358153914340203
  2 2 3 25379.0306915532 0.577110518633802
  1 3 3 357894.905177903 0.678339172154909
  2 3 3 61076.5296815646 0.738121970739642
  1 4 3 15698.1496970949 1
  2 4 3 34728.9568477448 0.52056341701904
  1 5 3 108163.398944206 0.693225535250834
  2 5 3 15305.6372615592 1
  1 6 3 6140.02130756599 1
  2 6 3 2789.25486507711 0.48452157876779
  1 7 3 198.225620868707 0.912293822979085
  1 8 3 381.707331257362 0.655734850091527
  2 8 3 123.570204513912 0.750382084373246
  1 9 3 190.848905198224 0.670809892238012
  2 9 3 115.474247688006 0.47273108889926
  1 10 3 171.392518390942 0.631102684426709
  2 10 3 161.670364857481 0.919260399745188
  1 11 3 272.150430602901 0.496475444687371
  1 12 3 160.752091010499 0.740682868109632
  2 12 3 22.9642336956511 1
  1 13 3 153.855448952641 0.360862225436052
  1 14 3 274.362727900476 0.547901331396328
  2 14 3 107.851395221143 0.478873954421528
  1 15 3 116.778502882683 0.429608216382601
  2 15 3 108.897902944578 0.654713783069401
  1 16 3 1072.51605932149 0.69118921143411
  2 16 3 752.589349639829 0.8614889831113
  1 17 3 28.8286143720917 0.426971754606328
  2 17 3 179.111715142461 0.572182042928152
  1 18 3 12.3812347420554 0.505524319387353
  2 18 3 37.7002864137565 0.488492827246527
  1 19 3 56.1406970979421 0.644591984223249
  2 19 3 56.0906421749135 0.51925665989311
  1 20 3 54.5802884322329 0.899065435378594
  2 20 3 23.9572755603267 0.59569628754064
  1 21 3 25.4928418239387 0.543826822033971
  2 21 3 13.2637003318686 0.466111862829518
  1 22 3 641.730354555609 0.88174616562504
  2 22 3 90.8361001212446 0.568444982816852
  1 23 3 313.479662871949 0.408104676406013
  2 23 3 144.038070794386 0.357346049869971
  1 24 3 12.2397825446185 0.92608255019157
  2 24 3 42.5999579056999 0.539541007788685
  1 25 3 12.8354285403168 0.648664057223823
  2 25 3 15.2283428495033 0.576168087832409
  1 26 3 45.3080721363192 0.695927823776047
  2 26 3 28.4872387204147 0.549529982814455
  1 27 3 47.3820588238749 0.708713243925404
  2 27 3 24.7752294042553 0.496269825160911
  1 28 3 170.599186455757 0.489543853646182
  1 29 3 37.1133786042885 0.703511357168505
  2 29 3 82.4997633818162 0.875017095315649
  1 30 3 397.712417543502 0.631659802692532
  2 30 3 108.64014799832 0.908152223575802
  1 31 3 2303.84213858645 0.626570332091694
  2 31 3 1243.23096635004 0.712465807947941
  1 32 3 456.314973169945 0.661895735249442
  2 32 3 476.064785463646 0.86012943797605
  1 33 3 104.290984298521 0.783155911787346
  2 33 3 55.6570720295559 0.598390099709208
  1 34 3 15.391863057699 0.542775440757204
  2 34 3 46.442884336364 0.743173480285892
  1 35 3 5.63177769365542 0.870542376054271
  2 35 3 12.4388535340948 0.446478967244395
  1 36 3 260.534221326558 0.492193512682958
  2 36 3 63.1324750996585 0.490110041691513
  1 37 3 449.213082457724 0.909630520329322
  2 37 3 349.409638115506 0.433872317628348
  1 38 3 3661.89261529226 0.644773009949607
  2 38 3 1370.41807625275 0.484949159815328
  1 39 3 674.416406217831 0.515045488987725
  2 39 3 764.246223060081 0.388710136036013
  1 40 3 358.063824598005 0.442573167063876
  2 40 3 883.145114974098 0.395139923022642
  1 41 3 60.1034117126153 0.88587618368699
  2 41 3 112.977877431647 0.537531419606343
  1 42 3 467458.746576883 0.983269433580366
  2 42 3 484196.188560747 0.849696423298534
# end survey index observations 
#  
# Survey size comp data 
# Number of observations, init_int Nsurvey_size_obs 
  329
# init_matrix obs_survey_size(1,Nsurvey_size_obs,1,ncol) 
# Survey  Year  Species Type (0=whole, 1=retained, 2=discard) InpN, proportion by length bin 
  1 1 1 0 57 0.0350877192982456 0.929824561403509 0.736842105263158 0.0526315789473684 0
  1 2 1 0 65 0.876923076923077 0.661538461538462 0 0 0
  1 3 1 0 32 1.53125 1.59375 0 0 0
  1 4 1 0 32 1.78125 1.3125 0.03125 0 0
  1 5 1 0 21 2.52380952380952 2.19047619047619 0.0476190476190476 0 0
  1 6 1 0 18 0.555555555555556 3.38888888888889 1.55555555555556 0.0555555555555556 0
  1 7 1 0 25 2.08 1.92 0 0 0
  1 8 1 0 20 0.15 3.4 1.45 0 0
  1 9 1 0 16 3.25 3 0 0 0
  1 10 1 0 19 2.78947368421053 2.36842105263158 0.105263157894737 0 0
  1 11 1 0 20 2.1 2.9 0 0 0
  1 12 1 0 22 2.40909090909091 2.09090909090909 0.0454545454545455 0 0
  1 13 1 0 23 1.8695652173913 2.43478260869565 0.0434782608695652 0 0
  1 14 1 0 14 3.85714285714286 3.28571428571429 0 0 0
  1 15 1 0 21 2.61904761904762 2.14285714285714 0 0 0
  1 16 1 0 14 3.85714285714286 3.28571428571429 0 0 0
  1 17 1 0 17 2.70588235294118 3.17647058823529 0 0 0
  1 18 1 0 19 2.57894736842105 2.68421052631579 0 0 0
  1 19 1 0 18 2.72222222222222 2.83333333333333 0 0 0
  1 20 1 0 15 3.53333333333333 3 0.133333333333333 0 0
  1 21 1 0 21 2.38095238095238 2.28571428571429 0.0952380952380952 0 0
  1 22 1 0 13 4 3.69230769230769 0 0 0
  1 23 1 0 14 3.42857142857143 3.57142857142857 0.142857142857143 0 0
  1 24 1 0 14 4.21428571428571 2.92857142857143 0 0 0
  1 25 1 0 18 2.44444444444444 3.05555555555556 0.0555555555555556 0 0
  1 26 1 0 14 3.42857142857143 3.57142857142857 0.142857142857143 0 0
  1 27 1 0 23 2 2.30434782608696 0.0434782608695652 0 0
  1 28 1 0 14 3.64285714285714 3.5 0 0 0
  1 29 1 0 17 3 2.58823529411765 0.294117647058824 0 0
  1 30 1 0 18 3.83333333333333 1.72222222222222 0 0 0
  1 31 1 0 20 2.7 2.25 0.05 0 0
  1 32 1 0 10 4.4 5.4 0.2 0 0
  1 33 1 0 15 1.2 4.33333333333333 1.13333333333333 0 0
  1 34 1 0 18 3.16666666666667 2.38888888888889 0 0 0
  1 35 1 0 8 5.5 6.875 0.125 0 0
  1 36 1 0 12 4.91666666666667 3.41666666666667 0 0 0
  1 37 1 0 8 6.75 5.75 0 0 0
  1 38 1 0 16 3.375 2.8125 0.0625 0 0
  1 39 1 0 10 3.4 5.4 1.2 0 0
  1 40 1 0 10 6.5 3.5 0 0 0
  1 41 1 0 13 4.38461538461539 3.15384615384615 0.153846153846154 0 0
  1 42 1 0 8 6.125 6.375 0 0 0
  1 1 2 0 11 1.45454545454545 1.54545454545455 1.90909090909091 1.36363636363636 2.81818181818182
  1 4 2 0 1 16 31 12 17 24
  1 5 2 0 5 4.8 5.6 3.6 2.4 3.6
  1 6 2 0 1 17 18 22 20 23
  1 7 2 0 3 7.66666666666667 6.66666666666667 7 5.66666666666667 6.33333333333333
  1 8 2 0 4 7 4 4.25 4 5.75
  1 9 2 0 5 3.6 4.8 3 5.6 3
  1 10 2 0 10 2.3 1.7 1.8 2.2 2
  1 11 2 0 13 1.30769230769231 1.23076923076923 2.38461538461538 0.923076923076923 1.84615384615385
  1 12 2 0 15 1.33333333333333 1.93333333333333 1.06666666666667 1 1.33333333333333
  1 13 2 0 9 2.11111111111111 2.33333333333333 1.88888888888889 2.44444444444444 2.33333333333333
  1 14 2 0 6 2.83333333333333 4.16666666666667 3 2 4.66666666666667
  1 15 2 0 13 1.53846153846154 1.46153846153846 1.61538461538462 1.38461538461538 1.69230769230769
  1 16 2 0 10 1.7 1.7 2.6 2 2
  1 17 2 0 10 2.1 1.8 2.5 1.6 2
  1 18 2 0 18 0.777777777777778 0.833333333333333 1.16666666666667 1.33333333333333 1.44444444444444
  1 19 2 0 27 0.925925925925926 0.740740740740741 0.814814814814815 0.62962962962963 0.592592592592593
  1 20 2 0 23 1.08695652173913 0.869565217391304 0.869565217391304 0.695652173913043 0.826086956521739
  1 21 2 0 25 0.96 0.72 0.56 1.04 0.72
  1 22 2 0 9 2.44444444444444 1.88888888888889 2.55555555555556 2.44444444444444 1.77777777777778
  1 23 2 0 8 2.75 2.375 1.875 2.25 3.25
  1 24 2 0 9 1.88888888888889 2.88888888888889 2.88888888888889 1.77777777777778 1.66666666666667
  1 25 2 0 14 1.78571428571429 1.07142857142857 1.35714285714286 1.78571428571429 1.14285714285714
  1 26 2 0 18 1.05555555555556 0.833333333333333 1.44444444444444 1.05555555555556 1.16666666666667
  1 27 2 0 16 1.1875 1.75 1.5625 0.6875 1.0625
  1 28 2 0 6 2.33333333333333 3.16666666666667 2.66666666666667 4.66666666666667 3.83333333333333
  1 29 2 0 8 2 2.875 2.25 2.375 3
  1 30 2 0 17 1.29411764705882 1.41176470588235 1.35294117647059 0.882352941176471 0.941176470588235
  1 31 2 0 9 1.55555555555556 1.66666666666667 2.44444444444444 2.77777777777778 2.66666666666667
  1 32 2 0 30 0.566666666666667 0.633333333333333 0.6 0.6 0.933333333333333
  1 33 2 0 24 0.875 0.916666666666667 0.791666666666667 0.958333333333333 0.625
  1 34 2 0 25 0.72 0.6 1.16 0.64 0.88
  1 35 2 0 16 1.625 1.1875 1 1.1875 1.25
  1 36 2 0 13 1.23076923076923 1.23076923076923 1.84615384615385 1.84615384615385 1.53846153846154
  1 37 2 0 8 2.75 2.375 3.25 2.25 1.875
  1 38 2 0 10 1.6 2.1 2.4 2.4 1.5
  1 39 2 0 13 1.38461538461538 1.15384615384615 1.46153846153846 2 1.69230769230769
  1 40 2 0 8 2.5 3 2.125 2.5 2.375
  1 41 2 0 5 3.8 4.4 4.2 2.8 4.8
  1 42 2 0 17 1 1.11764705882353 1 1.52941176470588 1.23529411764706
  1 1 3 0 27 0 0.962962962962963 2.03703703703704 0.703703703703704 0
  1 2 3 0 13 0 0.153846153846154 3.61538461538462 3.92307692307692 0
  1 3 3 0 5 11.8 8.2 0 0 0
  1 4 3 0 2 4.5 32 13.5 0 0
  1 5 3 0 5 11.4 8.6 0 0 0
  1 6 3 0 1 31 57 12 0 0
  1 7 3 0 3 16.3333333333333 15 2 0 0
  1 8 3 0 3 19.6666666666667 13.6666666666667 0 0 0
  1 9 3 0 4 14.25 10.75 0 0 0
  1 10 3 0 4 12.5 12.5 0 0 0
  1 11 3 0 4 14 11 0 0 0
  1 12 3 0 2 29 20.5 0.5 0 0
  1 13 3 0 8 7.375 5.125 0 0 0
  1 14 3 0 19 2.94736842105263 2.21052631578947 0.105263157894737 0 0
  1 15 3 0 15 3.53333333333333 3.13333333333333 0 0 0
  1 16 3 0 12 3.58333333333333 4.66666666666667 0.0833333333333333 0 0
  1 17 3 0 14 1.35714285714286 4.42857142857143 1.35714285714286 0 0
  1 18 3 0 14 3.92857142857143 3.07142857142857 0.142857142857143 0 0
  1 19 3 0 15 3.6 3.06666666666667 0 0 0
  1 20 3 0 17 3.05882352941176 2.64705882352941 0.176470588235294 0 0
  1 21 3 0 12 5.08333333333333 3.25 0 0 0
  1 22 3 0 11 5.18181818181818 3.90909090909091 0 0 0
  1 23 3 0 16 3.3125 2.9375 0 0 0
  1 24 3 0 15 2 3.93333333333333 0.733333333333333 0 0
  1 25 3 0 4 12.75 12.25 0 0 0
  1 26 3 0 14 3.71428571428571 3.42857142857143 0 0 0
  1 27 3 0 6 8.33333333333333 8.33333333333333 0 0 0
  1 28 3 0 4 15 10 0 0 0
  1 29 3 0 2 24 26 0 0 0
  1 30 3 0 10 5.8 4.2 0 0 0
  1 31 3 0 9 5.55555555555556 5.55555555555556 0 0 0
  1 32 3 0 12 1.75 5.08333333333333 1.5 0 0
  1 33 3 0 5 10.8 9.2 0 0 0
  1 34 3 0 9 5.22222222222222 5.88888888888889 0 0 0
  1 35 3 0 5 8.8 11.2 0 0 0
  1 36 3 0 5 10 10 0 0 0
  1 37 3 0 3 15 18.3333333333333 0 0 0
  1 38 3 0 15 3.66666666666667 3 0 0 0
  1 39 3 0 12 4.58333333333333 3.58333333333333 0.166666666666667 0 0
  1 40 3 0 9 4.66666666666667 6.22222222222222 0.222222222222222 0 0
  1 41 3 0 8 3.125 6.75 2.625 0 0
  1 42 3 0 12 4 3.58333333333333 0.583333333333333 0.166666666666667 0
  1 1 4 0 86 0.604651162790698 0.0930232558139535 0.465116279069767 0 0
  1 2 4 0 100 0.02 0.14 0.82 0.02 0
  1 3 4 0 33 2.27272727272727 0.757575757575758 0 0 0
  1 4 4 0 44 1.84090909090909 0.431818181818182 0 0 0
  1 5 4 0 34 2.23529411764706 0.705882352941177 0 0 0
  1 6 4 0 40 1.625 0.775 0.1 0 0
  1 7 4 0 39 2.20512820512821 0.358974358974359 0 0 0
  1 8 4 0 49 1.63265306122449 0.408163265306122 0 0 0
  1 9 4 0 36 2.08333333333333 0.694444444444444 0 0 0
  1 10 4 0 43 1.7906976744186 0.534883720930233 0 0 0
  1 11 4 0 41 1.73170731707317 0.707317073170732 0 0 0
  1 12 4 0 35 2.34285714285714 0.514285714285714 0 0 0
  1 13 4 0 32 2.65625 0.46875 0 0 0
  1 14 4 0 21 3.76190476190476 0.952380952380952 0.0476190476190476 0 0
  1 15 4 0 30 2.76666666666667 0.566666666666667 0 0 0
  1 16 4 0 19 4.05263157894737 1.21052631578947 0 0 0
  1 17 4 0 35 2.37142857142857 0.485714285714286 0 0 0
  1 18 4 0 27 2.92592592592593 0.777777777777778 0 0 0
  1 19 4 0 34 2.26470588235294 0.676470588235294 0 0 0
  1 20 4 0 42 1.88095238095238 0.5 0 0 0
  1 21 4 0 41 1.78048780487805 0.658536585365854 0 0 0
  1 22 4 0 44 1.81818181818182 0.454545454545455 0 0 0
  1 23 4 0 28 3 0.571428571428571 0 0 0
  1 24 4 0 34 2.32352941176471 0.617647058823529 0 0 0
  1 25 4 0 36 2.02777777777778 0.75 0 0 0
  1 26 4 0 31 2.41935483870968 0.806451612903226 0 0 0
  1 27 4 0 39 2.17948717948718 0.384615384615385 0 0 0
  1 28 4 0 38 2.31578947368421 0.315789473684211 0 0 0
  1 29 4 0 48 1.66666666666667 0.416666666666667 0 0 0
  1 30 4 0 38 2.13157894736842 0.5 0 0 0
  1 31 4 0 61 1.29508196721311 0.344262295081967 0 0 0
  1 32 4 0 48 1.70833333333333 0.375 0 0 0
  1 33 4 0 49 1.57142857142857 0.469387755102041 0 0 0
  1 34 4 0 44 1.93181818181818 0.340909090909091 0 0 0
  1 35 4 0 61 1.36065573770492 0.278688524590164 0 0 0
  1 36 4 0 67 1.16417910447761 0.328358208955224 0 0 0
  1 37 4 0 57 1.40350877192982 0.350877192982456 0 0 0
  1 38 4 0 38 1.89473684210526 0.710526315789474 0.0263157894736842 0 0
  1 39 4 0 52 1.5 0.423076923076923 0 0 0
  1 40 4 0 43 1.83720930232558 0.488372093023256 0 0 0
  1 41 4 0 42 1.95238095238095 0.428571428571429 0 0 0
  1 42 4 0 61 1.31147540983607 0.311475409836066 0.0163934426229508 0 0
  2 1 1 0 58 0 0.0689655172413793 1.46551724137931 0.189655172413793 0
  2 2 1 0 83 0 0.313253012048193 0.686746987951807 0.204819277108434 0
  2 3 1 0 63 0 1.14285714285714 0.428571428571429 0.0158730158730159 0
  2 4 1 0 56 0 1.35714285714286 0.428571428571429 0 0
  2 5 1 0 55 0 0.636363636363636 1.18181818181818 0 0
  2 6 1 0 45 0 0.0888888888888889 2.11111111111111 0.0222222222222222 0
  2 7 1 0 46 0 2.06521739130435 0.0869565217391304 0.0217391304347826 0
  2 8 1 0 56 0 0.0714285714285714 1.71428571428571 0 0
  2 9 1 0 51 0 1.82352941176471 0.0980392156862745 0.0392156862745098 0
  2 10 1 0 44 0 1.20454545454545 1.06818181818182 0 0
  2 11 1 0 49 0 0.469387755102041 1.57142857142857 0 0
  2 12 1 0 50 0.04 1.36 0.58 0.02 0
  2 13 1 0 48 0 0.791666666666667 1.29166666666667 0 0
  2 14 1 0 52 0 1.13461538461538 0.788461538461538 0 0
  2 15 1 0 31 0 1.93548387096774 1.29032258064516 0 0
  2 16 1 0 38 0 1.60526315789474 1.02631578947368 0 0
  2 17 1 0 26 0 1.96153846153846 1.88461538461538 0 0
  2 18 1 0 33 0 1.21212121212121 1.81818181818182 0 0
  2 19 1 0 31 0 2.19354838709677 1.03225806451613 0 0
  2 20 1 0 38 0 1.73684210526316 0.894736842105263 0 0
  2 21 1 0 30 0 2.03333333333333 1.3 0 0
  2 22 1 0 35 0 2.2 0.628571428571429 0.0285714285714286 0
  2 23 1 0 35 0 0.885714285714286 1.97142857142857 0 0
  2 24 1 0 26 0 3 0.846153846153846 0 0
  2 25 1 0 32 0 1.65625 1.46875 0 0
  2 26 1 0 26 0 2.65384615384615 1.19230769230769 0 0
  2 27 1 0 37 0 0.891891891891892 1.81081081081081 0 0
  2 28 1 0 35 0 2.45714285714286 0.4 0 0
  2 29 1 0 33 0 1.21212121212121 1.81818181818182 0 0
  2 30 1 0 45 0.0222222222222222 1.77777777777778 0.4 0.0222222222222222 0
  2 31 1 0 34 0 1.41176470588235 1.52941176470588 0 0
  2 32 1 0 36 0.0555555555555556 1.63888888888889 1.05555555555556 0.0277777777777778 0
  2 33 1 0 42 0 0.142857142857143 2.23809523809524 0 0
  2 34 1 0 34 0.0588235294117647 2.67647058823529 0.205882352941176 0 0
  2 35 1 0 35 0 0.885714285714286 1.97142857142857 0 0
  2 36 1 0 28 0 2.25 1.28571428571429 0.0357142857142857 0
  2 37 1 0 22 0.0909090909090909 3.59090909090909 0.863636363636364 0 0
  2 38 1 0 32 0 1.5 1.625 0 0
  2 39 1 0 27 0 0.148148148148148 3.55555555555556 0 0
  2 40 1 0 39 0.0256410256410256 1.53846153846154 0.948717948717949 0.0512820512820513 0
  2 41 1 0 20 0 2.95 2.05 0 0
  2 42 1 0 30 0 1.06666666666667 2.26666666666667 0 0
  2 1 2 0 16 1.25 1.8125 1.125 1.3125 0.75
  2 2 2 0 20 1.25 1.05 1.25 0.7 0.75
  2 3 2 0 34 0.529411764705882 0.794117647058823 0.411764705882353 0.588235294117647 0.617647058823529
  2 4 2 0 15 1 1.73333333333333 1.26666666666667 1.06666666666667 1.6
  2 5 2 0 4 4.5 6.25 5.25 4.75 4.25
  2 6 2 0 7 2.14285714285714 2.57142857142857 3.28571428571429 3.85714285714286 2.42857142857143
  2 7 2 0 18 0.944444444444444 1.22222222222222 1 1.05555555555556 1.33333333333333
  2 8 2 0 22 0.818181818181818 1.09090909090909 1.22727272727273 0.772727272727273 0.636363636363636
  2 9 2 0 21 1.04761904761905 1.14285714285714 0.761904761904762 0.904761904761905 0.904761904761905
  2 10 2 0 11 1.54545454545455 2.18181818181818 1.54545454545455 2 1.81818181818182
  2 11 2 0 7 3.42857142857143 2.71428571428571 2.28571428571429 3.42857142857143 2.42857142857143
  2 12 2 0 19 1.05263157894737 0.789473684210526 1.31578947368421 1.31578947368421 0.789473684210526
  2 13 2 0 32 0.65625 0.5 0.5625 0.625 0.78125
  2 14 2 0 34 0.794117647058823 0.647058823529412 0.323529411764706 0.5 0.676470588235294
  2 15 2 0 27 0.814814814814815 0.666666666666667 0.481481481481481 0.777777777777778 0.962962962962963
  2 16 2 0 42 0.571428571428571 0.380952380952381 0.476190476190476 0.523809523809524 0.428571428571429
  2 17 2 0 34 0.441176470588235 0.529411764705882 0.617647058823529 0.588235294117647 0.764705882352941
  2 18 2 0 28 0.857142857142857 0.821428571428571 0.928571428571429 0.428571428571429 0.535714285714286
  2 19 2 0 26 1.34615384615385 0.807692307692308 0.730769230769231 0.5 0.461538461538462
  2 20 2 0 32 0.5 0.65625 0.625 0.75 0.59375
  2 21 2 0 37 0.621621621621622 0.513513513513513 0.540540540540541 0.513513513513513 0.513513513513513
  2 22 2 0 38 0.5 0.605263157894737 0.368421052631579 0.684210526315789 0.473684210526316
  2 23 2 0 41 0.439024390243902 0.536585365853659 0.560975609756098 0.365853658536585 0.536585365853659
  2 24 2 0 33 0.545454545454545 0.393939393939394 0.363636363636364 0.818181818181818 0.909090909090909
  2 25 2 0 45 0.466666666666667 0.444444444444444 0.333333333333333 0.511111111111111 0.466666666666667
  2 26 2 0 28 0.892857142857143 0.928571428571429 0.785714285714286 0.321428571428571 0.642857142857143
  2 27 2 0 47 0.595744680851064 0.425531914893617 0.340425531914894 0.382978723404255 0.382978723404255
  2 28 2 0 22 0.772727272727273 0.863636363636364 0.909090909090909 0.954545454545455 1.04545454545455
  2 29 2 0 40 0.575 0.425 0.45 0.475 0.575
  2 30 2 0 28 0.821428571428571 0.892857142857143 0.75 0.5 0.607142857142857
  2 31 2 0 32 0.84375 0.46875 0.65625 0.53125 0.625
  2 32 2 0 40 0.375 0.525 0.475 0.55 0.575
  2 33 2 0 43 0.511627906976744 0.511627906976744 0.441860465116279 0.465116279069767 0.395348837209302
  2 34 2 0 46 0.5 0.521739130434783 0.369565217391304 0.304347826086957 0.478260869565217
  2 35 2 0 60 0.383333333333333 0.266666666666667 0.316666666666667 0.333333333333333 0.366666666666667
  2 36 2 0 49 0.612244897959184 0.224489795918367 0.428571428571429 0.326530612244898 0.448979591836735
  2 37 2 0 32 0.5625 0.4375 0.71875 0.625 0.78125
  2 38 2 0 30 0.233333333333333 0.933333333333333 0.733333333333333 0.766666666666667 0.666666666666667
  2 39 2 0 29 0.620689655172414 0.724137931034483 0.482758620689655 0.96551724137931 0.655172413793103
  2 40 2 0 31 0.838709677419355 0.483870967741935 0.419354838709677 0.516129032258065 0.967741935483871
  2 41 2 0 14 1.14285714285714 1.78571428571429 1.78571428571429 1.07142857142857 1.35714285714286
  2 42 2 0 19 1 0.894736842105263 0.894736842105263 1.36842105263158 1.10526315789474
  2 2 3 0 3 0 0 1.66666666666667 31.6666666666667 0
  2 3 3 0 3 4 29 0 0.333333333333333 0
  2 4 3 0 7 0 2.28571428571429 12 0 0
  2 5 3 0 1 9 89 1 1 0
  2 6 3 0 14 0.428571428571429 2.35714285714286 4.28571428571429 0.0714285714285714 0
  2 8 3 0 10 1.1 7.6 0.2 1.1 0
  2 9 3 0 6 1.16666666666667 14.8333333333333 0.666666666666667 0 0
  2 10 3 0 2 5 42 3 0 0
  2 12 3 0 1 13 75 12 0 0
  2 14 3 0 9 1.77777777777778 8.88888888888889 0.444444444444444 0 0
  2 15 3 0 5 1.6 17.6 0.8 0 0
  2 16 3 0 9 1.33333333333333 9.44444444444444 0.333333333333333 0 0
  2 17 3 0 9 0 1.88888888888889 9.11111111111111 0.111111111111111 0
  2 18 3 0 13 0.538461538461538 6 0.615384615384615 0.538461538461538 0
  2 19 3 0 14 0.642857142857143 6.14285714285714 0.357142857142857 0 0
  2 20 3 0 19 0.210526315789474 3.05263157894737 1.94736842105263 0.0526315789473684 0
  2 21 3 0 20 0.7 4.15 0.15 0 0
  2 22 3 0 23 0.434782608695652 3.82608695652174 0.0869565217391304 0 0
  2 23 3 0 26 0.269230769230769 3.42307692307692 0.153846153846154 0 0
  2 24 3 0 28 0.142857142857143 1.42857142857143 1.82142857142857 0.178571428571429 0
  2 25 3 0 20 0.45 3.9 0.4 0.25 0
  2 26 3 0 7 1.42857142857143 12.1428571428571 0.714285714285714 0 0
  2 27 3 0 5 3.2 15.4 1.4 0 0
  2 29 3 0 6 1.5 14.5 0.666666666666667 0 0
  2 30 3 0 14 0.785714285714286 6.21428571428571 0.142857142857143 0 0
  2 31 3 0 7 2.71428571428571 11.4285714285714 0.142857142857143 0 0
  2 32 3 0 20 0 1.75 3.2 0.05 0
  2 33 3 0 18 0.444444444444444 3.16666666666667 1.27777777777778 0.666666666666667 0
  2 34 3 0 15 0.466666666666667 4.73333333333333 1 0.466666666666667 0
  2 35 3 0 28 0.285714285714286 2.64285714285714 0.571428571428571 0.0714285714285714 0
  2 36 3 0 25 0.4 3.48 0.12 0 0
  2 37 3 0 19 0.473684210526316 4.68421052631579 0.105263157894737 0 0
  2 38 3 0 33 0.333333333333333 2.48484848484848 0.181818181818182 0.0303030303030303 0
  2 39 3 0 32 0.34375 2.1875 0.5625 0.03125 0
  2 40 3 0 34 0.264705882352941 2.23529411764706 0.411764705882353 0.0294117647058824 0
  2 41 3 0 20 0.05 1.2 2.95 0.8 0
  2 42 3 0 27 0.148148148148148 0.925925925925926 1.59259259259259 1.03703703703704 0
  2 1 4 0 44 0 0 2.25 0.0227272727272727 0
  2 2 4 0 75 0 0 1.2 0.133333333333333 0
  2 3 4 0 66 0.0151515151515152 1.45454545454545 0.0454545454545455 0 0
  2 4 4 0 54 0.037037037037037 1.5 0.314814814814815 0 0
  2 5 4 0 31 0.0645161290322581 2.25806451612903 0.903225806451613 0 0
  2 6 4 0 24 0 2.16666666666667 2 0 0
  2 7 4 0 20 0.05 4.45 0.5 0 0
  2 8 4 0 25 0 1.28 2.72 0 0
  2 9 4 0 44 0.0681818181818182 2.15909090909091 0.0454545454545455 0 0
  2 10 4 0 36 0 2.22222222222222 0.555555555555556 0 0
  2 11 4 0 22 0 3.36363636363636 1.18181818181818 0 0
  2 12 4 0 21 0.0476190476190476 4.52380952380952 0.19047619047619 0 0
  2 13 4 0 26 0.0769230769230769 3.23076923076923 0.538461538461538 0 0
  2 14 4 0 35 0.0571428571428571 2.4 0.4 0 0
  2 15 4 0 21 0 4.14285714285714 0.619047619047619 0 0
  2 16 4 0 30 0.0666666666666667 3.16666666666667 0.1 0 0
  2 17 4 0 40 0.05 1.9 0.55 0 0
  2 18 4 0 42 0.0714285714285714 1.97619047619048 0.333333333333333 0 0
  2 19 4 0 46 0 2.08695652173913 0.0869565217391304 0 0
  2 20 4 0 37 0.027027027027027 2.32432432432432 0.351351351351351 0 0
  2 21 4 0 44 0.0227272727272727 2 0.25 0 0
  2 22 4 0 42 0.0476190476190476 2.11904761904762 0.214285714285714 0 0
  2 23 4 0 35 0.0285714285714286 2.37142857142857 0.457142857142857 0 0
  2 24 4 0 26 0.115384615384615 3.19230769230769 0.538461538461538 0 0
  2 25 4 0 19 0.0526315789473684 4.57894736842105 0.631578947368421 0 0
  2 26 4 0 29 0 2.93103448275862 0.517241379310345 0 0
  2 27 4 0 10 0.3 8.9 0.8 0 0
  2 28 4 0 20 0.05 4.7 0.25 0 0
  2 29 4 0 25 0.04 3.32 0.64 0 0
  2 30 4 0 18 0.222222222222222 4.5 0.833333333333333 0 0
  2 31 4 0 24 0.0416666666666667 3.08333333333333 1.04166666666667 0 0
  2 32 4 0 21 0.142857142857143 4.14285714285714 0.476190476190476 0 0
  2 33 4 0 10 0.1 5.9 4 0 0
  2 34 4 0 12 0.166666666666667 8 0.166666666666667 0 0
  2 35 4 0 29 0.0689655172413793 2.68965517241379 0.689655172413793 0 0
  2 36 4 0 17 0.0588235294117647 5.35294117647059 0.470588235294118 0 0
  2 37 4 0 39 0 2.35897435897436 0.205128205128205 0 0
  2 38 4 0 9 0 8.33333333333333 2.77777777777778 0 0
  2 39 4 0 50 0.02 1.42 0.56 0 0
  2 40 4 0 15 0 5.6 1.06666666666667 0 0
  2 41 4 0 7 0 10 4.28571428571429 0 0
  2 42 4 0 9 0.222222222222222 6.77777777777778 4.11111111111111 0 0
# end survey length observations 
#  
# Fishery catch data 
# Number of observations, init_int Ncatch_obs
  168
# init_matrix obs_catch_biomass(1,Ncatch_obs,1,6) 
# Fleet	Area	Year	Species	Catch(biomass t)	CV 
  1 1 1 1 15148.3005415797 0.05
  1 1 2 1 19206.3329304454 0.05
  1 1 3 1 19214.8856822802 0.05
  1 1 4 1 20305.0321852025 0.05
  1 1 5 1 25438.7373484505 0.05
  1 1 6 1 15897.9584409249 0.05
  1 1 7 1 15924.1741161892 0.05
  1 1 8 1 14083.3568617824 0.05
  1 1 9 1 12425.0934968509 0.05
  1 1 10 1 17591.7577478833 0.05
  1 1 11 1 19422.6193605769 0.05
  1 1 12 1 16478.0417224308 0.05
  1 1 13 1 18414.811696489 0.05
  1 1 14 1 15600.6619843761 0.05
  1 1 15 1 11749.2534671292 0.05
  1 1 16 1 8781.5571945106 0.05
  1 1 17 1 7923.1820788837 0.05
  1 1 18 1 4589.61738423327 0.05
  1 1 19 1 3753.89679238415 0.05
  1 1 20 1 5356.09980765849 0.05
  1 1 21 1 4091.89162687623 0.05
  1 1 22 1 5409.9521502494 0.05
  1 1 23 1 4574.59608050086 0.05
  1 1 24 1 5646.93050741089 0.05
  1 1 25 1 4343.4474037262 0.05
  1 1 26 1 5725.30000195012 0.05
  1 1 27 1 2015.3383022794 0.05
  1 1 28 1 1893.46912839384 0.05
  1 1 29 1 2365.5298457914 0.05
  1 1 30 1 3387.32426349176 0.05
  1 1 31 1 3886.69483927243 0.05
  1 1 32 1 3797.74371781815 0.05
  1 1 33 1 1667.13039193156 0.05
  1 1 34 1 1940.72515863847 0.05
  1 1 35 1 1281.37856986902 0.05
  1 1 36 1 673.966822536643 0.05
  1 1 37 1 1076.89741680559 0.05
  1 1 38 1 1051.7966441838 0.05
  1 1 39 1 830.666060386115 0.05
  1 1 40 1 553.999373412103 0.05
  1 1 41 1 674.016138171921 0.05
  1 1 42 1 375.60458457243 0.05
  1 1 1 4 6243.90588307518 0.05
  1 1 2 4 4085.16087094017 0.05
  1 1 3 4 6477.39553885776 0.05
  1 1 4 4 6888.06189569788 0.05
  1 1 5 4 8227.74597131889 0.05
  1 1 6 4 8594.86861365909 0.05
  1 1 7 4 6326.74163945031 0.05
  1 1 8 4 6769.17012675506 0.05
  1 1 9 4 6639.72001327109 0.05
  1 1 10 4 6709.00294127177 0.05
  1 1 11 4 8159.74841860893 0.05
  1 1 12 4 9723.49158043959 0.05
  1 1 13 4 13203.1398976175 0.05
  1 1 14 4 11441.8016096397 0.05
  1 1 15 4 8161.20605569858 0.05
  1 1 16 4 6358.27104485793 0.05
  1 1 17 4 11283.870029131 0.05
  1 1 18 4 4416.40207316611 0.05
  1 1 19 4 5624.89075169966 0.05
  1 1 20 4 9217.82128447955 0.05
  1 1 21 4 4240.84154674579 0.05
  1 1 22 4 4629.14153734268 0.05
  1 1 23 4 6918.86685374751 0.05
  1 1 24 4 6475.02671316535 0.05
  1 1 25 4 5842.35185132184 0.05
  1 1 26 4 4375.05519275114 0.05
  1 1 27 4 2967.49850449764 0.05
  1 1 28 4 1929.75835124531 0.05
  1 1 29 4 5005.91727057536 0.05
  1 1 30 4 3206.52432080075 0.05
  1 1 31 4 2215.56857517041 0.05
  1 1 32 4 3725.19660643706 0.05
  1 1 33 4 2966.61624092473 0.05
  1 1 34 4 3174.49134378844 0.05
  1 1 35 4 3723.56420745438 0.05
  1 1 36 4 2987.93716417357 0.05
  1 1 37 4 4933.2622600619 0.05
  1 1 38 4 4178.09218738329 0.05
  1 1 39 4 5156.16801709443 0.05
  1 1 40 4 4121.48969404142 0.05
  1 1 41 4 3323.90498612578 0.05
  1 1 42 4 2468.94675385307 0.05
  2 1 1 2 1384.22141837239 0.05
  2 1 2 2 885.20661771094 0.05
  2 1 3 2 1486.32624151937 0.05
  2 1 4 2 882.148079019574 0.05
  2 1 5 2 1312.7915054655 0.05
  2 1 6 2 1209.24736043612 0.05
  2 1 7 2 701.133323312052 0.05
  2 1 8 2 946.319055932306 0.05
  2 1 9 2 857.402779190941 0.05
  2 1 10 2 811.000577400004 0.05
  2 1 11 2 1088.2338002729 0.05
  2 1 12 2 973.570233637084 0.05
  2 1 13 2 3733.24084579531 0.05
  2 1 14 2 1799.06018276422 0.05
  2 1 15 2 1242.12573686922 0.05
  2 1 16 2 2494.2294890883 0.05
  2 1 17 2 1985.22276256265 0.05
  2 1 18 2 28.02345028199 0.05
  2 1 19 2 3869.77637851457 0.05
  2 1 20 2 6340.64990678993 0.05
  2 1 21 2 13528.8270087356 0.05
  2 1 22 2 16015.3475055864 0.05
  2 1 23 2 10168.439811687 0.05
  2 1 24 2 21683.6451011654 0.05
  2 1 25 2 10019.735713255 0.05
  2 1 26 2 13330.3050988647 0.05
  2 1 27 2 13359.3995058053 0.05
  2 1 28 2 8376.63520686959 0.05
  2 1 29 2 10730.9367383376 0.05
  2 1 30 2 7595.99917004032 0.05
  2 1 31 2 8320.9083962838 0.05
  2 1 32 2 16917.5252746238 0.05
  2 1 33 2 9675.64627792686 0.05
  2 1 34 2 18245.1174912476 0.05
  2 1 35 2 17069.312855036 0.05
  2 1 36 2 19718.1193692499 0.05
  2 1 37 2 18907.6040378384 0.05
  2 1 38 2 17571.3183733695 0.05
  2 1 39 2 11526.157307016 0.05
  2 1 40 2 6885.64108967025 0.05
  2 1 41 2 6403.90768219452 0.05
  2 1 42 2 1448.65864435281 0.05
  2 1 1 3 473.592131503039 0.05
  2 1 2 3 240.601229793687 0.05
  2 1 3 3 324.852309968998 0.05
  2 1 4 3 357.88203112772 0.05
  2 1 5 3 2794.34380145886 0.05
  2 1 6 3 3275.85237705917 0.05
  2 1 7 3 2579.75937816232 0.05
  2 1 8 3 2671.89680434371 0.05
  2 1 9 3 3651.73063472934 0.05
  2 1 10 3 2708.98017878633 0.05
  2 1 11 3 3324.62079185754 0.05
  2 1 12 3 575.030740043164 0.05
  2 1 13 3 2481.76430607604 0.05
  2 1 14 3 1244.09908738074 0.05
  2 1 15 3 949.110797185362 0.05
  2 1 16 3 951.999682785719 0.05
  2 1 17 3 16006.330394987 0.05
  2 1 18 3 1253.55548515883 0.05
  2 1 19 3 942.177727587069 0.05
  2 1 20 3 778.038525586571 0.05
  2 1 21 3 495.002040150234 0.05
  2 1 22 3 2190.84264009159 0.05
  2 1 23 3 1077.56142311747 0.05
  2 1 24 3 230.827710631652 0.05
  2 1 25 3 921.354701584339 0.05
  2 1 26 3 2132.06106906753 0.05
  2 1 27 3 2469.58960026416 0.05
  2 1 28 3 675.095095659048 0.05
  2 1 29 3 1498.39656412477 0.05
  2 1 30 3 2013.99174171908 0.05
  2 1 31 3 1681.2273192829 0.05
  2 1 32 3 633.142427556707 0.05
  2 1 33 3 173.7259112626 0.05
  2 1 34 3 125.226590511121 0.05
  2 1 35 3 144.44379970553 0.05
  2 1 36 3 2025.91396430133 0.05
  2 1 37 3 2373.57953039115 0.05
  2 1 38 3 1021.71295881424 0.05
  2 1 39 3 941.140245046365 0.05
  2 1 40 3 1633.80388805826 0.05
  2 1 41 3 16075.1003118155 0.05
  2 1 42 3 18703.8447659528 0.05
# end catch observations 
#  
# Fishery size comp data 
# Number of observations, init_int Ncatch_size_obs 
  168
# init_matrix obs_catch_size(1,Ncatch_size_obs,1,ncol) 
# Fleet Area  Year  Species Type (0=whole, 1=retained, 2=discard) InpN, proportion by size bin 
  1 1 1 1 0 81 0 0.382716049382716 0.358024691358025 0.135802469135802 0.358024691358025
  1 1 2 1 0 73 1.35616438356164 0 0 0.0136986301369863 0
  1 1 3 1 0 65 1.47692307692308 0.0307692307692308 0 0.0307692307692308 0
  1 1 4 1 0 56 1.73214285714286 0.0357142857142857 0.0178571428571429 0 0
  1 1 5 1 0 120 0.775 0.0583333333333333 0 0 0
  1 1 6 1 0 130 0.323076923076923 0.323076923076923 0.123076923076923 0 0
  1 1 7 1 0 94 1.06382978723404 0 0 0 0
  1 1 8 1 0 94 0.393617021276596 0.670212765957447 0 0 0
  1 1 9 1 0 82 1.20731707317073 0 0.0121951219512195 0 0
  1 1 10 1 0 76 1.28947368421053 0.0263157894736842 0 0 0
  1 1 11 1 0 74 1.31081081081081 0.0405405405405405 0 0 0
  1 1 12 1 0 65 1.53846153846154 0 0 0 0
  1 1 13 1 0 77 1.2987012987013 0 0 0 0
  1 1 14 1 0 88 1.11363636363636 0.0227272727272727 0 0 0
  1 1 15 1 0 66 1.5 0.0151515151515152 0 0 0
  1 1 16 1 0 69 1.43478260869565 0.0144927536231884 0 0 0
  1 1 17 1 0 43 2.32558139534884 0 0 0 0
  1 1 18 1 0 34 2.94117647058824 0 0 0 0
  1 1 19 1 0 55 1.8 0.0181818181818182 0 0 0
  1 1 20 1 0 64 1.546875 0.015625 0 0 0
  1 1 21 1 0 77 1.27272727272727 0.025974025974026 0 0 0
  1 1 22 1 0 67 1.47761194029851 0.0149253731343284 0 0 0
  1 1 23 1 0 133 0.714285714285714 0.037593984962406 0 0 0
  1 1 24 1 0 98 1.02040816326531 0 0 0 0
  1 1 25 1 0 91 1.06593406593407 0.021978021978022 0.010989010989011 0 0
  1 1 26 1 0 77 1.2987012987013 0 0 0 0
  1 1 27 1 0 102 0.931372549019608 0.0392156862745098 0.00980392156862745 0 0
  1 1 28 1 0 76 1.30263157894737 0.0131578947368421 0 0 0
  1 1 29 1 0 110 0.881818181818182 0.0272727272727273 0 0 0
  1 1 30 1 0 100 0.98 0.02 0 0 0
  1 1 31 1 0 108 0.898148148148148 0.0277777777777778 0 0 0
  1 1 32 1 0 118 0.779661016949153 0.0593220338983051 0.00847457627118644 0 0
  1 1 33 1 0 129 0.403100775193798 0.364341085271318 0.00775193798449612 0 0
  1 1 34 1 0 90 1.1 0 0.0111111111111111 0 0
  1 1 35 1 0 69 1.40579710144928 0.0434782608695652 0 0 0
  1 1 36 1 0 80 1.225 0.025 0 0 0
  1 1 37 1 0 62 1.61290322580645 0 0 0 0
  1 1 38 1 0 94 1.0531914893617 0.0106382978723404 0 0 0
  1 1 39 1 0 75 0.8 0.453333333333333 0.08 0 0
  1 1 40 1 0 75 1.33333333333333 0 0 0 0
  1 1 41 1 0 35 2.85714285714286 0 0 0 0
  1 1 42 1 0 22 4.40909090909091 0.136363636363636 0 0 0
  1 1 1 4 0 5 4 0 0 0 16
  1 1 2 4 0 5 20 0 0 0 0
  1 1 3 4 0 5 20 0 0 0 0
  1 1 4 4 0 5 20 0 0 0 0
  1 1 5 4 0 5 20 0 0 0 0
  1 1 6 4 0 5 20 0 0 0 0
  1 1 7 4 0 5 20 0 0 0 0
  1 1 8 4 0 5 20 0 0 0 0
  1 1 9 4 0 5 20 0 0 0 0
  1 1 10 4 0 5 20 0 0 0 0
  1 1 11 4 0 1 100 0 0 0 0
  1 1 12 4 0 5 20 0 0 0 0
  1 1 13 4 0 1 100 0 0 0 0
  1 1 14 4 0 2 50 0 0 0 0
  1 1 15 4 0 8 12.5 0 0 0 0
  1 1 16 4 0 3 33.3333333333333 0 0 0 0
  1 1 17 4 0 3 33.3333333333333 0 0 0 0
  1 1 18 4 0 1 100 0 0 0 0
  1 1 19 4 0 3 33.3333333333333 0 0 0 0
  1 1 20 4 0 3 33.3333333333333 0 0 0 0
  1 1 21 4 0 3 33.3333333333333 0 0 0 0
  1 1 22 4 0 2 50 0 0 0 0
  1 1 23 4 0 6 16.6666666666667 0 0 0 0
  1 1 24 4 0 1 100 0 0 0 0
  1 1 25 4 0 1 100 0 0 0 0
  1 1 26 4 0 2 50 0 0 0 0
  1 1 27 4 0 2 50 0 0 0 0
  1 1 28 4 0 4 25 0 0 0 0
  1 1 29 4 0 7 14.2857142857143 0 0 0 0
  1 1 30 4 0 6 16.6666666666667 0 0 0 0
  1 1 31 4 0 10 10 0 0 0 0
  1 1 32 4 0 7 14.2857142857143 0 0 0 0
  1 1 33 4 0 15 6.66666666666667 0 0 0 0
  1 1 34 4 0 19 5.26315789473684 0 0 0 0
  1 1 35 4 0 13 7.69230769230769 0 0 0 0
  1 1 36 4 0 23 4.34782608695652 0 0 0 0
  1 1 37 4 0 7 14.2857142857143 0 0 0 0
  1 1 38 4 0 7 14.2857142857143 0 0 0 0
  1 1 39 4 0 19 5.26315789473684 0 0 0 0
  1 1 40 4 0 25 4 0 0 0 0
  1 1 41 4 0 31 3.2258064516129 0 0 0 0
  1 1 42 4 0 31 3.2258064516129 0 0 0 0
  2 1 1 2 0 2 0 15 25.5 9.5 0
  2 1 2 2 0 5 5.2 3 8.2 3.6 0
  2 1 3 2 0 2 50 0 0 0 0
  2 1 4 2 0 5 8 12 0 0 0
  2 1 5 2 0 5 20 0 0 0 0
  2 1 6 2 0 5 18 2 0 0 0
  2 1 7 2 0 5 20 0 0 0 0
  2 1 8 2 0 1 100 0 0 0 0
  2 1 9 2 0 5 20 0 0 0 0
  2 1 10 2 0 5 20 0 0 0 0
  2 1 11 2 0 2 50 0 0 0 0
  2 1 12 2 0 5 20 0 0 0 0
  2 1 13 2 0 5 20 0 0 0 0
  2 1 14 2 0 5 20 0 0 0 0
  2 1 15 2 0 5 20 0 0 0 0
  2 1 16 2 0 5 20 0 0 0 0
  2 1 17 2 0 5 20 0 0 0 0
  2 1 18 2 0 5 20 0 0 0 0
  2 1 19 2 0 5 20 0 0 0 0
  2 1 20 2 0 30 3.33333333333333 0 0 0 0
  2 1 21 2 0 46 2.17391304347826 0 0 0 0
  2 1 22 2 0 10 10 0 0 0 0
  2 1 23 2 0 19 5.26315789473684 0 0 0 0
  2 1 24 2 0 61 1.27868852459016 0.344262295081967 0.0163934426229508 0 0
  2 1 25 2 0 29 3.44827586206897 0 0 0 0
  2 1 26 2 0 32 3.125 0 0 0 0
  2 1 27 2 0 16 6.1875 0.0625 0 0 0
  2 1 28 2 0 31 3.2258064516129 0 0 0 0
  2 1 29 2 0 44 2.27272727272727 0 0 0 0
  2 1 30 2 0 29 3.44827586206897 0 0 0 0
  2 1 31 2 0 25 3.96 0.04 0 0 0
  2 1 32 2 0 22 2.86363636363636 1.63636363636364 0.0454545454545455 0 0
  2 1 33 2 0 35 2.85714285714286 0 0 0 0
  2 1 34 2 0 28 3.5 0.0714285714285714 0 0 0
  2 1 35 2 0 45 2.22222222222222 0 0 0 0
  2 1 36 2 0 51 1.96078431372549 0 0 0 0
  2 1 37 2 0 41 2.41463414634146 0.024390243902439 0 0 0
  2 1 38 2 0 36 2.72222222222222 0.0555555555555556 0 0 0
  2 1 39 2 0 20 4.85 0.15 0 0 0
  2 1 40 2 0 14 7.07142857142857 0.0714285714285714 0 0 0
  2 1 41 2 0 17 5.52941176470588 0.352941176470588 0 0 0
  2 1 42 2 0 24 4.16666666666667 0 0 0 0
  2 1 1 3 0 1 20 0 77 3 0
  2 1 2 3 0 5 6 0.2 6.6 7.2 0
  2 1 3 3 0 5 20 0 0 0 0
  2 1 4 3 0 1 99 1 0 0 0
  2 1 5 3 0 6 16.5 0.166666666666667 0 0 0
  2 1 6 3 0 4 24.75 0.25 0 0 0
  2 1 7 3 0 5 20 0 0 0 0
  2 1 8 3 0 1 99 1 0 0 0
  2 1 9 3 0 1 100 0 0 0 0
  2 1 10 3 0 1 100 0 0 0 0
  2 1 11 3 0 2 48.5 1.5 0 0 0
  2 1 12 3 0 5 20 0 0 0 0
  2 1 13 3 0 4 25 0 0 0 0
  2 1 14 3 0 8 12.5 0 0 0 0
  2 1 15 3 0 11 9 0.0909090909090909 0 0 0
  2 1 16 3 0 5 20 0 0 0 0
  2 1 17 3 0 5 20 0 0 0 0
  2 1 18 3 0 1 99 1 0 0 0
  2 1 19 3 0 1 100 0 0 0 0
  2 1 20 3 0 4 24.75 0.25 0 0 0
  2 1 21 3 0 3 33.3333333333333 0 0 0 0
  2 1 22 3 0 4 25 0 0 0 0
  2 1 23 3 0 3 33 0.333333333333333 0 0 0
  2 1 24 3 0 3 33.3333333333333 0 0 0 0
  2 1 25 3 0 2 49.5 0.5 0 0 0
  2 1 26 3 0 4 24.75 0.25 0 0 0
  2 1 27 3 0 5 20 0 0 0 0
  2 1 28 3 0 4 24.75 0 0.25 0 0
  2 1 29 3 0 4 25 0 0 0 0
  2 1 30 3 0 24 4.16666666666667 0 0 0 0
  2 1 31 3 0 10 9.8 0.2 0 0 0
  2 1 32 3 0 12 8.33333333333333 0 0 0 0
  2 1 33 3 0 4 24.25 0.75 0 0 0
  2 1 34 3 0 6 16.6666666666667 0 0 0 0
  2 1 35 3 0 2 50 0 0 0 0
  2 1 36 3 0 10 9.8 0.2 0 0 0
  2 1 37 3 0 9 11.1111111111111 0 0 0 0
  2 1 38 3 0 13 7.53846153846154 0.153846153846154 0 0 0
  2 1 39 3 0 16 6.125 0.125 0 0 0
  2 1 40 3 0 27 3.66666666666667 0.037037037037037 0 0 0
  2 1 41 3 0 15 6.6 0.0666666666666667 0 0 0
  2 1 42 3 0 16 6.25 0 0 0 0
# end fishery length observations 
#  
# Survey diet proportion observations 
# Number of observations, init_int Ndietprop_obs 
  115
# init_matrix obs_dietprop(1,Ndietprop_obs,1,ncol) 
# Survey  Year  Predator  Predator_size InpN  wt_prey_1 wt_prey_2 wt_prey_3 wt_prey_4 wt_prey_5 wt_prey_6 wt_prey_7 wt_prey_8 wt_prey_9 wt_prey_10 wt_prey_11 other 
  1 12 1 2 100 0 0 0 0 1
  1 12 1 3 100 0.13 0 0 0 0.87
  1 13 1 3 100 0 0.17 0 0 0.83
  1 13 1 4 100 0 0.91 0 0 0.09
  1 15 1 2 100 0 0.43 0 0 0.57
  1 18 1 1 100 0.53 0 0 0 0.47
  1 18 1 2 100 0.05 0 0 0 0.95
  1 18 1 3 100 0 0.2 0 0 0.8
  1 19 1 2 100 0 0.21 0 0 0.79
  1 19 1 3 100 0 0.5 0 0 0.5
  1 20 1 3 100 0 0 0 0 1
  1 21 1 2 100 0 0 0 0 1
  1 21 1 3 100 0 0.57 0 0 0.43
  1 24 1 3 100 0 0.24 0 0 0.76
  1 25 1 3 100 0 0.82 0 0 0.18
  1 26 1 3 100 0 0.8 0.15 0 0.05
  1 27 1 3 100 0 0 1 0 0
  1 28 1 3 100 0 1 0 0 0
  1 33 1 3 100 0 0.77 0 0 0.23
  1 34 1 3 100 0 0.12 0 0 0.88
  1 35 1 3 100 0 0.13 0 0 0.87
  1 38 1 3 100 0 0 0 0 1
  1 39 1 3 100 0 0.37 0 0 0.63
  1 40 1 2 100 0 0.28 0 0 0.72
  1 41 1 2 100 0 0 0.56 0 0.44
  2 2 1 4 100 0 0.22 0 0 0.78
  2 11 1 3 100 0 1 0 0 0
  2 14 1 3 100 0 0.34 0 0 0.66
  2 14 1 4 100 0 0.17 0 0 0.83
  2 15 1 3 100 0 0.45 0 0 0.55
  2 16 1 3 100 0 0 0.13 0 0.87
  2 16 1 4 100 0 0 0.79 0 0.21
  2 19 1 3 100 0 0 0 0 1
  2 19 1 4 100 0 0.1 0 0 0.9
  2 21 1 3 100 0 1 0 0 0
  2 21 1 4 100 0 0 0 0 1
  2 22 1 3 100 0 0 0 0 1
  2 23 1 3 100 0 0 0 0 1
  2 24 1 3 100 0 0 0 0 1
  2 24 1 4 100 0 0.67 0 0 0.33
  2 25 1 2 100 0 0 0 0 1
  2 25 1 3 100 0 0 0 0 1
  2 26 1 3 100 0 0.52 0 0 0.48
  2 27 1 3 100 0 0.66 0 0 0.34
  2 27 1 4 100 0 0.61 0 0 0.39
  2 29 1 3 100 0 1 0 0 0
  2 33 1 3 100 0 0 0 0 1
  2 35 1 1 100 0 0 0 0 1
  2 35 1 2 100 0 0 0 0 1
  2 35 1 3 100 0 0.4 0 0 0.6
  2 36 1 3 100 0 0 0 0 1
  2 39 1 3 100 0 0 0 0 1
  2 40 1 2 100 0 0.21 0 0 0.79
  2 36 2 3 100 0 0 0 0 1
  2 30 3 2 100 0 0 0 0 1
  2 30 3 4 100 0 0 0 0 1
  1 8 4 2 100 0 0 0 0 1
  1 8 4 3 100 0 1 0 0 0
  1 11 4 3 100 0 0 0 0 1
  1 13 4 2 100 0 0.1 0 0 0.9
  1 13 4 3 100 0 0.37 0 0 0.63
  1 13 4 4 100 0 0 0.33 0 0.67
  1 14 4 3 100 0 0.07 0 0 0.93
  1 15 4 3 100 0 0 0 0 1
  1 15 4 4 100 0 0.46 0 0 0.54
  1 16 4 3 100 0 0.39 0 0 0.61
  1 16 4 4 100 0 0 0 0 1
  1 17 4 3 100 0 0 0.41 0 0.59
  1 18 4 3 100 0 0 0.67 0 0.33
  1 19 4 2 100 0 0 0 0 1
  1 19 4 3 100 1 0 0 0 0
  1 20 4 2 100 0 0 0 0 1
  1 20 4 3 100 0 0 0 0 1
  1 21 4 3 100 0 0 0 0 1
  1 22 4 2 100 0 0.72 0 0 0.28
  1 23 4 3 100 0 0 0 0 1
  1 24 4 3 100 0 0.24 0 0 0.76
  1 25 4 3 100 0 0.92 0 0 0.08
  1 25 4 4 100 0 0.19 0 0 0.81
  1 26 4 3 100 0 0.37 0 0 0.63
  1 27 4 2 100 0 0 0.49 0 0.51
  1 27 4 3 100 0 0.11 0 0 0.89
  1 28 4 2 100 0 0.21 0 0 0.79
  1 28 4 3 100 0 0.02 0 0 0.98
  1 29 4 3 100 0 1 0 0 0
  1 31 4 3 100 0 0 0 0 1
  1 31 4 4 100 0 0.05 0 0 0.95
  1 34 4 3 100 0 0.13 0 0 0.87
  1 40 4 3 100 0.2 0 0 0 0.8
  1 40 4 4 100 0 0.03 0 0 0.97
  1 42 4 3 100 0 0 0 0 1
  2 6 4 3 100 0 0 0.15 0 0.85
  2 8 4 3 100 0 0 0.15 0 0.85
  2 9 4 4 100 0 0 0 0.24 0.76
  2 14 4 4 100 0 0 0 0 1
  2 15 4 3 100 0 0 0 0 1
  2 16 4 3 100 0 0 0 0 1
  2 17 4 2 100 0 0 0 0 1
  2 18 4 3 100 0 0 0 0 1
  2 19 4 3 100 0 0 0 0 1
  2 21 4 3 100 0 0.08 0 0 0.92
  2 22 4 3 100 0 0.63 0 0 0.37
  2 23 4 3 100 0 0 0.62 0 0.38
  2 24 4 3 100 0 0.57 0 0 0.43
  2 25 4 3 100 0 0.92 0 0 0.08
  2 25 4 4 100 0 0 0.31 0 0.69
  2 27 4 3 100 0 0 0 0 1
  2 30 4 3 100 0 0.32 0 0 0.68
  2 33 4 3 100 0 0 0 0 1
  2 34 4 3 100 0 1 0 0 0
  2 35 4 3 100 0 0.94 0 0 0.06
  2 36 4 2 100 0 0.96 0 0 0.04
  2 36 4 3 100 0 1 0 0 0
  2 37 4 3 100 0 0.41 0 0 0.59
  2 42 4 3 100 0 0 1 0 0
# end survey diet proportion observations 
#  
