# This file was created using the write_tsDatFile function and used all the simulated data from sim_dta.rds found in repo:Hydra-self-testing
# Survey index data 
# Number of observations, init_int Nsurvey_obs
  329
# init_matrix obs_survey_biomass(1,Nsurvey_obs,1,5)
# survey year spp value cv
  1 1 4 939569.558310361 0.212720515437525
  2 1 4 361641.121593211 0.25363203301826
  1 2 4 26325.0410087382 0.222168779300385
  2 2 4 18590.8675567607 0.187773345626693
  1 3 4 444327.806962213 0.394113240257454
  2 3 4 1859.00724847984 0.423618201694685
  1 4 4 241610.327159366 0.310035034727007
  2 4 4 16990.6867917323 0.327069686277164
  1 5 4 137314.671497449 0.378629084128514
  2 5 4 8085.02668763517 0.391316523019912
  1 6 4 11605.9470115487 0.494427832556011
  2 6 4 2205.3557681959 0.376280830351703
  1 7 4 96231.6330206396 0.759062286891916
  2 7 4 872.276955517924 0.665352569827422
  1 8 4 3444.53439098575 0.383150869515862
  2 8 4 314.580261563485 0.433685089735353
  1 9 4 32278.3066475309 0.48934963094834
  2 9 4 364.812111941883 0.392371299771634
  1 10 4 26729.3995761895 0.382452035825211
  2 10 4 707.543036795645 0.333798529002863
  1 11 4 30547.4209796465 0.566792532611316
  2 11 4 574.713162391076 0.868042030585988
  1 12 4 21152.5633721804 0.381518572031255
  2 12 4 445.052515481837 0.445144789260538
  1 13 4 13471.1035045961 0.438380584739347
  2 13 4 296.917958139516 0.947226139495183
  1 14 4 20528.1795737175 0.482345652338289
  2 14 4 202.943712758845 0.377075764230608
  1 15 4 5149.8736105053 0.420835086749712
  2 15 4 198.177203679735 0.614716212748607
  1 16 4 3179.69620374348 0.515165860253858
  2 16 4 201.429852640141 0.704031323768783
  1 17 4 1574.57299578061 0.559532625975744
  2 17 4 122.873748616183 0.319774204956139
  1 18 4 5814.00784750918 0.479008946214672
  2 18 4 75.1367016801703 0.41351869139049
  1 19 4 2698.03407823291 0.429419179801904
  2 19 4 108.333419304152 0.387615780132326
  1 20 4 3473.34124724237 0.477074256852948
  2 20 4 128.123832425555 0.315868813200741
  1 21 4 5154.58101654087 0.410621521476155
  2 21 4 73.2301128107485 0.630050999524052
  1 22 4 14408.3680773763 0.294672690077384
  2 22 4 93.7882926203012 0.335469505128288
  1 23 4 18018.1733834392 0.477447511398437
  2 23 4 234.437635134868 0.407625761955908
  1 24 4 6486.31193846615 0.384568504019134
  2 24 4 183.304963215945 0.43049173366256
  1 25 4 2699.95725326855 0.333261603198005
  2 25 4 198.600318791533 0.843960441627036
  1 26 4 3942.52381125374 0.685474246042822
  2 26 4 81.8308915018568 0.429620783824035
  1 27 4 2733.38016752298 0.286882992344226
  2 27 4 38.9630025075884 0.81343687860715
  1 28 4 14475.7884058014 0.371822434434906
  2 28 4 250.289385155687 0.53327636373572
  1 29 4 42235.9236448762 0.592639130460935
  2 29 4 391.642063774932 0.590339711107796
  1 30 4 21621.7119950468 0.374062101432949
  2 30 4 293.428412560476 0.701775131617819
  1 31 4 13125.7608040031 0.304499664309564
  2 31 4 385.012609697109 0.210828956182955
  1 32 4 29714.5596442822 0.233962995093855
  2 32 4 646.918707765492 0.329779252894958
  1 33 4 10812.3871935987 0.270006842918168
  2 33 4 459.203742188842 0.460124990024536
  1 34 4 9858.10099099015 0.350007507053818
  2 34 4 183.608656354784 0.837656243552001
  1 35 4 6599.07632643932 0.34274593698132
  2 35 4 227.646338348402 0.291986952078346
  1 36 4 19891.7732263207 0.261906583866089
  2 36 4 1030.38803281906 0.425399553458769
  1 37 4 43536.4765071529 0.417429035160016
  2 37 4 1458.78139676965 0.287702894520317
  1 38 4 46735.5018424145 0.441211421515246
  2 38 4 870.278063162563 0.866971810340233
  1 39 4 15119.6104661478 0.495234601454268
  2 39 4 1203.12467377167 0.556663444153977
  1 40 4 15755.4339441423 0.237858203733512
  2 40 4 289.09019068067 0.295404104464232
  1 41 4 4816.42825099013 0.327346172729995
  2 41 4 64.1654141056681 0.994030515469621
  1 42 4 1607.53053918859 0.368315456462939
  2 42 4 28.6846219031563 0.461505384764764
  1 1 2 3.99191285325708e-264 0.601375663623589
  2 1 2 5.5334831233849e-264 0.565196579518992
  2 2 2 2.97825599939177e-209 0.686052062200317
  2 3 2 7.7850232655022e-187 0.378997614818957
  1 4 2 6.60336757165721e-191 1
  2 4 2 6.62270030154795e-193 0.459316778181236
  1 5 2 1.70015216631291e-194 0.611089023955187
  2 5 2 7.37085624516203e-196 0.780615956536472
  1 6 2 3.68248591137415e-198 0.702037850017464
  2 6 2 1.07263278854936e-199 0.461790555986525
  1 7 2 8.27227345710136e-201 0.948289691951521
  2 7 2 1.86690785775838e-201 0.685175011742778
  1 8 2 5.09333762931796e-203 0.544380631361087
  2 8 2 1.99807637895456e-204 0.424096495665332
  1 9 2 2.33912961976297e-204 0.5393131982084
  2 9 2 9.62665121113091e-206 0.454629127333952
  1 10 2 9.62038659154747e-207 0.88095039530815
  2 10 2 3.33564853134465e-207 0.419344308350161
  1 11 2 1.41591052648265e-207 0.799987970388403
  2 11 2 5.74936428065701e-209 0.839124360078806
  1 12 2 5.0654998874715e-202 0.774991903603438
  2 12 2 3.96713451320617e-204 0.424721667998453
  1 13 2 1.24110081319935e-205 0.863215133786584
  2 13 2 7.86245416726623e-208 0.387073469025502
  1 14 2 7.59079377366987e-208 0.704083892007286
  2 14 2 8.35441075392272e-209 0.312793018147624
  1 15 2 2.52407591310918e-201 0.457459057188701
  2 15 2 1.34167398437223e-203 0.459652287866146
  1 16 2 8.01245479695506e-187 0.853197309912465
  2 16 2 6.66860815982312e-189 0.628928805514438
  1 17 2 2.63868654983201e-200 0.61116783920211
  2 17 2 5.76272889671875e-202 0.3895964128798
  1 18 2 3.30942871911194e-205 0.416775375911518
  2 18 2 3.36574391234373e-206 0.495180348393774
  1 19 2 1.28724000543669e-185 0.69077510766454
  2 19 2 8.18890824754692e-188 0.347120352110889
  1 20 2 3.30197336928505e-190 0.793751288508348
  2 20 2 2.23357330475005e-192 0.526946514998015
  1 21 2 5.00852170390629e-193 0.339376634127756
  2 21 2 8.84392808353815e-194 0.609998621037514
  1 22 2 5.09797006630018e-195 0.601950919776798
  2 22 2 5.00802057914319e-196 0.389299707202565
  1 23 2 5.6302673596281e-197 0.658556209578282
  2 23 2 8.4504718083096e-198 0.288585466763824
  1 24 2 2.90805806907471e-197 0.637453135075156
  2 24 2 2.77014502319787e-199 0.480513100150493
  1 25 2 1.6920175742512e-201 0.510473149998029
  2 25 2 2.00339909560265e-202 0.338488147626423
  1 26 2 6.9661492884189e-191 0.548437091427541
  2 26 2 6.28761503625227e-193 0.345955330423839
  1 27 2 1.63898961992735e-177 0.492912195981742
  2 27 2 4.87457024127034e-180 0.33164245084141
  1 28 2 1.12267023754425e-180 0.747597319880804
  2 28 2 9.14361280263917e-183 0.447853531697379
  1 29 2 4.2275577844367e-184 0.451616070879294
  2 29 2 2.8942216886407e-185 0.305275882623724
  1 30 2 4.95506233910404e-185 0.797269558848634
  2 30 2 1.10899050266885e-186 0.605264936420634
  1 31 2 6.15156673264665e-187 0.666772556553203
  2 31 2 7.29125147605226e-188 0.359836468902791
  1 32 2 5.83525121197086e-188 0.96787270074405
  2 32 2 8.5091370149128e-190 0.422601396160012
  1 33 2 9.261607286366e-191 0.404694020855087
  2 33 2 5.28815475094373e-192 0.465820030674526
  1 34 2 3.81779010338657e-193 0.814873375751391
  2 34 2 4.39619379895426e-194 0.505954372112585
  1 35 2 7.48852502661288e-196 0.533219898766676
  2 35 2 1.16569092433064e-196 0.287403659199158
  1 36 2 4.63042020125902e-198 0.371953858881132
  2 36 2 6.55181984107732e-199 0.365560779244073
  1 37 2 5.09222478004083e-199 0.791301167226987
  2 37 2 1.6078707785988e-200 0.487536998609889
  1 38 2 3.92997985047194e-201 0.633364993316759
  2 38 2 1.67164390217179e-201 0.644823084547079
  1 39 2 4.10923773618259e-202 0.827253682697507
  2 39 2 1.89334796518241e-203 0.354235596542703
  1 40 2 4.13587188162018e-204 0.900216415173481
  2 40 2 3.77964094337826e-205 0.395846441583114
  1 41 2 2.44110839676763e-207 0.957770995377006
  2 41 2 2.45434457944958e-207 0.496084887173497
  1 42 2 1.40532194810989e-208 0.55870584954739
  2 42 2 9.20407481610005e-210 0.604660139936764
  1 1 1 174399.417915818 0.241799049430762
  2 1 1 1145006.09976657 0.250018379470286
  1 2 1 47928.0577688704 0.142636213550947
  2 2 1 136066.485233047 0.163647146277456
  1 3 1 62125.2312187462 0.225478190042395
  2 3 1 67854.6894789736 0.192013183632222
  1 4 1 158097.354738942 0.323579734794357
  2 4 1 127412.142864333 0.162432383538487
  1 5 1 128658.879954831 0.320666395151501
  2 5 1 307401.817188192 0.822390366318268
  1 6 1 4820.81151243918 0.452044832991261
  2 6 1 53731.1555500326 0.192408532269243
  1 7 1 162422.968425004 0.28209645893665
  2 7 1 29116.035642256 0.262097825842625
  1 8 1 5443.76584282868 0.414010381101596
  2 8 1 51106.3000969162 0.189959250209439
  1 9 1 17957.468706851 0.40638853202345
  2 9 1 9788.37886804208 0.178404315527443
  1 10 1 33195.7970480629 0.290993157294119
  2 10 1 21499.4133468268 0.156753980046499
  1 11 1 5176.41834679065 0.324615016521962
  2 11 1 17511.3718561387 0.174348711952217
  1 12 1 7810.36979235035 0.294780938380682
  2 12 1 8870.48006485675 0.195232854572048
  1 13 1 5717.63202427561 0.440402569626277
  2 13 1 7518.06292138427 0.185762358850192
  1 14 1 1275.09831070509 0.372421878022742
  2 14 1 4257.69041633818 0.151581173531864
  1 15 1 4276.59462183254 0.341871348717721
  2 15 1 2352.88749360434 0.233364310094868
  1 16 1 2682.4593827545 0.416897355424411
  2 16 1 2495.87077248381 0.283802183917676
  1 17 1 1378.31548096994 0.500820840736393
  2 17 1 3665.95740355105 0.495024013362717
  1 18 1 790.8261349168 0.389853340834037
  2 18 1 1238.51036815158 0.390988792530431
  1 19 1 633.931571117513 0.293941849282161
  2 19 1 820.858584044034 0.322403741112933
  1 20 1 1259.10750742733 0.525509720403112
  2 20 1 778.280686352189 0.218361153170241
  1 21 1 1751.88030444531 0.266433769579894
  2 21 1 664.033300539766 0.421115605185845
  1 22 1 3012.37300897292 0.374831371194202
  2 22 1 3197.25318781433 0.227391091044855
  1 23 1 1082.64009036949 0.352011231642473
  2 23 1 3532.22483068391 0.384269029090844
  1 24 1 1421.45676891283 0.34725908523047
  2 24 1 1383.23867817948 0.331291933735556
  1 25 1 808.20643254419 0.578696888706846
  2 25 1 1426.49091863913 0.247394190789157
  1 26 1 2663.01336766513 0.459728456052307
  2 26 1 2096.19114030517 0.394189312610479
  1 27 1 633.898602167684 0.539982548576019
  2 27 1 2054.67677234186 0.72948972943007
  1 28 1 3816.92913451141 0.364309332200766
  2 28 1 1239.23310194048 0.278656828353639
  1 29 1 8690.37441366732 0.562793580097325
  2 29 1 3763.92949407353 0.316141323613091
  1 30 1 4008.4787162573 0.420348818797864
  2 30 1 3732.68425394685 0.30511736182771
  1 31 1 9919.3153612978 0.403753427903273
  2 31 1 7827.44953353095 0.278331587636247
  1 32 1 6144.30312010537 0.491331418922754
  2 32 1 3994.34124248541 0.329726795744574
  1 33 1 1374.67539817466 0.537081122476055
  2 33 1 4619.66226032002 0.33086845072982
  1 34 1 2022.73796739007 0.379030815152119
  2 34 1 423.552484875638 0.278881417082292
  1 35 1 1341.07125273263 0.519511456600017
  2 35 1 1289.44178806618 0.27351876283918
  1 36 1 3864.13117575503 0.556056214854877
  2 36 1 1679.25097264505 0.714061811185508
  1 37 1 2751.54165818043 0.588197671943964
  2 37 1 2487.90728030686 0.340315242626747
  1 38 1 5102.0806978099 0.324588369174256
  2 38 1 5835.80574907391 0.300199803594678
  1 39 1 188.544732778696 0.501841796783066
  2 39 1 1812.33347507972 0.438397059851219
  1 40 1 251.422580390476 0.403101009292275
  2 40 1 401.146899064898 0.410378233550251
  1 41 1 179.070808474451 0.478602624152216
  2 41 1 586.678235856533 0.362128776577143
  1 42 1 410.813906975351 0.646634922078809
  2 42 1 258.131120507034 0.816170985475773
  1 1 3 46237.1357740829 0.499484636786782
  1 2 3 1991.41330482383 0.358153914340203
  2 2 3 167113.508943338 0.577110518633802
  1 3 3 106847.697594705 0.678339172154909
  2 3 3 97837.6717850776 0.738121970739642
  1 4 3 2217.75999830141 1
  2 4 3 44914.4011545702 0.52056341701904
  1 5 3 89460.7601891067 0.693225535250834
  2 5 3 40699.1459055874 1
  1 6 3 6550.24420811048 1
  2 6 3 14348.2028917224 0.48452157876779
  1 7 3 1864.89488442881 0.912293822979085
  1 8 3 376.688007146379 0.655734850091527
  2 8 3 95.7490949792963 0.750382084373246
  1 9 3 319.49512935657 0.670809892238012
  2 9 3 93.7073029779256 0.47273108889926
  1 10 3 217.632097504 0.631102684426709
  2 10 3 61.1845441647469 0.919260399745188
  1 11 3 70.1182459816596 0.496475444687371
  1 12 3 58.9858327177969 0.740682868109632
  2 12 3 32.1637182220591 1
  1 13 3 205.543704535491 0.360862225436052
  1 14 3 148.973641331905 0.547901331396328
  2 14 3 88.6619667060943 0.478873954421528
  1 15 3 286.782819966142 0.429608216382601
  2 15 3 363.517317181377 0.654713783069401
  1 16 3 1479.24255008279 0.69118921143411
  2 16 3 179.201419925057 0.8614889831113
  1 17 3 54.1073502230805 0.426971754606328
  2 17 3 45.4230379152459 0.572182042928152
  1 18 3 35.4041511336344 0.505524319387353
  2 18 3 36.2410819074801 0.488492827246527
  1 19 3 92.6488141906301 0.644591984223249
  2 19 3 64.5911372815203 0.51925665989311
  1 20 3 8.89741565821399 0.899065435378594
  2 20 3 7.94815713884045 0.59569628754064
  1 21 3 34.6823516410646 0.543826822033971
  2 21 3 23.6919700458173 0.466111862829518
  1 22 3 185.959594142617 0.88174616562504
  2 22 3 74.9367367686035 0.568444982816852
  1 23 3 184.318886208851 0.408104676406013
  2 23 3 108.36783493216 0.357346049869971
  1 24 3 36.4352799463847 0.92608255019157
  2 24 3 66.7994000187425 0.539541007788685
  1 25 3 11.1523077421343 0.648664057223823
  2 25 3 8.2855043470376 0.576168087832409
  1 26 3 55.6804745811215 0.695927823776047
  2 26 3 25.4874863942773 0.549529982814455
  1 27 3 136.97677241897 0.708713243925404
  2 27 3 18.8367163692622 0.496269825160911
  1 28 3 92.0306095640768 0.489543853646182
  1 29 3 13.5173938544363 0.703511357168505
  2 29 3 65.3779054563727 0.875017095315649
  1 30 3 154.414893724748 0.631659802692532
  2 30 3 60.9772641198362 0.908152223575802
  1 31 3 306.980209044532 0.626570332091694
  2 31 3 897.871770717553 0.712465807947941
  1 32 3 222.525338516525 0.661895735249442
  2 32 3 492.18440542949 0.86012943797605
  1 33 3 25.1656920760463 0.783155911787346
  2 33 3 52.7723376994999 0.598390099709208
  1 34 3 17.8518763170445 0.542775440757204
  2 34 3 35.5255102788988 0.743173480285892
  1 35 3 5.03530597584287 0.870542376054271
  2 35 3 10.7942829001043 0.446478967244395
  1 36 3 265.459902755611 0.492193512682958
  2 36 3 282.831729280912 0.490110041691513
  1 37 3 2747.56473988885 0.909630520329322
  2 37 3 430.924970706659 0.433872317628348
  1 38 3 1438.64037106157 0.644773009949607
  2 38 3 1149.1848806912 0.484949159815328
  1 39 3 1720.7885311957 0.515045488987725
  2 39 3 626.607377983042 0.388710136036013
  1 40 3 361.542730978489 0.442573167063876
  2 40 3 459.712510320345 0.395139923022642
  1 41 3 4.61734997552708 0.88587618368699
  2 41 3 73.6060618278516 0.537531419606343
  1 42 3 740844.704960374 0.983269433580366
  2 42 3 490212.281906882 0.849696423298534
# end survey index observations 
#  
# Survey size comp data 
# Number of observations, init_int Nsurvey_size_obs 
  329
# init_matrix obs_survey_size(1,Nsurvey_size_obs,1,ncol) 
# Survey  Year  Species Type (0=whole, 1=retained, 2=discard) InpN, proportion by length bin 
  1 1 1 0 57 0 1.05263157894737 0.666666666666667 0.0350877192982456 0
  1 2 1 0 65 0.8 0.738461538461539 0 0 0
  1 3 1 0 32 1.46875 1.65625 0 0 0
  1 4 1 0 32 1.4375 1.65625 0.03125 0 0
  1 5 1 0 21 2.0952380952381 2.52380952380952 0.142857142857143 0 0
  1 6 1 0 18 0.5 3.22222222222222 1.83333333333333 0 0
  1 7 1 0 25 2.32 1.68 0 0 0
  1 8 1 0 20 0.25 3.35 1.4 0 0
  1 9 1 0 16 3.625 2.625 0 0 0
  1 10 1 0 19 2.63157894736842 2.52631578947368 0.105263157894737 0 0
  1 11 1 0 20 2.4 2.35 0.25 0 0
  1 12 1 0 22 2.5 2 0.0454545454545455 0 0
  1 13 1 0 23 2.39130434782609 1.91304347826087 0.0434782608695652 0 0
  1 14 1 0 14 3.92857142857143 3.14285714285714 0.0714285714285714 0 0
  1 15 1 0 21 2.28571428571429 2.42857142857143 0.0476190476190476 0 0
  1 16 1 0 14 3.64285714285714 3.5 0 0 0
  1 17 1 0 17 2.88235294117647 3 0 0 0
  1 18 1 0 19 2.36842105263158 2.84210526315789 0.0526315789473684 0 0
  1 19 1 0 18 2.94444444444444 2.61111111111111 0 0 0
  1 20 1 0 15 2.86666666666667 3.66666666666667 0.133333333333333 0 0
  1 21 1 0 21 2.61904761904762 2.0952380952381 0.0476190476190476 0 0
  1 22 1 0 13 4.38461538461539 3.23076923076923 0.0769230769230769 0 0
  1 23 1 0 14 3.85714285714286 3.21428571428571 0.0714285714285714 0 0
  1 24 1 0 14 3.64285714285714 3.5 0 0 0
  1 25 1 0 18 2.83333333333333 2.72222222222222 0 0 0
  1 26 1 0 14 3.78571428571429 3.35714285714286 0 0 0
  1 27 1 0 23 2 2.26086956521739 0.0869565217391304 0 0
  1 28 1 0 14 3.28571428571429 3.85714285714286 0 0 0
  1 29 1 0 17 3.52941176470588 2.23529411764706 0.117647058823529 0 0
  1 30 1 0 18 2.61111111111111 2.94444444444444 0 0 0
  1 31 1 0 20 2.4 2.55 0.05 0 0
  1 32 1 0 10 4.8 5.2 0 0 0
  1 33 1 0 15 1.13333333333333 3.66666666666667 1.86666666666667 0 0
  1 34 1 0 18 2.94444444444444 2.61111111111111 0 0 0
  1 35 1 0 8 7.125 5 0.375 0 0
  1 36 1 0 12 4 4.33333333333333 0 0 0
  1 37 1 0 8 6 6.5 0 0 0
  1 38 1 0 16 3.1875 3.0625 0 0 0
  1 39 1 0 10 2.3 6.8 0.9 0 0
  1 40 1 0 10 5.5 4.4 0.1 0 0
  1 41 1 0 13 3.84615384615385 3.69230769230769 0.153846153846154 0 0
  1 42 1 0 8 7 5.375 0.125 0 0
  1 1 2 0 11 2.09090909090909 1.90909090909091 1.90909090909091 1.81818181818182 1.36363636363636
  1 4 2 0 1 17 23 23 21 16
  1 5 2 0 5 3 3.8 2.2 7.2 3.8
  1 6 2 0 1 21 16 23 23 17
  1 7 2 0 3 6 6 4.66666666666667 10.3333333333333 6.33333333333333
  1 8 2 0 4 5 5.75 2.25 7 5
  1 9 2 0 5 3.6 4 4.6 3.6 4.2
  1 10 2 0 10 1.5 2 1.4 2.8 2.3
  1 11 2 0 13 1.61538461538462 1.53846153846154 1.46153846153846 1.84615384615385 1.23076923076923
  1 12 2 0 15 1.26666666666667 1.53333333333333 1.26666666666667 1.2 1.4
  1 13 2 0 9 2.33333333333333 2.22222222222222 2.22222222222222 2.33333333333333 2
  1 14 2 0 6 2.83333333333333 3.5 2.5 4 3.83333333333333
  1 15 2 0 13 1.30769230769231 0.923076923076923 1.84615384615385 1.84615384615385 1.76923076923077
  1 16 2 0 10 2 2.3 1.3 2.5 1.9
  1 17 2 0 10 1.7 2.1 2.3 2.1 1.8
  1 18 2 0 18 1.05555555555556 1.05555555555556 1.05555555555556 1.27777777777778 1.11111111111111
  1 19 2 0 27 0.555555555555556 0.851851851851852 0.703703703703704 0.740740740740741 0.851851851851852
  1 20 2 0 23 0.869565217391304 0.91304347826087 0.608695652173913 1.30434782608696 0.652173913043478
  1 21 2 0 25 0.68 0.92 0.72 0.76 0.92
  1 22 2 0 9 1.88888888888889 2.33333333333333 2.22222222222222 2.55555555555556 2.11111111111111
  1 23 2 0 8 2 2.25 1.875 3.375 3
  1 24 2 0 9 1.88888888888889 2.77777777777778 1.77777777777778 1.88888888888889 2.77777777777778
  1 25 2 0 14 1.92857142857143 1 1.35714285714286 1.71428571428571 1.14285714285714
  1 26 2 0 18 1.27777777777778 0.888888888888889 1.38888888888889 1 1
  1 27 2 0 16 1.375 1.0625 1.625 1.1875 1
  1 28 2 0 6 3.66666666666667 3.83333333333333 4 2.16666666666667 3
  1 29 2 0 8 2.625 2.375 2.25 2.75 2.5
  1 30 2 0 17 1 1.23529411764706 1.29411764705882 1.29411764705882 1.05882352941176
  1 31 2 0 9 1.55555555555556 2.33333333333333 1.88888888888889 3.11111111111111 2.22222222222222
  1 32 2 0 30 0.7 0.7 0.833333333333333 0.533333333333333 0.566666666666667
  1 33 2 0 24 0.625 0.875 0.875 1 0.791666666666667
  1 34 2 0 25 0.56 1 0.8 1.08 0.56
  1 35 2 0 16 1.25 0.625 1.75 1.5 1.125
  1 36 2 0 13 1.61538461538462 1.46153846153846 1.53846153846154 1.38461538461538 1.69230769230769
  1 37 2 0 8 3 1.875 3 2.125 2.5
  1 38 2 0 10 2 1.3 1.9 2.5 2.3
  1 39 2 0 13 2 1.38461538461538 1.15384615384615 1.69230769230769 1.46153846153846
  1 40 2 0 8 2.125 2.125 2.625 2.625 3
  1 41 2 0 5 2.6 5.8 4.8 2.2 4.6
  1 42 2 0 17 0.882352941176471 1.35294117647059 1.11764705882353 1 1.52941176470588
  1 1 3 0 27 0 1 1.59259259259259 1.11111111111111 0
  1 2 3 0 13 0 0.230769230769231 3.38461538461538 4.07692307692308 0
  1 3 3 0 5 10 10 0 0 0
  1 4 3 0 2 5 33 12 0 0
  1 5 3 0 5 11.2 8.8 0 0 0
  1 6 3 0 1 31 54 15 0 0
  1 7 3 0 3 15.3333333333333 15.6666666666667 2.33333333333333 0 0
  1 8 3 0 3 18 15.3333333333333 0 0 0
  1 9 3 0 4 13.25 11.75 0 0 0
  1 10 3 0 4 13.5 11.25 0.25 0 0
  1 11 3 0 4 12.25 12.75 0 0 0
  1 12 3 0 2 24.5 25 0.5 0 0
  1 13 3 0 8 5.75 6.5 0.25 0 0
  1 14 3 0 19 2.84210526315789 2.42105263157895 0 0 0
  1 15 3 0 15 3.8 2.8 0.0666666666666667 0 0
  1 16 3 0 12 4.5 3.83333333333333 0 0 0
  1 17 3 0 14 1.57142857142857 4.5 1.07142857142857 0 0
  1 18 3 0 14 3.64285714285714 3.42857142857143 0.0714285714285714 0 0
  1 19 3 0 15 3.06666666666667 3.53333333333333 0.0666666666666667 0 0
  1 20 3 0 17 3.35294117647059 2.41176470588235 0.117647058823529 0 0
  1 21 3 0 12 4.91666666666667 3.41666666666667 0 0 0
  1 22 3 0 11 5.90909090909091 3.18181818181818 0 0 0
  1 23 3 0 16 2.5 3.75 0 0 0
  1 24 3 0 15 2.53333333333333 3.6 0.533333333333333 0 0
  1 25 3 0 4 15.25 9.75 0 0 0
  1 26 3 0 14 3.57142857142857 3.57142857142857 0 0 0
  1 27 3 0 6 10.5 6 0.166666666666667 0 0
  1 28 3 0 4 13.75 11.25 0 0 0
  1 29 3 0 2 25 24.5 0.5 0 0
  1 30 3 0 10 6.1 3.9 0 0 0
  1 31 3 0 9 7.33333333333333 3.66666666666667 0.111111111111111 0 0
  1 32 3 0 12 2.5 4.91666666666667 0.916666666666667 0 0
  1 33 3 0 5 11.4 8.6 0 0 0
  1 34 3 0 9 5.33333333333333 5.66666666666667 0.111111111111111 0 0
  1 35 3 0 5 11.4 8.4 0.2 0 0
  1 36 3 0 5 12.2 7.8 0 0 0
  1 37 3 0 3 20.3333333333333 13 0 0 0
  1 38 3 0 15 3.46666666666667 3.2 0 0 0
  1 39 3 0 12 4.41666666666667 3.83333333333333 0.0833333333333333 0 0
  1 40 3 0 9 5.22222222222222 5.55555555555556 0.333333333333333 0 0
  1 41 3 0 8 3.875 7.125 1.375 0.125 0
  1 42 3 0 12 4 4.08333333333333 0.25 0 0
  1 1 4 0 86 0.395348837209302 0.174418604651163 0.593023255813954 0 0
  1 2 4 0 100 0.04 0.14 0.78 0.04 0
  1 3 4 0 33 2.54545454545455 0.484848484848485 0 0 0
  1 4 4 0 44 1.72727272727273 0.545454545454545 0 0 0
  1 5 4 0 34 2.41176470588235 0.529411764705882 0 0 0
  1 6 4 0 40 2.025 0.475 0 0 0
  1 7 4 0 39 1.97435897435897 0.58974358974359 0 0 0
  1 8 4 0 49 1.59183673469388 0.448979591836735 0 0 0
  1 9 4 0 36 2.38888888888889 0.388888888888889 0 0 0
  1 10 4 0 43 1.90697674418605 0.418604651162791 0 0 0
  1 11 4 0 41 1.97560975609756 0.463414634146341 0 0 0
  1 12 4 0 35 2.31428571428571 0.542857142857143 0 0 0
  1 13 4 0 32 2.34375 0.78125 0 0 0
  1 14 4 0 21 3.47619047619048 1.28571428571429 0 0 0
  1 15 4 0 30 2.76666666666667 0.566666666666667 0 0 0
  1 16 4 0 19 4.31578947368421 0.947368421052632 0 0 0
  1 17 4 0 35 2.31428571428571 0.542857142857143 0 0 0
  1 18 4 0 27 2.88888888888889 0.777777777777778 0.037037037037037 0 0
  1 19 4 0 34 2.29411764705882 0.647058823529412 0 0 0
  1 20 4 0 42 1.92857142857143 0.452380952380952 0 0 0
  1 21 4 0 41 2.02439024390244 0.414634146341463 0 0 0
  1 22 4 0 44 1.75 0.522727272727273 0 0 0
  1 23 4 0 28 3.21428571428571 0.357142857142857 0 0 0
  1 24 4 0 34 2.23529411764706 0.705882352941177 0 0 0
  1 25 4 0 36 2.08333333333333 0.694444444444444 0 0 0
  1 26 4 0 31 2.64516129032258 0.580645161290323 0 0 0
  1 27 4 0 39 1.97435897435897 0.58974358974359 0 0 0
  1 28 4 0 38 2.07894736842105 0.552631578947368 0 0 0
  1 29 4 0 48 1.70833333333333 0.375 0 0 0
  1 30 4 0 38 2.07894736842105 0.552631578947368 0 0 0
  1 31 4 0 61 1.27868852459016 0.360655737704918 0 0 0
  1 32 4 0 48 1.6875 0.395833333333333 0 0 0
  1 33 4 0 49 1.61224489795918 0.387755102040816 0.0408163265306122 0 0
  1 34 4 0 44 1.70454545454545 0.568181818181818 0 0 0
  1 35 4 0 61 1.29508196721311 0.344262295081967 0 0 0
  1 36 4 0 67 1.17910447761194 0.313432835820896 0 0 0
  1 37 4 0 57 1.3859649122807 0.368421052631579 0 0 0
  1 38 4 0 38 2.26315789473684 0.368421052631579 0 0 0
  1 39 4 0 52 1.53846153846154 0.384615384615385 0 0 0
  1 40 4 0 43 1.83720930232558 0.488372093023256 0 0 0
  1 41 4 0 42 1.88095238095238 0.5 0 0 0
  1 42 4 0 61 1.24590163934426 0.39344262295082 0 0 0
  2 1 1 0 58 0 0.0172413793103448 1.53448275862069 0.172413793103448 0
  2 2 1 0 83 0 0.36144578313253 0.63855421686747 0.204819277108434 0
  2 3 1 0 63 0 0.888888888888889 0.698412698412698 0 0
  2 4 1 0 56 0 1.21428571428571 0.571428571428571 0 0
  2 5 1 0 55 0 0.545454545454545 1.27272727272727 0 0
  2 6 1 0 45 0 0.0666666666666667 2.08888888888889 0.0666666666666667 0
  2 7 1 0 46 0 2.08695652173913 0.0652173913043478 0.0217391304347826 0
  2 8 1 0 56 0 0.178571428571429 1.60714285714286 0 0
  2 9 1 0 51 0 1.64705882352941 0.274509803921569 0.0392156862745098 0
  2 10 1 0 44 0 1.36363636363636 0.909090909090909 0 0
  2 11 1 0 49 0 0.693877551020408 1.3469387755102 0 0
  2 12 1 0 50 0 1.36 0.62 0.02 0
  2 13 1 0 48 0 0.854166666666667 1.22916666666667 0 0
  2 14 1 0 52 0 1.21153846153846 0.711538461538462 0 0
  2 15 1 0 31 0 2.06451612903226 1.16129032258065 0 0
  2 16 1 0 38 0.0526315789473684 1.39473684210526 1.18421052631579 0 0
  2 17 1 0 26 0 2.07692307692308 1.76923076923077 0 0
  2 18 1 0 33 0.0303030303030303 1.36363636363636 1.63636363636364 0 0
  2 19 1 0 31 0 2.38709677419355 0.838709677419355 0 0
  2 20 1 0 38 0.0263157894736842 1.84210526315789 0.763157894736842 0 0
  2 21 1 0 30 0 2.03333333333333 1.3 0 0
  2 22 1 0 35 0 2 0.857142857142857 0 0
  2 23 1 0 35 0 1.14285714285714 1.71428571428571 0 0
  2 24 1 0 26 0 3 0.846153846153846 0 0
  2 25 1 0 32 0 1.40625 1.71875 0 0
  2 26 1 0 26 0 2.73076923076923 1.11538461538462 0 0
  2 27 1 0 37 0 0.972972972972973 1.72972972972973 0 0
  2 28 1 0 35 0 2.31428571428571 0.542857142857143 0 0
  2 29 1 0 33 0 1.3030303030303 1.72727272727273 0 0
  2 30 1 0 45 0.0222222222222222 1.57777777777778 0.622222222222222 0 0
  2 31 1 0 34 0 1.58823529411765 1.32352941176471 0.0294117647058824 0
  2 32 1 0 36 0 1.47222222222222 1.30555555555556 0 0
  2 33 1 0 42 0 0.0714285714285714 2.28571428571429 0.0238095238095238 0
  2 34 1 0 34 0.0294117647058824 2.35294117647059 0.529411764705882 0.0294117647058824 0
  2 35 1 0 35 0.0285714285714286 0.8 2.02857142857143 0 0
  2 36 1 0 28 0.0357142857142857 2.07142857142857 1.46428571428571 0 0
  2 37 1 0 22 0 3.5 1.04545454545455 0 0
  2 38 1 0 32 0 1.46875 1.65625 0 0
  2 39 1 0 27 0 0.259259259259259 3.44444444444444 0 0
  2 40 1 0 39 0 1.69230769230769 0.82051282051282 0.0512820512820513 0
  2 41 1 0 20 0 3.2 1.8 0 0
  2 42 1 0 30 0 1.06666666666667 2.26666666666667 0 0
  2 1 2 0 16 1.5625 1.25 1.25 0.9375 1.25
  2 2 2 0 20 1.3 0.95 0.95 1 0.8
  2 3 2 0 34 0.588235294117647 0.647058823529412 0.588235294117647 0.5 0.617647058823529
  2 4 2 0 15 1.33333333333333 1.13333333333333 0.933333333333333 1.53333333333333 1.73333333333333
  2 5 2 0 4 4.5 6.5 3.5 4.25 6.25
  2 6 2 0 7 2.85714285714286 3 2.71428571428571 3.57142857142857 2.14285714285714
  2 7 2 0 18 0.777777777777778 1.22222222222222 1.22222222222222 1.05555555555556 1.27777777777778
  2 8 2 0 22 1.04545454545455 0.590909090909091 1.13636363636364 0.954545454545455 0.818181818181818
  2 9 2 0 21 1.04761904761905 1.23809523809524 0.857142857142857 0.904761904761905 0.714285714285714
  2 10 2 0 11 1.54545454545455 2.54545454545455 0.818181818181818 2.45454545454545 1.72727272727273
  2 11 2 0 7 3.57142857142857 2.85714285714286 2.71428571428571 2.57142857142857 2.57142857142857
  2 12 2 0 19 1.15789473684211 1 1.15789473684211 1.05263157894737 0.894736842105263
  2 13 2 0 32 0.71875 0.46875 0.6875 0.75 0.5
  2 14 2 0 34 0.588235294117647 0.588235294117647 0.647058823529412 0.676470588235294 0.441176470588235
  2 15 2 0 27 0.703703703703704 0.592592592592593 0.740740740740741 0.740740740740741 0.925925925925926
  2 16 2 0 42 0.571428571428571 0.523809523809524 0.404761904761905 0.404761904761905 0.476190476190476
  2 17 2 0 34 0.705882352941177 0.558823529411765 0.529411764705882 0.617647058823529 0.529411764705882
  2 18 2 0 28 0.857142857142857 0.5 0.75 0.928571428571429 0.535714285714286
  2 19 2 0 26 0.461538461538462 0.807692307692308 0.884615384615385 0.846153846153846 0.846153846153846
  2 20 2 0 32 0.78125 0.78125 0.4375 0.5625 0.5625
  2 21 2 0 37 0.513513513513513 0.567567567567568 0.432432432432432 0.594594594594595 0.594594594594595
  2 22 2 0 38 0.578947368421053 0.368421052631579 0.526315789473684 0.526315789473684 0.631578947368421
  2 23 2 0 41 0.658536585365854 0.365853658536585 0.48780487804878 0.51219512195122 0.414634146341463
  2 24 2 0 33 0.606060606060606 0.575757575757576 0.696969696969697 0.696969696969697 0.454545454545455
  2 25 2 0 45 0.444444444444444 0.333333333333333 0.488888888888889 0.533333333333333 0.422222222222222
  2 26 2 0 28 0.535714285714286 0.714285714285714 1.10714285714286 0.428571428571429 0.785714285714286
  2 27 2 0 47 0.297872340425532 0.48936170212766 0.446808510638298 0.425531914893617 0.468085106382979
  2 28 2 0 22 0.818181818181818 0.909090909090909 0.818181818181818 1.09090909090909 0.909090909090909
  2 29 2 0 40 0.375 0.45 0.625 0.625 0.425
  2 30 2 0 28 0.678571428571429 0.785714285714286 0.571428571428571 0.928571428571429 0.607142857142857
  2 31 2 0 32 0.65625 0.71875 0.75 0.3125 0.6875
  2 32 2 0 40 0.375 0.55 0.5 0.6 0.475
  2 33 2 0 43 0.488372093023256 0.395348837209302 0.325581395348837 0.627906976744186 0.488372093023256
  2 34 2 0 46 0.478260869565217 0.260869565217391 0.565217391304348 0.434782608695652 0.434782608695652
  2 35 2 0 60 0.2 0.3 0.516666666666667 0.3 0.35
  2 36 2 0 49 0.346938775510204 0.551020408163265 0.408163265306122 0.408163265306122 0.326530612244898
  2 37 2 0 32 0.84375 0.53125 0.5 0.46875 0.78125
  2 38 2 0 30 0.633333333333333 0.466666666666667 0.8 0.766666666666667 0.666666666666667
  2 39 2 0 29 0.931034482758621 0.482758620689655 0.620689655172414 0.96551724137931 0.448275862068966
  2 40 2 0 31 0.580645161290323 0.67741935483871 0.645161290322581 0.645161290322581 0.67741935483871
  2 41 2 0 14 1.5 1.28571428571429 1.42857142857143 1.57142857142857 1.35714285714286
  2 42 2 0 19 1 1.10526315789474 1.10526315789474 0.947368421052632 1.10526315789474
  2 2 3 0 3 0 0 4 29.3333333333333 0
  2 3 3 0 3 5 28 0 0.333333333333333 0
  2 4 3 0 7 0.142857142857143 3.85714285714286 10 0.285714285714286 0
  2 5 3 0 1 10 88 2 0 0
  2 6 3 0 14 0.142857142857143 2.71428571428571 4 0.285714285714286 0
  2 8 3 0 10 1.3 8.1 0.2 0.4 0
  2 9 3 0 6 2.16666666666667 12.3333333333333 1.83333333333333 0.333333333333333 0
  2 10 3 0 2 5 38.5 6 0.5 0
  2 12 3 0 1 7 69 23 1 0
  2 14 3 0 9 1.55555555555556 8.66666666666667 0.777777777777778 0.111111111111111 0
  2 15 3 0 5 1.8 16.2 1.8 0.2 0
  2 16 3 0 9 1.22222222222222 9.44444444444444 0.333333333333333 0.111111111111111 0
  2 17 3 0 9 0.111111111111111 3.11111111111111 7.77777777777778 0.111111111111111 0
  2 18 3 0 13 1.07692307692308 5.69230769230769 0.461538461538462 0.461538461538462 0
  2 19 3 0 14 0.785714285714286 6.35714285714286 0 0 0
  2 20 3 0 19 0.368421052631579 2.52631578947368 2.36842105263158 0 0
  2 21 3 0 20 0.55 4.15 0.25 0.05 0
  2 22 3 0 23 0.304347826086957 3.95652173913043 0.0869565217391304 0 0
  2 23 3 0 26 0.5 3.07692307692308 0.269230769230769 0 0
  2 24 3 0 28 0.0357142857142857 1.07142857142857 2.39285714285714 0.0714285714285714 0
  2 25 3 0 20 0.8 3.65 0.35 0.2 0
  2 26 3 0 7 1.85714285714286 12.1428571428571 0.285714285714286 0 0
  2 27 3 0 5 1.4 16.4 2.2 0 0
  2 29 3 0 6 1.83333333333333 13.6666666666667 1 0.166666666666667 0
  2 30 3 0 14 1.14285714285714 5.78571428571429 0.214285714285714 0 0
  2 31 3 0 7 1.85714285714286 12.2857142857143 0.142857142857143 0 0
  2 32 3 0 20 0 1.4 3.45 0.15 0
  2 33 3 0 18 0.666666666666667 2.72222222222222 1.38888888888889 0.777777777777778 0
  2 34 3 0 15 0.733333333333333 4.66666666666667 1.13333333333333 0.133333333333333 0
  2 35 3 0 28 0.321428571428571 2.82142857142857 0.428571428571429 0 0
  2 36 3 0 25 0.36 3.6 0.04 0 0
  2 37 3 0 19 0.631578947368421 4.57894736842105 0.0526315789473684 0 0
  2 38 3 0 33 0.303030303030303 2.54545454545455 0.181818181818182 0 0
  2 39 3 0 32 0.28125 2.15625 0.65625 0.03125 0
  2 40 3 0 34 0.176470588235294 2.23529411764706 0.441176470588235 0.0882352941176471 0
  2 41 3 0 20 0 1 3 1 0
  2 42 3 0 27 0.185185185185185 0.740740740740741 1.59259259259259 1.18518518518519 0
  2 1 4 0 44 0 0.0227272727272727 2.18181818181818 0.0681818181818182 0
  2 2 4 0 75 0 0 1.16 0.173333333333333 0
  2 3 4 0 66 0 1.43939393939394 0.0757575757575758 0 0
  2 4 4 0 54 0.037037037037037 1.35185185185185 0.462962962962963 0 0
  2 5 4 0 31 0.0645161290322581 2.12903225806452 1.03225806451613 0 0
  2 6 4 0 24 0 1.91666666666667 2.25 0 0
  2 7 4 0 20 0.05 4.45 0.45 0.05 0
  2 8 4 0 25 0 1.32 2.68 0 0
  2 9 4 0 44 0.0681818181818182 2.11363636363636 0.0909090909090909 0 0
  2 10 4 0 36 0.111111111111111 2.11111111111111 0.555555555555556 0 0
  2 11 4 0 22 0 2.90909090909091 1.63636363636364 0 0
  2 12 4 0 21 0.0476190476190476 4.38095238095238 0.333333333333333 0 0
  2 13 4 0 26 0 3.15384615384615 0.692307692307692 0 0
  2 14 4 0 35 0.0285714285714286 2.4 0.428571428571429 0 0
  2 15 4 0 21 0.142857142857143 3.85714285714286 0.761904761904762 0 0
  2 16 4 0 30 0 3.1 0.233333333333333 0 0
  2 17 4 0 40 0.025 2.025 0.45 0 0
  2 18 4 0 42 0.0238095238095238 2.07142857142857 0.285714285714286 0 0
  2 19 4 0 46 0.0652173913043478 2.06521739130435 0.0434782608695652 0 0
  2 20 4 0 37 0.027027027027027 2.51351351351351 0.162162162162162 0 0
  2 21 4 0 44 0.0227272727272727 2.04545454545455 0.204545454545455 0 0
  2 22 4 0 42 0.0714285714285714 2.0952380952381 0.214285714285714 0 0
  2 23 4 0 35 0 2.34285714285714 0.514285714285714 0 0
  2 24 4 0 26 0.0384615384615385 3.34615384615385 0.461538461538462 0 0
  2 25 4 0 19 0.0526315789473684 4.26315789473684 0.947368421052632 0 0
  2 26 4 0 29 0 3.13793103448276 0.310344827586207 0 0
  2 27 4 0 10 0.3 8.8 0.9 0 0
  2 28 4 0 20 0.15 4.65 0.2 0 0
  2 29 4 0 25 0.08 3.48 0.44 0 0
  2 30 4 0 18 0.166666666666667 4.77777777777778 0.611111111111111 0 0
  2 31 4 0 24 0 3.375 0.791666666666667 0 0
  2 32 4 0 21 0.0476190476190476 4.23809523809524 0.476190476190476 0 0
  2 33 4 0 10 0 6.1 3.9 0 0
  2 34 4 0 12 0.166666666666667 7.66666666666667 0.5 0 0
  2 35 4 0 29 0 2.31034482758621 1.13793103448276 0 0
  2 36 4 0 17 0.0588235294117647 5.29411764705882 0.529411764705882 0 0
  2 37 4 0 39 0.0256410256410256 2.33333333333333 0.205128205128205 0 0
  2 38 4 0 9 0.222222222222222 8.88888888888889 2 0 0
  2 39 4 0 50 0 1.2 0.8 0 0
  2 40 4 0 15 0.2 5.13333333333333 1.33333333333333 0 0
  2 41 4 0 7 0.285714285714286 9.42857142857143 4.57142857142857 0 0
  2 42 4 0 9 0.222222222222222 8.33333333333333 2.55555555555556 0 0
# end survey length observations 
#  
# Fishery catch data 
# Number of observations, init_int Ncatch_obs
  168
# init_matrix obs_catch_biomass(1,Ncatch_obs,1,6) 
# Fleet	Area	Year	Species	Catch(biomass t)	CV 
  1 1 1 1 15961.0425417234 0.05
  1 1 2 1 19246.6257551653 0.05
  1 1 3 1 17010.6821896046 0.05
  1 1 4 1 20624.1589140862 0.05
  1 1 5 1 27778.0914950814 0.05
  1 1 6 1 16305.4927324745 0.05
  1 1 7 1 14922.8747056793 0.05
  1 1 8 1 14897.6210478748 0.05
  1 1 9 1 13704.6424178114 0.05
  1 1 10 1 15335.2790081438 0.05
  1 1 11 1 21160.5855169737 0.05
  1 1 12 1 17321.4221870037 0.05
  1 1 13 1 18786.9184706586 0.05
  1 1 14 1 15431.8685909528 0.05
  1 1 15 1 12426.9503777783 0.05
  1 1 16 1 8147.92607635858 0.05
  1 1 17 1 7782.489983896 0.05
  1 1 18 1 4883.33887480009 0.05
  1 1 19 1 4087.26600571972 0.05
  1 1 20 1 5133.27889745367 0.05
  1 1 21 1 4170.10236433399 0.05
  1 1 22 1 5017.01968670973 0.05
  1 1 23 1 4315.5946810473 0.05
  1 1 24 1 7040.26229533496 0.05
  1 1 25 1 4170.49417782651 0.05
  1 1 26 1 5280.08202299096 0.05
  1 1 27 1 2080.08932889662 0.05
  1 1 28 1 2045.43971437439 0.05
  1 1 29 1 2486.83374814785 0.05
  1 1 30 1 3331.02708560711 0.05
  1 1 31 1 4528.73817521424 0.05
  1 1 32 1 3806.87732706653 0.05
  1 1 33 1 1734.20528854714 0.05
  1 1 34 1 2028.81479286578 0.05
  1 1 35 1 1205.15737029039 0.05
  1 1 36 1 627.922261791165 0.05
  1 1 37 1 1020.92614280711 0.05
  1 1 38 1 1000.03941384652 0.05
  1 1 39 1 833.323510493419 0.05
  1 1 40 1 554.340490549881 0.05
  1 1 41 1 612.930105332921 0.05
  1 1 42 1 382.763270367483 0.05
  1 1 1 4 6343.43239892955 0.05
  1 1 2 4 4323.05069930973 0.05
  1 1 3 4 6836.76223167899 0.05
  1 1 4 4 6417.10398275963 0.05
  1 1 5 4 8380.20238874239 0.05
  1 1 6 4 8291.9531175789 0.05
  1 1 7 4 6487.48437635371 0.05
  1 1 8 4 7009.22501272755 0.05
  1 1 9 4 6804.90828799678 0.05
  1 1 10 4 7144.30215828216 0.05
  1 1 11 4 8261.1345444814 0.05
  1 1 12 4 9562.5669632801 0.05
  1 1 13 4 12459.6080334004 0.05
  1 1 14 4 11152.5581069908 0.05
  1 1 15 4 8210.63382709781 0.05
  1 1 16 4 6254.07119785721 0.05
  1 1 17 4 12145.4270054912 0.05
  1 1 18 4 4414.57591786805 0.05
  1 1 19 4 5898.67447436812 0.05
  1 1 20 4 9076.85301462511 0.05
  1 1 21 4 3851.86110456258 0.05
  1 1 22 4 4395.15061034987 0.05
  1 1 23 4 7122.29361321807 0.05
  1 1 24 4 7181.27457274405 0.05
  1 1 25 4 6067.22292910291 0.05
  1 1 26 4 4436.85283271363 0.05
  1 1 27 4 2972.26845164854 0.05
  1 1 28 4 1905.1412866134 0.05
  1 1 29 4 4554.30322596828 0.05
  1 1 30 4 3523.72378744778 0.05
  1 1 31 4 2035.86803077149 0.05
  1 1 32 4 3590.23850874383 0.05
  1 1 33 4 3074.03956532602 0.05
  1 1 34 4 3140.40689339 0.05
  1 1 35 4 3479.94414271314 0.05
  1 1 36 4 2775.81237920492 0.05
  1 1 37 4 4660.73235524708 0.05
  1 1 38 4 4223.46349168002 0.05
  1 1 39 4 5666.84582784727 0.05
  1 1 40 4 3657.29978495809 0.05
  1 1 41 4 3556.93735051005 0.05
  1 1 42 4 2538.38681972552 0.05
  2 1 1 2 1411.84221516708 0.05
  2 1 2 2 864.17366682868 0.05
  2 1 3 2 1427.12214597678 0.05
  2 1 4 2 985.518327095734 0.05
  2 1 5 2 1182.63329494148 0.05
  2 1 6 2 1137.37423709683 0.05
  2 1 7 2 731.637406378101 0.05
  2 1 8 2 1018.91707610833 0.05
  2 1 9 2 901.093328084319 0.05
  2 1 10 2 822.220517233284 0.05
  2 1 11 2 1111.54755583315 0.05
  2 1 12 2 1075.40920732276 0.05
  2 1 13 2 3312.90095567805 0.05
  2 1 14 2 2015.07139191825 0.05
  2 1 15 2 1123.28584861887 0.05
  2 1 16 2 3111.96562036429 0.05
  2 1 17 2 2127.54639828978 0.05
  2 1 18 2 27.0360107586038 0.05
  2 1 19 2 3900.91452762136 0.05
  2 1 20 2 5942.39261727622 0.05
  2 1 21 2 14565.5882354861 0.05
  2 1 22 2 14949.0054526612 0.05
  2 1 23 2 9238.19147178872 0.05
  2 1 24 2 20567.2848159858 0.05
  2 1 25 2 9817.40143380812 0.05
  2 1 26 2 13203.8416962602 0.05
  2 1 27 2 13678.0723350441 0.05
  2 1 28 2 9383.90095879287 0.05
  2 1 29 2 10747.5052359066 0.05
  2 1 30 2 7357.8213261995 0.05
  2 1 31 2 8068.02888175404 0.05
  2 1 32 2 16754.9275932608 0.05
  2 1 33 2 10385.976482865 0.05
  2 1 34 2 18294.7308640211 0.05
  2 1 35 2 18941.8455202669 0.05
  2 1 36 2 23523.1065902201 0.05
  2 1 37 2 19812.7761483322 0.05
  2 1 38 2 17597.582385183 0.05
  2 1 39 2 10346.0669163138 0.05
  2 1 40 2 6567.35069943668 0.05
  2 1 41 2 5956.90515520483 0.05
  2 1 42 2 1418.03987243198 0.05
  2 1 1 3 523.110407265377 0.05
  2 1 2 3 222.093096210003 0.05
  2 1 3 3 317.042571062773 0.05
  2 1 4 3 407.703073868505 0.05
  2 1 5 3 2866.73125261553 0.05
  2 1 6 3 3726.65878966246 0.05
  2 1 7 3 2653.14229841005 0.05
  2 1 8 3 2593.15443337358 0.05
  2 1 9 3 3358.75082430265 0.05
  2 1 10 3 2534.89868346018 0.05
  2 1 11 3 3368.69207089898 0.05
  2 1 12 3 574.233295820163 0.05
  2 1 13 3 2102.26119684891 0.05
  2 1 14 3 1327.65173358937 0.05
  2 1 15 3 936.476772723908 0.05
  2 1 16 3 964.691086022349 0.05
  2 1 17 3 15456.7285726609 0.05
  2 1 18 3 1246.62516244897 0.05
  2 1 19 3 790.030575620785 0.05
  2 1 20 3 716.754303173597 0.05
  2 1 21 3 500.088326881592 0.05
  2 1 22 3 2530.27014472903 0.05
  2 1 23 3 1125.41393058904 0.05
  2 1 24 3 213.373119504597 0.05
  2 1 25 3 948.098290963952 0.05
  2 1 26 3 2059.20236509434 0.05
  2 1 27 3 2337.632289076 0.05
  2 1 28 3 651.979266830281 0.05
  2 1 29 3 1581.66264044996 0.05
  2 1 30 3 2044.9582522884 0.05
  2 1 31 3 1664.74142228165 0.05
  2 1 32 3 594.077895866331 0.05
  2 1 33 3 170.330994281525 0.05
  2 1 34 3 122.340549134628 0.05
  2 1 35 3 145.858244276695 0.05
  2 1 36 3 2153.84966432597 0.05
  2 1 37 3 2384.07201836054 0.05
  2 1 38 3 1073.75500896028 0.05
  2 1 39 3 927.97533523039 0.05
  2 1 40 3 1669.41449130961 0.05
  2 1 41 3 15439.9335635159 0.05
  2 1 42 3 18700.2446500052 0.05
# end catch observations 
#  
# Fishery size comp data 
# Number of observations, init_int Ncatch_size_obs 
  168
# init_matrix obs_catch_size(1,Ncatch_size_obs,1,ncol) 
# Fleet Area  Year  Species Type (0=whole, 1=retained, 2=discard) InpN, proportion by size bin 
  1 1 1 1 0 81 0.0123456790123457 0.506172839506173 0.37037037037037 0.0864197530864197 0.259259259259259
  1 1 2 1 0 73 1.35616438356164 0 0 0.0136986301369863 0
  1 1 3 1 0 65 1.47692307692308 0.0307692307692308 0 0.0307692307692308 0
  1 1 4 1 0 56 1.76785714285714 0.0178571428571429 0 0 0
  1 1 5 1 0 120 0.791666666666667 0.0416666666666667 0 0 0
  1 1 6 1 0 130 0.253846153846154 0.384615384615385 0.130769230769231 0 0
  1 1 7 1 0 94 1.06382978723404 0 0 0 0
  1 1 8 1 0 94 0.361702127659574 0.702127659574468 0 0 0
  1 1 9 1 0 82 1.20731707317073 0 0.0121951219512195 0 0
  1 1 10 1 0 76 1.26315789473684 0.0526315789473684 0 0 0
  1 1 11 1 0 74 1.2972972972973 0.0405405405405405 0.0135135135135135 0 0
  1 1 12 1 0 65 1.53846153846154 0 0 0 0
  1 1 13 1 0 77 1.2987012987013 0 0 0 0
  1 1 14 1 0 88 1.10227272727273 0.0340909090909091 0 0 0
  1 1 15 1 0 66 1.46969696969697 0.0454545454545455 0 0 0
  1 1 16 1 0 69 1.40579710144928 0.0434782608695652 0 0 0
  1 1 17 1 0 43 2.32558139534884 0 0 0 0
  1 1 18 1 0 34 2.88235294117647 0.0588235294117647 0 0 0
  1 1 19 1 0 55 1.81818181818182 0 0 0 0
  1 1 20 1 0 64 1.5625 0 0 0 0
  1 1 21 1 0 77 1.28571428571429 0.012987012987013 0 0 0
  1 1 22 1 0 67 1.46268656716418 0.0298507462686567 0 0 0
  1 1 23 1 0 133 0.721804511278195 0.0300751879699248 0 0 0
  1 1 24 1 0 98 1.01020408163265 0.0102040816326531 0 0 0
  1 1 25 1 0 91 1.07692307692308 0.010989010989011 0.010989010989011 0 0
  1 1 26 1 0 77 1.28571428571429 0.012987012987013 0 0 0
  1 1 27 1 0 102 0.950980392156863 0.0196078431372549 0.00980392156862745 0 0
  1 1 28 1 0 76 1.31578947368421 0 0 0 0
  1 1 29 1 0 110 0.890909090909091 0.0181818181818182 0 0 0
  1 1 30 1 0 100 1 0 0 0 0
  1 1 31 1 0 108 0.888888888888889 0.037037037037037 0 0 0
  1 1 32 1 0 118 0.822033898305085 0.0254237288135593 0 0 0
  1 1 33 1 0 129 0.341085271317829 0.387596899224806 0.0465116279069767 0 0
  1 1 34 1 0 90 1.11111111111111 0 0 0 0
  1 1 35 1 0 69 1.36231884057971 0.0869565217391304 0 0 0
  1 1 36 1 0 80 1.2375 0.0125 0 0 0
  1 1 37 1 0 62 1.61290322580645 0 0 0 0
  1 1 38 1 0 94 1.04255319148936 0.0212765957446809 0 0 0
  1 1 39 1 0 75 0.786666666666667 0.466666666666667 0.08 0 0
  1 1 40 1 0 75 1.29333333333333 0.0266666666666667 0.0133333333333333 0 0
  1 1 41 1 0 35 2.82857142857143 0.0285714285714286 0 0 0
  1 1 42 1 0 22 4.5 0.0454545454545455 0 0 0
  1 1 1 4 0 5 4.4 0 0 0 15.6
  1 1 2 4 0 5 20 0 0 0 0
  1 1 3 4 0 5 20 0 0 0 0
  1 1 4 4 0 5 20 0 0 0 0
  1 1 5 4 0 5 20 0 0 0 0
  1 1 6 4 0 5 20 0 0 0 0
  1 1 7 4 0 5 20 0 0 0 0
  1 1 8 4 0 5 20 0 0 0 0
  1 1 9 4 0 5 20 0 0 0 0
  1 1 10 4 0 5 20 0 0 0 0
  1 1 11 4 0 1 100 0 0 0 0
  1 1 12 4 0 5 20 0 0 0 0
  1 1 13 4 0 1 100 0 0 0 0
  1 1 14 4 0 2 50 0 0 0 0
  1 1 15 4 0 8 12.5 0 0 0 0
  1 1 16 4 0 3 33.3333333333333 0 0 0 0
  1 1 17 4 0 3 33.3333333333333 0 0 0 0
  1 1 18 4 0 1 100 0 0 0 0
  1 1 19 4 0 3 33.3333333333333 0 0 0 0
  1 1 20 4 0 3 33.3333333333333 0 0 0 0
  1 1 21 4 0 3 33.3333333333333 0 0 0 0
  1 1 22 4 0 2 50 0 0 0 0
  1 1 23 4 0 6 16.6666666666667 0 0 0 0
  1 1 24 4 0 1 100 0 0 0 0
  1 1 25 4 0 1 100 0 0 0 0
  1 1 26 4 0 2 50 0 0 0 0
  1 1 27 4 0 2 50 0 0 0 0
  1 1 28 4 0 4 25 0 0 0 0
  1 1 29 4 0 7 14.2857142857143 0 0 0 0
  1 1 30 4 0 6 16.6666666666667 0 0 0 0
  1 1 31 4 0 10 10 0 0 0 0
  1 1 32 4 0 7 14.2857142857143 0 0 0 0
  1 1 33 4 0 15 6.66666666666667 0 0 0 0
  1 1 34 4 0 19 5.26315789473684 0 0 0 0
  1 1 35 4 0 13 7.69230769230769 0 0 0 0
  1 1 36 4 0 23 4.34782608695652 0 0 0 0
  1 1 37 4 0 7 14.2857142857143 0 0 0 0
  1 1 38 4 0 7 14.2857142857143 0 0 0 0
  1 1 39 4 0 19 5.26315789473684 0 0 0 0
  1 1 40 4 0 25 4 0 0 0 0
  1 1 41 4 0 31 3.2258064516129 0 0 0 0
  1 1 42 4 0 31 3.2258064516129 0 0 0 0
  2 1 1 2 0 2 0 24 21.5 4.5 0
  2 1 2 2 0 5 4 4.4 7.2 4.4 0
  2 1 3 2 0 2 50 0 0 0 0
  2 1 4 2 0 5 9.8 10.2 0 0 0
  2 1 5 2 0 5 20 0 0 0 0
  2 1 6 2 0 5 17 3 0 0 0
  2 1 7 2 0 5 20 0 0 0 0
  2 1 8 2 0 1 100 0 0 0 0
  2 1 9 2 0 5 20 0 0 0 0
  2 1 10 2 0 5 20 0 0 0 0
  2 1 11 2 0 2 50 0 0 0 0
  2 1 12 2 0 5 20 0 0 0 0
  2 1 13 2 0 5 20 0 0 0 0
  2 1 14 2 0 5 20 0 0 0 0
  2 1 15 2 0 5 20 0 0 0 0
  2 1 16 2 0 5 20 0 0 0 0
  2 1 17 2 0 5 20 0 0 0 0
  2 1 18 2 0 5 20 0 0 0 0
  2 1 19 2 0 5 20 0 0 0 0
  2 1 20 2 0 30 3.3 0.0333333333333333 0 0 0
  2 1 21 2 0 46 2.17391304347826 0 0 0 0
  2 1 22 2 0 10 10 0 0 0 0
  2 1 23 2 0 19 5.26315789473684 0 0 0 0
  2 1 24 2 0 61 1.42622950819672 0.213114754098361 0 0 0
  2 1 25 2 0 29 3.41379310344828 0.0344827586206897 0 0 0
  2 1 26 2 0 32 3.125 0 0 0 0
  2 1 27 2 0 16 6.25 0 0 0 0
  2 1 28 2 0 31 3.19354838709677 0.032258064516129 0 0 0
  2 1 29 2 0 44 2.27272727272727 0 0 0 0
  2 1 30 2 0 29 3.44827586206897 0 0 0 0
  2 1 31 2 0 25 3.92 0.08 0 0 0
  2 1 32 2 0 22 2.95454545454545 1.59090909090909 0 0 0
  2 1 33 2 0 35 2.8 0 0.0571428571428571 0 0
  2 1 34 2 0 28 3.5 0.0714285714285714 0 0 0
  2 1 35 2 0 45 2.22222222222222 0 0 0 0
  2 1 36 2 0 51 1.96078431372549 0 0 0 0
  2 1 37 2 0 41 2.4390243902439 0 0 0 0
  2 1 38 2 0 36 2.72222222222222 0.0555555555555556 0 0 0
  2 1 39 2 0 20 4.8 0.2 0 0 0
  2 1 40 2 0 14 7.14285714285714 0 0 0 0
  2 1 41 2 0 17 5.52941176470588 0.294117647058824 0.0588235294117647 0 0
  2 1 42 2 0 24 4.125 0.0416666666666667 0 0 0
  2 1 1 3 0 1 17 0 81 2 0
  2 1 2 3 0 5 5.6 0.2 5.2 9 0
  2 1 3 3 0 5 20 0 0 0 0
  2 1 4 3 0 1 99 1 0 0 0
  2 1 5 3 0 6 16.5 0.166666666666667 0 0 0
  2 1 6 3 0 4 24.5 0.5 0 0 0
  2 1 7 3 0 5 20 0 0 0 0
  2 1 8 3 0 1 99 1 0 0 0
  2 1 9 3 0 1 100 0 0 0 0
  2 1 10 3 0 1 99 1 0 0 0
  2 1 11 3 0 2 50 0 0 0 0
  2 1 12 3 0 5 20 0 0 0 0
  2 1 13 3 0 4 25 0 0 0 0
  2 1 14 3 0 8 12.5 0 0 0 0
  2 1 15 3 0 11 9.09090909090909 0 0 0 0
  2 1 16 3 0 5 19.8 0.2 0 0 0
  2 1 17 3 0 5 19.8 0.2 0 0 0
  2 1 18 3 0 1 100 0 0 0 0
  2 1 19 3 0 1 100 0 0 0 0
  2 1 20 3 0 4 25 0 0 0 0
  2 1 21 3 0 3 33.3333333333333 0 0 0 0
  2 1 22 3 0 4 25 0 0 0 0
  2 1 23 3 0 3 33.3333333333333 0 0 0 0
  2 1 24 3 0 3 33.3333333333333 0 0 0 0
  2 1 25 3 0 2 49.5 0.5 0 0 0
  2 1 26 3 0 4 25 0 0 0 0
  2 1 27 3 0 5 20 0 0 0 0
  2 1 28 3 0 4 25 0 0 0 0
  2 1 29 3 0 4 25 0 0 0 0
  2 1 30 3 0 24 4.16666666666667 0 0 0 0
  2 1 31 3 0 10 10 0 0 0 0
  2 1 32 3 0 12 8.33333333333333 0 0 0 0
  2 1 33 3 0 4 24.75 0.25 0 0 0
  2 1 34 3 0 6 16.6666666666667 0 0 0 0
  2 1 35 3 0 2 50 0 0 0 0
  2 1 36 3 0 10 10 0 0 0 0
  2 1 37 3 0 9 11.1111111111111 0 0 0 0
  2 1 38 3 0 13 7.53846153846154 0.153846153846154 0 0 0
  2 1 39 3 0 16 6.1875 0.0625 0 0 0
  2 1 40 3 0 27 3.62962962962963 0.0740740740740741 0 0 0
  2 1 41 3 0 15 6.66666666666667 0 0 0 0
  2 1 42 3 0 16 6.25 0 0 0 0
# end fishery length observations 
#  
# Survey diet proportion observations 
# Number of observations, init_int Ndietprop_obs 
  115
# init_matrix obs_dietprop(1,Ndietprop_obs,1,ncol) 
# Survey  Year  Predator  Predator_size InpN  wt_prey_1 wt_prey_2 wt_prey_3 wt_prey_4 wt_prey_5 wt_prey_6 wt_prey_7 wt_prey_8 wt_prey_9 wt_prey_10 wt_prey_11 other 
  1 12 1 2 100 0 0 0 0 1
  1 12 1 3 100 0 0 0 0 1
  1 13 1 3 100 0 0.06 0 0 0.94
  1 13 1 4 100 0 0.78 0 0 0.22
  1 15 1 2 100 0 0.87 0 0 0.13
  1 18 1 1 100 0.08 0 0 0 0.92
  1 18 1 2 100 0 0 0 0 1
  1 18 1 3 100 0 0 0 0 1
  1 19 1 2 100 0 0 0 0 1
  1 19 1 3 100 0 0.73 0 0 0.27
  1 20 1 3 100 0 0 0 0 1
  1 21 1 2 100 0 0 0 0 1
  1 21 1 3 100 0 0.3 0 0 0.7
  1 24 1 3 100 0 0.94 0 0 0.06
  1 25 1 3 100 0 1 0 0 0
  1 26 1 3 100 0 0.2 0 0 0.8
  1 27 1 3 100 0 0 1 0 0
  1 28 1 3 100 0 1 0 0 0
  1 33 1 3 100 0 1 0 0 0
  1 34 1 3 100 0 0.09 0 0 0.91
  1 35 1 3 100 0 0.02 0 0 0.98
  1 38 1 3 100 0 0 0 0 1
  1 39 1 3 100 0 0 0 0 1
  1 40 1 2 100 0 0.63 0 0 0.37
  1 41 1 2 100 0 0 0.6 0 0.4
  2 2 1 4 100 0 0.55 0 0 0.45
  2 11 1 3 100 0 0 0 0 1
  2 14 1 3 100 0 0 0 0 1
  2 14 1 4 100 0 0.94 0 0 0.06
  2 15 1 3 100 0 0 0 0 1
  2 16 1 3 100 0 0 0 0 1
  2 16 1 4 100 0 0 0 0 1
  2 19 1 3 100 0 0 0 0 1
  2 19 1 4 100 0 1 0 0 0
  2 21 1 3 100 0 0 0 0 1
  2 21 1 4 100 0 0 0 0 1
  2 22 1 3 100 0 0 0 0 1
  2 23 1 3 100 0 0 0.13 0 0.87
  2 24 1 3 100 0 0 0 0 1
  2 24 1 4 100 0 0 0 0 1
  2 25 1 2 100 0 0.53 0 0 0.47
  2 25 1 3 100 0 0.64 0 0 0.36
  2 26 1 3 100 0 0 0 0 1
  2 27 1 3 100 0 0 0.64 0 0.36
  2 27 1 4 100 0 0 0.99 0 0.01
  2 29 1 3 100 0 0 0 0 1
  2 33 1 3 100 1 0 0 0 0
  2 35 1 1 100 0 0 0 0 1
  2 35 1 2 100 0 0 0 0 1
  2 35 1 3 100 0 0 0 0 1
  2 36 1 3 100 0 1 0 0 0
  2 39 1 3 100 0 0 0 0 1
  2 40 1 2 100 0 0.1 0 0 0.9
  2 36 2 3 100 0 1 0 0 0
  2 30 3 2 100 0 0.35 0 0 0.65
  2 30 3 4 100 0 0 0 0 1
  1 8 4 2 100 0 0 0.9 0 0.1
  1 8 4 3 100 0 0 0 0 1
  1 11 4 3 100 0 0 0 0 1
  1 13 4 2 100 0 0.22 0 0 0.78
  1 13 4 3 100 0 1 0 0 0
  1 13 4 4 100 0 0 0 0 1
  1 14 4 3 100 0 0 0 0 1
  1 15 4 3 100 0 0.21 0 0 0.79
  1 15 4 4 100 0 0 0 0 1
  1 16 4 3 100 0 0 0 0 1
  1 16 4 4 100 0 0 0 0 1
  1 17 4 3 100 0 0 0 0 1
  1 18 4 3 100 0 1 0 0 0
  1 19 4 2 100 0 0.51 0 0 0.49
  1 19 4 3 100 0 0.27 0 0 0.73
  1 20 4 2 100 0 0.43 0 0 0.57
  1 20 4 3 100 0 0 0 0 1
  1 21 4 3 100 0 0 1 0 0
  1 22 4 2 100 0 0 0 0 1
  1 23 4 3 100 0 0 0 0 1
  1 24 4 3 100 0 1 0 0 0
  1 25 4 3 100 0 0 0 0 1
  1 25 4 4 100 0 0 0 0 1
  1 26 4 3 100 0 0 0 0 1
  1 27 4 2 100 0 0 0 0 1
  1 27 4 3 100 0 0.56 0 0 0.44
  1 28 4 2 100 0 0 0 0 1
  1 28 4 3 100 0 0 0 0 1
  1 29 4 3 100 0 0 0 0 1
  1 31 4 3 100 0 0.54 0 0 0.46
  1 31 4 4 100 0 0.2 0 0 0.8
  1 34 4 3 100 0 1 0 0 0
  1 40 4 3 100 0 0 0 0 1
  1 40 4 4 100 0 0 0 0 1
  1 42 4 3 100 0 0 0 0 1
  2 6 4 3 100 0 0 0.02 0 0.98
  2 8 4 3 100 0 0 0 0 1
  2 9 4 4 100 0 0 0 0.18 0.82
  2 14 4 4 100 0 0 0 0 1
  2 15 4 3 100 0 0 0 0 1
  2 16 4 3 100 0 0 0 0 1
  2 17 4 2 100 0 0 0 0 1
  2 18 4 3 100 0 0 0 0 1
  2 19 4 3 100 0 0 0 0 1
  2 21 4 3 100 0 0 0 0 1
  2 22 4 3 100 0 0.62 0 0 0.38
  2 23 4 3 100 0 0 1 0 0
  2 24 4 3 100 0 0.63 0 0 0.37
  2 25 4 3 100 0 1 0 0 0
  2 25 4 4 100 0 0 0.03 0 0.97
  2 27 4 3 100 0 0 0 0 1
  2 30 4 3 100 0 0.83 0 0 0.17
  2 33 4 3 100 0 0 0 0 1
  2 34 4 3 100 0 1 0 0 0
  2 35 4 3 100 0 0.99 0 0 0.01
  2 36 4 2 100 0 0.97 0 0 0.03
  2 36 4 3 100 0 1 0 0 0
  2 37 4 3 100 0 0 0 0 1
  2 42 4 3 100 0 0 1 0 0
# end survey diet proportion observations 
#  
