# This file was created using the write_tsDatFile function and used all the simulated data from sim_dta.rds found in repo:Hydra-self-testing
# Survey index data 
# Number of observations, init_int Nsurvey_obs
  329
# init_matrix obs_survey_biomass(1,Nsurvey_obs,1,5)
# survey year spp value cv
  1 1 4 853443.993933391 0.212720515437525
  2 1 4 384456.836266337 0.25363203301826
  1 2 4 20044.5737620768 0.222168779300385
  2 2 4 18042.6086360404 0.187773345626693
  1 3 4 208288.847949303 0.394113240257454
  2 3 4 2363.51205630422 0.423618201694685
  1 4 4 485047.87750948 0.310035034727007
  2 4 4 8819.70640695595 0.327069686277164
  1 5 4 224989.10068035 0.378629084128514
  2 5 4 6899.55912773806 0.391316523019912
  1 6 4 10913.1546896217 0.494427832556011
  2 6 4 1877.04210017361 0.376280830351703
  1 7 4 142326.287551734 0.759062286891916
  2 7 4 1486.18734807033 0.665352569827422
  1 8 4 4474.80109253322 0.383150869515862
  2 8 4 148.741549316647 0.433685089735353
  1 9 4 43659.3275322197 0.48934963094834
  2 9 4 1419.73828718132 0.392371299771634
  1 10 4 16476.5181590521 0.382452035825211
  2 10 4 647.59391594352 0.333798529002863
  1 11 4 7644.9790388691 0.566792532611316
  2 11 4 194.560355194361 0.868042030585988
  1 12 4 11896.281286459 0.381518572031255
  2 12 4 258.634682448692 0.445144789260538
  1 13 4 9403.08131325285 0.438380584739347
  2 13 4 742.216377425652 0.947226139495183
  1 14 4 10611.7974826397 0.482345652338289
  2 14 4 229.092040954452 0.377075764230608
  1 15 4 14164.1826400647 0.420835086749712
  2 15 4 113.257856772638 0.614716212748607
  1 16 4 5469.81129089053 0.515165860253858
  2 16 4 95.6083737677939 0.704031323768783
  1 17 4 6026.17394426721 0.559532625975744
  2 17 4 59.5069686402669 0.319774204956139
  1 18 4 2398.38585979786 0.479008946214672
  2 18 4 31.329198263912 0.41351869139049
  1 19 4 1980.77005838001 0.429419179801904
  2 19 4 52.3159895361598 0.387615780132326
  1 20 4 9885.66268900745 0.477074256852948
  2 20 4 123.351427315213 0.315868813200741
  1 21 4 12642.6280056346 0.410621521476155
  2 21 4 91.1551338092678 0.630050999524052
  1 22 4 22962.2163158733 0.294672690077384
  2 22 4 230.309661180598 0.335469505128288
  1 23 4 17452.682840633 0.477447511398437
  2 23 4 199.950893324423 0.407625761955908
  1 24 4 9028.23406743473 0.384568504019134
  2 24 4 184.418960407315 0.43049173366256
  1 25 4 5688.84068093211 0.333261603198005
  2 25 4 43.9040554540935 0.843960441627036
  1 26 4 3110.1935103443 0.685474246042822
  2 26 4 70.8457097885916 0.429620783824035
  1 27 4 3391.34333490503 0.286882992344226
  2 27 4 58.7030719056155 0.81343687860715
  1 28 4 12769.85263406 0.371822434434906
  2 28 4 637.646262532425 0.53327636373572
  1 29 4 23853.1689151185 0.592639130460935
  2 29 4 51.804260294112 0.590339711107796
  1 30 4 14603.6867564823 0.374062101432949
  2 30 4 446.462079303624 0.701775131617819
  1 31 4 13127.0313551857 0.304499664309564
  2 31 4 420.618226242702 0.210828956182955
  1 32 4 26916.1031771144 0.233962995093855
  2 32 4 637.978119188314 0.329779252894958
  1 33 4 5821.04868768562 0.270006842918168
  2 33 4 710.494938822232 0.460124990024536
  1 34 4 8669.22788782407 0.350007507053818
  2 34 4 432.827107345078 0.837656243552001
  1 35 4 4915.01229526845 0.34274593698132
  2 35 4 142.507263816685 0.291986952078346
  1 36 4 22292.1918184291 0.261906583866089
  2 36 4 360.44399095947 0.425399553458769
  1 37 4 59352.5057680177 0.417429035160016
  2 37 4 778.605411974498 0.287702894520317
  1 38 4 193585.528843741 0.441211421515246
  2 38 4 789.804830764021 0.866971810340233
  1 39 4 46911.7918884759 0.495234601454268
  2 39 4 350.788480326966 0.556663444153977
  1 40 4 11533.8643479755 0.237858203733512
  2 40 4 456.68009182677 0.295404104464232
  1 41 4 6627.3715136542 0.327346172729995
  2 41 4 83.3229038620729 0.994030515469621
  1 42 4 1976.78940765659 0.368315456462939
  2 42 4 56.1298581669642 0.461505384764764
  1 1 2 3.5090595397101e-264 0.601375663623589
  2 1 2 1.61077451982026e-264 0.565196579518992
  2 2 2 5.10510541491386e-210 0.686052062200317
  2 3 2 5.09416394395302e-187 0.378997614818957
  1 4 2 8.81232553754396e-191 1
  2 4 2 8.26275105925339e-193 0.459316778181236
  1 5 2 1.45793064484687e-194 0.611089023955187
  2 5 2 5.42872245567406e-196 0.780615956536472
  1 6 2 2.83082242629278e-198 0.702037850017464
  2 6 2 6.37454081348862e-200 0.461790555986525
  1 7 2 3.40844910577938e-201 0.948289691951521
  2 7 2 9.83539067059441e-202 0.685175011742778
  1 8 2 7.73388528348428e-203 0.544380631361087
  2 8 2 5.83559355803673e-204 0.424096495665332
  1 9 2 1.13909193031626e-204 0.5393131982084
  2 9 2 7.55086439255195e-206 0.454629127333952
  1 10 2 6.6465596390553e-206 0.88095039530815
  2 10 2 1.97571892251785e-207 0.419344308350161
  1 11 2 1.07533360449288e-207 0.799987970388403
  2 11 2 1.41773885608321e-208 0.839124360078806
  1 12 2 7.2506671781782e-202 0.774991903603438
  2 12 2 1.16531920492912e-203 0.424721667998453
  1 13 2 1.00147556725914e-206 0.863215133786584
  2 13 2 1.111985188356e-207 0.387073469025502
  1 14 2 2.26931347076169e-207 0.704083892007286
  2 14 2 6.59438399637539e-209 0.312793018147624
  1 15 2 2.63968094242435e-201 0.457459057188701
  2 15 2 1.86835172075931e-203 0.459652287866146
  1 16 2 5.45580831133434e-187 0.853197309912465
  2 16 2 1.92691699021269e-189 0.628928805514438
  1 17 2 1.39470273478085e-200 0.61116783920211
  2 17 2 6.27687909115288e-202 0.3895964128798
  1 18 2 3.83993911343723e-205 0.416775375911518
  2 18 2 2.26538398858886e-206 0.495180348393774
  1 19 2 9.96801714990131e-186 0.69077510766454
  2 19 2 4.66007665064366e-188 0.347120352110889
  1 20 2 1.56546399361863e-190 0.793751288508348
  2 20 2 5.25652091584065e-192 0.526946514998015
  1 21 2 1.06343698897707e-192 0.339376634127756
  2 21 2 3.54763548838799e-194 0.609998621037514
  1 22 2 4.94101454766631e-195 0.601950919776798
  2 22 2 5.21804682202152e-196 0.389299707202565
  1 23 2 1.91278856131685e-196 0.658556209578282
  2 23 2 1.33988446988874e-197 0.288585466763824
  1 24 2 6.72850412352291e-197 0.637453135075156
  2 24 2 2.53568624018822e-199 0.480513100150493
  1 25 2 2.05323160314171e-201 0.510473149998029
  2 25 2 1.87461050504705e-202 0.338488147626423
  1 26 2 4.77204388476693e-191 0.548437091427541
  2 26 2 3.1622222450026e-193 0.345955330423839
  1 27 2 9.55874269391335e-178 0.492912195981742
  2 27 2 3.85307894272062e-180 0.33164245084141
  1 28 2 1.01053999565232e-180 0.747597319880804
  2 28 2 7.26079272995928e-183 0.447853531697379
  1 29 2 3.71344577778003e-184 0.451616070879294
  2 29 2 1.89951888680004e-185 0.305275882623724
  1 30 2 1.13517259964102e-184 0.797269558848634
  2 30 2 2.20415151481569e-186 0.605264936420634
  1 31 2 3.04422295236445e-187 0.666772556553203
  2 31 2 3.64292563105285e-188 0.359836468902791
  1 32 2 6.11723026995537e-189 0.96787270074405
  2 32 2 8.08684927003186e-190 0.422601396160012
  1 33 2 4.88246993462226e-191 0.404694020855087
  2 33 2 7.57751915428494e-192 0.465820030674526
  1 34 2 8.93678907978842e-193 0.814873375751391
  2 34 2 5.71061826619624e-194 0.505954372112585
  1 35 2 1.02321876346952e-195 0.533219898766676
  2 35 2 1.54023792883422e-196 0.287403659199158
  1 36 2 6.98562169275585e-198 0.371953858881132
  2 36 2 4.79699235237773e-199 0.365560779244073
  1 37 2 1.21306141669224e-198 0.791301167226987
  2 37 2 1.50214238092962e-200 0.487536998609889
  1 38 2 2.98850658115755e-201 0.633364993316759
  2 38 2 5.72162792333688e-202 0.644823084547079
  1 39 2 8.62789711566972e-203 0.827253682697507
  2 39 2 1.32955467119457e-203 0.354235596542703
  1 40 2 3.63649737514449e-204 0.900216415173481
  2 40 2 3.5481882185835e-205 0.395846441583114
  1 41 2 5.20001980666295e-207 0.957770995377006
  2 41 2 7.76649770498647e-208 0.496084887173497
  1 42 2 8.87264033280842e-209 0.55870584954739
  2 42 2 3.18062716472961e-210 0.604660139936764
  1 1 1 105141.039737917 0.241799049430762
  2 1 1 1451467.76432885 0.250018379470286
  1 2 1 43523.7646735015 0.142636213550947
  2 2 1 160678.701091873 0.163647146277456
  1 3 1 57974.9089696684 0.225478190042395
  2 3 1 75061.5858252977 0.192013183632222
  1 4 1 122148.188142576 0.323579734794357
  2 4 1 119540.889052057 0.162432383538487
  1 5 1 97762.6516614662 0.320666395151501
  2 5 1 951458.929036661 0.822390366318268
  1 6 1 4882.37116716456 0.452044832991261
  2 6 1 51117.6638323385 0.192408532269243
  1 7 1 99372.7440667019 0.28209645893665
  2 7 1 37143.1390975044 0.262097825842625
  1 8 1 4943.86121937521 0.414010381101596
  2 8 1 57842.5256229518 0.189959250209439
  1 9 1 17225.3984757913 0.40638853202345
  2 9 1 10771.3735915111 0.178404315527443
  1 10 1 17291.9642408161 0.290993157294119
  2 10 1 24156.2673003093 0.156753980046499
  1 11 1 8163.22170208953 0.324615016521962
  2 11 1 18590.9231308759 0.174348711952217
  1 12 1 14991.4734896055 0.294780938380682
  2 12 1 8835.58589677376 0.195232854572048
  1 13 1 8547.10144069691 0.440402569626277
  2 13 1 8971.69771433563 0.185762358850192
  1 14 1 4587.7890416882 0.372421878022742
  2 14 1 4088.84334709778 0.151581173531864
  1 15 1 1640.93990844165 0.341871348717721
  2 15 1 2932.11545223651 0.233364310094868
  1 16 1 3930.83724969702 0.416897355424411
  2 16 1 2157.28552356352 0.283802183917676
  1 17 1 4139.77478573916 0.500820840736393
  2 17 1 4388.01173483542 0.495024013362717
  1 18 1 434.907435470776 0.389853340834037
  2 18 1 1291.50751784139 0.390988792530431
  1 19 1 989.034513169787 0.293941849282161
  2 19 1 606.725468293326 0.322403741112933
  1 20 1 1363.60019342524 0.525509720403112
  2 20 1 1066.52457162741 0.218361153170241
  1 21 1 1475.48964637768 0.266433769579894
  2 21 1 1536.43405683324 0.421115605185845
  1 22 1 5316.23356671596 0.374831371194202
  2 22 1 1797.47676096184 0.227391091044855
  1 23 1 2447.94487665164 0.352011231642473
  2 23 1 3290.64286753208 0.384269029090844
  1 24 1 1053.04838453815 0.34725908523047
  2 24 1 721.034627155382 0.331291933735556
  1 25 1 1627.90249703316 0.578696888706846
  2 25 1 1569.75039123337 0.247394190789157
  1 26 1 3820.41452230672 0.459728456052307
  2 26 1 832.523683284855 0.394189312610479
  1 27 1 558.752379772847 0.539982548576019
  2 27 1 1230.80295682246 0.72948972943007
  1 28 1 4704.24931189541 0.364309332200766
  2 28 1 1343.30238821812 0.278656828353639
  1 29 1 1004.15598896509 0.562793580097325
  2 29 1 2577.34456140801 0.316141323613091
  1 30 1 8035.37529702243 0.420348818797864
  2 30 1 3087.46886711472 0.30511736182771
  1 31 1 4486.29915079793 0.403753427903273
  2 31 1 6268.55582950021 0.278331587636247
  1 32 1 11065.7968836806 0.491331418922754
  2 32 1 4852.84016874619 0.329726795744574
  1 33 1 775.708288996323 0.537081122476055
  2 33 1 5844.66438872657 0.33086845072982
  1 34 1 986.789007040311 0.379030815152119
  2 34 1 743.13469568738 0.278881417082292
  1 35 1 581.354780214268 0.519511456600017
  2 35 1 974.44176085823 0.27351876283918
  1 36 1 825.18558093286 0.556056214854877
  2 36 1 1867.64988904311 0.714061811185508
  1 37 1 2755.10155202448 0.588197671943964
  2 37 1 2620.89175867654 0.340315242626747
  1 38 1 2649.98895600415 0.324588369174256
  2 38 1 4944.78039386914 0.300199803594678
  1 39 1 366.585990098463 0.501841796783066
  2 39 1 1183.47049108003 0.438397059851219
  1 40 1 245.688791674867 0.403101009292275
  2 40 1 118.220000689123 0.410378233550251
  1 41 1 399.326521766343 0.478602624152216
  2 41 1 309.67958495831 0.362128776577143
  1 42 1 248.364489390666 0.646634922078809
  2 42 1 147.822033786279 0.816170985475773
  1 1 3 57512.9125824066 0.499484636786782
  1 2 3 4663.24358528542 0.358153914340203
  2 2 3 41783.7521769813 0.577110518633802
  1 3 3 247942.593148469 0.678339172154909
  2 3 3 114947.266911914 0.738121970739642
  1 4 3 4246.38160951892 1
  2 4 3 85019.1476909118 0.52056341701904
  1 5 3 792255.890666742 0.693225535250834
  2 5 3 143551.709486637 1
  1 6 3 244.347423219935 1
  2 6 3 2882.40125611889 0.48452157876779
  1 7 3 695.060180148472 0.912293822979085
  1 8 3 204.429565969658 0.655734850091527
  2 8 3 279.903808656111 0.750382084373246
  1 9 3 931.579711641788 0.670809892238012
  2 9 3 343.035426835423 0.47273108889926
  1 10 3 518.267827194704 0.631102684426709
  2 10 3 86.5719833646682 0.919260399745188
  1 11 3 134.782813109924 0.496475444687371
  1 12 3 98.1723523447899 0.740682868109632
  2 12 3 70.9337041107315 1
  1 13 3 375.943943908933 0.360862225436052
  1 14 3 546.698900003847 0.547901331396328
  2 14 3 106.294507425267 0.478873954421528
  1 15 3 95.7493563845115 0.429608216382601
  2 15 3 81.0824324674703 0.654713783069401
  1 16 3 1157.6258020704 0.69118921143411
  2 16 3 353.668881447468 0.8614889831113
  1 17 3 55.2314233388388 0.426971754606328
  2 17 3 67.2840497394467 0.572182042928152
  1 18 3 20.1226504416702 0.505524319387353
  2 18 3 25.3746414243357 0.488492827246527
  1 19 3 274.934959104036 0.644591984223249
  2 19 3 36.2982745310536 0.51925665989311
  1 20 3 25.7471373601224 0.899065435378594
  2 20 3 24.7338265778299 0.59569628754064
  1 21 3 22.087525051128 0.543826822033971
  2 21 3 7.31492121486925 0.466111862829518
  1 22 3 42.0262342870828 0.88174616562504
  2 22 3 96.1728473558928 0.568444982816852
  1 23 3 231.830102942197 0.408104676406013
  2 23 3 86.3735924369522 0.357346049869971
  1 24 3 14.8810790320878 0.92608255019157
  2 24 3 32.1998103507046 0.539541007788685
  1 25 3 15.1348270198913 0.648664057223823
  2 25 3 32.4638964169909 0.576168087832409
  1 26 3 17.5551158845623 0.695927823776047
  2 26 3 43.2244960923532 0.549529982814455
  1 27 3 21.2228035026882 0.708713243925404
  2 27 3 29.1929591909063 0.496269825160911
  1 28 3 85.9114782939368 0.489543853646182
  1 29 3 57.569002485319 0.703511357168505
  2 29 3 129.170453970686 0.875017095315649
  1 30 3 207.49221751144 0.631659802692532
  2 30 3 297.515670069354 0.908152223575802
  1 31 3 1203.22367719118 0.626570332091694
  2 31 3 927.752703478777 0.712465807947941
  1 32 3 367.762681197644 0.661895735249442
  2 32 3 265.756855687808 0.86012943797605
  1 33 3 136.30875141807 0.783155911787346
  2 33 3 79.9320488152966 0.598390099709208
  1 34 3 9.94703034873235 0.542775440757204
  2 34 3 9.47171173467923 0.743173480285892
  1 35 3 17.5392308189004 0.870542376054271
  2 35 3 11.115501708187 0.446478967244395
  1 36 3 282.70130572489 0.492193512682958
  2 36 3 71.0306856305294 0.490110041691513
  1 37 3 165.182548590035 0.909630520329322
  2 37 3 191.973707235203 0.433872317628348
  1 38 3 768.721793533067 0.644773009949607
  2 38 3 1501.64406457272 0.484949159815328
  1 39 3 1486.34773499301 0.515045488987725
  2 39 3 1752.43834482385 0.388710136036013
  1 40 3 267.485659422714 0.442573167063876
  2 40 3 576.591687054762 0.395139923022642
  1 41 3 37.2940345807076 0.88587618368699
  2 41 3 133.427955443062 0.537531419606343
  1 42 3 343344.642563762 0.983269433580366
  2 42 3 454148.857056228 0.849696423298534
# end survey index observations 
#  
# Survey size comp data 
# Number of observations, init_int Nsurvey_size_obs 
  329
# init_matrix obs_survey_size(1,Nsurvey_size_obs,1,ncol) 
# Survey  Year  Species Type (0=whole, 1=retained, 2=discard) InpN, proportion by length bin 
  1 1 1 0 57 0.0350877192982456 1.15789473684211 0.491228070175439 0.0701754385964912 0
  1 2 1 0 65 0.723076923076923 0.815384615384615 0 0 0
  1 3 1 0 32 1.5625 1.5625 0 0 0
  1 4 1 0 32 1.4375 1.65625 0.03125 0 0
  1 5 1 0 21 2.47619047619048 2.23809523809524 0.0476190476190476 0 0
  1 6 1 0 18 0.722222222222222 3.61111111111111 1.22222222222222 0 0
  1 7 1 0 25 1.88 2.12 0 0 0
  1 8 1 0 20 0.45 3.45 1.1 0 0
  1 9 1 0 16 2.8125 3.375 0.0625 0 0
  1 10 1 0 19 2.89473684210526 2.36842105263158 0 0 0
  1 11 1 0 20 2.4 2.45 0.15 0 0
  1 12 1 0 22 2.5 2.04545454545455 0 0 0
  1 13 1 0 23 2.1304347826087 2.04347826086957 0.173913043478261 0 0
  1 14 1 0 14 3.35714285714286 3.78571428571429 0 0 0
  1 15 1 0 21 2.66666666666667 2.0952380952381 0 0 0
  1 16 1 0 14 3.92857142857143 3.07142857142857 0.142857142857143 0 0
  1 17 1 0 17 3.05882352941176 2.76470588235294 0.0588235294117647 0 0
  1 18 1 0 19 2.84210526315789 2.36842105263158 0.0526315789473684 0 0
  1 19 1 0 18 2.88888888888889 2.66666666666667 0 0 0
  1 20 1 0 15 3.26666666666667 3.4 0 0 0
  1 21 1 0 21 2.38095238095238 2.33333333333333 0.0476190476190476 0 0
  1 22 1 0 13 4.69230769230769 3 0 0 0
  1 23 1 0 14 3.07142857142857 3.71428571428571 0.357142857142857 0 0
  1 24 1 0 14 3.42857142857143 3.64285714285714 0.0714285714285714 0 0
  1 25 1 0 18 2.88888888888889 2.61111111111111 0.0555555555555556 0 0
  1 26 1 0 14 3.07142857142857 4.07142857142857 0 0 0
  1 27 1 0 23 2.1304347826087 2.17391304347826 0.0434782608695652 0 0
  1 28 1 0 14 3.14285714285714 4 0 0 0
  1 29 1 0 17 2.70588235294118 3.05882352941176 0.117647058823529 0 0
  1 30 1 0 18 2.55555555555556 3 0 0 0
  1 31 1 0 20 2.6 2.4 0 0 0
  1 32 1 0 10 5.5 4.5 0 0 0
  1 33 1 0 15 1.2 4.13333333333333 1.33333333333333 0 0
  1 34 1 0 18 2.77777777777778 2.77777777777778 0 0 0
  1 35 1 0 8 4.625 7 0.875 0 0
  1 36 1 0 12 4.5 3.83333333333333 0 0 0
  1 37 1 0 8 6.75 5.625 0.125 0 0
  1 38 1 0 16 3.3125 2.9375 0 0 0
  1 39 1 0 10 3.1 5 1.9 0 0
  1 40 1 0 10 4.9 5 0.1 0 0
  1 41 1 0 13 3.84615384615385 3.84615384615385 0 0 0
  1 42 1 0 8 6.125 6 0.375 0 0
  1 1 2 0 11 2 1.72727272727273 1.63636363636364 1.72727272727273 2
  1 4 2 0 1 17 20 22 22 19
  1 5 2 0 5 4 3.6 4.4 3.8 4.2
  1 6 2 0 1 16 25 14 20 25
  1 7 2 0 3 5.66666666666667 7.33333333333333 5 9.33333333333333 6
  1 8 2 0 4 5 5.75 4.75 5.5 4
  1 9 2 0 5 4.4 3.6 3.8 3.8 4.4
  1 10 2 0 10 2.3 1.2 1.7 2.6 2.2
  1 11 2 0 13 1.15384615384615 1.23076923076923 1.30769230769231 1.76923076923077 2.23076923076923
  1 12 2 0 15 0.866666666666667 0.933333333333333 1.53333333333333 1.93333333333333 1.4
  1 13 2 0 9 1.55555555555556 2.44444444444444 2.44444444444444 2.66666666666667 2
  1 14 2 0 6 3.16666666666667 3 3.33333333333333 3.16666666666667 4
  1 15 2 0 13 1.53846153846154 1.84615384615385 1.30769230769231 1.46153846153846 1.53846153846154
  1 16 2 0 10 2 1.7 1.8 2.1 2.4
  1 17 2 0 10 1.8 2 1.8 2.4 2
  1 18 2 0 18 1.27777777777778 1.16666666666667 1.05555555555556 0.944444444444444 1.11111111111111
  1 19 2 0 27 1.03703703703704 0.703703703703704 0.555555555555556 0.962962962962963 0.444444444444444
  1 20 2 0 23 0.956521739130435 0.652173913043478 0.652173913043478 0.826086956521739 1.26086956521739
  1 21 2 0 25 0.8 0.76 0.52 0.68 1.24
  1 22 2 0 9 3 2.22222222222222 2.44444444444444 2.11111111111111 1.33333333333333
  1 23 2 0 8 1.75 2.25 3.375 2.875 2.25
  1 24 2 0 9 1.66666666666667 1.55555555555556 2.77777777777778 3.11111111111111 2
  1 25 2 0 14 1.21428571428571 1.42857142857143 1.21428571428571 1.57142857142857 1.71428571428571
  1 26 2 0 18 1.16666666666667 1.16666666666667 1.55555555555556 0.833333333333333 0.833333333333333
  1 27 2 0 16 1.5 1.3125 1.625 0.8125 1
  1 28 2 0 6 3 3.5 3.83333333333333 3.5 2.83333333333333
  1 29 2 0 8 2.375 1.625 2.75 3.25 2.5
  1 30 2 0 17 0.941176470588235 1.05882352941176 1.41176470588235 1.35294117647059 1.11764705882353
  1 31 2 0 9 2 1.66666666666667 2.33333333333333 2.33333333333333 2.77777777777778
  1 32 2 0 30 0.833333333333333 0.5 0.566666666666667 0.633333333333333 0.8
  1 33 2 0 24 0.875 0.916666666666667 0.875 0.625 0.875
  1 34 2 0 25 0.88 0.76 0.72 0.64 1
  1 35 2 0 16 1.3125 1.5 1.4375 1.375 0.625
  1 36 2 0 13 1.30769230769231 1.61538461538462 1.53846153846154 1.84615384615385 1.38461538461538
  1 37 2 0 8 3.25 2.875 0.875 3 2.5
  1 38 2 0 10 1.9 2.1 2 2.3 1.7
  1 39 2 0 13 1.23076923076923 1.61538461538462 1.30769230769231 1.53846153846154 2
  1 40 2 0 8 2.75 2.5 2.375 2 2.875
  1 41 2 0 5 4.8 2.8 3.8 4.2 4.4
  1 42 2 0 17 1.29411764705882 1.05882352941176 1.35294117647059 0.882352941176471 1.29411764705882
  1 1 3 0 27 0 1.14814814814815 1.74074074074074 0.814814814814815 0
  1 2 3 0 13 0 0.0769230769230769 3.15384615384615 4.46153846153846 0
  1 3 3 0 5 10.6 9.4 0 0 0
  1 4 3 0 2 5 34.5 10 0.5 0
  1 5 3 0 5 11.2 8.6 0.2 0 0
  1 6 3 0 1 31 55 14 0 0
  1 7 3 0 3 11.6666666666667 19.3333333333333 2 0.333333333333333 0
  1 8 3 0 3 18.3333333333333 15 0 0 0
  1 9 3 0 4 13.25 11.5 0.25 0 0
  1 10 3 0 4 14.5 10.5 0 0 0
  1 11 3 0 4 14.75 10.25 0 0 0
  1 12 3 0 2 28.5 20.5 1 0 0
  1 13 3 0 8 7.375 5.125 0 0 0
  1 14 3 0 19 2.89473684210526 2.31578947368421 0.0526315789473684 0 0
  1 15 3 0 15 3.93333333333333 2.73333333333333 0 0 0
  1 16 3 0 12 3.66666666666667 4.66666666666667 0 0 0
  1 17 3 0 14 1.35714285714286 4.07142857142857 1.71428571428571 0 0
  1 18 3 0 14 4.21428571428571 2.92857142857143 0 0 0
  1 19 3 0 15 3.73333333333333 2.93333333333333 0 0 0
  1 20 3 0 17 3.29411764705882 2.35294117647059 0.235294117647059 0 0
  1 21 3 0 12 4.33333333333333 4 0 0 0
  1 22 3 0 11 3.72727272727273 5.36363636363636 0 0 0
  1 23 3 0 16 4.0625 2.1875 0 0 0
  1 24 3 0 15 2.46666666666667 3.8 0.4 0 0
  1 25 3 0 4 12 12.75 0 0.25 0
  1 26 3 0 14 3.5 3.57142857142857 0.0714285714285714 0 0
  1 27 3 0 6 8 8.66666666666667 0 0 0
  1 28 3 0 4 13.5 11.5 0 0 0
  1 29 3 0 2 25.5 24.5 0 0 0
  1 30 3 0 10 6 4 0 0 0
  1 31 3 0 9 6.55555555555556 4.55555555555556 0 0 0
  1 32 3 0 12 2 5.25 1.08333333333333 0 0
  1 33 3 0 5 10.8 9.2 0 0 0
  1 34 3 0 9 5.66666666666667 5.22222222222222 0.222222222222222 0 0
  1 35 3 0 5 9.2 10.6 0.2 0 0
  1 36 3 0 5 12 8 0 0 0
  1 37 3 0 3 21.3333333333333 12 0 0 0
  1 38 3 0 15 3.6 3.06666666666667 0 0 0
  1 39 3 0 12 3.58333333333333 4.58333333333333 0.166666666666667 0 0
  1 40 3 0 9 5 6.11111111111111 0 0 0
  1 41 3 0 8 4.25 6.625 1.625 0 0
  1 42 3 0 12 4.16666666666667 3.58333333333333 0.5 0.0833333333333333 0
  1 1 4 0 86 0.418604651162791 0.104651162790698 0.63953488372093 0 0
  1 2 4 0 100 0.02 0.11 0.85 0.02 0
  1 3 4 0 33 2.54545454545455 0.484848484848485 0 0 0
  1 4 4 0 44 1.72727272727273 0.545454545454545 0 0 0
  1 5 4 0 34 2.41176470588235 0.529411764705882 0 0 0
  1 6 4 0 40 2 0.5 0 0 0
  1 7 4 0 39 2.1025641025641 0.461538461538462 0 0 0
  1 8 4 0 49 1.61224489795918 0.346938775510204 0.0816326530612245 0 0
  1 9 4 0 36 2.30555555555556 0.472222222222222 0 0 0
  1 10 4 0 43 2 0.325581395348837 0 0 0
  1 11 4 0 41 1.78048780487805 0.658536585365854 0 0 0
  1 12 4 0 35 2.17142857142857 0.685714285714286 0 0 0
  1 13 4 0 32 2.46875 0.65625 0 0 0
  1 14 4 0 21 3.9047619047619 0.857142857142857 0 0 0
  1 15 4 0 30 2.7 0.633333333333333 0 0 0
  1 16 4 0 19 4.47368421052632 0.789473684210526 0 0 0
  1 17 4 0 35 2.08571428571429 0.771428571428571 0 0 0
  1 18 4 0 27 2.85185185185185 0.851851851851852 0 0 0
  1 19 4 0 34 2.26470588235294 0.676470588235294 0 0 0
  1 20 4 0 42 1.80952380952381 0.571428571428571 0 0 0
  1 21 4 0 41 1.95121951219512 0.48780487804878 0 0 0
  1 22 4 0 44 1.72727272727273 0.545454545454545 0 0 0
  1 23 4 0 28 2.64285714285714 0.928571428571429 0 0 0
  1 24 4 0 34 2.5 0.441176470588235 0 0 0
  1 25 4 0 36 2.11111111111111 0.666666666666667 0 0 0
  1 26 4 0 31 2.58064516129032 0.645161290322581 0 0 0
  1 27 4 0 39 1.8974358974359 0.666666666666667 0 0 0
  1 28 4 0 38 2.10526315789474 0.526315789473684 0 0 0
  1 29 4 0 48 1.79166666666667 0.291666666666667 0 0 0
  1 30 4 0 38 1.81578947368421 0.815789473684211 0 0 0
  1 31 4 0 61 1.39344262295082 0.245901639344262 0 0 0
  1 32 4 0 48 1.625 0.458333333333333 0 0 0
  1 33 4 0 49 1.61224489795918 0.428571428571429 0 0 0
  1 34 4 0 44 1.75 0.522727272727273 0 0 0
  1 35 4 0 61 1.21311475409836 0.426229508196721 0 0 0
  1 36 4 0 67 1.17910447761194 0.313432835820896 0 0 0
  1 37 4 0 57 1.47368421052632 0.280701754385965 0 0 0
  1 38 4 0 38 2.13157894736842 0.5 0 0 0
  1 39 4 0 52 1.40384615384615 0.519230769230769 0 0 0
  1 40 4 0 43 1.7906976744186 0.534883720930233 0 0 0
  1 41 4 0 42 1.88095238095238 0.5 0 0 0
  1 42 4 0 61 1.29508196721311 0.344262295081967 0 0 0
  2 1 1 0 58 0 0.0517241379310345 1.56896551724138 0.103448275862069 0
  2 2 1 0 83 0 0.349397590361446 0.795180722891566 0.0602409638554217 0
  2 3 1 0 63 0 1.01587301587302 0.555555555555556 0.0158730158730159 0
  2 4 1 0 56 0.0178571428571429 1.32142857142857 0.446428571428571 0 0
  2 5 1 0 55 0 0.636363636363636 1.18181818181818 0 0
  2 6 1 0 45 0 0.0222222222222222 2.17777777777778 0.0222222222222222 0
  2 7 1 0 46 0 1.95652173913043 0.195652173913043 0.0217391304347826 0
  2 8 1 0 56 0 0.0535714285714286 1.73214285714286 0 0
  2 9 1 0 51 0 1.76470588235294 0.156862745098039 0.0392156862745098 0
  2 10 1 0 44 0.0454545454545455 1.18181818181818 1.04545454545455 0 0
  2 11 1 0 49 0 0.428571428571429 1.61224489795918 0 0
  2 12 1 0 50 0 1.48 0.52 0 0
  2 13 1 0 48 0.0208333333333333 0.854166666666667 1.20833333333333 0 0
  2 14 1 0 52 0 0.942307692307692 0.980769230769231 0 0
  2 15 1 0 31 0 1.38709677419355 1.83870967741935 0 0
  2 16 1 0 38 0.0263157894736842 1.5 1.10526315789474 0 0
  2 17 1 0 26 0 2.38461538461538 1.46153846153846 0 0
  2 18 1 0 33 0 1.18181818181818 1.84848484848485 0 0
  2 19 1 0 31 0 2.2258064516129 1 0 0
  2 20 1 0 38 0.0263157894736842 1.84210526315789 0.763157894736842 0 0
  2 21 1 0 30 0.0333333333333333 2.1 1.2 0 0
  2 22 1 0 35 0.0285714285714286 2.22857142857143 0.6 0 0
  2 23 1 0 35 0 0.857142857142857 2 0 0
  2 24 1 0 26 0 2.73076923076923 1.11538461538462 0 0
  2 25 1 0 32 0 1.53125 1.59375 0 0
  2 26 1 0 26 0.0384615384615385 2.69230769230769 1.11538461538462 0 0
  2 27 1 0 37 0 0.972972972972973 1.72972972972973 0 0
  2 28 1 0 35 0 2.45714285714286 0.4 0 0
  2 29 1 0 33 0 1.18181818181818 1.84848484848485 0 0
  2 30 1 0 45 0 1.71111111111111 0.488888888888889 0.0222222222222222 0
  2 31 1 0 34 0.0294117647058824 1.47058823529412 1.44117647058824 0 0
  2 32 1 0 36 0 1.72222222222222 1.02777777777778 0.0277777777777778 0
  2 33 1 0 42 0.0238095238095238 0.0952380952380952 2.26190476190476 0 0
  2 34 1 0 34 0.0588235294117647 2.61764705882353 0.235294117647059 0.0294117647058824 0
  2 35 1 0 35 0 0.885714285714286 1.97142857142857 0 0
  2 36 1 0 28 0.0357142857142857 2.32142857142857 1.21428571428571 0 0
  2 37 1 0 22 0.0454545454545455 3.59090909090909 0.909090909090909 0 0
  2 38 1 0 32 0 1.375 1.75 0 0
  2 39 1 0 27 0 0.222222222222222 3.48148148148148 0 0
  2 40 1 0 39 0.0256410256410256 1.48717948717949 1 0.0512820512820513 0
  2 41 1 0 20 0 3.05 1.95 0 0
  2 42 1 0 30 0 0.9 2.43333333333333 0 0
  2 1 2 0 16 1.375 1.0625 1.5 1.375 0.9375
  2 2 2 0 20 0.85 1.15 1 0.85 1.15
  2 3 2 0 34 0.764705882352941 0.558823529411765 0.529411764705882 0.647058823529412 0.441176470588235
  2 4 2 0 15 1.46666666666667 1.33333333333333 1.33333333333333 1.26666666666667 1.26666666666667
  2 5 2 0 4 6 4.25 4.5 4.5 5.75
  2 6 2 0 7 3.28571428571429 2 1.85714285714286 4.28571428571429 2.85714285714286
  2 7 2 0 18 0.777777777777778 1.66666666666667 1.11111111111111 0.777777777777778 1.22222222222222
  2 8 2 0 22 1 0.636363636363636 1.09090909090909 0.636363636363636 1.18181818181818
  2 9 2 0 21 0.952380952380952 0.857142857142857 0.571428571428571 1.33333333333333 1.04761904761905
  2 10 2 0 11 1.72727272727273 1.72727272727273 2.18181818181818 1.81818181818182 1.63636363636364
  2 11 2 0 7 2.85714285714286 3 2.42857142857143 3 3
  2 12 2 0 19 1.10526315789474 1.10526315789474 0.894736842105263 1.10526315789474 1.05263157894737
  2 13 2 0 32 0.5625 0.71875 0.4375 0.71875 0.6875
  2 14 2 0 34 0.529411764705882 0.5 0.588235294117647 0.794117647058823 0.529411764705882
  2 15 2 0 27 0.703703703703704 0.851851851851852 0.925925925925926 0.555555555555556 0.666666666666667
  2 16 2 0 42 0.476190476190476 0.357142857142857 0.571428571428571 0.428571428571429 0.547619047619048
  2 17 2 0 34 0.823529411764706 0.5 0.794117647058823 0.382352941176471 0.441176470588235
  2 18 2 0 28 0.821428571428571 0.571428571428571 0.642857142857143 0.75 0.785714285714286
  2 19 2 0 26 1 0.653846153846154 0.692307692307692 0.692307692307692 0.807692307692308
  2 20 2 0 32 0.625 0.8125 0.4375 0.6875 0.5625
  2 21 2 0 37 0.540540540540541 0.864864864864865 0.324324324324324 0.459459459459459 0.513513513513513
  2 22 2 0 38 0.289473684210526 0.763157894736842 0.421052631578947 0.631578947368421 0.526315789473684
  2 23 2 0 41 0.463414634146341 0.365853658536585 0.51219512195122 0.463414634146341 0.634146341463415
  2 24 2 0 33 0.696969696969697 0.636363636363636 0.424242424242424 0.727272727272727 0.545454545454545
  2 25 2 0 45 0.4 0.355555555555556 0.422222222222222 0.533333333333333 0.511111111111111
  2 26 2 0 28 0.642857142857143 0.821428571428571 0.678571428571429 0.821428571428571 0.607142857142857
  2 27 2 0 47 0.595744680851064 0.297872340425532 0.48936170212766 0.48936170212766 0.25531914893617
  2 28 2 0 22 1.22727272727273 0.772727272727273 1 0.727272727272727 0.818181818181818
  2 29 2 0 40 0.575 0.575 0.5 0.35 0.5
  2 30 2 0 28 0.821428571428571 0.607142857142857 0.642857142857143 0.642857142857143 0.857142857142857
  2 31 2 0 32 0.78125 0.71875 0.46875 0.5625 0.59375
  2 32 2 0 40 0.45 0.475 0.375 0.625 0.575
  2 33 2 0 43 0.488372093023256 0.186046511627907 0.651162790697674 0.441860465116279 0.558139534883721
  2 34 2 0 46 0.565217391304348 0.478260869565217 0.456521739130435 0.304347826086957 0.369565217391304
  2 35 2 0 60 0.383333333333333 0.3 0.216666666666667 0.4 0.366666666666667
  2 36 2 0 49 0.530612244897959 0.26530612244898 0.387755102040816 0.36734693877551 0.489795918367347
  2 37 2 0 32 0.5 0.71875 0.53125 0.5625 0.8125
  2 38 2 0 30 0.733333333333333 0.666666666666667 0.8 0.466666666666667 0.666666666666667
  2 39 2 0 29 0.551724137931034 0.758620689655172 0.620689655172414 0.827586206896552 0.689655172413793
  2 40 2 0 31 0.774193548387097 0.548387096774194 0.67741935483871 0.709677419354839 0.516129032258065
  2 41 2 0 14 1.57142857142857 1.5 1.21428571428571 1.42857142857143 1.42857142857143
  2 42 2 0 19 1.26315789473684 0.789473684210526 1.05263157894737 1.05263157894737 1.10526315789474
  2 2 3 0 3 0 0 2.33333333333333 31 0
  2 3 3 0 3 2.66666666666667 30.6666666666667 0 0 0
  2 4 3 0 7 0 3.28571428571429 11 0 0
  2 5 3 0 1 8 91 0 1 0
  2 6 3 0 14 0.142857142857143 2.71428571428571 4.28571428571429 0 0
  2 8 3 0 10 0.9 8.3 0.4 0.4 0
  2 9 3 0 6 1 14.1666666666667 1.16666666666667 0.333333333333333 0
  2 10 3 0 2 6 37 7 0 0
  2 12 3 0 1 11 66 19 4 0
  2 14 3 0 9 1.11111111111111 8.77777777777778 1.22222222222222 0 0
  2 15 3 0 5 1.8 17.6 0.6 0 0
  2 16 3 0 9 1.11111111111111 9.77777777777778 0.222222222222222 0 0
  2 17 3 0 9 0 1.44444444444444 9.66666666666667 0 0
  2 18 3 0 13 1.15384615384615 5.15384615384615 0.769230769230769 0.615384615384615 0
  2 19 3 0 14 0.928571428571429 5.78571428571429 0.428571428571429 0 0
  2 20 3 0 19 0.473684210526316 2.47368421052632 2.21052631578947 0.105263157894737 0
  2 21 3 0 20 0.7 3.85 0.3 0.15 0
  2 22 3 0 23 0.608695652173913 3.69565217391304 0.0434782608695652 0 0
  2 23 3 0 26 0.461538461538462 3.07692307692308 0.307692307692308 0 0
  2 24 3 0 28 0.0714285714285714 1.35714285714286 2.03571428571429 0.107142857142857 0
  2 25 3 0 20 0.45 3.85 0.35 0.35 0
  2 26 3 0 7 1.28571428571429 12.4285714285714 0.571428571428571 0 0
  2 27 3 0 5 2.2 15.8 2 0 0
  2 29 3 0 6 1.5 14.3333333333333 0.833333333333333 0 0
  2 30 3 0 14 0.642857142857143 6.42857142857143 0.0714285714285714 0 0
  2 31 3 0 7 1.28571428571429 12.8571428571429 0 0.142857142857143 0
  2 32 3 0 20 0.05 1.7 3.2 0.05 0
  2 33 3 0 18 0.555555555555556 3.38888888888889 1 0.611111111111111 0
  2 34 3 0 15 0.466666666666667 5 0.933333333333333 0.266666666666667 0
  2 35 3 0 28 0.5 2.46428571428571 0.5 0.107142857142857 0
  2 36 3 0 25 0.28 3.72 0 0 0
  2 37 3 0 19 0.526315789473684 4.63157894736842 0.105263157894737 0 0
  2 38 3 0 33 0.333333333333333 2.48484848484848 0.212121212121212 0 0
  2 39 3 0 32 0.3125 2.375 0.40625 0.03125 0
  2 40 3 0 34 0.411764705882353 2.11764705882353 0.323529411764706 0.0882352941176471 0
  2 41 3 0 20 0.05 1.15 3 0.8 0
  2 42 3 0 27 0.111111111111111 0.962962962962963 1.11111111111111 1.51851851851852 0
  2 1 4 0 44 0 0 2.06818181818182 0.204545454545455 0
  2 2 4 0 75 0 0 1.2 0.133333333333333 0
  2 3 4 0 66 0.0303030303030303 1.46969696969697 0 0.0151515151515152 0
  2 4 4 0 54 0 1.38888888888889 0.462962962962963 0 0
  2 5 4 0 31 0 2.45161290322581 0.774193548387097 0 0
  2 6 4 0 24 0.0833333333333333 2.20833333333333 1.875 0 0
  2 7 4 0 20 0 4.8 0.2 0 0
  2 8 4 0 25 0 1.52 2.48 0 0
  2 9 4 0 44 0.0454545454545455 2.13636363636364 0.0909090909090909 0 0
  2 10 4 0 36 0 2.22222222222222 0.555555555555556 0 0
  2 11 4 0 22 0.0454545454545455 3.18181818181818 1.31818181818182 0 0
  2 12 4 0 21 0 4.23809523809524 0.523809523809524 0 0
  2 13 4 0 26 0 3.5 0.346153846153846 0 0
  2 14 4 0 35 0.0857142857142857 2.34285714285714 0.428571428571429 0 0
  2 15 4 0 21 0.0952380952380952 3.80952380952381 0.857142857142857 0 0
  2 16 4 0 30 0.0333333333333333 3.03333333333333 0.266666666666667 0 0
  2 17 4 0 40 0.025 1.9 0.575 0 0
  2 18 4 0 42 0.0238095238095238 2 0.357142857142857 0 0
  2 19 4 0 46 0.0434782608695652 2 0.130434782608696 0 0
  2 20 4 0 37 0.0810810810810811 2.56756756756757 0.0540540540540541 0 0
  2 21 4 0 44 0 2 0.272727272727273 0 0
  2 22 4 0 42 0 2.14285714285714 0.238095238095238 0 0
  2 23 4 0 35 0.0857142857142857 2.28571428571429 0.485714285714286 0 0
  2 24 4 0 26 0.153846153846154 3.46153846153846 0.230769230769231 0 0
  2 25 4 0 19 0.105263157894737 4.52631578947368 0.631578947368421 0 0
  2 26 4 0 29 0.0689655172413793 3.17241379310345 0.206896551724138 0 0
  2 27 4 0 10 0 9.2 0.8 0 0
  2 28 4 0 20 0.05 4.65 0.3 0 0
  2 29 4 0 25 0 3.4 0.6 0 0
  2 30 4 0 18 0.0555555555555556 4.94444444444444 0.555555555555556 0 0
  2 31 4 0 24 0 3.29166666666667 0.875 0 0
  2 32 4 0 21 0 4.14285714285714 0.619047619047619 0 0
  2 33 4 0 10 0.2 5.3 4.5 0 0
  2 34 4 0 12 0.25 7.08333333333333 1 0 0
  2 35 4 0 29 0.103448275862069 2.3448275862069 1 0 0
  2 36 4 0 17 0.0588235294117647 5.23529411764706 0.588235294117647 0 0
  2 37 4 0 39 0.0512820512820513 2.35897435897436 0.153846153846154 0 0
  2 38 4 0 9 0 8.33333333333333 2.77777777777778 0 0
  2 39 4 0 50 0 1.24 0.74 0.02 0
  2 40 4 0 15 0.0666666666666667 5.06666666666667 1.53333333333333 0 0
  2 41 4 0 7 0.285714285714286 9 5 0 0
  2 42 4 0 9 0.111111111111111 8 3 0 0
# end survey length observations 
#  
# Fishery catch data 
# Number of observations, init_int Ncatch_obs
  168
# init_matrix obs_catch_biomass(1,Ncatch_obs,1,6) 
# Fleet	Area	Year	Species	Catch(biomass t)	CV 
  1 1 1 1 16473.4453606631 0.05
  1 1 2 1 20216.4418324658 0.05
  1 1 3 1 16708.7708684688 0.05
  1 1 4 1 19424.0223955139 0.05
  1 1 5 1 24217.0552985555 0.05
  1 1 6 1 16215.414753442 0.05
  1 1 7 1 15695.8115661458 0.05
  1 1 8 1 14879.6612611145 0.05
  1 1 9 1 13145.0275828761 0.05
  1 1 10 1 17116.7080060746 0.05
  1 1 11 1 19701.282934525 0.05
  1 1 12 1 17312.5535016998 0.05
  1 1 13 1 17971.2015794356 0.05
  1 1 14 1 14923.0143968455 0.05
  1 1 15 1 12351.4599069604 0.05
  1 1 16 1 8759.05807104636 0.05
  1 1 17 1 8012.38097346241 0.05
  1 1 18 1 4684.42984195346 0.05
  1 1 19 1 3791.1419813159 0.05
  1 1 20 1 5228.74478043471 0.05
  1 1 21 1 3993.86326139302 0.05
  1 1 22 1 5158.73417316292 0.05
  1 1 23 1 4208.92756340541 0.05
  1 1 24 1 6734.49309447265 0.05
  1 1 25 1 4419.90085907721 0.05
  1 1 26 1 5554.25701973439 0.05
  1 1 27 1 2298.6376313823 0.05
  1 1 28 1 2065.41803957761 0.05
  1 1 29 1 2429.53650674104 0.05
  1 1 30 1 3464.62231264269 0.05
  1 1 31 1 4084.79757686141 0.05
  1 1 32 1 3845.1504298609 0.05
  1 1 33 1 1865.89778322053 0.05
  1 1 34 1 1956.25383235263 0.05
  1 1 35 1 1189.6290044846 0.05
  1 1 36 1 698.033136051052 0.05
  1 1 37 1 1003.17443695434 0.05
  1 1 38 1 1076.23105936433 0.05
  1 1 39 1 816.827709625596 0.05
  1 1 40 1 545.187767032088 0.05
  1 1 41 1 658.131923266934 0.05
  1 1 42 1 377.745583161469 0.05
  1 1 1 4 7302.95836593215 0.05
  1 1 2 4 4230.42651432914 0.05
  1 1 3 4 6864.96686968806 0.05
  1 1 4 4 6315.9124392503 0.05
  1 1 5 4 7831.34182039892 0.05
  1 1 6 4 7895.41742697892 0.05
  1 1 7 4 5907.63216749031 0.05
  1 1 8 4 6440.13344500194 0.05
  1 1 9 4 6483.87689963388 0.05
  1 1 10 4 7306.90459286838 0.05
  1 1 11 4 8690.08803652472 0.05
  1 1 12 4 10054.3172707371 0.05
  1 1 13 4 12519.6663973349 0.05
  1 1 14 4 11269.7915747076 0.05
  1 1 15 4 8222.86445130162 0.05
  1 1 16 4 5862.22887878637 0.05
  1 1 17 4 12411.0089050783 0.05
  1 1 18 4 4802.39045312925 0.05
  1 1 19 4 5770.86570858958 0.05
  1 1 20 4 8611.63994108619 0.05
  1 1 21 4 3780.2982273693 0.05
  1 1 22 4 4405.22348599459 0.05
  1 1 23 4 7203.84744980174 0.05
  1 1 24 4 7005.66117819795 0.05
  1 1 25 4 6697.25451417011 0.05
  1 1 26 4 4347.59372897611 0.05
  1 1 27 4 2755.31480412841 0.05
  1 1 28 4 1960.85293471333 0.05
  1 1 29 4 5240.18456896459 0.05
  1 1 30 4 3483.51036339329 0.05
  1 1 31 4 2091.46537975337 0.05
  1 1 32 4 3521.71017596329 0.05
  1 1 33 4 2898.52005870125 0.05
  1 1 34 4 3214.7729194578 0.05
  1 1 35 4 3330.66206621439 0.05
  1 1 36 4 2786.52107175917 0.05
  1 1 37 4 5031.41905151874 0.05
  1 1 38 4 4476.64942028855 0.05
  1 1 39 4 5237.14960289712 0.05
  1 1 40 4 3273.69191946141 0.05
  1 1 41 4 3171.76939080499 0.05
  1 1 42 4 2286.77494177206 0.05
  2 1 1 2 1318.56979705259 0.05
  2 1 2 2 898.269452825405 0.05
  2 1 3 2 1417.41705881469 0.05
  2 1 4 2 955.240643151481 0.05
  2 1 5 2 1199.89404942132 0.05
  2 1 6 2 1193.72108612923 0.05
  2 1 7 2 779.939564372671 0.05
  2 1 8 2 935.184209550861 0.05
  2 1 9 2 885.34324671188 0.05
  2 1 10 2 830.599723964247 0.05
  2 1 11 2 1109.84801254865 0.05
  2 1 12 2 934.019712812453 0.05
  2 1 13 2 3604.24238816945 0.05
  2 1 14 2 1691.12426112616 0.05
  2 1 15 2 1052.69364802032 0.05
  2 1 16 2 2626.22426881437 0.05
  2 1 17 2 2232.2125525359 0.05
  2 1 18 2 25.6669673978725 0.05
  2 1 19 2 3943.73684044966 0.05
  2 1 20 2 6017.87874886191 0.05
  2 1 21 2 13794.6647221384 0.05
  2 1 22 2 15279.2147333103 0.05
  2 1 23 2 9827.65182007981 0.05
  2 1 24 2 22023.8133699331 0.05
  2 1 25 2 9603.07241168188 0.05
  2 1 26 2 13234.8010783096 0.05
  2 1 27 2 13645.7726076383 0.05
  2 1 28 2 9842.43866849773 0.05
  2 1 29 2 10253.20295057 0.05
  2 1 30 2 7696.2131431767 0.05
  2 1 31 2 8877.57912531789 0.05
  2 1 32 2 17917.3273896351 0.05
  2 1 33 2 10730.7662359307 0.05
  2 1 34 2 18434.3230612074 0.05
  2 1 35 2 17931.6787507586 0.05
  2 1 36 2 20912.3356235512 0.05
  2 1 37 2 19164.5142172124 0.05
  2 1 38 2 17577.2479377947 0.05
  2 1 39 2 11002.8867346874 0.05
  2 1 40 2 7822.99658844025 0.05
  2 1 41 2 6404.99089667344 0.05
  2 1 42 2 1550.2870001899 0.05
  2 1 1 3 487.341234524812 0.05
  2 1 2 3 224.721006914977 0.05
  2 1 3 3 344.542756748134 0.05
  2 1 4 3 396.158090646659 0.05
  2 1 5 3 2859.84928228803 0.05
  2 1 6 3 3467.93239352621 0.05
  2 1 7 3 2692.83537852736 0.05
  2 1 8 3 2674.67338833897 0.05
  2 1 9 3 3320.94915232722 0.05
  2 1 10 3 2399.19785847969 0.05
  2 1 11 3 3082.46615276312 0.05
  2 1 12 3 582.373873391564 0.05
  2 1 13 3 2092.78918356717 0.05
  2 1 14 3 1354.45607728737 0.05
  2 1 15 3 1036.83422456601 0.05
  2 1 16 3 965.216638394104 0.05
  2 1 17 3 15364.4731092976 0.05
  2 1 18 3 1275.37214050135 0.05
  2 1 19 3 862.772339625623 0.05
  2 1 20 3 709.74339356029 0.05
  2 1 21 3 493.719931725482 0.05
  2 1 22 3 2374.34894104377 0.05
  2 1 23 3 1019.7405972844 0.05
  2 1 24 3 214.13564696679 0.05
  2 1 25 3 928.682902765116 0.05
  2 1 26 3 2337.03642247678 0.05
  2 1 27 3 2389.92770656977 0.05
  2 1 28 3 651.343121643567 0.05
  2 1 29 3 1513.39305434976 0.05
  2 1 30 3 2081.48900690968 0.05
  2 1 31 3 1589.24245638402 0.05
  2 1 32 3 595.996205375493 0.05
  2 1 33 3 156.940026537871 0.05
  2 1 34 3 135.739462569051 0.05
  2 1 35 3 152.928948631447 0.05
  2 1 36 3 1948.73464241926 0.05
  2 1 37 3 2355.42987192433 0.05
  2 1 38 3 1110.57596073575 0.05
  2 1 39 3 927.666848275083 0.05
  2 1 40 3 1501.63211856901 0.05
  2 1 41 3 16577.7550425188 0.05
  2 1 42 3 17711.6693397627 0.05
# end catch observations 
#  
# Fishery size comp data 
# Number of observations, init_int Ncatch_size_obs 
  168
# init_matrix obs_catch_size(1,Ncatch_size_obs,1,ncol) 
# Fleet Area  Year  Species Type (0=whole, 1=retained, 2=discard) InpN, proportion by size bin 
  1 1 1 1 0 81 0 0.469135802469136 0.345679012345679 0.0864197530864197 0.333333333333333
  1 1 2 1 0 73 1.35616438356164 0 0.0136986301369863 0 0
  1 1 3 1 0 65 1.49230769230769 0.0307692307692308 0 0.0153846153846154 0
  1 1 4 1 0 56 1.75 0.0178571428571429 0.0178571428571429 0 0
  1 1 5 1 0 120 0.75 0.0833333333333333 0 0 0
  1 1 6 1 0 130 0.292307692307692 0.376923076923077 0.0923076923076923 0.00769230769230769 0
  1 1 7 1 0 94 1.06382978723404 0 0 0 0
  1 1 8 1 0 94 0.372340425531915 0.680851063829787 0.0106382978723404 0 0
  1 1 9 1 0 82 1.21951219512195 0 0 0 0
  1 1 10 1 0 76 1.30263157894737 0.0131578947368421 0 0 0
  1 1 11 1 0 74 1.33783783783784 0.0135135135135135 0 0 0
  1 1 12 1 0 65 1.52307692307692 0 0.0153846153846154 0 0
  1 1 13 1 0 77 1.24675324675325 0.051948051948052 0 0 0
  1 1 14 1 0 88 1.09090909090909 0.0454545454545455 0 0 0
  1 1 15 1 0 66 1.46969696969697 0.0454545454545455 0 0 0
  1 1 16 1 0 69 1.43478260869565 0.0144927536231884 0 0 0
  1 1 17 1 0 43 2.32558139534884 0 0 0 0
  1 1 18 1 0 34 2.91176470588235 0.0294117647058824 0 0 0
  1 1 19 1 0 55 1.8 0.0181818181818182 0 0 0
  1 1 20 1 0 64 1.546875 0.015625 0 0 0
  1 1 21 1 0 77 1.2987012987013 0 0 0 0
  1 1 22 1 0 67 1.47761194029851 0.0149253731343284 0 0 0
  1 1 23 1 0 133 0.744360902255639 0.0075187969924812 0 0 0
  1 1 24 1 0 98 1.01020408163265 0.0102040816326531 0 0 0
  1 1 25 1 0 91 1.07692307692308 0.021978021978022 0 0 0
  1 1 26 1 0 77 1.28571428571429 0.012987012987013 0 0 0
  1 1 27 1 0 102 0.911764705882353 0.0686274509803922 0 0 0
  1 1 28 1 0 76 1.31578947368421 0 0 0 0
  1 1 29 1 0 110 0.872727272727273 0.0363636363636364 0 0 0
  1 1 30 1 0 100 1 0 0 0 0
  1 1 31 1 0 108 0.925925925925926 0 0 0 0
  1 1 32 1 0 118 0.830508474576271 0.0169491525423729 0 0 0
  1 1 33 1 0 129 0.348837209302326 0.387596899224806 0.0387596899224806 0 0
  1 1 34 1 0 90 1.1 0 0.0111111111111111 0 0
  1 1 35 1 0 69 1.3768115942029 0.072463768115942 0 0 0
  1 1 36 1 0 80 1.2375 0.0125 0 0 0
  1 1 37 1 0 62 1.59677419354839 0.0161290322580645 0 0 0
  1 1 38 1 0 94 1.03191489361702 0.0319148936170213 0 0 0
  1 1 39 1 0 75 0.76 0.506666666666667 0.0666666666666667 0 0
  1 1 40 1 0 75 1.32 0 0.0133333333333333 0 0
  1 1 41 1 0 35 2.77142857142857 0.0857142857142857 0 0 0
  1 1 42 1 0 22 4.36363636363636 0.181818181818182 0 0 0
  1 1 1 4 0 5 4.8 0 0 0 15.2
  1 1 2 4 0 5 20 0 0 0 0
  1 1 3 4 0 5 20 0 0 0 0
  1 1 4 4 0 5 20 0 0 0 0
  1 1 5 4 0 5 20 0 0 0 0
  1 1 6 4 0 5 20 0 0 0 0
  1 1 7 4 0 5 20 0 0 0 0
  1 1 8 4 0 5 20 0 0 0 0
  1 1 9 4 0 5 20 0 0 0 0
  1 1 10 4 0 5 20 0 0 0 0
  1 1 11 4 0 1 100 0 0 0 0
  1 1 12 4 0 5 20 0 0 0 0
  1 1 13 4 0 1 100 0 0 0 0
  1 1 14 4 0 2 50 0 0 0 0
  1 1 15 4 0 8 12.5 0 0 0 0
  1 1 16 4 0 3 33.3333333333333 0 0 0 0
  1 1 17 4 0 3 33.3333333333333 0 0 0 0
  1 1 18 4 0 1 100 0 0 0 0
  1 1 19 4 0 3 33.3333333333333 0 0 0 0
  1 1 20 4 0 3 33.3333333333333 0 0 0 0
  1 1 21 4 0 3 33.3333333333333 0 0 0 0
  1 1 22 4 0 2 50 0 0 0 0
  1 1 23 4 0 6 16.6666666666667 0 0 0 0
  1 1 24 4 0 1 100 0 0 0 0
  1 1 25 4 0 1 100 0 0 0 0
  1 1 26 4 0 2 50 0 0 0 0
  1 1 27 4 0 2 50 0 0 0 0
  1 1 28 4 0 4 25 0 0 0 0
  1 1 29 4 0 7 14.2857142857143 0 0 0 0
  1 1 30 4 0 6 16.6666666666667 0 0 0 0
  1 1 31 4 0 10 10 0 0 0 0
  1 1 32 4 0 7 14.2857142857143 0 0 0 0
  1 1 33 4 0 15 6.66666666666667 0 0 0 0
  1 1 34 4 0 19 5.26315789473684 0 0 0 0
  1 1 35 4 0 13 7.69230769230769 0 0 0 0
  1 1 36 4 0 23 4.34782608695652 0 0 0 0
  1 1 37 4 0 7 14.2857142857143 0 0 0 0
  1 1 38 4 0 7 14.2857142857143 0 0 0 0
  1 1 39 4 0 19 5.26315789473684 0 0 0 0
  1 1 40 4 0 25 4 0 0 0 0
  1 1 41 4 0 31 3.2258064516129 0 0 0 0
  1 1 42 4 0 31 3.2258064516129 0 0 0 0
  2 1 1 2 0 2 0 19 25.5 5.5 0
  2 1 2 2 0 5 5.2 1.4 7.8 5.6 0
  2 1 3 2 0 2 50 0 0 0 0
  2 1 4 2 0 5 10.4 9.6 0 0 0
  2 1 5 2 0 5 20 0 0 0 0
  2 1 6 2 0 5 17.4 2.6 0 0 0
  2 1 7 2 0 5 20 0 0 0 0
  2 1 8 2 0 1 100 0 0 0 0
  2 1 9 2 0 5 20 0 0 0 0
  2 1 10 2 0 5 20 0 0 0 0
  2 1 11 2 0 2 50 0 0 0 0
  2 1 12 2 0 5 20 0 0 0 0
  2 1 13 2 0 5 20 0 0 0 0
  2 1 14 2 0 5 20 0 0 0 0
  2 1 15 2 0 5 20 0 0 0 0
  2 1 16 2 0 5 19.8 0.2 0 0 0
  2 1 17 2 0 5 19.8 0.2 0 0 0
  2 1 18 2 0 5 20 0 0 0 0
  2 1 19 2 0 5 20 0 0 0 0
  2 1 20 2 0 30 3.33333333333333 0 0 0 0
  2 1 21 2 0 46 2.17391304347826 0 0 0 0
  2 1 22 2 0 10 10 0 0 0 0
  2 1 23 2 0 19 5.26315789473684 0 0 0 0
  2 1 24 2 0 61 1.44262295081967 0.19672131147541 0 0 0
  2 1 25 2 0 29 3.44827586206897 0 0 0 0
  2 1 26 2 0 32 3.125 0 0 0 0
  2 1 27 2 0 16 6.25 0 0 0 0
  2 1 28 2 0 31 3.19354838709677 0.032258064516129 0 0 0
  2 1 29 2 0 44 2.27272727272727 0 0 0 0
  2 1 30 2 0 29 3.44827586206897 0 0 0 0
  2 1 31 2 0 25 3.96 0.04 0 0 0
  2 1 32 2 0 22 2.72727272727273 1.81818181818182 0 0 0
  2 1 33 2 0 35 2.77142857142857 0.0857142857142857 0 0 0
  2 1 34 2 0 28 3.57142857142857 0 0 0 0
  2 1 35 2 0 45 2.2 0.0222222222222222 0 0 0
  2 1 36 2 0 51 1.96078431372549 0 0 0 0
  2 1 37 2 0 41 2.41463414634146 0.024390243902439 0 0 0
  2 1 38 2 0 36 2.72222222222222 0.0555555555555556 0 0 0
  2 1 39 2 0 20 4.7 0.3 0 0 0
  2 1 40 2 0 14 6.92857142857143 0.214285714285714 0 0 0
  2 1 41 2 0 17 5.70588235294118 0.176470588235294 0 0 0
  2 1 42 2 0 24 4.16666666666667 0 0 0 0
  2 1 1 3 0 1 15 0 82 3 0
  2 1 2 3 0 5 6.2 0 5.8 8 0
  2 1 3 3 0 5 20 0 0 0 0
  2 1 4 3 0 1 100 0 0 0 0
  2 1 5 3 0 6 16.5 0.166666666666667 0 0 0
  2 1 6 3 0 4 24.75 0.25 0 0 0
  2 1 7 3 0 5 20 0 0 0 0
  2 1 8 3 0 1 99 1 0 0 0
  2 1 9 3 0 1 100 0 0 0 0
  2 1 10 3 0 1 100 0 0 0 0
  2 1 11 3 0 2 49.5 0.5 0 0 0
  2 1 12 3 0 5 20 0 0 0 0
  2 1 13 3 0 4 24.75 0.25 0 0 0
  2 1 14 3 0 8 12.5 0 0 0 0
  2 1 15 3 0 11 9.09090909090909 0 0 0 0
  2 1 16 3 0 5 20 0 0 0 0
  2 1 17 3 0 5 20 0 0 0 0
  2 1 18 3 0 1 100 0 0 0 0
  2 1 19 3 0 1 100 0 0 0 0
  2 1 20 3 0 4 25 0 0 0 0
  2 1 21 3 0 3 33 0.333333333333333 0 0 0
  2 1 22 3 0 4 25 0 0 0 0
  2 1 23 3 0 3 33.3333333333333 0 0 0 0
  2 1 24 3 0 3 33 0.333333333333333 0 0 0
  2 1 25 3 0 2 49.5 0.5 0 0 0
  2 1 26 3 0 4 25 0 0 0 0
  2 1 27 3 0 5 20 0 0 0 0
  2 1 28 3 0 4 25 0 0 0 0
  2 1 29 3 0 4 25 0 0 0 0
  2 1 30 3 0 24 4.08333333333333 0.0833333333333333 0 0 0
  2 1 31 3 0 10 10 0 0 0 0
  2 1 32 3 0 12 8.33333333333333 0 0 0 0
  2 1 33 3 0 4 24.5 0.5 0 0 0
  2 1 34 3 0 6 16.6666666666667 0 0 0 0
  2 1 35 3 0 2 49.5 0.5 0 0 0
  2 1 36 3 0 10 10 0 0 0 0
  2 1 37 3 0 9 11.1111111111111 0 0 0 0
  2 1 38 3 0 13 7.46153846153846 0.230769230769231 0 0 0
  2 1 39 3 0 16 6.0625 0.1875 0 0 0
  2 1 40 3 0 27 3.55555555555556 0.148148148148148 0 0 0
  2 1 41 3 0 15 6.66666666666667 0 0 0 0
  2 1 42 3 0 16 6.25 0 0 0 0
# end fishery length observations 
#  
# Survey diet proportion observations 
# Number of observations, init_int Ndietprop_obs 
  115
# init_matrix obs_dietprop(1,Ndietprop_obs,1,ncol) 
# Survey  Year  Predator  Predator_size InpN  wt_prey_1 wt_prey_2 wt_prey_3 wt_prey_4 wt_prey_5 wt_prey_6 wt_prey_7 wt_prey_8 wt_prey_9 wt_prey_10 wt_prey_11 other 
  1 12 1 2 100 0 0 0 0 1
  1 12 1 3 100 0.17 0 0 0 0.83
  1 13 1 3 100 0 0.2 0 0 0.8
  1 13 1 4 100 0 0.96 0 0 0.04
  1 15 1 2 100 0 0.42 0 0 0.58
  1 18 1 1 100 0.59 0 0 0 0.41
  1 18 1 2 100 0.08 0 0 0 0.92
  1 18 1 3 100 0 0.18 0 0 0.82
  1 19 1 2 100 0 0.17 0 0 0.83
  1 19 1 3 100 0 0.57 0 0 0.43
  1 20 1 3 100 0 0 0 0 1
  1 21 1 2 100 0 0 0 0 1
  1 21 1 3 100 0 0.62 0 0 0.38
  1 24 1 3 100 0 0.32 0 0 0.68
  1 25 1 3 100 0 0.94 0 0 0.06
  1 26 1 3 100 0 0.74 0.19 0 0.07
  1 27 1 3 100 0 0 1 0 0
  1 28 1 3 100 0 1 0 0 0
  1 33 1 3 100 0 0.76 0 0 0.24
  1 34 1 3 100 0 0.09 0 0 0.91
  1 35 1 3 100 0 0.18 0 0 0.82
  1 38 1 3 100 0 0 0 0 1
  1 39 1 3 100 0 0.26 0 0 0.74
  1 40 1 2 100 0 0.38 0 0 0.62
  1 41 1 2 100 0 0 0.56 0 0.44
  2 2 1 4 100 0 0 0 0 1
  2 11 1 3 100 0 0.65 0 0 0.35
  2 14 1 3 100 0 0 0 0 1
  2 14 1 4 100 0 0 0 0 1
  2 15 1 3 100 0 0.41 0 0 0.59
  2 16 1 3 100 0 0 0 0 1
  2 16 1 4 100 0 0 0 0 1
  2 19 1 3 100 0 0 0 0 1
  2 19 1 4 100 0 0 0 0 1
  2 21 1 3 100 0 1 0 0 0
  2 21 1 4 100 0 0 0 0 1
  2 22 1 3 100 0 0.02 0 0 0.98
  2 23 1 3 100 0 0.3 0 0 0.7
  2 24 1 3 100 0 0 0.43 0 0.57
  2 24 1 4 100 0 0.04 0 0 0.96
  2 25 1 2 100 0 0 0 0 1
  2 25 1 3 100 0 0.48 0 0 0.52
  2 26 1 3 100 0 0.31 0 0 0.69
  2 27 1 3 100 0 0 0 0 1
  2 27 1 4 100 0 0 0.47 0 0.53
  2 29 1 3 100 0 0 0.77 0 0.23
  2 33 1 3 100 0 0 0 0 1
  2 35 1 1 100 1 0 0 0 0
  2 35 1 2 100 0 0 0 0 1
  2 35 1 3 100 0 0 0 0 1
  2 36 1 3 100 0 0 0 0 1
  2 39 1 3 100 0 0.93 0 0 0.07
  2 40 1 2 100 0 0 0 0 1
  2 36 2 3 100 0 0.19 0 0 0.81
  2 30 3 2 100 0 0.94 0 0 0.06
  2 30 3 4 100 0 0.19 0 0 0.81
  1 8 4 2 100 0 0.19 0 0 0.81
  1 8 4 3 100 0 0 0.66 0 0.34
  1 11 4 3 100 0 0.06 0 0 0.94
  1 13 4 2 100 0 0.17 0 0 0.83
  1 13 4 3 100 0 0.09 0 0 0.91
  1 13 4 4 100 0 1 0 0 0
  1 14 4 3 100 0 0 0 0 1
  1 15 4 3 100 0 0 0 0 1
  1 15 4 4 100 0 0.4 0 0 0.6
  1 16 4 3 100 0.13 0 0 0 0.87
  1 16 4 4 100 0 0.11 0 0 0.89
  1 17 4 3 100 0 0 0 0 1
  1 18 4 3 100 0 0.12 0 0 0.88
  1 19 4 2 100 0 1 0 0 0
  1 19 4 3 100 0 0.47 0 0 0.53
  1 20 4 2 100 0 0.32 0 0 0.68
  1 20 4 3 100 0 0.33 0 0 0.67
  1 21 4 3 100 0 0 0.13 0 0.87
  1 22 4 2 100 0 0 0.82 0 0.18
  1 23 4 3 100 0 0 0 0 1
  1 24 4 3 100 0 0.1 0 0 0.9
  1 25 4 3 100 0 1 0 0 0
  1 25 4 4 100 0 0 0 0 1
  1 26 4 3 100 0 0 0 0 1
  1 27 4 2 100 0 0 0 0 1
  1 27 4 3 100 0 0 0 0 1
  1 28 4 2 100 0 0.62 0 0 0.38
  1 28 4 3 100 0 0 0 0 1
  1 29 4 3 100 0 0 0 0 1
  1 31 4 3 100 0 0.45 0 0 0.55
  1 31 4 4 100 0 0.71 0 0 0.29
  1 34 4 3 100 0 0.51 0 0 0.49
  1 40 4 3 100 0 1 0 0 0
  1 40 4 4 100 0 0 0 0 1
  1 42 4 3 100 0 0 0 0 1
  2 6 4 3 100 0 0 0.23 0 0.77
  2 8 4 3 100 0 0 0.06 0 0.94
  2 9 4 4 100 0 0 0 0.22 0.78
  2 14 4 4 100 0 0 0 0 1
  2 15 4 3 100 0 0 0 0 1
  2 16 4 3 100 0 0 0 0 1
  2 17 4 2 100 0 0 0 0 1
  2 18 4 3 100 0 0 0 0 1
  2 19 4 3 100 0 0 0 0 1
  2 21 4 3 100 0 0.11 0 0 0.89
  2 22 4 3 100 0 0.45 0 0 0.55
  2 23 4 3 100 0 0 0.62 0 0.38
  2 24 4 3 100 0 0.58 0 0 0.42
  2 25 4 3 100 0 0.96 0 0 0.04
  2 25 4 4 100 0 0 0.38 0 0.62
  2 27 4 3 100 0 0 0 0 1
  2 30 4 3 100 0 0.35 0 0 0.65
  2 33 4 3 100 0 0 0 0 1
  2 34 4 3 100 0 1 0 0 0
  2 35 4 3 100 0 0.82 0 0 0.18
  2 36 4 2 100 0 0.93 0 0 0.07
  2 36 4 3 100 0 1 0 0 0
  2 37 4 3 100 0 0.4 0 0 0.6
  2 42 4 3 100 0 0 1 0 0
# end survey diet proportion observations 
#  
