# This file was created using the write_tsDatFile function and used all the simulated data from sim_dta.rds found in repo:Hydra-self-testing
# Survey index data 
# Number of observations, init_int Nsurvey_obs
  329
# init_matrix obs_survey_biomass(1,Nsurvey_obs,1,5)
# survey year spp value cv
  1 1 4 422602.571542855 0.212720515437525
  2 1 4 425991.903878756 0.25363203301826
  1 2 4 19993.8192184155 0.222168779300385
  2 2 4 13557.8484421767 0.187773345626693
  1 3 4 202047.544656158 0.394113240257454
  2 3 4 3282.20479113927 0.423618201694685
  1 4 4 302223.72646707 0.310035034727007
  2 4 4 14479.6288779314 0.327069686277164
  1 5 4 170494.800960893 0.378629084128514
  2 5 4 3806.46579690052 0.391316523019912
  1 6 4 21946.8040370023 0.494427832556011
  2 6 4 1531.87118571319 0.376280830351703
  1 7 4 120006.140061425 0.759062286891916
  2 7 4 3201.70053669562 0.665352569827422
  1 8 4 4798.2568912401 0.383150869515862
  2 8 4 424.09256620087 0.433685089735353
  1 9 4 33390.639995752 0.48934963094834
  2 9 4 576.390189970682 0.392371299771634
  1 10 4 15031.1824917277 0.382452035825211
  2 10 4 616.996437492868 0.333798529002863
  1 11 4 15344.6630999752 0.566792532611316
  2 11 4 466.393047760954 0.868042030585988
  1 12 4 14932.3857304815 0.381518572031255
  2 12 4 137.471264517759 0.445144789260538
  1 13 4 35220.8611854169 0.438380584739347
  2 13 4 550.441257258217 0.947226139495183
  1 14 4 7477.62277327068 0.482345652338289
  2 14 4 101.559104402936 0.377075764230608
  1 15 4 4580.65918868779 0.420835086749712
  2 15 4 178.099594647188 0.614716212748607
  1 16 4 6290.80264106442 0.515165860253858
  2 16 4 159.296213040031 0.704031323768783
  1 17 4 2317.84840124578 0.559532625975744
  2 17 4 109.550951104712 0.319774204956139
  1 18 4 862.581763920961 0.479008946214672
  2 18 4 77.4807213265215 0.41351869139049
  1 19 4 2566.62026536073 0.429419179801904
  2 19 4 94.5613833408466 0.387615780132326
  1 20 4 19368.9671242796 0.477074256852948
  2 20 4 82.6729534449751 0.315868813200741
  1 21 4 8530.18540976248 0.410621521476155
  2 21 4 195.129649797751 0.630050999524052
  1 22 4 21413.2098041135 0.294672690077384
  2 22 4 273.015359254971 0.335469505128288
  1 23 4 19924.6675433825 0.477447511398437
  2 23 4 500.153690819545 0.407625761955908
  1 24 4 11988.1383954275 0.384568504019134
  2 24 4 234.776122164061 0.43049173366256
  1 25 4 4690.94280032121 0.333261603198005
  2 25 4 105.379291871013 0.843960441627036
  1 26 4 9337.8572788692 0.685474246042822
  2 26 4 63.4739046786007 0.429620783824035
  1 27 4 3369.00035911946 0.286882992344226
  2 27 4 152.322617296091 0.81343687860715
  1 28 4 8122.95827833626 0.371822434434906
  2 28 4 108.142366740877 0.53327636373572
  1 29 4 8432.09480655403 0.592639130460935
  2 29 4 194.7996955459 0.590339711107796
  1 30 4 24709.8388046304 0.374062101432949
  2 30 4 580.243677024254 0.701775131617819
  1 31 4 14796.7649815558 0.304499664309564
  2 31 4 439.995547798912 0.210828956182955
  1 32 4 45886.0204523309 0.233962995093855
  2 32 4 626.84835486881 0.329779252894958
  1 33 4 13603.6147425792 0.270006842918168
  2 33 4 172.84548400432 0.460124990024536
  1 34 4 8079.41344381435 0.350007507053818
  2 34 4 40.9227228991544 0.837656243552001
  1 35 4 7770.85001916611 0.34274593698132
  2 35 4 211.009688880218 0.291986952078346
  1 36 4 16099.7683872936 0.261906583866089
  2 36 4 258.049784061684 0.425399553458769
  1 37 4 25563.5958156661 0.417429035160016
  2 37 4 1191.83610316712 0.287702894520317
  1 38 4 41069.2976823375 0.441211421515246
  2 38 4 2297.14421841998 0.866971810340233
  1 39 4 13527.0025080568 0.495234601454268
  2 39 4 743.693973814887 0.556663444153977
  1 40 4 13540.327785186 0.237858203733512
  2 40 4 338.592532084824 0.295404104464232
  1 41 4 3841.35893301994 0.327346172729995
  2 41 4 495.75084257548 0.994030515469621
  1 42 4 1230.35173466853 0.368315456462939
  2 42 4 42.5373363396321 0.461505384764764
  1 1 2 1.90133537368804e-264 0.601375663623589
  2 1 2 4.68005941046479e-264 0.565196579518992
  2 2 2 7.73833245067168e-210 0.686052062200317
  2 3 2 5.59619739614453e-187 0.378997614818957
  1 4 2 9.20437753383556e-191 1
  2 4 2 5.00167374665356e-193 0.459316778181236
  1 5 2 1.62214535916918e-194 0.611089023955187
  2 5 2 1.33110626525823e-195 0.780615956536472
  1 6 2 3.84418529580904e-199 0.702037850017464
  2 6 2 1.57154730612389e-199 0.461790555986525
  1 7 2 4.31735271594884e-200 0.948289691951521
  2 7 2 1.78756530616529e-201 0.685175011742778
  1 8 2 4.22356352585127e-203 0.544380631361087
  2 8 2 5.36313020573172e-204 0.424096495665332
  1 9 2 9.93026707942263e-205 0.5393131982084
  2 9 2 1.47116381189495e-205 0.454629127333952
  1 10 2 5.89928677703766e-206 0.88095039530815
  2 10 2 6.18331924755897e-207 0.419344308350161
  1 11 2 1.21570408210696e-207 0.799987970388403
  2 11 2 2.48339091797677e-208 0.839124360078806
  1 12 2 3.05059342246458e-201 0.774991903603438
  2 12 2 8.50398667615767e-204 0.424721667998453
  1 13 2 3.83061981419821e-206 0.863215133786584
  2 13 2 1.11540922128233e-207 0.387073469025502
  1 14 2 2.45000370635907e-207 0.704083892007286
  2 14 2 6.39307737002522e-209 0.312793018147624
  1 15 2 4.76487372890761e-201 0.457459057188701
  2 15 2 1.2385704904636e-203 0.459652287866146
  1 16 2 4.28457825973681e-186 0.853197309912465
  2 16 2 1.80796941425861e-189 0.628928805514438
  1 17 2 2.49984863818443e-200 0.61116783920211
  2 17 2 9.93738336432213e-202 0.3895964128798
  1 18 2 1.09724733262764e-204 0.416775375911518
  2 18 2 4.26700418137082e-206 0.495180348393774
  1 19 2 1.07586086724567e-185 0.69077510766454
  2 19 2 4.40145229198253e-188 0.347120352110889
  1 20 2 3.00108251413214e-190 0.793751288508348
  2 20 2 5.19407514137368e-192 0.526946514998015
  1 21 2 3.2066771999481e-193 0.339376634127756
  2 21 2 4.01850785552679e-194 0.609998621037514
  1 22 2 7.32219841409552e-195 0.601950919776798
  2 22 2 6.49627796069279e-196 0.389299707202565
  1 23 2 5.15696548498163e-197 0.658556209578282
  2 23 2 1.45952760785421e-197 0.288585466763824
  1 24 2 5.98598173341887e-197 0.637453135075156
  2 24 2 3.72452363101778e-199 0.480513100150493
  1 25 2 8.12713120200428e-202 0.510473149998029
  2 25 2 1.70478992658528e-202 0.338488147626423
  1 26 2 1.27336730588114e-190 0.548437091427541
  2 26 2 3.09666555031918e-193 0.345955330423839
  1 27 2 1.00958567431136e-177 0.492912195981742
  2 27 2 8.45179576807463e-180 0.33164245084141
  1 28 2 6.94466445528948e-180 0.747597319880804
  2 28 2 7.95007460365964e-183 0.447853531697379
  1 29 2 4.50245560868239e-184 0.451616070879294
  2 29 2 3.53455717674564e-185 0.305275882623724
  1 30 2 3.13089182440901e-185 0.797269558848634
  2 30 2 7.02330575150734e-187 0.605264936420634
  1 31 2 6.72524670268402e-187 0.666772556553203
  2 31 2 9.378815263488e-188 0.359836468902791
  1 32 2 1.89157606063451e-189 0.96787270074405
  2 32 2 5.04569566342119e-190 0.422601396160012
  1 33 2 4.4055062289657e-191 0.404694020855087
  2 33 2 1.6964037655041e-191 0.465820030674526
  1 34 2 5.37586847827069e-192 0.814873375751391
  2 34 2 2.54902722795544e-194 0.505954372112585
  1 35 2 1.73383058597445e-195 0.533219898766676
  2 35 2 1.60470536227957e-196 0.287403659199158
  1 36 2 3.41497866922297e-198 0.371953858881132
  2 36 2 4.32839369407801e-199 0.365560779244073
  1 37 2 6.09056318071388e-200 0.791301167226987
  2 37 2 1.62817298496232e-200 0.487536998609889
  1 38 2 1.16235268931554e-200 0.633364993316759
  2 38 2 6.93329331340996e-202 0.644823084547079
  1 39 2 6.76820960297979e-203 0.827253682697507
  2 39 2 2.95686825036443e-203 0.354235596542703
  1 40 2 8.15663148142108e-205 0.900216415173481
  2 40 2 2.8854124695323e-205 0.395846441583114
  1 41 2 1.14848701514447e-206 0.957770995377006
  2 41 2 4.44821556812058e-208 0.496084887173497
  1 42 2 8.49189133004426e-209 0.55870584954739
  2 42 2 1.04560583861879e-209 0.604660139936764
  1 1 1 99788.015040812 0.241799049430762
  2 1 1 1903005.67720729 0.250018379470286
  1 2 1 41957.6054233423 0.142636213550947
  2 2 1 132544.840686214 0.163647146277456
  1 3 1 52056.6018321135 0.225478190042395
  2 3 1 47403.2232536364 0.192013183632222
  1 4 1 185120.41588234 0.323579734794357
  2 4 1 109964.825853555 0.162432383538487
  1 5 1 65057.0900757203 0.320666395151501
  2 5 1 112070.364906381 0.822390366318268
  1 6 1 2743.11803310928 0.452044832991261
  2 6 1 66731.0259755528 0.192408532269243
  1 7 1 61000.9177170926 0.28209645893665
  2 7 1 44992.7743508324 0.262097825842625
  1 8 1 4214.82270711674 0.414010381101596
  2 8 1 38227.8451208715 0.189959250209439
  1 9 1 15936.2051517863 0.40638853202345
  2 9 1 7476.55051415038 0.178404315527443
  1 10 1 17676.1866719144 0.290993157294119
  2 10 1 32797.2578809101 0.156753980046499
  1 11 1 7588.23491685926 0.324615016521962
  2 11 1 15167.5859258726 0.174348711952217
  1 12 1 9723.78496582921 0.294780938380682
  2 12 1 6725.56717607352 0.195232854572048
  1 13 1 7022.4620911286 0.440402569626277
  2 13 1 9771.79630464247 0.185762358850192
  1 14 1 4712.38329769669 0.372421878022742
  2 14 1 4253.970969434 0.151581173531864
  1 15 1 3218.3276642632 0.341871348717721
  2 15 1 2090.07439299461 0.233364310094868
  1 16 1 1569.56000658896 0.416897355424411
  2 16 1 1820.94353467991 0.283802183917676
  1 17 1 2048.83824492768 0.500820840736393
  2 17 1 1710.18946756052 0.495024013362717
  1 18 1 1217.08824748568 0.389853340834037
  2 18 1 1757.8104850183 0.390988792530431
  1 19 1 985.597528324669 0.293941849282161
  2 19 1 1038.23065500172 0.322403741112933
  1 20 1 978.567043713082 0.525509720403112
  2 20 1 798.746122898463 0.218361153170241
  1 21 1 2176.98009345076 0.266433769579894
  2 21 1 1601.25018688655 0.421115605185845
  1 22 1 2074.83083732348 0.374831371194202
  2 22 1 2771.52061642937 0.227391091044855
  1 23 1 770.696748381157 0.352011231642473
  2 23 1 3130.16795040584 0.384269029090844
  1 24 1 1109.33500166476 0.34725908523047
  2 24 1 831.053818833354 0.331291933735556
  1 25 1 556.783316783498 0.578696888706846
  2 25 1 1667.4739056589 0.247394190789157
  1 26 1 3244.71420579875 0.459728456052307
  2 26 1 903.763763779597 0.394189312610479
  1 27 1 877.712875774065 0.539982548576019
  2 27 1 615.555325434564 0.72948972943007
  1 28 1 3117.69420410483 0.364309332200766
  2 28 1 1263.49067566066 0.278656828353639
  1 29 1 1614.39529430252 0.562793580097325
  2 29 1 3222.3719184569 0.316141323613091
  1 30 1 6783.69270677335 0.420348818797864
  2 30 1 2455.06617904236 0.30511736182771
  1 31 1 4638.47890715837 0.403753427903273
  2 31 1 7615.32021319865 0.278331587636247
  1 32 1 8967.65212909272 0.491331418922754
  2 32 1 6478.56006515651 0.329726795744574
  1 33 1 491.715877360483 0.537081122476055
  2 33 1 4973.18126567604 0.33086845072982
  1 34 1 2389.4911543729 0.379030815152119
  2 34 1 691.578674578183 0.278881417082292
  1 35 1 604.91664008261 0.519511456600017
  2 35 1 2319.90068190755 0.27351876283918
  1 36 1 804.501821444745 0.556056214854877
  2 36 1 1327.88384183601 0.714061811185508
  1 37 1 4553.47821697009 0.588197671943964
  2 37 1 1056.59508390464 0.340315242626747
  1 38 1 2240.71468632444 0.324588369174256
  2 38 1 8348.91275358363 0.300199803594678
  1 39 1 162.27429412642 0.501841796783066
  2 39 1 2684.51029484588 0.438397059851219
  1 40 1 465.798375038102 0.403101009292275
  2 40 1 354.483622432951 0.410378233550251
  1 41 1 290.492544601248 0.478602624152216
  2 41 1 371.6061702066 0.362128776577143
  1 42 1 97.9457476302782 0.646634922078809
  2 42 1 150.123087942702 0.816170985475773
  1 1 3 227415.476841674 0.499484636786782
  1 2 3 3552.6497298762 0.358153914340203
  2 2 3 123160.929120625 0.577110518633802
  1 3 3 121885.856130167 0.678339172154909
  2 3 3 40390.4367126765 0.738121970739642
  1 4 3 11630.5610752146 1
  2 4 3 36444.382779306 0.52056341701904
  1 5 3 44964.7659110477 0.693225535250834
  2 5 3 62668.801983787 1
  1 6 3 2125.68349181942 1
  2 6 3 5145.0770181682 0.48452157876779
  1 7 3 21.367397578366 0.912293822979085
  1 8 3 113.232360647415 0.655734850091527
  2 8 3 175.789253026523 0.750382084373246
  1 9 3 181.628554755107 0.670809892238012
  2 9 3 164.820688145598 0.47273108889926
  1 10 3 301.413512352139 0.631102684426709
  2 10 3 339.716754260577 0.919260399745188
  1 11 3 362.499961077222 0.496475444687371
  1 12 3 87.1855106293826 0.740682868109632
  2 12 3 98.3821379235652 1
  1 13 3 271.061653923646 0.360862225436052
  1 14 3 443.843646100501 0.547901331396328
  2 14 3 200.611784414038 0.478873954421528
  1 15 3 241.617959493069 0.429608216382601
  2 15 3 148.665602815664 0.654713783069401
  1 16 3 1056.4594584177 0.69118921143411
  2 16 3 1179.42707434718 0.8614889831113
  1 17 3 65.0091722185189 0.426971754606328
  2 17 3 141.170109326369 0.572182042928152
  1 18 3 91.1589718051309 0.505524319387353
  2 18 3 21.9741323986777 0.488492827246527
  1 19 3 33.715440586571 0.644591984223249
  2 19 3 21.2786585954701 0.51925665989311
  1 20 3 29.7719963910093 0.899065435378594
  2 20 3 15.1164220457756 0.59569628754064
  1 21 3 9.3354871561454 0.543826822033971
  2 21 3 26.6846732514475 0.466111862829518
  1 22 3 85.4727073990171 0.88174616562504
  2 22 3 17.7548684669998 0.568444982816852
  1 23 3 130.461719928073 0.408104676406013
  2 23 3 114.145006662731 0.357346049869971
  1 24 3 1.99404260498283 0.92608255019157
  2 24 3 27.4726219353886 0.539541007788685
  1 25 3 17.1798860541115 0.648664057223823
  2 25 3 30.3348929316273 0.576168087832409
  1 26 3 26.9200231649898 0.695927823776047
  2 26 3 30.7653565576796 0.549529982814455
  1 27 3 28.5022635269923 0.708713243925404
  2 27 3 52.1006031348664 0.496269825160911
  1 28 3 169.910068621048 0.489543853646182
  1 29 3 441.32055120186 0.703511357168505
  2 29 3 334.583041421505 0.875017095315649
  1 30 3 335.494359457541 0.631659802692532
  2 30 3 117.098531608668 0.908152223575802
  1 31 3 1684.99262576399 0.626570332091694
  2 31 3 1123.63588775997 0.712465807947941
  1 32 3 138.437872209214 0.661895735249442
  2 32 3 805.501091055274 0.86012943797605
  1 33 3 41.52091684311 0.783155911787346
  2 33 3 21.4465907562936 0.598390099709208
  1 34 3 26.3533783446038 0.542775440757204
  2 34 3 43.369337379163 0.743173480285892
  1 35 3 12.3457903365721 0.870542376054271
  2 35 3 13.7489073645373 0.446478967244395
  1 36 3 223.917081006382 0.492193512682958
  2 36 3 118.086851384506 0.490110041691513
  1 37 3 3547.3220327588 0.909630520329322
  2 37 3 721.721508213035 0.433872317628348
  1 38 3 1718.62483238815 0.644773009949607
  2 38 3 1505.35431163439 0.484949159815328
  1 39 3 1204.33909453317 0.515045488987725
  2 39 3 700.960980340495 0.388710136036013
  1 40 3 431.142443339245 0.442573167063876
  2 40 3 606.507879136718 0.395139923022642
  1 41 3 41.1021629830362 0.88587618368699
  2 41 3 211.029690712073 0.537531419606343
  1 42 3 587599.800868895 0.983269433580366
  2 42 3 514644.136653039 0.849696423298534
# end survey index observations 
#  
# Survey size comp data 
# Number of observations, init_int Nsurvey_size_obs 
  329
# init_matrix obs_survey_size(1,Nsurvey_size_obs,1,ncol) 
# Survey  Year  Species Type (0=whole, 1=retained, 2=discard) InpN, proportion by length bin 
  1 1 1 0 57 0 1.03508771929825 0.649122807017544 0.0701754385964912 0
  1 2 1 0 65 0.8 0.738461538461539 0 0 0
  1 3 1 0 32 1.28125 1.8125 0.03125 0 0
  1 4 1 0 32 1.625 1.46875 0.03125 0 0
  1 5 1 0 21 2.38095238095238 2.38095238095238 0 0 0
  1 6 1 0 18 0.5 3.77777777777778 1.27777777777778 0 0
  1 7 1 0 25 1.8 2.2 0 0 0
  1 8 1 0 20 0.2 3.2 1.6 0 0
  1 9 1 0 16 3.625 2.625 0 0 0
  1 10 1 0 19 3 2.26315789473684 0 0 0
  1 11 1 0 20 2.4 2.4 0.2 0 0
  1 12 1 0 22 2.68181818181818 1.86363636363636 0 0 0
  1 13 1 0 23 1.95652173913043 2.30434782608696 0.0869565217391304 0 0
  1 14 1 0 14 4.21428571428571 2.78571428571429 0.142857142857143 0 0
  1 15 1 0 21 2.42857142857143 2.33333333333333 0 0 0
  1 16 1 0 14 3.85714285714286 3.28571428571429 0 0 0
  1 17 1 0 17 2.52941176470588 3.23529411764706 0.117647058823529 0 0
  1 18 1 0 19 3 2.26315789473684 0 0 0
  1 19 1 0 18 3.11111111111111 2.44444444444444 0 0 0
  1 20 1 0 15 3.2 3.4 0.0666666666666667 0 0
  1 21 1 0 21 2.66666666666667 2.0952380952381 0 0 0
  1 22 1 0 13 4.07692307692308 3.61538461538462 0 0 0
  1 23 1 0 14 3.57142857142857 3.5 0.0714285714285714 0 0
  1 24 1 0 14 3.42857142857143 3.64285714285714 0.0714285714285714 0 0
  1 25 1 0 18 3 2.55555555555556 0 0 0
  1 26 1 0 14 3.5 3.64285714285714 0 0 0
  1 27 1 0 23 2.34782608695652 2 0 0 0
  1 28 1 0 14 4.71428571428571 2.42857142857143 0 0 0
  1 29 1 0 17 3.05882352941176 2.76470588235294 0.0588235294117647 0 0
  1 30 1 0 18 3.11111111111111 2.44444444444444 0 0 0
  1 31 1 0 20 2.25 2.7 0.05 0 0
  1 32 1 0 10 5.5 4.4 0.1 0 0
  1 33 1 0 15 0.8 4.2 1.66666666666667 0 0
  1 34 1 0 18 2.66666666666667 2.88888888888889 0 0 0
  1 35 1 0 8 5.875 6.625 0 0 0
  1 36 1 0 12 3.75 4.58333333333333 0 0 0
  1 37 1 0 8 5.75 6.75 0 0 0
  1 38 1 0 16 3.3125 2.8125 0.125 0 0
  1 39 1 0 10 2.5 5.4 2.1 0 0
  1 40 1 0 10 5 5 0 0 0
  1 41 1 0 13 3.92307692307692 3.69230769230769 0.0769230769230769 0 0
  1 42 1 0 8 6.5 5.375 0.625 0 0
  1 1 2 0 11 2.36363636363636 1.36363636363636 1.63636363636364 1.90909090909091 1.81818181818182
  1 4 2 0 1 20 19 19 18 24
  1 5 2 0 5 3.8 4 5 5.4 1.8
  1 6 2 0 1 25 17 22 24 12
  1 7 2 0 3 5.33333333333333 8.33333333333333 6.66666666666667 6 7
  1 8 2 0 4 5.5 5.25 4.5 4.75 5
  1 9 2 0 5 3.8 4.4 3.4 4.4 4
  1 10 2 0 10 1.8 1.9 2.2 1.8 2.3
  1 11 2 0 13 1.46153846153846 1.92307692307692 1.15384615384615 1.61538461538462 1.53846153846154
  1 12 2 0 15 1.53333333333333 1.33333333333333 1.6 0.933333333333333 1.26666666666667
  1 13 2 0 9 2.55555555555556 3 2.22222222222222 1.44444444444444 1.88888888888889
  1 14 2 0 6 3.66666666666667 2.66666666666667 3.5 2.33333333333333 4.5
  1 15 2 0 13 1.46153846153846 1.15384615384615 1.69230769230769 1.76923076923077 1.61538461538462
  1 16 2 0 10 2.8 1.5 2.2 2 1.5
  1 17 2 0 10 2.4 2.6 1.5 1.9 1.6
  1 18 2 0 18 1.5 0.944444444444444 1.22222222222222 0.888888888888889 1
  1 19 2 0 27 0.740740740740741 0.888888888888889 0.740740740740741 0.740740740740741 0.592592592592593
  1 20 2 0 23 0.956521739130435 0.869565217391304 0.826086956521739 0.695652173913043 1
  1 21 2 0 25 1 1 0.88 0.52 0.6
  1 22 2 0 9 1.88888888888889 2.66666666666667 2.33333333333333 2.66666666666667 1.55555555555556
  1 23 2 0 8 2.875 3.125 2.25 2.375 1.875
  1 24 2 0 9 1.22222222222222 2.66666666666667 2.11111111111111 2 3.11111111111111
  1 25 2 0 14 1.64285714285714 1.21428571428571 1.28571428571429 1.14285714285714 1.85714285714286
  1 26 2 0 18 1.27777777777778 1.16666666666667 0.944444444444444 0.888888888888889 1.27777777777778
  1 27 2 0 16 1.25 1.25 0.875 1.5 1.375
  1 28 2 0 6 3.33333333333333 2.5 3.83333333333333 4.5 2.5
  1 29 2 0 8 1.75 3 3 2 2.75
  1 30 2 0 17 1.47058823529412 1.11764705882353 1.35294117647059 0.764705882352941 1.17647058823529
  1 31 2 0 9 1.66666666666667 2.44444444444444 1.88888888888889 2.33333333333333 2.77777777777778
  1 32 2 0 30 0.6 0.7 0.533333333333333 0.833333333333333 0.666666666666667
  1 33 2 0 24 0.833333333333333 0.833333333333333 0.583333333333333 1 0.916666666666667
  1 34 2 0 25 0.84 0.96 0.64 0.76 0.8
  1 35 2 0 16 1.3125 1.3125 1.3125 1.3125 1
  1 36 2 0 13 1.69230769230769 1.46153846153846 1.07692307692308 1.76923076923077 1.69230769230769
  1 37 2 0 8 2.375 2.5 2.5 2.5 2.625
  1 38 2 0 10 1.9 2.4 2.1 1.9 1.7
  1 39 2 0 13 1.30769230769231 1.61538461538462 1.69230769230769 1.69230769230769 1.38461538461538
  1 40 2 0 8 1.5 2.125 2.875 3.625 2.375
  1 41 2 0 5 3.8 4 3.6 5 3.6
  1 42 2 0 17 1.11764705882353 1.41176470588235 1.11764705882353 0.882352941176471 1.35294117647059
  1 1 3 0 27 0 0.888888888888889 1.85185185185185 0.962962962962963 0
  1 2 3 0 13 0 0 3.69230769230769 4 0
  1 3 3 0 5 10.6 9.4 0 0 0
  1 4 3 0 2 3.5 34.5 12 0 0
  1 5 3 0 5 9.8 10.2 0 0 0
  1 6 3 0 1 44 45 11 0 0
  1 7 3 0 3 14.6666666666667 16.3333333333333 2 0.333333333333333 0
  1 8 3 0 3 16.6666666666667 16.6666666666667 0 0 0
  1 9 3 0 4 14.75 10 0.25 0 0
  1 10 3 0 4 12.75 12.25 0 0 0
  1 11 3 0 4 12.5 12.5 0 0 0
  1 12 3 0 2 24.5 25 0.5 0 0
  1 13 3 0 8 8 4.5 0 0 0
  1 14 3 0 19 3 2.26315789473684 0 0 0
  1 15 3 0 15 3.26666666666667 3.33333333333333 0.0666666666666667 0 0
  1 16 3 0 12 4.25 4.08333333333333 0 0 0
  1 17 3 0 14 0.928571428571429 4.21428571428571 2 0 0
  1 18 3 0 14 4.07142857142857 3.07142857142857 0 0 0
  1 19 3 0 15 3.73333333333333 2.93333333333333 0 0 0
  1 20 3 0 17 2.58823529411765 2.82352941176471 0.470588235294118 0 0
  1 21 3 0 12 4.75 3.58333333333333 0 0 0
  1 22 3 0 11 4.81818181818182 4.27272727272727 0 0 0
  1 23 3 0 16 2.4375 3.75 0.0625 0 0
  1 24 3 0 15 2.33333333333333 3.6 0.733333333333333 0 0
  1 25 3 0 4 13 12 0 0 0
  1 26 3 0 14 4.35714285714286 2.78571428571429 0 0 0
  1 27 3 0 6 9.66666666666667 6.83333333333333 0.166666666666667 0 0
  1 28 3 0 4 14 10.75 0.25 0 0
  1 29 3 0 2 26.5 23.5 0 0 0
  1 30 3 0 10 5.3 4.7 0 0 0
  1 31 3 0 9 5.77777777777778 5.33333333333333 0 0 0
  1 32 3 0 12 2.08333333333333 5.25 1 0 0
  1 33 3 0 5 11.8 8 0.2 0 0
  1 34 3 0 9 5.66666666666667 5.33333333333333 0.111111111111111 0 0
  1 35 3 0 5 10.2 9.6 0.2 0 0
  1 36 3 0 5 11.4 8.6 0 0 0
  1 37 3 0 3 19.6666666666667 13.6666666666667 0 0 0
  1 38 3 0 15 3.66666666666667 3 0 0 0
  1 39 3 0 12 4.25 4 0.0833333333333333 0 0
  1 40 3 0 9 5.33333333333333 5.77777777777778 0 0 0
  1 41 3 0 8 3 6.625 2.625 0.25 0
  1 42 3 0 12 3.91666666666667 3.83333333333333 0.583333333333333 0 0
  1 1 4 0 86 0.569767441860465 0.0581395348837209 0.523255813953488 0.0116279069767442 0
  1 2 4 0 100 0.02 0.09 0.84 0.05 0
  1 3 4 0 33 2.54545454545455 0.484848484848485 0 0 0
  1 4 4 0 44 1.84090909090909 0.431818181818182 0 0 0
  1 5 4 0 34 2.35294117647059 0.588235294117647 0 0 0
  1 6 4 0 40 1.9 0.6 0 0 0
  1 7 4 0 39 1.84615384615385 0.717948717948718 0 0 0
  1 8 4 0 49 1.48979591836735 0.551020408163265 0 0 0
  1 9 4 0 36 2.11111111111111 0.666666666666667 0 0 0
  1 10 4 0 43 1.88372093023256 0.441860465116279 0 0 0
  1 11 4 0 41 1.82926829268293 0.609756097560976 0 0 0
  1 12 4 0 35 2.25714285714286 0.6 0 0 0
  1 13 4 0 32 2.5625 0.5625 0 0 0
  1 14 4 0 21 3.9047619047619 0.857142857142857 0 0 0
  1 15 4 0 30 2.86666666666667 0.466666666666667 0 0 0
  1 16 4 0 19 4.26315789473684 1 0 0 0
  1 17 4 0 35 2.34285714285714 0.514285714285714 0 0 0
  1 18 4 0 27 2.85185185185185 0.851851851851852 0 0 0
  1 19 4 0 34 2.35294117647059 0.588235294117647 0 0 0
  1 20 4 0 42 2.02380952380952 0.357142857142857 0 0 0
  1 21 4 0 41 2.02439024390244 0.414634146341463 0 0 0
  1 22 4 0 44 1.81818181818182 0.454545454545455 0 0 0
  1 23 4 0 28 2.85714285714286 0.714285714285714 0 0 0
  1 24 4 0 34 2.38235294117647 0.558823529411765 0 0 0
  1 25 4 0 36 2.33333333333333 0.444444444444444 0 0 0
  1 26 4 0 31 2.70967741935484 0.516129032258065 0 0 0
  1 27 4 0 39 2.12820512820513 0.435897435897436 0 0 0
  1 28 4 0 38 2.05263157894737 0.578947368421053 0 0 0
  1 29 4 0 48 1.72916666666667 0.354166666666667 0 0 0
  1 30 4 0 38 2 0.631578947368421 0 0 0
  1 31 4 0 61 1.34426229508197 0.295081967213115 0 0 0
  1 32 4 0 48 1.5625 0.520833333333333 0 0 0
  1 33 4 0 49 1.77551020408163 0.26530612244898 0 0 0
  1 34 4 0 44 1.70454545454545 0.568181818181818 0 0 0
  1 35 4 0 61 1.27868852459016 0.360655737704918 0 0 0
  1 36 4 0 67 1.28358208955224 0.208955223880597 0 0 0
  1 37 4 0 57 1.36842105263158 0.385964912280702 0 0 0
  1 38 4 0 38 2 0.631578947368421 0 0 0
  1 39 4 0 52 1.57692307692308 0.346153846153846 0 0 0
  1 40 4 0 43 2.02325581395349 0.302325581395349 0 0 0
  1 41 4 0 42 1.95238095238095 0.428571428571429 0 0 0
  1 42 4 0 61 1.29508196721311 0.344262295081967 0 0 0
  2 1 1 0 58 0 0.0689655172413793 1.58620689655172 0.0689655172413793 0
  2 2 1 0 83 0.0120481927710843 0.457831325301205 0.626506024096386 0.108433734939759 0
  2 3 1 0 63 0 1.01587301587302 0.571428571428571 0 0
  2 4 1 0 56 0 1.32142857142857 0.464285714285714 0 0
  2 5 1 0 55 0 0.636363636363636 1.18181818181818 0 0
  2 6 1 0 45 0 0.0666666666666667 2.11111111111111 0.0444444444444444 0
  2 7 1 0 46 0 2.06521739130435 0.108695652173913 0 0
  2 8 1 0 56 0 0.0535714285714286 1.73214285714286 0 0
  2 9 1 0 51 0.0196078431372549 1.72549019607843 0.196078431372549 0.0196078431372549 0
  2 10 1 0 44 0 1.38636363636364 0.886363636363636 0 0
  2 11 1 0 49 0 0.510204081632653 1.53061224489796 0 0
  2 12 1 0 50 0 1.4 0.6 0 0
  2 13 1 0 48 0 1.0625 1.02083333333333 0 0
  2 14 1 0 52 0 1.13461538461538 0.788461538461538 0 0
  2 15 1 0 31 0 1.93548387096774 1.29032258064516 0 0
  2 16 1 0 38 0 1.73684210526316 0.894736842105263 0 0
  2 17 1 0 26 0 1.88461538461538 1.96153846153846 0 0
  2 18 1 0 33 0 1.57575757575758 1.45454545454545 0 0
  2 19 1 0 31 0 2.29032258064516 0.935483870967742 0 0
  2 20 1 0 38 0.0263157894736842 2.15789473684211 0.447368421052632 0 0
  2 21 1 0 30 0 2.33333333333333 1 0 0
  2 22 1 0 35 0 2.14285714285714 0.714285714285714 0 0
  2 23 1 0 35 0 0.914285714285714 1.94285714285714 0 0
  2 24 1 0 26 0 2.42307692307692 1.42307692307692 0 0
  2 25 1 0 32 0 1.59375 1.53125 0 0
  2 26 1 0 26 0 2.76923076923077 1.07692307692308 0 0
  2 27 1 0 37 0 1.21621621621622 1.48648648648649 0 0
  2 28 1 0 35 0 2.34285714285714 0.514285714285714 0 0
  2 29 1 0 33 0 1.24242424242424 1.78787878787879 0 0
  2 30 1 0 45 0.0444444444444444 1.66666666666667 0.511111111111111 0 0
  2 31 1 0 34 0 1.61764705882353 1.32352941176471 0 0
  2 32 1 0 36 0 1.77777777777778 1 0 0
  2 33 1 0 42 0 0.0714285714285714 2.30952380952381 0 0
  2 34 1 0 34 0.0294117647058824 2.55882352941176 0.352941176470588 0 0
  2 35 1 0 35 0 0.857142857142857 2 0 0
  2 36 1 0 28 0 2.10714285714286 1.42857142857143 0.0357142857142857 0
  2 37 1 0 22 0.0454545454545455 3.40909090909091 1.09090909090909 0 0
  2 38 1 0 32 0 1.40625 1.71875 0 0
  2 39 1 0 27 0 0.222222222222222 3.48148148148148 0 0
  2 40 1 0 39 0 1.94871794871795 0.58974358974359 0.0256410256410256 0
  2 41 1 0 20 0 3.1 1.9 0 0
  2 42 1 0 30 0.0333333333333333 1.06666666666667 2.23333333333333 0 0
  2 1 2 0 16 0.5625 1.75 1.625 0.9375 1.375
  2 2 2 0 20 0.8 1 0.85 1.6 0.75
  2 3 2 0 34 0.5 0.470588235294118 0.705882352941177 0.617647058823529 0.647058823529412
  2 4 2 0 15 1.66666666666667 1 0.933333333333333 1.53333333333333 1.53333333333333
  2 5 2 0 4 5 4 5.75 5 5.25
  2 6 2 0 7 2.28571428571429 3.28571428571429 3.71428571428571 2.42857142857143 2.57142857142857
  2 7 2 0 18 0.777777777777778 1.55555555555556 1.27777777777778 0.888888888888889 1.05555555555556
  2 8 2 0 22 0.818181818181818 0.954545454545455 0.818181818181818 1 0.954545454545455
  2 9 2 0 21 0.857142857142857 1.28571428571429 0.857142857142857 0.80952380952381 0.952380952380952
  2 10 2 0 11 2.09090909090909 2 1.18181818181818 1.90909090909091 1.90909090909091
  2 11 2 0 7 2.14285714285714 2.42857142857143 3.57142857142857 2.85714285714286 3.28571428571429
  2 12 2 0 19 0.947368421052632 0.842105263157895 1.63157894736842 1.42105263157895 0.421052631578947
  2 13 2 0 32 0.40625 0.65625 0.875 0.625 0.5625
  2 14 2 0 34 0.441176470588235 0.558823529411765 0.588235294117647 0.617647058823529 0.735294117647059
  2 15 2 0 27 0.814814814814815 0.740740740740741 0.666666666666667 0.851851851851852 0.62962962962963
  2 16 2 0 42 0.476190476190476 0.238095238095238 0.523809523809524 0.547619047619048 0.595238095238095
  2 17 2 0 34 0.588235294117647 0.5 0.588235294117647 0.647058823529412 0.617647058823529
  2 18 2 0 28 0.678571428571429 0.821428571428571 0.5 0.857142857142857 0.714285714285714
  2 19 2 0 26 0.653846153846154 0.807692307692308 0.538461538461538 1.03846153846154 0.807692307692308
  2 20 2 0 32 0.40625 0.75 0.6875 0.75 0.53125
  2 21 2 0 37 0.513513513513513 0.486486486486487 0.513513513513513 0.594594594594595 0.594594594594595
  2 22 2 0 38 0.447368421052632 0.631578947368421 0.552631578947368 0.368421052631579 0.631578947368421
  2 23 2 0 41 0.707317073170732 0.414634146341463 0.414634146341463 0.48780487804878 0.414634146341463
  2 24 2 0 33 0.484848484848485 0.818181818181818 0.545454545454545 0.606060606060606 0.575757575757576
  2 25 2 0 45 0.533333333333333 0.533333333333333 0.488888888888889 0.333333333333333 0.333333333333333
  2 26 2 0 28 0.785714285714286 0.535714285714286 0.75 0.928571428571429 0.571428571428571
  2 27 2 0 47 0.617021276595745 0.468085106382979 0.234042553191489 0.361702127659574 0.446808510638298
  2 28 2 0 22 1 0.954545454545455 1 0.636363636363636 0.954545454545455
  2 29 2 0 40 0.6 0.575 0.55 0.425 0.35
  2 30 2 0 28 0.571428571428571 0.785714285714286 0.678571428571429 0.821428571428571 0.714285714285714
  2 31 2 0 32 0.71875 0.5625 0.5 0.90625 0.4375
  2 32 2 0 40 0.475 0.45 0.375 0.5 0.7
  2 33 2 0 43 0.651162790697674 0.488372093023256 0.418604651162791 0.465116279069767 0.302325581395349
  2 34 2 0 46 0.478260869565217 0.41304347826087 0.41304347826087 0.326086956521739 0.543478260869565
  2 35 2 0 60 0.333333333333333 0.35 0.466666666666667 0.233333333333333 0.283333333333333
  2 36 2 0 49 0.428571428571429 0.510204081632653 0.408163265306122 0.346938775510204 0.346938775510204
  2 37 2 0 32 0.875 0.46875 0.5625 0.75 0.46875
  2 38 2 0 30 0.5 0.666666666666667 0.866666666666667 0.533333333333333 0.766666666666667
  2 39 2 0 29 0.586206896551724 0.551724137931034 0.689655172413793 1.10344827586207 0.517241379310345
  2 40 2 0 31 0.741935483870968 0.580645161290323 0.67741935483871 0.483870967741935 0.741935483870968
  2 41 2 0 14 1.28571428571429 1.42857142857143 1.35714285714286 1.64285714285714 1.42857142857143
  2 42 2 0 19 1.36842105263158 1 1 0.894736842105263 1
  2 2 3 0 3 0 0 1.33333333333333 32 0
  2 3 3 0 3 4.33333333333333 29 0 0 0
  2 4 3 0 7 0 3.28571428571429 10.8571428571429 0.142857142857143 0
  2 5 3 0 1 9 90 1 0 0
  2 6 3 0 14 0 2.35714285714286 4.64285714285714 0.142857142857143 0
  2 8 3 0 10 1 8.4 0.2 0.4 0
  2 9 3 0 6 3.5 12 1.16666666666667 0 0
  2 10 3 0 2 5 41.5 3.5 0 0
  2 12 3 0 1 8 74 18 0 0
  2 14 3 0 9 1.22222222222222 8.55555555555556 1.33333333333333 0 0
  2 15 3 0 5 2.4 16.2 1.2 0.2 0
  2 16 3 0 9 0.888888888888889 9.66666666666667 0.555555555555556 0 0
  2 17 3 0 9 0.111111111111111 2.11111111111111 8.66666666666667 0.222222222222222 0
  2 18 3 0 13 0.769230769230769 5.46153846153846 0.923076923076923 0.538461538461538 0
  2 19 3 0 14 0.5 6.5 0.142857142857143 0 0
  2 20 3 0 19 0.473684210526316 2.84210526315789 1.89473684210526 0.0526315789473684 0
  2 21 3 0 20 0.8 4 0.2 0 0
  2 22 3 0 23 0.521739130434783 3.78260869565217 0 0.0434782608695652 0
  2 23 3 0 26 0.307692307692308 3.42307692307692 0.115384615384615 0 0
  2 24 3 0 28 0.142857142857143 1.32142857142857 2.07142857142857 0.0357142857142857 0
  2 25 3 0 20 0.3 4.1 0.15 0.45 0
  2 26 3 0 7 1.85714285714286 11 1.42857142857143 0 0
  2 27 3 0 5 1.8 16.6 1.6 0 0
  2 29 3 0 6 2.66666666666667 12.6666666666667 1.33333333333333 0 0
  2 30 3 0 14 0.714285714285714 6.35714285714286 0.0714285714285714 0 0
  2 31 3 0 7 1.57142857142857 12.4285714285714 0.285714285714286 0 0
  2 32 3 0 20 0.15 1.5 3.35 0 0
  2 33 3 0 18 0.611111111111111 3.27777777777778 0.555555555555556 1.11111111111111 0
  2 34 3 0 15 0.533333333333333 4.93333333333333 1.06666666666667 0.133333333333333 0
  2 35 3 0 28 0.285714285714286 2.53571428571429 0.642857142857143 0.107142857142857 0
  2 36 3 0 25 0.6 3.4 0 0 0
  2 37 3 0 19 0.526315789473684 4.68421052631579 0.0526315789473684 0 0
  2 38 3 0 33 0.303030303030303 2.54545454545455 0.181818181818182 0 0
  2 39 3 0 32 0.25 2.40625 0.4375 0.03125 0
  2 40 3 0 34 0.323529411764706 1.85294117647059 0.676470588235294 0.0882352941176471 0
  2 41 3 0 20 0.05 1.3 3.1 0.55 0
  2 42 3 0 27 0.185185185185185 0.851851851851852 1.2962962962963 1.37037037037037 0
  2 1 4 0 44 0 0.0681818181818182 2.02272727272727 0.181818181818182 0
  2 2 4 0 75 0 0 1.17333333333333 0.16 0
  2 3 4 0 66 0.0454545454545455 1.42424242424242 0.0454545454545455 0 0
  2 4 4 0 54 0.0555555555555556 1.40740740740741 0.388888888888889 0 0
  2 5 4 0 31 0.0645161290322581 1.93548387096774 1.2258064516129 0 0
  2 6 4 0 24 0.125 2.16666666666667 1.875 0 0
  2 7 4 0 20 0 4.6 0.35 0.05 0
  2 8 4 0 25 0.04 1.24 2.72 0 0
  2 9 4 0 44 0.0454545454545455 2.15909090909091 0.0681818181818182 0 0
  2 10 4 0 36 0 2 0.777777777777778 0 0
  2 11 4 0 22 0 3.27272727272727 1.27272727272727 0 0
  2 12 4 0 21 0.0476190476190476 4.42857142857143 0.285714285714286 0 0
  2 13 4 0 26 0 3.19230769230769 0.653846153846154 0 0
  2 14 4 0 35 0.0571428571428571 2.51428571428571 0.285714285714286 0 0
  2 15 4 0 21 0.0476190476190476 3.95238095238095 0.761904761904762 0 0
  2 16 4 0 30 0.0333333333333333 3.03333333333333 0.266666666666667 0 0
  2 17 4 0 40 0 2.2 0.3 0 0
  2 18 4 0 42 0.0714285714285714 1.83333333333333 0.476190476190476 0 0
  2 19 4 0 46 0.0217391304347826 2.08695652173913 0.0652173913043478 0 0
  2 20 4 0 37 0.027027027027027 2.51351351351351 0.162162162162162 0 0
  2 21 4 0 44 0.0454545454545455 2.02272727272727 0.204545454545455 0 0
  2 22 4 0 42 0 2.14285714285714 0.238095238095238 0 0
  2 23 4 0 35 0.0285714285714286 2.2 0.628571428571429 0 0
  2 24 4 0 26 0 3.42307692307692 0.423076923076923 0 0
  2 25 4 0 19 0.0526315789473684 4.57894736842105 0.631578947368421 0 0
  2 26 4 0 29 0.0344827586206897 3.03448275862069 0.379310344827586 0 0
  2 27 4 0 10 0.2 8.5 1.3 0 0
  2 28 4 0 20 0.05 4.75 0.2 0 0
  2 29 4 0 25 0.08 3.32 0.6 0 0
  2 30 4 0 18 0 4.77777777777778 0.777777777777778 0 0
  2 31 4 0 24 0.0416666666666667 3.33333333333333 0.791666666666667 0 0
  2 32 4 0 21 0 4.33333333333333 0.428571428571429 0 0
  2 33 4 0 10 0.2 4.9 4.9 0 0
  2 34 4 0 12 0.0833333333333333 7.33333333333333 0.916666666666667 0 0
  2 35 4 0 29 0.103448275862069 2.79310344827586 0.551724137931034 0 0
  2 36 4 0 17 0.0588235294117647 5.41176470588235 0.411764705882353 0 0
  2 37 4 0 39 0.0256410256410256 2.28205128205128 0.256410256410256 0 0
  2 38 4 0 9 0.222222222222222 8.55555555555556 2.33333333333333 0 0
  2 39 4 0 50 0.02 1.22 0.76 0 0
  2 40 4 0 15 0 5.13333333333333 1.53333333333333 0 0
  2 41 4 0 7 0 9.71428571428571 4.57142857142857 0 0
  2 42 4 0 9 0 8.11111111111111 3 0 0
# end survey length observations 
#  
# Fishery catch data 
# Number of observations, init_int Ncatch_obs
  168
# init_matrix obs_catch_biomass(1,Ncatch_obs,1,6) 
# Fleet	Area	Year	Species	Catch(biomass t)	CV 
  1 1 1 1 16025.7471809153 0.05
  1 1 2 1 18843.097856556 0.05
  1 1 3 1 17445.6586505809 0.05
  1 1 4 1 20232.4779317451 0.05
  1 1 5 1 24703.2629593493 0.05
  1 1 6 1 14560.321686188 0.05
  1 1 7 1 15347.8576576645 0.05
  1 1 8 1 14564.4211058838 0.05
  1 1 9 1 12885.5972024605 0.05
  1 1 10 1 17788.4320235765 0.05
  1 1 11 1 20398.7304341038 0.05
  1 1 12 1 17319.7626850552 0.05
  1 1 13 1 17000.2735825551 0.05
  1 1 14 1 15000.8493594879 0.05
  1 1 15 1 12513.3201652101 0.05
  1 1 16 1 8350.24037917951 0.05
  1 1 17 1 8613.41548021451 0.05
  1 1 18 1 4829.78264054977 0.05
  1 1 19 1 4096.02569650029 0.05
  1 1 20 1 5691.22495861952 0.05
  1 1 21 1 3560.58431505737 0.05
  1 1 22 1 5515.96100874338 0.05
  1 1 23 1 4602.07382877097 0.05
  1 1 24 1 5870.7383675484 0.05
  1 1 25 1 4140.39604673471 0.05
  1 1 26 1 5707.25554141521 0.05
  1 1 27 1 2142.42492574284 0.05
  1 1 28 1 2045.95534630229 0.05
  1 1 29 1 2588.25951981137 0.05
  1 1 30 1 3261.2922314948 0.05
  1 1 31 1 4163.1259533172 0.05
  1 1 32 1 3889.02845693758 0.05
  1 1 33 1 1680.29595909391 0.05
  1 1 34 1 2003.49318193816 0.05
  1 1 35 1 1245.71653053324 0.05
  1 1 36 1 694.210571966904 0.05
  1 1 37 1 1097.71536835822 0.05
  1 1 38 1 979.108732511748 0.05
  1 1 39 1 876.739979689529 0.05
  1 1 40 1 582.193023674272 0.05
  1 1 41 1 664.560717417415 0.05
  1 1 42 1 359.59999290025 0.05
  1 1 1 4 6589.03460636725 0.05
  1 1 2 4 4714.93021340189 0.05
  1 1 3 4 6636.01006234224 0.05
  1 1 4 4 6357.45412888914 0.05
  1 1 5 4 8606.42234835426 0.05
  1 1 6 4 8489.65985588907 0.05
  1 1 7 4 6061.61293108168 0.05
  1 1 8 4 6713.68466979803 0.05
  1 1 9 4 6721.02307425557 0.05
  1 1 10 4 7082.48102136038 0.05
  1 1 11 4 8413.36962987739 0.05
  1 1 12 4 9398.38921655544 0.05
  1 1 13 4 12123.4846554973 0.05
  1 1 14 4 12549.3895766121 0.05
  1 1 15 4 8573.30524323109 0.05
  1 1 16 4 6268.57916502928 0.05
  1 1 17 4 12147.6286661848 0.05
  1 1 18 4 5019.98595745549 0.05
  1 1 19 4 5423.56343843447 0.05
  1 1 20 4 9259.9532783141 0.05
  1 1 21 4 4429.13644560272 0.05
  1 1 22 4 4261.78208710201 0.05
  1 1 23 4 7864.93527745572 0.05
  1 1 24 4 6745.17063931819 0.05
  1 1 25 4 6484.88597261338 0.05
  1 1 26 4 4304.10859469403 0.05
  1 1 27 4 3035.96686800877 0.05
  1 1 28 4 1853.83935071955 0.05
  1 1 29 4 4791.46667819753 0.05
  1 1 30 4 3727.54907581731 0.05
  1 1 31 4 2140.10011526865 0.05
  1 1 32 4 3728.47449888934 0.05
  1 1 33 4 2675.04586692148 0.05
  1 1 34 4 3125.34327154393 0.05
  1 1 35 4 3386.02344120048 0.05
  1 1 36 4 2941.4341524109 0.05
  1 1 37 4 4914.31289994262 0.05
  1 1 38 4 4099.14318577169 0.05
  1 1 39 4 5037.77402954861 0.05
  1 1 40 4 4175.62297792072 0.05
  1 1 41 4 3087.99914542867 0.05
  1 1 42 4 2267.53085929533 0.05
  2 1 1 2 1406.30354890827 0.05
  2 1 2 2 936.652258849711 0.05
  2 1 3 2 1491.45107893334 0.05
  2 1 4 2 857.631406319246 0.05
  2 1 5 2 1201.5865289798 0.05
  2 1 6 2 1195.81673206114 0.05
  2 1 7 2 719.946125743773 0.05
  2 1 8 2 1018.44868374468 0.05
  2 1 9 2 924.34898679033 0.05
  2 1 10 2 800.74727536759 0.05
  2 1 11 2 1031.52827987865 0.05
  2 1 12 2 919.774222574824 0.05
  2 1 13 2 3713.04983037085 0.05
  2 1 14 2 1634.62307570234 0.05
  2 1 15 2 1124.37321234844 0.05
  2 1 16 2 2937.21525614068 0.05
  2 1 17 2 2168.01864752222 0.05
  2 1 18 2 26.323504305257 0.05
  2 1 19 2 3769.22287492833 0.05
  2 1 20 2 5996.42443916609 0.05
  2 1 21 2 14115.0106806952 0.05
  2 1 22 2 14397.6901343832 0.05
  2 1 23 2 10257.9328673024 0.05
  2 1 24 2 20410.7742895135 0.05
  2 1 25 2 8995.15517365962 0.05
  2 1 26 2 13356.2867121996 0.05
  2 1 27 2 12747.9929588702 0.05
  2 1 28 2 9032.27265206112 0.05
  2 1 29 2 10261.0958436538 0.05
  2 1 30 2 8134.27032505582 0.05
  2 1 31 2 7640.23733417012 0.05
  2 1 32 2 16918.7953056265 0.05
  2 1 33 2 10655.9877826954 0.05
  2 1 34 2 18480.3616624093 0.05
  2 1 35 2 17896.0954098401 0.05
  2 1 36 2 20692.2090568005 0.05
  2 1 37 2 20489.9066708126 0.05
  2 1 38 2 17357.391814148 0.05
  2 1 39 2 10154.2582806961 0.05
  2 1 40 2 6812.45459318326 0.05
  2 1 41 2 6512.83866811238 0.05
  2 1 42 2 1561.40643178623 0.05
  2 1 1 3 482.217632619907 0.05
  2 1 2 3 226.67256719658 0.05
  2 1 3 3 333.598940511085 0.05
  2 1 4 3 402.988411970094 0.05
  2 1 5 3 2829.04000393901 0.05
  2 1 6 3 3344.40392936153 0.05
  2 1 7 3 2695.53483849192 0.05
  2 1 8 3 2704.75834982309 0.05
  2 1 9 3 3611.75065047194 0.05
  2 1 10 3 2765.05158664301 0.05
  2 1 11 3 3032.87944953153 0.05
  2 1 12 3 606.623106866141 0.05
  2 1 13 3 2471.64080695857 0.05
  2 1 14 3 1301.59327464393 0.05
  2 1 15 3 989.234605617894 0.05
  2 1 16 3 938.421188984954 0.05
  2 1 17 3 15948.4018820506 0.05
  2 1 18 3 1262.74178985265 0.05
  2 1 19 3 834.771595644843 0.05
  2 1 20 3 726.313355829293 0.05
  2 1 21 3 482.167957451481 0.05
  2 1 22 3 2274.87706591057 0.05
  2 1 23 3 980.532449215307 0.05
  2 1 24 3 236.392834072789 0.05
  2 1 25 3 969.47398658634 0.05
  2 1 26 3 1878.84219273654 0.05
  2 1 27 3 2343.72904523282 0.05
  2 1 28 3 717.483976236972 0.05
  2 1 29 3 1460.69856206428 0.05
  2 1 30 3 1939.60325401674 0.05
  2 1 31 3 1690.92105256743 0.05
  2 1 32 3 695.893792173598 0.05
  2 1 33 3 156.931247180207 0.05
  2 1 34 3 139.703736745201 0.05
  2 1 35 3 152.467108529371 0.05
  2 1 36 3 2063.13558133498 0.05
  2 1 37 3 2473.49932397163 0.05
  2 1 38 3 1098.91240160533 0.05
  2 1 39 3 993.181539398148 0.05
  2 1 40 3 1655.19260018995 0.05
  2 1 41 3 15197.4764839467 0.05
  2 1 42 3 17942.3827402109 0.05
# end catch observations 
#  
# Fishery size comp data 
# Number of observations, init_int Ncatch_size_obs 
  168
# init_matrix obs_catch_size(1,Ncatch_size_obs,1,ncol) 
# Fleet Area  Year  Species Type (0=whole, 1=retained, 2=discard) InpN, proportion by size bin 
  1 1 1 1 0 81 0.0246913580246914 0.493827160493827 0.358024691358025 0.0864197530864197 0.271604938271605
  1 1 2 1 0 73 1.36986301369863 0 0 0 0
  1 1 3 1 0 65 1.50769230769231 0 0.0153846153846154 0.0153846153846154 0
  1 1 4 1 0 56 1.76785714285714 0.0178571428571429 0 0 0
  1 1 5 1 0 120 0.783333333333333 0.0416666666666667 0.00833333333333333 0 0
  1 1 6 1 0 130 0.315384615384615 0.384615384615385 0.0692307692307692 0 0
  1 1 7 1 0 94 1.06382978723404 0 0 0 0
  1 1 8 1 0 94 0.457446808510638 0.595744680851064 0.0106382978723404 0 0
  1 1 9 1 0 82 1.21951219512195 0 0 0 0
  1 1 10 1 0 76 1.31578947368421 0 0 0 0
  1 1 11 1 0 74 1.28378378378378 0.0675675675675676 0 0 0
  1 1 12 1 0 65 1.53846153846154 0 0 0 0
  1 1 13 1 0 77 1.24675324675325 0.051948051948052 0 0 0
  1 1 14 1 0 88 1.125 0.0113636363636364 0 0 0
  1 1 15 1 0 66 1.48484848484848 0.0303030303030303 0 0 0
  1 1 16 1 0 69 1.43478260869565 0.0144927536231884 0 0 0
  1 1 17 1 0 43 2.32558139534884 0 0 0 0
  1 1 18 1 0 34 2.82352941176471 0.117647058823529 0 0 0
  1 1 19 1 0 55 1.76363636363636 0.0545454545454545 0 0 0
  1 1 20 1 0 64 1.546875 0.015625 0 0 0
  1 1 21 1 0 77 1.25974025974026 0.038961038961039 0 0 0
  1 1 22 1 0 67 1.49253731343284 0 0 0 0
  1 1 23 1 0 133 0.729323308270677 0.0225563909774436 0 0 0
  1 1 24 1 0 98 1.02040816326531 0 0 0 0
  1 1 25 1 0 91 1.08791208791209 0.010989010989011 0 0 0
  1 1 26 1 0 77 1.2987012987013 0 0 0 0
  1 1 27 1 0 102 0.941176470588235 0.0392156862745098 0 0 0
  1 1 28 1 0 76 1.30263157894737 0.0131578947368421 0 0 0
  1 1 29 1 0 110 0.854545454545454 0.0454545454545455 0.00909090909090909 0 0
  1 1 30 1 0 100 1 0 0 0 0
  1 1 31 1 0 108 0.916666666666667 0.00925925925925926 0 0 0
  1 1 32 1 0 118 0.838983050847458 0.00847457627118644 0 0 0
  1 1 33 1 0 129 0.403100775193798 0.341085271317829 0.0310077519379845 0 0
  1 1 34 1 0 90 1.08888888888889 0 0.0222222222222222 0 0
  1 1 35 1 0 69 1.34782608695652 0.101449275362319 0 0 0
  1 1 36 1 0 80 1.2125 0.025 0.0125 0 0
  1 1 37 1 0 62 1.61290322580645 0 0 0 0
  1 1 38 1 0 94 1.02127659574468 0.0425531914893617 0 0 0
  1 1 39 1 0 75 0.826666666666667 0.44 0.0666666666666667 0 0
  1 1 40 1 0 75 1.32 0 0 0.0133333333333333 0
  1 1 41 1 0 35 2.8 0.0571428571428571 0 0 0
  1 1 42 1 0 22 4.5 0.0454545454545455 0 0 0
  1 1 1 4 0 5 5.8 0 0 0 14.2
  1 1 2 4 0 5 20 0 0 0 0
  1 1 3 4 0 5 20 0 0 0 0
  1 1 4 4 0 5 20 0 0 0 0
  1 1 5 4 0 5 20 0 0 0 0
  1 1 6 4 0 5 20 0 0 0 0
  1 1 7 4 0 5 20 0 0 0 0
  1 1 8 4 0 5 20 0 0 0 0
  1 1 9 4 0 5 20 0 0 0 0
  1 1 10 4 0 5 20 0 0 0 0
  1 1 11 4 0 1 100 0 0 0 0
  1 1 12 4 0 5 20 0 0 0 0
  1 1 13 4 0 1 100 0 0 0 0
  1 1 14 4 0 2 50 0 0 0 0
  1 1 15 4 0 8 12.5 0 0 0 0
  1 1 16 4 0 3 33.3333333333333 0 0 0 0
  1 1 17 4 0 3 33.3333333333333 0 0 0 0
  1 1 18 4 0 1 100 0 0 0 0
  1 1 19 4 0 3 33.3333333333333 0 0 0 0
  1 1 20 4 0 3 33.3333333333333 0 0 0 0
  1 1 21 4 0 3 33.3333333333333 0 0 0 0
  1 1 22 4 0 2 50 0 0 0 0
  1 1 23 4 0 6 16.6666666666667 0 0 0 0
  1 1 24 4 0 1 100 0 0 0 0
  1 1 25 4 0 1 100 0 0 0 0
  1 1 26 4 0 2 50 0 0 0 0
  1 1 27 4 0 2 50 0 0 0 0
  1 1 28 4 0 4 25 0 0 0 0
  1 1 29 4 0 7 14.2857142857143 0 0 0 0
  1 1 30 4 0 6 16.6666666666667 0 0 0 0
  1 1 31 4 0 10 10 0 0 0 0
  1 1 32 4 0 7 14.2857142857143 0 0 0 0
  1 1 33 4 0 15 6.66666666666667 0 0 0 0
  1 1 34 4 0 19 5.26315789473684 0 0 0 0
  1 1 35 4 0 13 7.69230769230769 0 0 0 0
  1 1 36 4 0 23 4.34782608695652 0 0 0 0
  1 1 37 4 0 7 14.2857142857143 0 0 0 0
  1 1 38 4 0 7 14.2857142857143 0 0 0 0
  1 1 39 4 0 19 5.26315789473684 0 0 0 0
  1 1 40 4 0 25 4 0 0 0 0
  1 1 41 4 0 31 3.2258064516129 0 0 0 0
  1 1 42 4 0 31 3.2258064516129 0 0 0 0
  2 1 1 2 0 2 0 28 16 6 0
  2 1 2 2 0 5 7.2 2.4 6 4.4 0
  2 1 3 2 0 2 50 0 0 0 0
  2 1 4 2 0 5 11.2 8.8 0 0 0
  2 1 5 2 0 5 20 0 0 0 0
  2 1 6 2 0 5 18 2 0 0 0
  2 1 7 2 0 5 20 0 0 0 0
  2 1 8 2 0 1 100 0 0 0 0
  2 1 9 2 0 5 20 0 0 0 0
  2 1 10 2 0 5 20 0 0 0 0
  2 1 11 2 0 2 50 0 0 0 0
  2 1 12 2 0 5 20 0 0 0 0
  2 1 13 2 0 5 20 0 0 0 0
  2 1 14 2 0 5 20 0 0 0 0
  2 1 15 2 0 5 20 0 0 0 0
  2 1 16 2 0 5 20 0 0 0 0
  2 1 17 2 0 5 20 0 0 0 0
  2 1 18 2 0 5 20 0 0 0 0
  2 1 19 2 0 5 20 0 0 0 0
  2 1 20 2 0 30 3.33333333333333 0 0 0 0
  2 1 21 2 0 46 2.1304347826087 0.0434782608695652 0 0 0
  2 1 22 2 0 10 10 0 0 0 0
  2 1 23 2 0 19 5.26315789473684 0 0 0 0
  2 1 24 2 0 61 1.32786885245902 0.311475409836066 0 0 0
  2 1 25 2 0 29 3.44827586206897 0 0 0 0
  2 1 26 2 0 32 3.125 0 0 0 0
  2 1 27 2 0 16 6.25 0 0 0 0
  2 1 28 2 0 31 3.2258064516129 0 0 0 0
  2 1 29 2 0 44 2.27272727272727 0 0 0 0
  2 1 30 2 0 29 3.44827586206897 0 0 0 0
  2 1 31 2 0 25 3.96 0.04 0 0 0
  2 1 32 2 0 22 2.95454545454545 1.59090909090909 0 0 0
  2 1 33 2 0 35 2.77142857142857 0.0857142857142857 0 0 0
  2 1 34 2 0 28 3.53571428571429 0.0357142857142857 0 0 0
  2 1 35 2 0 45 2.22222222222222 0 0 0 0
  2 1 36 2 0 51 1.96078431372549 0 0 0 0
  2 1 37 2 0 41 2.4390243902439 0 0 0 0
  2 1 38 2 0 36 2.77777777777778 0 0 0 0
  2 1 39 2 0 20 4.75 0.25 0 0 0
  2 1 40 2 0 14 7 0.142857142857143 0 0 0
  2 1 41 2 0 17 5.52941176470588 0.352941176470588 0 0 0
  2 1 42 2 0 24 4.16666666666667 0 0 0 0
  2 1 1 3 0 1 15 0 78 7 0
  2 1 2 3 0 5 7 0 5.6 7.4 0
  2 1 3 3 0 5 19.8 0 0.2 0 0
  2 1 4 3 0 1 100 0 0 0 0
  2 1 5 3 0 6 16.6666666666667 0 0 0 0
  2 1 6 3 0 4 24.75 0.25 0 0 0
  2 1 7 3 0 5 20 0 0 0 0
  2 1 8 3 0 1 99 1 0 0 0
  2 1 9 3 0 1 100 0 0 0 0
  2 1 10 3 0 1 100 0 0 0 0
  2 1 11 3 0 2 49.5 0.5 0 0 0
  2 1 12 3 0 5 20 0 0 0 0
  2 1 13 3 0 4 24.5 0.5 0 0 0
  2 1 14 3 0 8 12.5 0 0 0 0
  2 1 15 3 0 11 9.09090909090909 0 0 0 0
  2 1 16 3 0 5 20 0 0 0 0
  2 1 17 3 0 5 20 0 0 0 0
  2 1 18 3 0 1 100 0 0 0 0
  2 1 19 3 0 1 100 0 0 0 0
  2 1 20 3 0 4 25 0 0 0 0
  2 1 21 3 0 3 33.3333333333333 0 0 0 0
  2 1 22 3 0 4 25 0 0 0 0
  2 1 23 3 0 3 33.3333333333333 0 0 0 0
  2 1 24 3 0 3 33.3333333333333 0 0 0 0
  2 1 25 3 0 2 50 0 0 0 0
  2 1 26 3 0 4 25 0 0 0 0
  2 1 27 3 0 5 20 0 0 0 0
  2 1 28 3 0 4 25 0 0 0 0
  2 1 29 3 0 4 25 0 0 0 0
  2 1 30 3 0 24 4.16666666666667 0 0 0 0
  2 1 31 3 0 10 9.8 0.2 0 0 0
  2 1 32 3 0 12 8.25 0.0833333333333333 0 0 0
  2 1 33 3 0 4 24.75 0.25 0 0 0
  2 1 34 3 0 6 16.6666666666667 0 0 0 0
  2 1 35 3 0 2 50 0 0 0 0
  2 1 36 3 0 10 9.9 0 0.1 0 0
  2 1 37 3 0 9 11 0 0.111111111111111 0 0
  2 1 38 3 0 13 7.53846153846154 0.153846153846154 0 0 0
  2 1 39 3 0 16 6.1875 0.0625 0 0 0
  2 1 40 3 0 27 3.7037037037037 0 0 0 0
  2 1 41 3 0 15 6.66666666666667 0 0 0 0
  2 1 42 3 0 16 6.1875 0.0625 0 0 0
# end fishery length observations 
#  
# Survey diet proportion observations 
# Number of observations, init_int Ndietprop_obs 
  115
# init_matrix obs_dietprop(1,Ndietprop_obs,1,ncol) 
# Survey  Year  Predator  Predator_size InpN  wt_prey_1 wt_prey_2 wt_prey_3 wt_prey_4 wt_prey_5 wt_prey_6 wt_prey_7 wt_prey_8 wt_prey_9 wt_prey_10 wt_prey_11 other 
  1 12 1 2 100 0 0 0 0 1
  1 12 1 3 100 0.3 0 0 0 0.7
  1 13 1 3 100 0 0.05 0 0 0.95
  1 13 1 4 100 0 0.91 0 0 0.09
  1 15 1 2 100 0 0.39 0 0 0.61
  1 18 1 1 100 0.53 0 0 0 0.47
  1 18 1 2 100 0.35 0 0 0 0.65
  1 18 1 3 100 0 0.27 0 0 0.73
  1 19 1 2 100 0 0.31 0 0 0.69
  1 19 1 3 100 0 0.32 0 0 0.68
  1 20 1 3 100 0 0 0 0 1
  1 21 1 2 100 0 0.05 0 0 0.95
  1 21 1 3 100 0 0.3 0 0 0.7
  1 24 1 3 100 0 0.21 0 0 0.79
  1 25 1 3 100 0 0.43 0 0 0.57
  1 26 1 3 100 0 0.55 0.38 0 0.07
  1 27 1 3 100 0 0 0.94 0 0.06
  1 28 1 3 100 0 0.82 0 0 0.18
  1 33 1 3 100 0 0.43 0 0 0.57
  1 34 1 3 100 0 0.21 0 0 0.79
  1 35 1 3 100 0 0.26 0 0 0.74
  1 38 1 3 100 0 0 0 0 1
  1 39 1 3 100 0 0.58 0 0 0.42
  1 40 1 2 100 0 0.27 0 0 0.73
  1 41 1 2 100 0 0 0.32 0 0.68
  2 2 1 4 100 0 0.3 0 0 0.7
  2 11 1 3 100 0 0.09 0 0 0.91
  2 14 1 3 100 0 0 0.35 0 0.65
  2 14 1 4 100 0 0 0.83 0 0.17
  2 15 1 3 100 0 0 0 0 1
  2 16 1 3 100 1 0 0 0 0
  2 16 1 4 100 0 0 0 0 1
  2 19 1 3 100 0 0 0 0 1
  2 19 1 4 100 0 0 0 0 1
  2 21 1 3 100 0 0.25 0 0 0.75
  2 21 1 4 100 0 0.24 0 0 0.76
  2 22 1 3 100 0 0.19 0 0 0.81
  2 23 1 3 100 0 0.56 0 0 0.44
  2 24 1 3 100 0 0.12 0 0 0.88
  2 24 1 4 100 0 0.19 0.02 0 0.79
  2 25 1 2 100 0 0 0.29 0 0.71
  2 25 1 3 100 0 0.27 0 0 0.73
  2 26 1 3 100 0 0.5 0 0 0.5
  2 27 1 3 100 0 0.03 0 0 0.97
  2 27 1 4 100 0 1 0 0 0
  2 29 1 3 100 0 0 0 0 1
  2 33 1 3 100 0 0.13 0 0 0.87
  2 35 1 1 100 0 0.15 0 0 0.85
  2 35 1 2 100 0.38 0 0 0 0.62
  2 35 1 3 100 0 0.21 0 0 0.79
  2 36 1 3 100 0 0.06 0 0 0.94
  2 39 1 3 100 0 0.05 0 0 0.95
  2 40 1 2 100 0 1 0 0 0
  2 36 2 3 100 0 0.04 0 0 0.96
  2 30 3 2 100 0 0.07 0.15 0 0.78
  2 30 3 4 100 0 0.3 0 0 0.7
  1 8 4 2 100 0 0 0.14 0 0.86
  1 8 4 3 100 0 0 0.3 0 0.7
  1 11 4 3 100 0 0.11 0 0 0.89
  1 13 4 2 100 0 0.19 0 0 0.81
  1 13 4 3 100 0 1 0 0 0
  1 13 4 4 100 0 0 0 0 1
  1 14 4 3 100 0 0 0 0 1
  1 15 4 3 100 0 0 0 0 1
  1 15 4 4 100 0 0 0 0 1
  1 16 4 3 100 0 0.51 0 0 0.49
  1 16 4 4 100 0 0.05 0 0 0.95
  1 17 4 3 100 0 0 0 0 1
  1 18 4 3 100 0 0.66 0 0 0.34
  1 19 4 2 100 0 0.55 0 0 0.45
  1 19 4 3 100 0 0.69 0 0 0.31
  1 20 4 2 100 0 0.74 0 0 0.26
  1 20 4 3 100 0 0 0 0 1
  1 21 4 3 100 0 0 0 0 1
  1 22 4 2 100 0 0 0 0 1
  1 23 4 3 100 0 0.46 0 0 0.54
  1 24 4 3 100 0 0 0 0 1
  1 25 4 3 100 0 0 0 0 1
  1 25 4 4 100 0 0.32 0 0 0.68
  1 26 4 3 100 0 0 0.02 0 0.98
  1 27 4 2 100 0 0 0 0 1
  1 27 4 3 100 0 0 0 0 1
  1 28 4 2 100 0 0 0 0 1
  1 28 4 3 100 0 1 0 0 0
  1 29 4 3 100 0 0.02 0 0 0.98
  1 31 4 3 100 0 0.14 0 0 0.86
  1 31 4 4 100 0 0.5 0 0 0.5
  1 34 4 3 100 0 0 0.32 0 0.68
  1 40 4 3 100 0 0.16 0 0 0.84
  1 40 4 4 100 0 0 0 0 1
  1 42 4 3 100 0 0.35 0 0 0.65
  2 6 4 3 100 0 0 0.11 0 0.89
  2 8 4 3 100 0 0 0.29 0 0.71
  2 9 4 4 100 0 0 0 0.11 0.89
  2 14 4 4 100 0 0 0 0 1
  2 15 4 3 100 0 0 0 0 1
  2 16 4 3 100 0 0 0 0 1
  2 17 4 2 100 0 0.14 0 0 0.86
  2 18 4 3 100 0 0 0 0 1
  2 19 4 3 100 0 0.04 0 0 0.96
  2 21 4 3 100 0 0.14 0 0 0.86
  2 22 4 3 100 0 0.48 0 0 0.52
  2 23 4 3 100 0 0.02 0.53 0 0.45
  2 24 4 3 100 0 0.43 0.06 0 0.51
  2 25 4 3 100 0 0.4 0 0 0.6
  2 25 4 4 100 0 0 0.94 0 0.06
  2 27 4 3 100 0 0.04 0 0 0.96
  2 30 4 3 100 0 0.35 0 0 0.65
  2 33 4 3 100 0 0 0 0 1
  2 34 4 3 100 0 1 0 0 0
  2 35 4 3 100 0 0.84 0 0 0.16
  2 36 4 2 100 0 0.87 0 0 0.13
  2 36 4 3 100 0 1 0 0 0
  2 37 4 3 100 0 0.05 0 0 0.95
  2 42 4 3 100 0 0 0.92 0 0.08
# end survey diet proportion observations 
#  
