# This file was created using the write_tsDatFile function and used all the simulated data from sim_dta.rds found in repo:Hydra-self-testing
# Survey index data 
# Number of observations, init_int Nsurvey_obs
  329
# init_matrix obs_survey_biomass(1,Nsurvey_obs,1,5)
# survey year spp value cv
  1 1 4 799480.481519565 0.212720515437525
  2 1 4 347678.207798912 0.25363203301826
  1 2 4 24313.6583803488 0.222168779300385
  2 2 4 17911.903272377 0.187773345626693
  1 3 4 270232.827161697 0.394113240257454
  2 3 4 1522.552981395 0.423618201694685
  1 4 4 304841.931745608 0.310035034727007
  2 4 4 5824.67584044391 0.327069686277164
  1 5 4 107682.398953179 0.378629084128514
  2 5 4 5998.63108363634 0.391316523019912
  1 6 4 8322.45568489993 0.494427832556011
  2 6 4 2180.18733349168 0.376280830351703
  1 7 4 104216.660429193 0.759062286891916
  2 7 4 1475.4230299843 0.665352569827422
  1 8 4 3090.45655523953 0.383150869515862
  2 8 4 564.971649218598 0.433685089735353
  1 9 4 106870.882477331 0.48934963094834
  2 9 4 429.719243167178 0.392371299771634
  1 10 4 12140.685916252 0.382452035825211
  2 10 4 681.185835685282 0.333798529002863
  1 11 4 7450.43630059281 0.566792532611316
  2 11 4 114.771439110912 0.868042030585988
  1 12 4 15934.5881760901 0.381518572031255
  2 12 4 258.221229744541 0.445144789260538
  1 13 4 18348.6487467733 0.438380584739347
  2 13 4 611.885622767857 0.947226139495183
  1 14 4 21323.9262771661 0.482345652338289
  2 14 4 126.184957349749 0.377075764230608
  1 15 4 2860.84362412278 0.420835086749712
  2 15 4 96.3050871021214 0.614716212748607
  1 16 4 12081.8455192979 0.515165860253858
  2 16 4 339.4556221086 0.704031323768783
  1 17 4 15931.4671442088 0.559532625975744
  2 17 4 105.737089261513 0.319774204956139
  1 18 4 2399.12218554403 0.479008946214672
  2 18 4 101.943933211492 0.41351869139049
  1 19 4 4962.26391723708 0.429419179801904
  2 19 4 46.5762454316755 0.387615780132326
  1 20 4 3276.51485368824 0.477074256852948
  2 20 4 122.03589720809 0.315868813200741
  1 21 4 9017.11857084847 0.410621521476155
  2 21 4 145.444330800712 0.630050999524052
  1 22 4 16110.5974801945 0.294672690077384
  2 22 4 350.415333082771 0.335469505128288
  1 23 4 5270.60827149805 0.477447511398437
  2 23 4 377.347990104286 0.407625761955908
  1 24 4 8103.14722044932 0.384568504019134
  2 24 4 227.476443717567 0.43049173366256
  1 25 4 5150.9142793337 0.333261603198005
  2 25 4 40.3868932018666 0.843960441627036
  1 26 4 6030.97914135254 0.685474246042822
  2 26 4 79.6132437068891 0.429620783824035
  1 27 4 4470.20490798608 0.286882992344226
  2 27 4 35.5535136271363 0.81343687860715
  1 28 4 14352.0808418946 0.371822434434906
  2 28 4 262.192724921534 0.53327636373572
  1 29 4 48596.9035534947 0.592639130460935
  2 29 4 199.782001321918 0.590339711107796
  1 30 4 18527.3907489884 0.374062101432949
  2 30 4 532.949993054161 0.701775131617819
  1 31 4 15452.1861003428 0.304499664309564
  2 31 4 442.999371453004 0.210828956182955
  1 32 4 23850.5255045262 0.233962995093855
  2 32 4 1003.31105675664 0.329779252894958
  1 33 4 6511.52304732411 0.270006842918168
  2 33 4 194.953000194233 0.460124990024536
  1 34 4 7550.18042563024 0.350007507053818
  2 34 4 338.080718151314 0.837656243552001
  1 35 4 10603.8138831858 0.34274593698132
  2 35 4 109.933475439159 0.291986952078346
  1 36 4 21457.2035567824 0.261906583866089
  2 36 4 397.916324766925 0.425399553458769
  1 37 4 95378.768655889 0.417429035160016
  2 37 4 1213.6446103314 0.287702894520317
  1 38 4 95095.3770066364 0.441211421515246
  2 38 4 9550.2574675844 0.866971810340233
  1 39 4 23955.4002004464 0.495234601454268
  2 39 4 1197.66570545121 0.556663444153977
  1 40 4 7343.40579126593 0.237858203733512
  2 40 4 384.997807113138 0.295404104464232
  1 41 4 4077.9145045986 0.327346172729995
  2 41 4 36.8843426231475 0.994030515469621
  1 42 4 1594.92597797497 0.368315456462939
  2 42 4 90.8715769276537 0.461505384764764
  1 1 2 1.92925640492778e-263 0.601375663623589
  2 1 2 2.64691971885282e-264 0.565196579518992
  2 2 2 7.59454254073609e-210 0.686052062200317
  2 3 2 3.61549621336452e-187 0.378997614818957
  1 4 2 3.98749004750815e-191 1
  2 4 2 7.43255850792065e-193 0.459316778181236
  1 5 2 2.93588476107186e-194 0.611089023955187
  2 5 2 1.06019761728107e-195 0.780615956536472
  1 6 2 8.21972256761758e-199 0.702037850017464
  2 6 2 1.99696896649085e-199 0.461790555986525
  1 7 2 2.90291782311905e-201 0.948289691951521
  2 7 2 2.45822855144933e-201 0.685175011742778
  1 8 2 6.61568517622733e-203 0.544380631361087
  2 8 2 3.60975159384141e-204 0.424096495665332
  1 9 2 4.36796991206833e-204 0.5393131982084
  2 9 2 2.03800844699688e-205 0.454629127333952
  1 10 2 5.57578873970798e-206 0.88095039530815
  2 10 2 9.46845594855577e-207 0.419344308350161
  1 11 2 7.29645057108666e-207 0.799987970388403
  2 11 2 7.94845403735127e-209 0.839124360078806
  1 12 2 1.35321829968537e-201 0.774991903603438
  2 12 2 2.96800126960068e-204 0.424721667998453
  1 13 2 6.72200241999667e-206 0.863215133786584
  2 13 2 1.90765673081702e-207 0.387073469025502
  1 14 2 1.61655889042746e-207 0.704083892007286
  2 14 2 5.29552525034895e-209 0.312793018147624
  1 15 2 4.88228864864442e-201 0.457459057188701
  2 15 2 1.14333651569156e-203 0.459652287866146
  1 16 2 1.22957754215796e-186 0.853197309912465
  2 16 2 4.80519697746701e-189 0.628928805514438
  1 17 2 2.88292628781403e-200 0.61116783920211
  2 17 2 4.66023235121651e-202 0.3895964128798
  1 18 2 3.92500631250188e-205 0.416775375911518
  2 18 2 3.6425263604729e-206 0.495180348393774
  1 19 2 9.75484208979024e-186 0.69077510766454
  2 19 2 6.62003804041559e-188 0.347120352110889
  1 20 2 4.62964447597532e-190 0.793751288508348
  2 20 2 3.71111034433482e-192 0.526946514998015
  1 21 2 7.91514250487082e-193 0.339376634127756
  2 21 2 1.74017350603015e-194 0.609998621037514
  1 22 2 4.54471757547129e-195 0.601950919776798
  2 22 2 5.686983523408e-196 0.389299707202565
  1 23 2 5.02995066734147e-196 0.658556209578282
  2 23 2 8.50218218963126e-198 0.288585466763824
  1 24 2 9.46429590691347e-197 0.637453135075156
  2 24 2 2.7680899771182e-199 0.480513100150493
  1 25 2 2.0850587082691e-201 0.510473149998029
  2 25 2 1.52904629513364e-202 0.338488147626423
  1 26 2 3.26188354260694e-191 0.548437091427541
  2 26 2 2.80407787423008e-193 0.345955330423839
  1 27 2 4.15977914290321e-178 0.492912195981742
  2 27 2 4.07426250229485e-180 0.33164245084141
  1 28 2 7.36060634879714e-180 0.747597319880804
  2 28 2 5.70883037188527e-183 0.447853531697379
  1 29 2 1.32052954015754e-183 0.451616070879294
  2 29 2 5.1443125343208e-185 0.305275882623724
  1 30 2 8.55877665260828e-185 0.797269558848634
  2 30 2 6.69637940944937e-187 0.605264936420634
  1 31 2 3.02537300700129e-187 0.666772556553203
  2 31 2 4.82567400581257e-188 0.359836468902791
  1 32 2 7.39816649109667e-189 0.96787270074405
  2 32 2 1.49331893177906e-189 0.422601396160012
  1 33 2 1.02124732443887e-190 0.404694020855087
  2 33 2 5.7259228514833e-192 0.465820030674526
  1 34 2 2.26350537506374e-193 0.814873375751391
  2 34 2 5.16896033274944e-194 0.505954372112585
  1 35 2 8.36541960169455e-196 0.533219898766676
  2 35 2 2.06776793785187e-196 0.287403659199158
  1 36 2 4.28630291833882e-198 0.371953858881132
  2 36 2 4.43727254705489e-199 0.365560779244073
  1 37 2 1.64412747689635e-199 0.791301167226987
  2 37 2 4.03455325179833e-200 0.487536998609889
  1 38 2 2.88845403457883e-201 0.633364993316759
  2 38 2 2.70323721207365e-201 0.644823084547079
  1 39 2 2.80985815390012e-202 0.827253682697507
  2 39 2 2.18390679984803e-203 0.354235596542703
  1 40 2 3.99555912923533e-204 0.900216415173481
  2 40 2 4.8314829920403e-205 0.395846441583114
  1 41 2 6.45972640798211e-207 0.957770995377006
  2 41 2 2.02305349770654e-208 0.496084887173497
  1 42 2 1.35754678238981e-208 0.55870584954739
  2 42 2 1.09410005131911e-209 0.604660139936764
  1 1 1 140041.891883999 0.241799049430762
  2 1 1 1304389.99109204 0.250018379470286
  1 2 1 33805.3482656888 0.142636213550947
  2 2 1 127763.387704305 0.163647146277456
  1 3 1 69311.6457588144 0.225478190042395
  2 3 1 44292.0689325955 0.192013183632222
  1 4 1 171977.400799629 0.323579734794357
  2 4 1 127558.482494519 0.162432383538487
  1 5 1 71743.4336262216 0.320666395151501
  2 5 1 352099.57994619 0.822390366318268
  1 6 1 5297.36715873424 0.452044832991261
  2 6 1 45594.7644786948 0.192408532269243
  1 7 1 60934.4226262688 0.28209645893665
  2 7 1 25254.7909771182 0.262097825842625
  1 8 1 6551.27439808475 0.414010381101596
  2 8 1 64431.4094877761 0.189959250209439
  1 9 1 34906.8065063972 0.40638853202345
  2 9 1 9484.19280922128 0.178404315527443
  1 10 1 24247.4838350833 0.290993157294119
  2 10 1 25188.1521076664 0.156753980046499
  1 11 1 7553.48446922026 0.324615016521962
  2 11 1 20362.178681103 0.174348711952217
  1 12 1 10777.681928203 0.294780938380682
  2 12 1 6954.93992176846 0.195232854572048
  1 13 1 4585.30409533824 0.440402569626277
  2 13 1 14920.619129926 0.185762358850192
  1 14 1 4302.45330805627 0.372421878022742
  2 14 1 4752.93349286511 0.151581173531864
  1 15 1 2143.81126912237 0.341871348717721
  2 15 1 4762.95016756067 0.233364310094868
  1 16 1 1901.34087097152 0.416897355424411
  2 16 1 1783.01050271739 0.283802183917676
  1 17 1 1084.51005623665 0.500820840736393
  2 17 1 452.318942102905 0.495024013362717
  1 18 1 684.924988371479 0.389853340834037
  2 18 1 1474.32346228034 0.390988792530431
  1 19 1 979.049092233573 0.293941849282161
  2 19 1 482.949490327127 0.322403741112933
  1 20 1 2554.15680969463 0.525509720403112
  2 20 1 718.317532501835 0.218361153170241
  1 21 1 2200.23075879406 0.266433769579894
  2 21 1 1600.95784746401 0.421115605185845
  1 22 1 5908.23267693548 0.374831371194202
  2 22 1 2481.81562887584 0.227391091044855
  1 23 1 1485.6566458709 0.352011231642473
  2 23 1 3545.01008159185 0.384269029090844
  1 24 1 1214.80113634022 0.34725908523047
  2 24 1 1752.4818664537 0.331291933735556
  1 25 1 2786.42286794948 0.578696888706846
  2 25 1 1306.80252164487 0.247394190789157
  1 26 1 1837.3774528639 0.459728456052307
  2 26 1 1219.78740150587 0.394189312610479
  1 27 1 585.358934584933 0.539982548576019
  2 27 1 1433.61689423753 0.72948972943007
  1 28 1 2745.73228913071 0.364309332200766
  2 28 1 1535.55353309559 0.278656828353639
  1 29 1 1781.31440453359 0.562793580097325
  2 29 1 2603.96587400267 0.316141323613091
  1 30 1 5196.08531704348 0.420348818797864
  2 30 1 3033.73442506012 0.30511736182771
  1 31 1 9073.32890424482 0.403753427903273
  2 31 1 8759.03246854712 0.278331587636247
  1 32 1 19062.1169306667 0.491331418922754
  2 32 1 6360.17020356848 0.329726795744574
  1 33 1 227.642933524834 0.537081122476055
  2 33 1 5417.89852050819 0.33086845072982
  1 34 1 741.770626175225 0.379030815152119
  2 34 1 807.249718644808 0.278881417082292
  1 35 1 550.757889402792 0.519511456600017
  2 35 1 953.192095738172 0.27351876283918
  1 36 1 741.301066356032 0.556056214854877
  2 36 1 1267.03100094523 0.714061811185508
  1 37 1 8102.20170561768 0.588197671943964
  2 37 1 1305.82147509567 0.340315242626747
  1 38 1 3847.69378648498 0.324588369174256
  2 38 1 4542.68593781809 0.300199803594678
  1 39 1 329.185973146346 0.501841796783066
  2 39 1 1591.6330599026 0.438397059851219
  1 40 1 313.64994035995 0.403101009292275
  2 40 1 168.097434665524 0.410378233550251
  1 41 1 265.758439730465 0.478602624152216
  2 41 1 405.510577331016 0.362128776577143
  1 42 1 40.8548774906276 0.646634922078809
  2 42 1 336.347131886537 0.816170985475773
  1 1 3 206268.763211446 0.499484636786782
  1 2 3 1685.77930992159 0.358153914340203
  2 2 3 46574.5262326417 0.577110518633802
  1 3 3 66814.0453331344 0.678339172154909
  2 3 3 258828.716259053 0.738121970739642
  1 4 3 19712.1122830886 1
  2 4 3 44351.6084024675 0.52056341701904
  1 5 3 93542.8786588353 0.693225535250834
  2 5 3 124237.287633247 1
  1 6 3 2085.38737081327 1
  2 6 3 6474.95309484199 0.48452157876779
  1 7 3 604.457892380626 0.912293822979085
  1 8 3 567.075681865669 0.655734850091527
  2 8 3 83.5489469712735 0.750382084373246
  1 9 3 210.471809972459 0.670809892238012
  2 9 3 121.622505108698 0.47273108889926
  1 10 3 232.55237720114 0.631102684426709
  2 10 3 92.4219885917075 0.919260399745188
  1 11 3 105.098309256012 0.496475444687371
  1 12 3 104.669958166372 0.740682868109632
  2 12 3 21.2366545403693 1
  1 13 3 230.612910737833 0.360862225436052
  1 14 3 444.734955669406 0.547901331396328
  2 14 3 152.590708297552 0.478873954421528
  1 15 3 239.130791601966 0.429608216382601
  2 15 3 390.788673645716 0.654713783069401
  1 16 3 604.950759867319 0.69118921143411
  2 16 3 307.517443740044 0.8614889831113
  1 17 3 30.4578679066776 0.426971754606328
  2 17 3 66.6054472035514 0.572182042928152
  1 18 3 20.2517409609254 0.505524319387353
  2 18 3 23.1641975308493 0.488492827246527
  1 19 3 115.884237935856 0.644591984223249
  2 19 3 26.4079394285068 0.51925665989311
  1 20 3 98.7827050853878 0.899065435378594
  2 20 3 24.3659005850479 0.59569628754064
  1 21 3 29.160256585274 0.543826822033971
  2 21 3 15.2769286858535 0.466111862829518
  1 22 3 88.1983514177424 0.88174616562504
  2 22 3 92.6808203772607 0.568444982816852
  1 23 3 273.057441291313 0.408104676406013
  2 23 3 56.0776975252343 0.357346049869971
  1 24 3 5.86754474149156 0.92608255019157
  2 24 3 56.243514106306 0.539541007788685
  1 25 3 39.494386814816 0.648664057223823
  2 25 3 9.56482089265634 0.576168087832409
  1 26 3 49.752127896101 0.695927823776047
  2 26 3 19.9986520605778 0.549529982814455
  1 27 3 48.5106714172997 0.708713243925404
  2 27 3 45.3328038736408 0.496269825160911
  1 28 3 44.0269001730041 0.489543853646182
  1 29 3 75.980741998509 0.703511357168505
  2 29 3 156.897183748219 0.875017095315649
  1 30 3 425.88914897842 0.631659802692532
  2 30 3 65.7734470069874 0.908152223575802
  1 31 3 949.745074130177 0.626570332091694
  2 31 3 1384.04299656504 0.712465807947941
  1 32 3 104.347767910943 0.661895735249442
  2 32 3 263.651221979465 0.86012943797605
  1 33 3 36.2252467990024 0.783155911787346
  2 33 3 47.304566984947 0.598390099709208
  1 34 3 12.4690599508777 0.542775440757204
  2 34 3 14.1542753807039 0.743173480285892
  1 35 3 1.77969282695065 0.870542376054271
  2 35 3 8.43787422986474 0.446478967244395
  1 36 3 141.923416566245 0.492193512682958
  2 36 3 57.665711860906 0.490110041691513
  1 37 3 876.414083329099 0.909630520329322
  2 37 3 1094.48611261513 0.433872317628348
  1 38 3 2404.29116187626 0.644773009949607
  2 38 3 1796.38369046857 0.484949159815328
  1 39 3 990.513605519036 0.515045488987725
  2 39 3 782.20632760451 0.388710136036013
  1 40 3 730.711342661379 0.442573167063876
  2 40 3 377.010841659063 0.395139923022642
  1 41 3 60.1038217243308 0.88587618368699
  2 41 3 115.094462437724 0.537531419606343
  1 42 3 496166.737763939 0.983269433580366
  2 42 3 471698.861526617 0.849696423298534
# end survey index observations 
#  
# Survey size comp data 
# Number of observations, init_int Nsurvey_size_obs 
  329
# init_matrix obs_survey_size(1,Nsurvey_size_obs,1,ncol) 
# Survey  Year  Species Type (0=whole, 1=retained, 2=discard) InpN, proportion by length bin 
  1 1 1 0 57 0 1.01754385964912 0.719298245614035 0.0175438596491228 0
  1 2 1 0 65 0.769230769230769 0.753846153846154 0.0153846153846154 0 0
  1 3 1 0 32 1.71875 1.40625 0 0 0
  1 4 1 0 32 1.78125 1.34375 0 0 0
  1 5 1 0 21 2.23809523809524 2.47619047619048 0.0476190476190476 0 0
  1 6 1 0 18 0.444444444444444 3.44444444444444 1.55555555555556 0.111111111111111 0
  1 7 1 0 25 2.2 1.8 0 0 0
  1 8 1 0 20 0.4 2.9 1.7 0 0
  1 9 1 0 16 3.1875 3.0625 0 0 0
  1 10 1 0 19 2.63157894736842 2.57894736842105 0.0526315789473684 0 0
  1 11 1 0 20 2.45 2.5 0.05 0 0
  1 12 1 0 22 2.04545454545455 2.5 0 0 0
  1 13 1 0 23 1.8695652173913 2.47826086956522 0 0 0
  1 14 1 0 14 3.71428571428571 3.42857142857143 0 0 0
  1 15 1 0 21 2.47619047619048 2.23809523809524 0.0476190476190476 0 0
  1 16 1 0 14 3.21428571428571 3.92857142857143 0 0 0
  1 17 1 0 17 3.05882352941176 2.82352941176471 0 0 0
  1 18 1 0 19 2.31578947368421 2.94736842105263 0 0 0
  1 19 1 0 18 2.66666666666667 2.83333333333333 0.0555555555555556 0 0
  1 20 1 0 15 3.06666666666667 3.6 0 0 0
  1 21 1 0 21 2.33333333333333 2.38095238095238 0.0476190476190476 0 0
  1 22 1 0 13 3.76923076923077 3.84615384615385 0.0769230769230769 0 0
  1 23 1 0 14 3.64285714285714 3.14285714285714 0.357142857142857 0 0
  1 24 1 0 14 3.35714285714286 3.78571428571429 0 0 0
  1 25 1 0 18 2.72222222222222 2.83333333333333 0 0 0
  1 26 1 0 14 3.71428571428571 3.42857142857143 0 0 0
  1 27 1 0 23 2.34782608695652 1.91304347826087 0.0869565217391304 0 0
  1 28 1 0 14 3.42857142857143 3.71428571428571 0 0 0
  1 29 1 0 17 2 3.76470588235294 0.117647058823529 0 0
  1 30 1 0 18 2.72222222222222 2.77777777777778 0.0555555555555556 0 0
  1 31 1 0 20 3.35 1.6 0.05 0 0
  1 32 1 0 10 5.9 4.1 0 0 0
  1 33 1 0 15 1.26666666666667 4.13333333333333 1.26666666666667 0 0
  1 34 1 0 18 3 2.55555555555556 0 0 0
  1 35 1 0 8 5.25 7 0.25 0 0
  1 36 1 0 12 4.41666666666667 3.83333333333333 0.0833333333333333 0 0
  1 37 1 0 8 6.375 6 0.125 0 0
  1 38 1 0 16 3.3125 2.875 0.0625 0 0
  1 39 1 0 10 3.7 4.5 1.8 0 0
  1 40 1 0 10 4.9 5.1 0 0 0
  1 41 1 0 13 4.30769230769231 3.38461538461538 0 0 0
  1 42 1 0 8 6.375 6.125 0 0 0
  1 1 2 0 11 1.36363636363636 1.63636363636364 1.90909090909091 2.63636363636364 1.54545454545455
  1 4 2 0 1 20 15 21 27 17
  1 5 2 0 5 3.8 4.2 5.4 4 2.6
  1 6 2 0 1 20 20 19 16 25
  1 7 2 0 3 7.66666666666667 5.66666666666667 5.33333333333333 7.66666666666667 7
  1 8 2 0 4 6 6 3.25 4.5 5.25
  1 9 2 0 5 3.4 4.2 4.8 3.6 4
  1 10 2 0 10 1.9 1.8 1.9 2.2 2.2
  1 11 2 0 13 2.30769230769231 1.07692307692308 0.846153846153846 1.23076923076923 2.23076923076923
  1 12 2 0 15 1.26666666666667 1.06666666666667 1.53333333333333 1.73333333333333 1.06666666666667
  1 13 2 0 9 3 3.11111111111111 1.77777777777778 1.44444444444444 1.77777777777778
  1 14 2 0 6 4.16666666666667 2.66666666666667 3.66666666666667 3 3.16666666666667
  1 15 2 0 13 1.53846153846154 1.30769230769231 1.15384615384615 1.92307692307692 1.76923076923077
  1 16 2 0 10 2.7 2.4 1.9 1.3 1.7
  1 17 2 0 10 1.9 2.3 2 2 1.8
  1 18 2 0 18 0.888888888888889 0.833333333333333 1.55555555555556 0.722222222222222 1.55555555555556
  1 19 2 0 27 0.666666666666667 0.851851851851852 0.851851851851852 0.851851851851852 0.481481481481481
  1 20 2 0 23 0.826086956521739 0.956521739130435 0.782608695652174 0.739130434782609 1.04347826086957
  1 21 2 0 25 0.84 0.8 0.8 0.72 0.84
  1 22 2 0 9 2 1.55555555555556 2.44444444444444 2.33333333333333 2.77777777777778
  1 23 2 0 8 2.625 2.75 1.875 3.125 2.125
  1 24 2 0 9 1 3.55555555555556 2.22222222222222 2.11111111111111 2.22222222222222
  1 25 2 0 14 1.57142857142857 1.28571428571429 1.21428571428571 1.14285714285714 1.92857142857143
  1 26 2 0 18 0.888888888888889 1.38888888888889 1.22222222222222 1.33333333333333 0.722222222222222
  1 27 2 0 16 0.8125 1.25 1.875 0.8125 1.5
  1 28 2 0 6 3.16666666666667 4 3 3.16666666666667 3.33333333333333
  1 29 2 0 8 2.375 2.625 3.25 2.25 2
  1 30 2 0 17 0.882352941176471 1.29411764705882 1.17647058823529 1.17647058823529 1.35294117647059
  1 31 2 0 9 2.33333333333333 2.55555555555556 2.22222222222222 2 2
  1 32 2 0 30 0.433333333333333 1.03333333333333 0.733333333333333 0.533333333333333 0.6
  1 33 2 0 24 0.875 0.958333333333333 0.791666666666667 0.708333333333333 0.833333333333333
  1 34 2 0 25 0.68 0.64 1.08 0.76 0.84
  1 35 2 0 16 1.25 0.9375 1.375 1.75 0.9375
  1 36 2 0 13 1.46153846153846 2 1.23076923076923 1.84615384615385 1.15384615384615
  1 37 2 0 8 2 2.75 2.625 1.625 3.5
  1 38 2 0 10 2 2 1.8 2.2 2
  1 39 2 0 13 1.30769230769231 2.07692307692308 1.15384615384615 1.53846153846154 1.61538461538462
  1 40 2 0 8 3 2.25 1.75 3.125 2.375
  1 41 2 0 5 4.4 4.6 3.4 3.6 4
  1 42 2 0 17 1.29411764705882 1.17647058823529 1.23529411764706 0.882352941176471 1.29411764705882
  1 1 3 0 27 0 0.888888888888889 2.11111111111111 0.703703703703704 0
  1 2 3 0 13 0 0.0769230769230769 3.84615384615385 3.76923076923077 0
  1 3 3 0 5 11.2 8.8 0 0 0
  1 4 3 0 2 3.5 32.5 14 0 0
  1 5 3 0 5 10.8 9.2 0 0 0
  1 6 3 0 1 29 59 12 0 0
  1 7 3 0 3 18.6666666666667 12 2.66666666666667 0 0
  1 8 3 0 3 18.6666666666667 14.6666666666667 0 0 0
  1 9 3 0 4 13.75 11 0.25 0 0
  1 10 3 0 4 11.5 13.25 0.25 0 0
  1 11 3 0 4 12.75 12 0.25 0 0
  1 12 3 0 2 25 24.5 0.5 0 0
  1 13 3 0 8 7.25 5.25 0 0 0
  1 14 3 0 19 2.52631578947368 2.73684210526316 0 0 0
  1 15 3 0 15 3.8 2.86666666666667 0 0 0
  1 16 3 0 12 4.66666666666667 3.66666666666667 0 0 0
  1 17 3 0 14 1.5 4.28571428571429 1.35714285714286 0 0
  1 18 3 0 14 4.14285714285714 3 0 0 0
  1 19 3 0 15 3.26666666666667 3.4 0 0 0
  1 20 3 0 17 2.70588235294118 2.76470588235294 0.411764705882353 0 0
  1 21 3 0 12 4.33333333333333 4 0 0 0
  1 22 3 0 11 5.09090909090909 4 0 0 0
  1 23 3 0 16 3.3125 2.9375 0 0 0
  1 24 3 0 15 2.46666666666667 3.6 0.6 0 0
  1 25 3 0 4 11.75 13 0.25 0 0
  1 26 3 0 14 3.64285714285714 3.5 0 0 0
  1 27 3 0 6 7.16666666666667 9 0.5 0 0
  1 28 3 0 4 15.5 9 0.5 0 0
  1 29 3 0 2 29.5 20 0.5 0 0
  1 30 3 0 10 6.3 3.7 0 0 0
  1 31 3 0 9 6.66666666666667 4.44444444444444 0 0 0
  1 32 3 0 12 2.25 4.41666666666667 1.66666666666667 0 0
  1 33 3 0 5 12 7.8 0 0.2 0
  1 34 3 0 9 5.66666666666667 5 0.333333333333333 0.111111111111111 0
  1 35 3 0 5 10.8 8.8 0.4 0 0
  1 36 3 0 5 12.2 7.8 0 0 0
  1 37 3 0 3 19.6666666666667 13.6666666666667 0 0 0
  1 38 3 0 15 3.2 3.33333333333333 0.133333333333333 0 0
  1 39 3 0 12 4.41666666666667 3.75 0.0833333333333333 0.0833333333333333 0
  1 40 3 0 9 5.44444444444444 5.66666666666667 0 0 0
  1 41 3 0 8 3.5 6.75 2.125 0.125 0
  1 42 3 0 12 3.83333333333333 3.75 0.666666666666667 0.0833333333333333 0
  1 1 4 0 86 0.476744186046512 0.0813953488372093 0.581395348837209 0.0232558139534884 0
  1 2 4 0 100 0.01 0.06 0.88 0.05 0
  1 3 4 0 33 2.36363636363636 0.666666666666667 0 0 0
  1 4 4 0 44 1.97727272727273 0.295454545454545 0 0 0
  1 5 4 0 34 2.20588235294118 0.735294117647059 0 0 0
  1 6 4 0 40 1.9 0.6 0 0 0
  1 7 4 0 39 1.97435897435897 0.58974358974359 0 0 0
  1 8 4 0 49 1.46938775510204 0.551020408163265 0.0204081632653061 0 0
  1 9 4 0 36 2.30555555555556 0.472222222222222 0 0 0
  1 10 4 0 43 1.72093023255814 0.604651162790698 0 0 0
  1 11 4 0 41 1.95121951219512 0.463414634146341 0.024390243902439 0 0
  1 12 4 0 35 2.34285714285714 0.514285714285714 0 0 0
  1 13 4 0 32 2.5625 0.5625 0 0 0
  1 14 4 0 21 4.04761904761905 0.714285714285714 0 0 0
  1 15 4 0 30 2.93333333333333 0.4 0 0 0
  1 16 4 0 19 4.42105263157895 0.842105263157895 0 0 0
  1 17 4 0 35 2.25714285714286 0.6 0 0 0
  1 18 4 0 27 2.88888888888889 0.777777777777778 0.037037037037037 0 0
  1 19 4 0 34 2.38235294117647 0.558823529411765 0 0 0
  1 20 4 0 42 1.83333333333333 0.547619047619048 0 0 0
  1 21 4 0 41 2.02439024390244 0.414634146341463 0 0 0
  1 22 4 0 44 1.61363636363636 0.659090909090909 0 0 0
  1 23 4 0 28 2.85714285714286 0.714285714285714 0 0 0
  1 24 4 0 34 2.47058823529412 0.470588235294118 0 0 0
  1 25 4 0 36 2.27777777777778 0.472222222222222 0.0277777777777778 0 0
  1 26 4 0 31 2.58064516129032 0.645161290322581 0 0 0
  1 27 4 0 39 2.17948717948718 0.384615384615385 0 0 0
  1 28 4 0 38 2.15789473684211 0.473684210526316 0 0 0
  1 29 4 0 48 1.54166666666667 0.541666666666667 0 0 0
  1 30 4 0 38 2.02631578947368 0.605263157894737 0 0 0
  1 31 4 0 61 1.18032786885246 0.442622950819672 0.0163934426229508 0 0
  1 32 4 0 48 1.54166666666667 0.541666666666667 0 0 0
  1 33 4 0 49 1.57142857142857 0.469387755102041 0 0 0
  1 34 4 0 44 1.88636363636364 0.386363636363636 0 0 0
  1 35 4 0 61 1.29508196721311 0.344262295081967 0 0 0
  1 36 4 0 67 1.23880597014925 0.253731343283582 0 0 0
  1 37 4 0 57 1.36842105263158 0.385964912280702 0 0 0
  1 38 4 0 38 2.07894736842105 0.552631578947368 0 0 0
  1 39 4 0 52 1.42307692307692 0.442307692307692 0.0576923076923077 0 0
  1 40 4 0 43 1.81395348837209 0.511627906976744 0 0 0
  1 41 4 0 42 1.78571428571429 0.595238095238095 0 0 0
  1 42 4 0 61 1.26229508196721 0.377049180327869 0 0 0
  2 1 1 0 58 0 0.0172413793103448 1.56896551724138 0.137931034482759 0
  2 2 1 0 83 0 0.337349397590361 0.746987951807229 0.120481927710843 0
  2 3 1 0 63 0 1.03174603174603 0.53968253968254 0.0158730158730159 0
  2 4 1 0 56 0.0178571428571429 1.28571428571429 0.482142857142857 0 0
  2 5 1 0 55 0 0.472727272727273 1.34545454545455 0 0
  2 6 1 0 45 0 0.0666666666666667 2.11111111111111 0.0444444444444444 0
  2 7 1 0 46 0.0434782608695652 2.02173913043478 0.0869565217391304 0.0217391304347826 0
  2 8 1 0 56 0 0.0535714285714286 1.73214285714286 0 0
  2 9 1 0 51 0.0196078431372549 1.72549019607843 0.215686274509804 0 0
  2 10 1 0 44 0.0227272727272727 1.25 1 0 0
  2 11 1 0 49 0 0.653061224489796 1.38775510204082 0 0
  2 12 1 0 50 0 1.36 0.64 0 0
  2 13 1 0 48 0 1 1.08333333333333 0 0
  2 14 1 0 52 0.0384615384615385 1.13461538461538 0.75 0 0
  2 15 1 0 31 0 1.87096774193548 1.35483870967742 0 0
  2 16 1 0 38 0.0263157894736842 1.42105263157895 1.18421052631579 0 0
  2 17 1 0 26 0 1.76923076923077 2.07692307692308 0 0
  2 18 1 0 33 0.0303030303030303 1.33333333333333 1.66666666666667 0 0
  2 19 1 0 31 0 1.90322580645161 1.32258064516129 0 0
  2 20 1 0 38 0 1.94736842105263 0.684210526315789 0 0
  2 21 1 0 30 0 2.2 1.13333333333333 0 0
  2 22 1 0 35 0.0285714285714286 2.25714285714286 0.571428571428571 0 0
  2 23 1 0 35 0 0.771428571428571 2.08571428571429 0 0
  2 24 1 0 26 0.0384615384615385 2.61538461538462 1.19230769230769 0 0
  2 25 1 0 32 0 1.28125 1.84375 0 0
  2 26 1 0 26 0.0384615384615385 2.84615384615385 0.961538461538462 0 0
  2 27 1 0 37 0.027027027027027 0.945945945945946 1.72972972972973 0 0
  2 28 1 0 35 0 2.57142857142857 0.285714285714286 0 0
  2 29 1 0 33 0 1.39393939393939 1.63636363636364 0 0
  2 30 1 0 45 0 1.68888888888889 0.533333333333333 0 0
  2 31 1 0 34 0.0294117647058824 1.32352941176471 1.58823529411765 0 0
  2 32 1 0 36 0.0277777777777778 1.66666666666667 1.05555555555556 0.0277777777777778 0
  2 33 1 0 42 0 0.166666666666667 2.21428571428571 0 0
  2 34 1 0 34 0 2.52941176470588 0.382352941176471 0.0294117647058824 0
  2 35 1 0 35 0 1.02857142857143 1.82857142857143 0 0
  2 36 1 0 28 0 1.89285714285714 1.64285714285714 0.0357142857142857 0
  2 37 1 0 22 0 3.59090909090909 0.954545454545455 0 0
  2 38 1 0 32 0 1.28125 1.84375 0 0
  2 39 1 0 27 0 0.185185185185185 3.51851851851852 0 0
  2 40 1 0 39 0.0256410256410256 1.71794871794872 0.769230769230769 0.0512820512820513 0
  2 41 1 0 20 0 3.1 1.9 0 0
  2 42 1 0 30 0 0.966666666666667 2.33333333333333 0.0333333333333333 0
  2 1 2 0 16 1.0625 1.1875 1.5 1.25 1.25
  2 2 2 0 20 0.95 0.7 1.3 0.85 1.2
  2 3 2 0 34 0.382352941176471 0.617647058823529 0.647058823529412 0.764705882352941 0.529411764705882
  2 4 2 0 15 1.26666666666667 1.46666666666667 1.6 1.46666666666667 0.866666666666667
  2 5 2 0 4 5 3.75 5.5 6.25 4.5
  2 6 2 0 7 2.42857142857143 3.71428571428571 3 2.71428571428571 2.42857142857143
  2 7 2 0 18 1.22222222222222 0.777777777777778 0.888888888888889 1.22222222222222 1.44444444444444
  2 8 2 0 22 0.909090909090909 0.590909090909091 1.04545454545455 1.04545454545455 0.954545454545455
  2 9 2 0 21 1.19047619047619 0.619047619047619 0.80952380952381 1.19047619047619 0.952380952380952
  2 10 2 0 11 1.90909090909091 1.36363636363636 2 2.09090909090909 1.72727272727273
  2 11 2 0 7 2.85714285714286 3.42857142857143 2.85714285714286 2.28571428571429 2.85714285714286
  2 12 2 0 19 0.631578947368421 0.947368421052632 1.10526315789474 1.05263157894737 1.52631578947368
  2 13 2 0 32 0.78125 0.5625 0.625 0.46875 0.6875
  2 14 2 0 34 0.5 0.676470588235294 0.558823529411765 0.588235294117647 0.617647058823529
  2 15 2 0 27 0.592592592592593 0.666666666666667 0.777777777777778 0.851851851851852 0.814814814814815
  2 16 2 0 42 0.523809523809524 0.5 0.523809523809524 0.404761904761905 0.428571428571429
  2 17 2 0 34 0.588235294117647 0.676470588235294 0.529411764705882 0.529411764705882 0.617647058823529
  2 18 2 0 28 0.571428571428571 0.678571428571429 0.785714285714286 0.678571428571429 0.857142857142857
  2 19 2 0 26 0.884615384615385 0.615384615384615 0.884615384615385 0.807692307692308 0.653846153846154
  2 20 2 0 32 0.53125 0.5 0.90625 0.5625 0.625
  2 21 2 0 37 0.432432432432432 0.675675675675676 0.432432432432432 0.567567567567568 0.594594594594595
  2 22 2 0 38 0.5 0.710526315789474 0.552631578947368 0.526315789473684 0.342105263157895
  2 23 2 0 41 0.292682926829268 0.317073170731707 0.560975609756098 0.707317073170732 0.560975609756098
  2 24 2 0 33 0.515151515151515 0.727272727272727 0.515151515151515 0.666666666666667 0.606060606060606
  2 25 2 0 45 0.555555555555556 0.511111111111111 0.177777777777778 0.355555555555556 0.622222222222222
  2 26 2 0 28 0.785714285714286 0.571428571428571 0.571428571428571 0.75 0.892857142857143
  2 27 2 0 47 0.361702127659574 0.319148936170213 0.404255319148936 0.595744680851064 0.446808510638298
  2 28 2 0 22 0.772727272727273 1.09090909090909 0.863636363636364 0.954545454545455 0.863636363636364
  2 29 2 0 40 0.45 0.3 0.575 0.675 0.5
  2 30 2 0 28 0.5 0.5 1 0.75 0.821428571428571
  2 31 2 0 32 0.46875 0.6875 0.5 0.75 0.71875
  2 32 2 0 40 0.5 0.5 0.425 0.55 0.525
  2 33 2 0 43 0.441860465116279 0.465116279069767 0.534883720930233 0.325581395348837 0.558139534883721
  2 34 2 0 46 0.41304347826087 0.456521739130435 0.478260869565217 0.456521739130435 0.369565217391304
  2 35 2 0 60 0.416666666666667 0.266666666666667 0.316666666666667 0.383333333333333 0.283333333333333
  2 36 2 0 49 0.26530612244898 0.510204081632653 0.448979591836735 0.408163265306122 0.408163265306122
  2 37 2 0 32 0.625 0.78125 0.5 0.65625 0.5625
  2 38 2 0 30 0.566666666666667 0.9 0.7 0.633333333333333 0.533333333333333
  2 39 2 0 29 0.586206896551724 0.96551724137931 0.551724137931034 0.620689655172414 0.724137931034483
  2 40 2 0 31 0.645161290322581 0.451612903225806 0.741935483870968 0.67741935483871 0.709677419354839
  2 41 2 0 14 1.71428571428571 1.35714285714286 0.857142857142857 1.42857142857143 1.78571428571429
  2 42 2 0 19 1.21052631578947 1.15789473684211 0.631578947368421 1.05263157894737 1.21052631578947
  2 2 3 0 3 0 0 4 29.3333333333333 0
  2 3 3 0 3 6.33333333333333 27 0 0 0
  2 4 3 0 7 0 3.28571428571429 11 0 0
  2 5 3 0 1 13 86 1 0 0
  2 6 3 0 14 0.214285714285714 2.42857142857143 4.35714285714286 0.142857142857143 0
  2 8 3 0 10 1.4 7.9 0.2 0.5 0
  2 9 3 0 6 1.33333333333333 14.5 0.666666666666667 0.166666666666667 0
  2 10 3 0 2 6.5 42.5 1 0 0
  2 12 3 0 1 7 75 17 1 0
  2 14 3 0 9 1.33333333333333 9.22222222222222 0.555555555555556 0 0
  2 15 3 0 5 2.6 15.8 1.6 0 0
  2 16 3 0 9 0.888888888888889 9.22222222222222 0.888888888888889 0.111111111111111 0
  2 17 3 0 9 0 2.88888888888889 8.11111111111111 0.111111111111111 0
  2 18 3 0 13 0.769230769230769 5.84615384615385 0.538461538461538 0.538461538461538 0
  2 19 3 0 14 1 5.71428571428571 0.357142857142857 0.0714285714285714 0
  2 20 3 0 19 0.315789473684211 2.78947368421053 2.15789473684211 0 0
  2 21 3 0 20 0.7 4 0.15 0.15 0
  2 22 3 0 23 0.173913043478261 4.08695652173913 0.0869565217391304 0 0
  2 23 3 0 26 0.615384615384615 3.07692307692308 0.153846153846154 0 0
  2 24 3 0 28 0.0714285714285714 1.14285714285714 2.25 0.107142857142857 0
  2 25 3 0 20 0.5 3.95 0.4 0.15 0
  2 26 3 0 7 2 11.8571428571429 0.428571428571429 0 0
  2 27 3 0 5 2 16.8 1.2 0 0
  2 29 3 0 6 2 14 0.666666666666667 0 0
  2 30 3 0 14 0.642857142857143 6.35714285714286 0.142857142857143 0 0
  2 31 3 0 7 1.28571428571429 12.5714285714286 0.428571428571429 0 0
  2 32 3 0 20 0.15 1.25 3.55 0.05 0
  2 33 3 0 18 0.611111111111111 3.11111111111111 0.833333333333333 1 0
  2 34 3 0 15 0.466666666666667 5.33333333333333 0.8 0.0666666666666667 0
  2 35 3 0 28 0.214285714285714 2.78571428571429 0.535714285714286 0.0357142857142857 0
  2 36 3 0 25 0.44 3.56 0 0 0
  2 37 3 0 19 0.421052631578947 4.68421052631579 0.157894736842105 0 0
  2 38 3 0 33 0.272727272727273 2.45454545454545 0.303030303030303 0 0
  2 39 3 0 32 0.34375 2.375 0.40625 0 0
  2 40 3 0 34 0.205882352941176 2.08823529411765 0.617647058823529 0.0294117647058824 0
  2 41 3 0 20 0 1.15 3.3 0.55 0
  2 42 3 0 27 0.222222222222222 1.18518518518519 1.03703703703704 1.25925925925926 0
  2 1 4 0 44 0 0.0454545454545455 2.09090909090909 0.136363636363636 0
  2 2 4 0 75 0 0 1.24 0.0933333333333333 0
  2 3 4 0 66 0.0454545454545455 1.43939393939394 0.0303030303030303 0 0
  2 4 4 0 54 0 1.42592592592593 0.425925925925926 0 0
  2 5 4 0 31 0.129032258064516 2.06451612903226 1.03225806451613 0 0
  2 6 4 0 24 0.0416666666666667 1.91666666666667 2.20833333333333 0 0
  2 7 4 0 20 0.1 4.45 0.45 0 0
  2 8 4 0 25 0.04 1.12 2.84 0 0
  2 9 4 0 44 0.0454545454545455 2.13636363636364 0.0909090909090909 0 0
  2 10 4 0 36 0.0833333333333333 2.02777777777778 0.666666666666667 0 0
  2 11 4 0 22 0.0454545454545455 3 1.5 0 0
  2 12 4 0 21 0 4.28571428571429 0.476190476190476 0 0
  2 13 4 0 26 0.192307692307692 3.03846153846154 0.615384615384615 0 0
  2 14 4 0 35 0.0285714285714286 2.51428571428571 0.314285714285714 0 0
  2 15 4 0 21 0.0476190476190476 4.09523809523809 0.619047619047619 0 0
  2 16 4 0 30 0.2 2.93333333333333 0.2 0 0
  2 17 4 0 40 0 2.125 0.375 0 0
  2 18 4 0 42 0.0238095238095238 2.02380952380952 0.333333333333333 0 0
  2 19 4 0 46 0.0434782608695652 2.08695652173913 0.0434782608695652 0 0
  2 20 4 0 37 0.108108108108108 2.45945945945946 0.135135135135135 0 0
  2 21 4 0 44 0.0454545454545455 1.88636363636364 0.340909090909091 0 0
  2 22 4 0 42 0.119047619047619 2.07142857142857 0.19047619047619 0 0
  2 23 4 0 35 0 2.45714285714286 0.4 0 0
  2 24 4 0 26 0.0384615384615385 3.42307692307692 0.384615384615385 0 0
  2 25 4 0 19 0 4.42105263157895 0.842105263157895 0 0
  2 26 4 0 29 0.0344827586206897 2.89655172413793 0.517241379310345 0 0
  2 27 4 0 10 0.1 8.6 1.3 0 0
  2 28 4 0 20 0.15 4.25 0.6 0 0
  2 29 4 0 25 0 3.52 0.48 0 0
  2 30 4 0 18 0.0555555555555556 4.83333333333333 0.666666666666667 0 0
  2 31 4 0 24 0.0416666666666667 3.125 1 0 0
  2 32 4 0 21 0 4.42857142857143 0.333333333333333 0 0
  2 33 4 0 10 0.3 5.8 3.9 0 0
  2 34 4 0 12 0.166666666666667 7.5 0.666666666666667 0 0
  2 35 4 0 29 0.172413793103448 2.48275862068966 0.793103448275862 0 0
  2 36 4 0 17 0.0588235294117647 5.35294117647059 0.470588235294118 0 0
  2 37 4 0 39 0.0512820512820513 2.17948717948718 0.333333333333333 0 0
  2 38 4 0 9 0.222222222222222 8.55555555555556 2.33333333333333 0 0
  2 39 4 0 50 0.04 1.28 0.68 0 0
  2 40 4 0 15 0.0666666666666667 5.06666666666667 1.53333333333333 0 0
  2 41 4 0 7 0.142857142857143 8.71428571428571 5.42857142857143 0 0
  2 42 4 0 9 0.111111111111111 8.55555555555556 2.44444444444444 0 0
# end survey length observations 
#  
# Fishery catch data 
# Number of observations, init_int Ncatch_obs
  168
# init_matrix obs_catch_biomass(1,Ncatch_obs,1,6) 
# Fleet	Area	Year	Species	Catch(biomass t)	CV 
  1 1 1 1 14298.0914856606 0.05
  1 1 2 1 19041.5263795539 0.05
  1 1 3 1 18295.7153768583 0.05
  1 1 4 1 19486.2779053846 0.05
  1 1 5 1 25431.8129284309 0.05
  1 1 6 1 14986.4734508489 0.05
  1 1 7 1 14985.6973874157 0.05
  1 1 8 1 14742.5174474944 0.05
  1 1 9 1 13172.8829156896 0.05
  1 1 10 1 16853.9506175875 0.05
  1 1 11 1 21664.2658990652 0.05
  1 1 12 1 18324.6842902338 0.05
  1 1 13 1 17781.9006556462 0.05
  1 1 14 1 14706.4370246116 0.05
  1 1 15 1 13028.4754775712 0.05
  1 1 16 1 8633.73854589888 0.05
  1 1 17 1 8018.01194769659 0.05
  1 1 18 1 4680.64289514082 0.05
  1 1 19 1 3996.0264926135 0.05
  1 1 20 1 5109.36491174026 0.05
  1 1 21 1 4115.21121483493 0.05
  1 1 22 1 5306.57169577466 0.05
  1 1 23 1 4166.35364383258 0.05
  1 1 24 1 6476.9854808375 0.05
  1 1 25 1 3932.16028347235 0.05
  1 1 26 1 6055.77568922976 0.05
  1 1 27 1 1937.97871006597 0.05
  1 1 28 1 1899.81855582043 0.05
  1 1 29 1 2411.0771430831 0.05
  1 1 30 1 3345.32504821482 0.05
  1 1 31 1 4001.5800457881 0.05
  1 1 32 1 3758.54736044047 0.05
  1 1 33 1 1857.60940080371 0.05
  1 1 34 1 1971.88044407137 0.05
  1 1 35 1 1176.54563515491 0.05
  1 1 36 1 718.698529483933 0.05
  1 1 37 1 1100.53417752212 0.05
  1 1 38 1 1064.81526846482 0.05
  1 1 39 1 886.050991272272 0.05
  1 1 40 1 596.079861696221 0.05
  1 1 41 1 598.84035582356 0.05
  1 1 42 1 386.131418683303 0.05
  1 1 1 4 7312.47226113235 0.05
  1 1 2 4 4606.25292034783 0.05
  1 1 3 4 6165.00457766097 0.05
  1 1 4 4 6478.38262199513 0.05
  1 1 5 4 7888.50797977731 0.05
  1 1 6 4 8510.79851753351 0.05
  1 1 7 4 5659.21520589486 0.05
  1 1 8 4 6579.10234973742 0.05
  1 1 9 4 6621.81457678529 0.05
  1 1 10 4 7358.64492764835 0.05
  1 1 11 4 8200.05637374873 0.05
  1 1 12 4 9633.49625553192 0.05
  1 1 13 4 13335.8921602134 0.05
  1 1 14 4 12511.0480721974 0.05
  1 1 15 4 8330.13966389736 0.05
  1 1 16 4 5912.68783363612 0.05
  1 1 17 4 12718.9482209367 0.05
  1 1 18 4 4642.39428289976 0.05
  1 1 19 4 5347.13064165271 0.05
  1 1 20 4 9407.23168662855 0.05
  1 1 21 4 4420.84556616569 0.05
  1 1 22 4 4827.25851900454 0.05
  1 1 23 4 7299.78671850304 0.05
  1 1 24 4 6822.78986070096 0.05
  1 1 25 4 5827.76946021043 0.05
  1 1 26 4 4568.04394132328 0.05
  1 1 27 4 3003.21762053521 0.05
  1 1 28 4 1890.55389907548 0.05
  1 1 29 4 4412.62776522741 0.05
  1 1 30 4 3285.35545626725 0.05
  1 1 31 4 2298.78789352419 0.05
  1 1 32 4 3769.57928492178 0.05
  1 1 33 4 2820.25747850583 0.05
  1 1 34 4 2901.21306504683 0.05
  1 1 35 4 3294.511723359 0.05
  1 1 36 4 2859.48866349934 0.05
  1 1 37 4 4564.10786242991 0.05
  1 1 38 4 4444.87131445182 0.05
  1 1 39 4 5331.37927009212 0.05
  1 1 40 4 4262.1793352227 0.05
  1 1 41 4 3254.25416198717 0.05
  1 1 42 4 2598.74888473927 0.05
  2 1 1 2 1274.23516734571 0.05
  2 1 2 2 810.048292917519 0.05
  2 1 3 2 1552.72081220033 0.05
  2 1 4 2 918.723647333908 0.05
  2 1 5 2 1247.84235136034 0.05
  2 1 6 2 1159.01883044043 0.05
  2 1 7 2 773.767561442688 0.05
  2 1 8 2 964.248223236731 0.05
  2 1 9 2 883.32527441967 0.05
  2 1 10 2 760.517798355633 0.05
  2 1 11 2 1105.71475210324 0.05
  2 1 12 2 941.229833661514 0.05
  2 1 13 2 3624.51330470833 0.05
  2 1 14 2 1723.84035239413 0.05
  2 1 15 2 1158.39146479301 0.05
  2 1 16 2 2717.61896361327 0.05
  2 1 17 2 2027.66589762289 0.05
  2 1 18 2 26.6570097381278 0.05
  2 1 19 2 3575.49956737423 0.05
  2 1 20 2 6119.99247375745 0.05
  2 1 21 2 14421.2110280431 0.05
  2 1 22 2 13731.0737330834 0.05
  2 1 23 2 9660.97310514726 0.05
  2 1 24 2 21885.1495465597 0.05
  2 1 25 2 9556.81550241771 0.05
  2 1 26 2 13387.7551848741 0.05
  2 1 27 2 12456.8279176082 0.05
  2 1 28 2 8766.44338519266 0.05
  2 1 29 2 9265.11568073692 0.05
  2 1 30 2 7566.69568637419 0.05
  2 1 31 2 7377.54969771871 0.05
  2 1 32 2 18761.633895279 0.05
  2 1 33 2 10950.7798160324 0.05
  2 1 34 2 19183.4714413824 0.05
  2 1 35 2 18389.9825776435 0.05
  2 1 36 2 22092.2744762992 0.05
  2 1 37 2 20353.6850873863 0.05
  2 1 38 2 19365.559483075 0.05
  2 1 39 2 11042.7236782954 0.05
  2 1 40 2 7445.38495014965 0.05
  2 1 41 2 6224.28024471346 0.05
  2 1 42 2 1462.23299127205 0.05
  2 1 1 3 506.228040834711 0.05
  2 1 2 3 238.136448689892 0.05
  2 1 3 3 316.316908119613 0.05
  2 1 4 3 372.263773608387 0.05
  2 1 5 3 2870.25293223983 0.05
  2 1 6 3 3442.45421495592 0.05
  2 1 7 3 2795.69605867082 0.05
  2 1 8 3 2562.22363355187 0.05
  2 1 9 3 3470.10737059631 0.05
  2 1 10 3 2518.62591226593 0.05
  2 1 11 3 3250.43211421727 0.05
  2 1 12 3 531.415271507892 0.05
  2 1 13 3 2165.6665984844 0.05
  2 1 14 3 1340.70010478775 0.05
  2 1 15 3 915.548111262052 0.05
  2 1 16 3 921.114383415675 0.05
  2 1 17 3 16608.1214331426 0.05
  2 1 18 3 1179.71897238178 0.05
  2 1 19 3 880.085715837221 0.05
  2 1 20 3 700.835933989648 0.05
  2 1 21 3 517.725720029558 0.05
  2 1 22 3 2357.14043935986 0.05
  2 1 23 3 998.393621933742 0.05
  2 1 24 3 238.260605507428 0.05
  2 1 25 3 964.64328609215 0.05
  2 1 26 3 2040.00796288361 0.05
  2 1 27 3 2320.72785599245 0.05
  2 1 28 3 721.22253856358 0.05
  2 1 29 3 1483.05830623773 0.05
  2 1 30 3 2365.79226190116 0.05
  2 1 31 3 1865.39729519246 0.05
  2 1 32 3 580.409025471492 0.05
  2 1 33 3 171.567827466646 0.05
  2 1 34 3 126.286054937342 0.05
  2 1 35 3 140.262305958219 0.05
  2 1 36 3 2137.29542158279 0.05
  2 1 37 3 2379.19727346503 0.05
  2 1 38 3 1088.22284153503 0.05
  2 1 39 3 899.051887940912 0.05
  2 1 40 3 1603.12998926044 0.05
  2 1 41 3 16846.5513668921 0.05
  2 1 42 3 18586.1250508282 0.05
# end catch observations 
#  
# Fishery size comp data 
# Number of observations, init_int Ncatch_size_obs 
  168
# init_matrix obs_catch_size(1,Ncatch_size_obs,1,ncol) 
# Fleet Area  Year  Species Type (0=whole, 1=retained, 2=discard) InpN, proportion by size bin 
  1 1 1 1 0 81 0.0493827160493827 0.45679012345679 0.259259259259259 0.0987654320987654 0.37037037037037
  1 1 2 1 0 73 1.31506849315068 0.0136986301369863 0.0273972602739726 0.0136986301369863 0
  1 1 3 1 0 65 1.52307692307692 0 0 0.0153846153846154 0
  1 1 4 1 0 56 1.78571428571429 0 0 0 0
  1 1 5 1 0 120 0.791666666666667 0.0416666666666667 0 0 0
  1 1 6 1 0 130 0.3 0.376923076923077 0.0923076923076923 0 0
  1 1 7 1 0 94 1.06382978723404 0 0 0 0
  1 1 8 1 0 94 0.404255319148936 0.659574468085106 0 0 0
  1 1 9 1 0 82 1.21951219512195 0 0 0 0
  1 1 10 1 0 76 1.30263157894737 0.0131578947368421 0 0 0
  1 1 11 1 0 74 1.28378378378378 0.0540540540540541 0.0135135135135135 0 0
  1 1 12 1 0 65 1.50769230769231 0.0307692307692308 0 0 0
  1 1 13 1 0 77 1.27272727272727 0.025974025974026 0 0 0
  1 1 14 1 0 88 1.125 0.0113636363636364 0 0 0
  1 1 15 1 0 66 1.5 0.0151515151515152 0 0 0
  1 1 16 1 0 69 1.40579710144928 0.0434782608695652 0 0 0
  1 1 17 1 0 43 2.30232558139535 0.0232558139534884 0 0 0
  1 1 18 1 0 34 2.88235294117647 0.0588235294117647 0 0 0
  1 1 19 1 0 55 1.81818181818182 0 0 0 0
  1 1 20 1 0 64 1.53125 0.03125 0 0 0
  1 1 21 1 0 77 1.2987012987013 0 0 0 0
  1 1 22 1 0 67 1.49253731343284 0 0 0 0
  1 1 23 1 0 133 0.714285714285714 0.037593984962406 0 0 0
  1 1 24 1 0 98 1 0.0204081632653061 0 0 0
  1 1 25 1 0 91 1.06593406593407 0.032967032967033 0 0 0
  1 1 26 1 0 77 1.2987012987013 0 0 0 0
  1 1 27 1 0 102 0.950980392156863 0.0294117647058824 0 0 0
  1 1 28 1 0 76 1.31578947368421 0 0 0 0
  1 1 29 1 0 110 0.872727272727273 0.0363636363636364 0 0 0
  1 1 30 1 0 100 1 0 0 0 0
  1 1 31 1 0 108 0.907407407407407 0.0185185185185185 0 0 0
  1 1 32 1 0 118 0.830508474576271 0.0169491525423729 0 0 0
  1 1 33 1 0 129 0.395348837209302 0.348837209302326 0.0310077519379845 0 0
  1 1 34 1 0 90 1.11111111111111 0 0 0 0
  1 1 35 1 0 69 1.39130434782609 0.0579710144927536 0 0 0
  1 1 36 1 0 80 1.2375 0.0125 0 0 0
  1 1 37 1 0 62 1.58064516129032 0.032258064516129 0 0 0
  1 1 38 1 0 94 1.01063829787234 0.0425531914893617 0.0106382978723404 0 0
  1 1 39 1 0 75 0.88 0.413333333333333 0.04 0 0
  1 1 40 1 0 75 1.32 0 0.0133333333333333 0 0
  1 1 41 1 0 35 2.85714285714286 0 0 0 0
  1 1 42 1 0 22 4.45454545454545 0.0909090909090909 0 0 0
  1 1 1 4 0 5 5 0 0 0 15
  1 1 2 4 0 5 20 0 0 0 0
  1 1 3 4 0 5 20 0 0 0 0
  1 1 4 4 0 5 20 0 0 0 0
  1 1 5 4 0 5 20 0 0 0 0
  1 1 6 4 0 5 20 0 0 0 0
  1 1 7 4 0 5 20 0 0 0 0
  1 1 8 4 0 5 20 0 0 0 0
  1 1 9 4 0 5 20 0 0 0 0
  1 1 10 4 0 5 20 0 0 0 0
  1 1 11 4 0 1 100 0 0 0 0
  1 1 12 4 0 5 20 0 0 0 0
  1 1 13 4 0 1 100 0 0 0 0
  1 1 14 4 0 2 50 0 0 0 0
  1 1 15 4 0 8 12.5 0 0 0 0
  1 1 16 4 0 3 33.3333333333333 0 0 0 0
  1 1 17 4 0 3 33.3333333333333 0 0 0 0
  1 1 18 4 0 1 100 0 0 0 0
  1 1 19 4 0 3 33.3333333333333 0 0 0 0
  1 1 20 4 0 3 33.3333333333333 0 0 0 0
  1 1 21 4 0 3 33.3333333333333 0 0 0 0
  1 1 22 4 0 2 50 0 0 0 0
  1 1 23 4 0 6 16.6666666666667 0 0 0 0
  1 1 24 4 0 1 100 0 0 0 0
  1 1 25 4 0 1 100 0 0 0 0
  1 1 26 4 0 2 50 0 0 0 0
  1 1 27 4 0 2 50 0 0 0 0
  1 1 28 4 0 4 25 0 0 0 0
  1 1 29 4 0 7 14.2857142857143 0 0 0 0
  1 1 30 4 0 6 16.6666666666667 0 0 0 0
  1 1 31 4 0 10 10 0 0 0 0
  1 1 32 4 0 7 14.2857142857143 0 0 0 0
  1 1 33 4 0 15 6.66666666666667 0 0 0 0
  1 1 34 4 0 19 5.26315789473684 0 0 0 0
  1 1 35 4 0 13 7.69230769230769 0 0 0 0
  1 1 36 4 0 23 4.34782608695652 0 0 0 0
  1 1 37 4 0 7 14.2857142857143 0 0 0 0
  1 1 38 4 0 7 14.2857142857143 0 0 0 0
  1 1 39 4 0 19 5.26315789473684 0 0 0 0
  1 1 40 4 0 25 4 0 0 0 0
  1 1 41 4 0 31 3.2258064516129 0 0 0 0
  1 1 42 4 0 31 3.2258064516129 0 0 0 0
  2 1 1 2 0 2 0 20.5 21.5 8 0
  2 1 2 2 0 5 4.6 2.2 8.4 4.8 0
  2 1 3 2 0 2 50 0 0 0 0
  2 1 4 2 0 5 12 8 0 0 0
  2 1 5 2 0 5 20 0 0 0 0
  2 1 6 2 0 5 16.8 3.2 0 0 0
  2 1 7 2 0 5 20 0 0 0 0
  2 1 8 2 0 1 100 0 0 0 0
  2 1 9 2 0 5 20 0 0 0 0
  2 1 10 2 0 5 20 0 0 0 0
  2 1 11 2 0 2 50 0 0 0 0
  2 1 12 2 0 5 20 0 0 0 0
  2 1 13 2 0 5 20 0 0 0 0
  2 1 14 2 0 5 20 0 0 0 0
  2 1 15 2 0 5 20 0 0 0 0
  2 1 16 2 0 5 20 0 0 0 0
  2 1 17 2 0 5 20 0 0 0 0
  2 1 18 2 0 5 20 0 0 0 0
  2 1 19 2 0 5 20 0 0 0 0
  2 1 20 2 0 30 3.33333333333333 0 0 0 0
  2 1 21 2 0 46 2.17391304347826 0 0 0 0
  2 1 22 2 0 10 10 0 0 0 0
  2 1 23 2 0 19 5.26315789473684 0 0 0 0
  2 1 24 2 0 61 1.32786885245902 0.311475409836066 0 0 0
  2 1 25 2 0 29 3.44827586206897 0 0 0 0
  2 1 26 2 0 32 3.125 0 0 0 0
  2 1 27 2 0 16 6.25 0 0 0 0
  2 1 28 2 0 31 3.2258064516129 0 0 0 0
  2 1 29 2 0 44 2.27272727272727 0 0 0 0
  2 1 30 2 0 29 3.44827586206897 0 0 0 0
  2 1 31 2 0 25 4 0 0 0 0
  2 1 32 2 0 22 3.18181818181818 1.36363636363636 0 0 0
  2 1 33 2 0 35 2.85714285714286 0 0 0 0
  2 1 34 2 0 28 3.53571428571429 0.0357142857142857 0 0 0
  2 1 35 2 0 45 2.22222222222222 0 0 0 0
  2 1 36 2 0 51 1.96078431372549 0 0 0 0
  2 1 37 2 0 41 2.4390243902439 0 0 0 0
  2 1 38 2 0 36 2.69444444444444 0.0833333333333333 0 0 0
  2 1 39 2 0 20 4.9 0.1 0 0 0
  2 1 40 2 0 14 7.07142857142857 0.0714285714285714 0 0 0
  2 1 41 2 0 17 5.64705882352941 0.176470588235294 0.0588235294117647 0 0
  2 1 42 2 0 24 4.125 0.0416666666666667 0 0 0
  2 1 1 3 0 1 8 0 92 0 0
  2 1 2 3 0 5 6.2 0 6.6 7.2 0
  2 1 3 3 0 5 20 0 0 0 0
  2 1 4 3 0 1 99 1 0 0 0
  2 1 5 3 0 6 16.5 0.166666666666667 0 0 0
  2 1 6 3 0 4 25 0 0 0 0
  2 1 7 3 0 5 20 0 0 0 0
  2 1 8 3 0 1 98 2 0 0 0
  2 1 9 3 0 1 100 0 0 0 0
  2 1 10 3 0 1 99 1 0 0 0
  2 1 11 3 0 2 50 0 0 0 0
  2 1 12 3 0 5 20 0 0 0 0
  2 1 13 3 0 4 25 0 0 0 0
  2 1 14 3 0 8 12.5 0 0 0 0
  2 1 15 3 0 11 8.90909090909091 0.181818181818182 0 0 0
  2 1 16 3 0 5 20 0 0 0 0
  2 1 17 3 0 5 20 0 0 0 0
  2 1 18 3 0 1 100 0 0 0 0
  2 1 19 3 0 1 100 0 0 0 0
  2 1 20 3 0 4 25 0 0 0 0
  2 1 21 3 0 3 33.3333333333333 0 0 0 0
  2 1 22 3 0 4 25 0 0 0 0
  2 1 23 3 0 3 33.3333333333333 0 0 0 0
  2 1 24 3 0 3 33.3333333333333 0 0 0 0
  2 1 25 3 0 2 50 0 0 0 0
  2 1 26 3 0 4 25 0 0 0 0
  2 1 27 3 0 5 20 0 0 0 0
  2 1 28 3 0 4 24.75 0.25 0 0 0
  2 1 29 3 0 4 25 0 0 0 0
  2 1 30 3 0 24 4.08333333333333 0.0833333333333333 0 0 0
  2 1 31 3 0 10 9.9 0.1 0 0 0
  2 1 32 3 0 12 8.33333333333333 0 0 0 0
  2 1 33 3 0 4 24.5 0.5 0 0 0
  2 1 34 3 0 6 16.6666666666667 0 0 0 0
  2 1 35 3 0 2 49.5 0.5 0 0 0
  2 1 36 3 0 10 10 0 0 0 0
  2 1 37 3 0 9 11.1111111111111 0 0 0 0
  2 1 38 3 0 13 7.69230769230769 0 0 0 0
  2 1 39 3 0 16 6.1875 0.0625 0 0 0
  2 1 40 3 0 27 3.66666666666667 0.037037037037037 0 0 0
  2 1 41 3 0 15 6.66666666666667 0 0 0 0
  2 1 42 3 0 16 6.1875 0.0625 0 0 0
# end fishery length observations 
#  
# Survey diet proportion observations 
# Number of observations, init_int Ndietprop_obs 
  115
# init_matrix obs_dietprop(1,Ndietprop_obs,1,ncol) 
# Survey  Year  Predator  Predator_size InpN  wt_prey_1 wt_prey_2 wt_prey_3 wt_prey_4 wt_prey_5 wt_prey_6 wt_prey_7 wt_prey_8 wt_prey_9 wt_prey_10 wt_prey_11 other 
  1 12 1 2 100 0 0 0 0 1
  1 12 1 3 100 0 0 0 0 1
  1 13 1 3 100 0 0.06 0 0 0.94
  1 13 1 4 100 0 0.87 0 0 0.13
  1 15 1 2 100 0 0.8 0 0 0.2
  1 18 1 1 100 0.33 0 0 0 0.67
  1 18 1 2 100 0 0 0 0 1
  1 18 1 3 100 0 0.02 0 0 0.98
  1 19 1 2 100 0 0 0 0 1
  1 19 1 3 100 0 0.41 0 0 0.59
  1 20 1 3 100 0 0 0 0 1
  1 21 1 2 100 0 0 0 0 1
  1 21 1 3 100 0 0.56 0 0 0.44
  1 24 1 3 100 0 0.82 0 0 0.18
  1 25 1 3 100 0 1 0 0 0
  1 26 1 3 100 0 0.33 0 0 0.67
  1 27 1 3 100 0 0 1 0 0
  1 28 1 3 100 0 1 0 0 0
  1 33 1 3 100 0 1 0 0 0
  1 34 1 3 100 0 0.15 0 0 0.85
  1 35 1 3 100 0 0.14 0 0 0.86
  1 38 1 3 100 0 0 0 0 1
  1 39 1 3 100 0 0.15 0 0 0.85
  1 40 1 2 100 0 0.45 0 0 0.55
  1 41 1 2 100 0 0 0.64 0 0.36
  2 2 1 4 100 0 0 0 0 1
  2 11 1 3 100 0 0 0.57 0 0.43
  2 14 1 3 100 0 0 0.61 0 0.39
  2 14 1 4 100 0 0 0 0 1
  2 15 1 3 100 1 0 0 0 0
  2 16 1 3 100 0 0 0 0 1
  2 16 1 4 100 0 0 0 0 1
  2 19 1 3 100 0 0 0 0 1
  2 19 1 4 100 0 1 0 0 0
  2 21 1 3 100 0 0 0 0 1
  2 21 1 4 100 0 0.1 0 0 0.9
  2 22 1 3 100 0 0.93 0 0 0.07
  2 23 1 3 100 0 0.22 0 0 0.78
  2 24 1 3 100 0 0 0 0 1
  2 24 1 4 100 0 0 0.87 0 0.13
  2 25 1 2 100 0 0.05 0 0 0.95
  2 25 1 3 100 0 0 0 0 1
  2 26 1 3 100 0 0.07 0 0 0.93
  2 27 1 3 100 0 1 0 0 0
  2 27 1 4 100 0 0 0 0 1
  2 29 1 3 100 0 0 0 0 1
  2 33 1 3 100 0 0.43 0 0 0.57
  2 35 1 1 100 0 0 0 0 1
  2 35 1 2 100 0 0 0 0 1
  2 35 1 3 100 0 0 0 0 1
  2 36 1 3 100 0 0 0 0 1
  2 39 1 3 100 0 1 0 0 0
  2 40 1 2 100 0 0.49 0 0 0.51
  2 36 2 3 100 0 0.33 0 0 0.67
  2 30 3 2 100 0 0.29 0 0 0.71
  2 30 3 4 100 0 0 0 0 1
  1 8 4 2 100 0 0 0.96 0 0.04
  1 8 4 3 100 0 0 0 0 1
  1 11 4 3 100 0 0 0 0 1
  1 13 4 2 100 0 1 0 0 0
  1 13 4 3 100 0 0 0 0 1
  1 13 4 4 100 0 0 0 0 1
  1 14 4 3 100 0 0 0 0 1
  1 15 4 3 100 0 0 0 0 1
  1 15 4 4 100 0 0.49 0 0 0.51
  1 16 4 3 100 0 0 0 0 1
  1 16 4 4 100 0 0 0 0 1
  1 17 4 3 100 0 0.16 0 0 0.84
  1 18 4 3 100 0 0.91 0 0 0.09
  1 19 4 2 100 0 0.39 0 0 0.61
  1 19 4 3 100 0 1 0 0 0
  1 20 4 2 100 0 0 0 0 1
  1 20 4 3 100 0 0 0 0 1
  1 21 4 3 100 0 0 0 0 1
  1 22 4 2 100 0 0.55 0 0 0.45
  1 23 4 3 100 0 0 0 0 1
  1 24 4 3 100 0 0 0 0 1
  1 25 4 3 100 0 0.89 0 0 0.11
  1 25 4 4 100 0 0 0 0 1
  1 26 4 3 100 0 0 0 0 1
  1 27 4 2 100 0 0 0 0 1
  1 27 4 3 100 0 0 0 0 1
  1 28 4 2 100 0 1 0 0 0
  1 28 4 3 100 0 0 0 0 1
  1 29 4 3 100 0 0 0 0 1
  1 31 4 3 100 0 0.31 0 0 0.69
  1 31 4 4 100 0 0 0.17 0 0.83
  1 34 4 3 100 0 0 0 0 1
  1 40 4 3 100 0 0 0 0 1
  1 40 4 4 100 0 0.72 0 0 0.28
  1 42 4 3 100 0 0.68 0 0 0.32
  2 6 4 3 100 0 0 0.07 0 0.93
  2 8 4 3 100 0 0 0.25 0 0.75
  2 9 4 4 100 0 0 0 0.12 0.88
  2 14 4 4 100 0 0 0 0 1
  2 15 4 3 100 0 0 0 0 1
  2 16 4 3 100 0 0 0 0 1
  2 17 4 2 100 0 0 0 0 1
  2 18 4 3 100 0 0 0 0 1
  2 19 4 3 100 0 0 0 0 1
  2 21 4 3 100 0 0.02 0 0 0.98
  2 22 4 3 100 0 0.6 0 0 0.4
  2 23 4 3 100 0 0 1 0 0
  2 24 4 3 100 0 0.72 0 0 0.28
  2 25 4 3 100 0 1 0 0 0
  2 25 4 4 100 0 0 0.04 0 0.96
  2 27 4 3 100 0 0 0 0 1
  2 30 4 3 100 0 0.73 0 0 0.27
  2 33 4 3 100 0 0 0 0 1
  2 34 4 3 100 0 1 0 0 0
  2 35 4 3 100 0 0.69 0 0 0.31
  2 36 4 2 100 0 0.9 0 0 0.1
  2 36 4 3 100 0 1 0 0 0
  2 37 4 3 100 0 0.16 0 0 0.84
  2 42 4 3 100 0 0 1 0 0
# end survey diet proportion observations 
#  
