# This file was created using the write_tsDatFile function and used all the simulated data from sim_dta.rds found in repo:Hydra-self-testing
# Survey index data 
# Number of observations, init_int Nsurvey_obs
  329
# init_matrix obs_survey_biomass(1,Nsurvey_obs,1,5)
# survey year spp value cv
  1 1 4 611415.558388692 0.212720515437525
  2 1 4 520013.759157069 0.25363203301826
  1 2 4 14084.5885460792 0.222168779300385
  2 2 4 17316.8794446662 0.187773345626693
  1 3 4 243168.105629083 0.394113240257454
  2 3 4 4848.93864489552 0.423618201694685
  1 4 4 171897.646955029 0.310035034727007
  2 4 4 4734.62429030769 0.327069686277164
  1 5 4 272538.986601424 0.378629084128514
  2 5 4 11128.8527877029 0.391316523019912
  1 6 4 34109.5587784572 0.494427832556011
  2 6 4 949.989955067602 0.376280830351703
  1 7 4 255355.867052905 0.759062286891916
  2 7 4 721.076170103023 0.665352569827422
  1 8 4 3004.98072807858 0.383150869515862
  2 8 4 193.581749159503 0.433685089735353
  1 9 4 36597.8549273144 0.48934963094834
  2 9 4 454.478742189991 0.392371299771634
  1 10 4 37295.0296092994 0.382452035825211
  2 10 4 733.788975056658 0.333798529002863
  1 11 4 13346.9279805443 0.566792532611316
  2 11 4 287.534857149224 0.868042030585988
  1 12 4 9644.88459783102 0.381518572031255
  2 12 4 352.039870603289 0.445144789260538
  1 13 4 4824.2395252107 0.438380584739347
  2 13 4 82.3974576008314 0.947226139495183
  1 14 4 8990.42186391052 0.482345652338289
  2 14 4 243.459724986944 0.377075764230608
  1 15 4 6145.16732974591 0.420835086749712
  2 15 4 138.333556050425 0.614716212748607
  1 16 4 5971.86632984161 0.515165860253858
  2 16 4 61.557599497964 0.704031323768783
  1 17 4 6293.02489563376 0.559532625975744
  2 17 4 131.171557303981 0.319774204956139
  1 18 4 1294.64245013534 0.479008946214672
  2 18 4 49.0509513547124 0.41351869139049
  1 19 4 3659.09576967243 0.429419179801904
  2 19 4 57.6710445493209 0.387615780132326
  1 20 4 8224.39976708305 0.477074256852948
  2 20 4 85.244697811068 0.315868813200741
  1 21 4 14414.8616536295 0.410621521476155
  2 21 4 95.7296277261499 0.630050999524052
  1 22 4 15208.0287201733 0.294672690077384
  2 22 4 123.460742881831 0.335469505128288
  1 23 4 24217.563815301 0.477447511398437
  2 23 4 391.948547938965 0.407625761955908
  1 24 4 6616.02335889502 0.384568504019134
  2 24 4 191.723792588447 0.43049173366256
  1 25 4 3328.604442709 0.333261603198005
  2 25 4 147.016820424035 0.843960441627036
  1 26 4 4128.25753297427 0.685474246042822
  2 26 4 85.2865769887419 0.429620783824035
  1 27 4 4984.56538229798 0.286882992344226
  2 27 4 42.6356171067462 0.81343687860715
  1 28 4 6890.57092934871 0.371822434434906
  2 28 4 212.745752395211 0.53327636373572
  1 29 4 12573.6996131697 0.592639130460935
  2 29 4 508.981034569574 0.590339711107796
  1 30 4 28340.340881209 0.374062101432949
  2 30 4 315.640304594428 0.701775131617819
  1 31 4 18931.3828024038 0.304499664309564
  2 31 4 629.629224226776 0.210828956182955
  1 32 4 46120.2632639465 0.233962995093855
  2 32 4 1047.36323532897 0.329779252894958
  1 33 4 9553.5905036622 0.270006842918168
  2 33 4 266.924781980312 0.460124990024536
  1 34 4 18845.4450449091 0.350007507053818
  2 34 4 112.823996279074 0.837656243552001
  1 35 4 6880.41071918983 0.34274593698132
  2 35 4 209.65839825707 0.291986952078346
  1 36 4 16469.2278381999 0.261906583866089
  2 36 4 467.647602660534 0.425399553458769
  1 37 4 152612.949356598 0.417429035160016
  2 37 4 1286.86090747912 0.287702894520317
  1 38 4 105960.079293768 0.441211421515246
  2 38 4 2437.6819223329 0.866971810340233
  1 39 4 19420.1601081551 0.495234601454268
  2 39 4 1526.16304943622 0.556663444153977
  1 40 4 10128.8530361316 0.237858203733512
  2 40 4 515.433761498154 0.295404104464232
  1 41 4 3971.67064552623 0.327346172729995
  2 41 4 433.623837589265 0.994030515469621
  1 42 4 965.384328391077 0.368315456462939
  2 42 4 45.9925898041337 0.461505384764764
  1 1 2 7.35135544365383e-264 0.601375663623589
  2 1 2 3.2095747506751e-264 0.565196579518992
  2 2 2 1.46866598255798e-209 0.686052062200317
  2 3 2 1.05592087947972e-186 0.378997614818957
  1 4 2 4.84412530193852e-191 1
  2 4 2 6.38859645184552e-193 0.459316778181236
  1 5 2 1.62968622612087e-194 0.611089023955187
  2 5 2 1.76553620365911e-195 0.780615956536472
  1 6 2 1.72060557156119e-198 0.702037850017464
  2 6 2 1.36421816809413e-199 0.461790555986525
  1 7 2 5.28819985967185e-199 0.948289691951521
  2 7 2 6.3192222138719e-202 0.685175011742778
  1 8 2 5.88302794664088e-203 0.544380631361087
  2 8 2 5.01956510238326e-204 0.424096495665332
  1 9 2 1.77586830659027e-204 0.5393131982084
  2 9 2 1.33360357978065e-205 0.454629127333952
  1 10 2 5.01074356276564e-206 0.88095039530815
  2 10 2 4.59734693172581e-207 0.419344308350161
  1 11 2 7.25740486390734e-208 0.799987970388403
  2 11 2 1.05145743050293e-208 0.839124360078806
  1 12 2 2.3560350449599e-201 0.774991903603438
  2 12 2 4.76173754046641e-204 0.424721667998453
  1 13 2 1.13618504684745e-205 0.863215133786584
  2 13 2 7.64234147594663e-208 0.387073469025502
  1 14 2 7.55056162470702e-208 0.704083892007286
  2 14 2 5.64808581579882e-209 0.312793018147624
  1 15 2 1.58088909109977e-201 0.457459057188701
  2 15 2 1.1626245383219e-203 0.459652287866146
  1 16 2 6.18986735624782e-187 0.853197309912465
  2 16 2 1.65185862631172e-189 0.628928805514438
  1 17 2 4.32432900803999e-200 0.61116783920211
  2 17 2 7.20617310265948e-202 0.3895964128798
  1 18 2 5.56239683463768e-205 0.416775375911518
  2 18 2 3.38606363214856e-206 0.495180348393774
  1 19 2 7.67496839694667e-186 0.69077510766454
  2 19 2 2.75872705967365e-188 0.347120352110889
  1 20 2 2.66387178443728e-190 0.793751288508348
  2 20 2 9.0974061684506e-192 0.526946514998015
  1 21 2 7.3354084059375e-193 0.339376634127756
  2 21 2 2.03894846297446e-193 0.609998621037514
  1 22 2 6.76325963355947e-195 0.601950919776798
  2 22 2 2.55357644921077e-196 0.389299707202565
  1 23 2 4.5893275503977e-197 0.658556209578282
  2 23 2 9.79658791681689e-198 0.288585466763824
  1 24 2 3.88193732516886e-197 0.637453135075156
  2 24 2 3.22469977953149e-199 0.480513100150493
  1 25 2 1.09552970879365e-201 0.510473149998029
  2 25 2 1.71567916499214e-202 0.338488147626423
  1 26 2 7.96037971708005e-191 0.548437091427541
  2 26 2 2.99121605507672e-193 0.345955330423839
  1 27 2 9.88994704246565e-178 0.492912195981742
  2 27 2 3.18901297953089e-180 0.33164245084141
  1 28 2 8.35279854470717e-181 0.747597319880804
  2 28 2 1.82767717134408e-182 0.447853531697379
  1 29 2 8.34249079356833e-184 0.451616070879294
  2 29 2 3.35815288541066e-185 0.305275882623724
  1 30 2 6.40055811085187e-185 0.797269558848634
  2 30 2 4.32385056021146e-187 0.605264936420634
  1 31 2 1.49133810043586e-186 0.666772556553203
  2 31 2 2.17816717901272e-188 0.359836468902791
  1 32 2 7.81708137532518e-189 0.96787270074405
  2 32 2 1.07438623529723e-189 0.422601396160012
  1 33 2 7.00905459106791e-191 0.404694020855087
  2 33 2 9.66090911355745e-192 0.465820030674526
  1 34 2 1.20917575757302e-193 0.814873375751391
  2 34 2 3.40292511746117e-194 0.505954372112585
  1 35 2 1.79037809873147e-195 0.533219898766676
  2 35 2 1.48822988611675e-196 0.287403659199158
  1 36 2 5.82986482881893e-198 0.371953858881132
  2 36 2 7.39178523088353e-199 0.365560779244073
  1 37 2 1.99397994028264e-199 0.791301167226987
  2 37 2 1.16552053627311e-200 0.487536998609889
  1 38 2 1.87797498926666e-201 0.633364993316759
  2 38 2 4.66451121974819e-202 0.644823084547079
  1 39 2 1.01653022938841e-202 0.827253682697507
  2 39 2 2.04176161443399e-203 0.354235596542703
  1 40 2 1.4336422243724e-204 0.900216415173481
  2 40 2 2.81472312997602e-205 0.395846441583114
  1 41 2 4.37236279069468e-206 0.957770995377006
  2 41 2 7.21347772118499e-208 0.496084887173497
  1 42 2 1.30470305856646e-208 0.55870584954739
  2 42 2 1.04620030383914e-209 0.604660139936764
  1 1 1 176046.649803792 0.241799049430762
  2 1 1 2081741.81633554 0.250018379470286
  1 2 1 48429.8354324915 0.142636213550947
  2 2 1 118308.833096958 0.163647146277456
  1 3 1 60672.3375832011 0.225478190042395
  2 3 1 48611.987207756 0.192013183632222
  1 4 1 114868.226692785 0.323579734794357
  2 4 1 99780.0378245491 0.162432383538487
  1 5 1 81741.5669241542 0.320666395151501
  2 5 1 375464.891863793 0.822390366318268
  1 6 1 12628.474622297 0.452044832991261
  2 6 1 91539.7845424186 0.192408532269243
  1 7 1 108022.555032318 0.28209645893665
  2 7 1 24559.9161314289 0.262097825842625
  1 8 1 3611.32640423051 0.414010381101596
  2 8 1 32705.8878076201 0.189959250209439
  1 9 1 20220.9526898527 0.40638853202345
  2 9 1 10161.1619029168 0.178404315527443
  1 10 1 17953.8051626589 0.290993157294119
  2 10 1 29867.2889004846 0.156753980046499
  1 11 1 5684.35880604462 0.324615016521962
  2 11 1 14004.6397451148 0.174348711952217
  1 12 1 11979.9357620424 0.294780938380682
  2 12 1 11161.5997773312 0.195232854572048
  1 13 1 7838.90696393543 0.440402569626277
  2 13 1 9563.80500278134 0.185762358850192
  1 14 1 4803.65488690223 0.372421878022742
  2 14 1 4954.46321252148 0.151581173531864
  1 15 1 2861.91987894733 0.341871348717721
  2 15 1 3870.73714755048 0.233364310094868
  1 16 1 2918.96254113567 0.416897355424411
  2 16 1 4773.5950941681 0.283802183917676
  1 17 1 2764.02485216654 0.500820840736393
  2 17 1 832.517506859022 0.495024013362717
  1 18 1 808.855971366218 0.389853340834037
  2 18 1 1605.51207449972 0.390988792530431
  1 19 1 1049.70395098479 0.293941849282161
  2 19 1 738.782402604443 0.322403741112933
  1 20 1 1745.7298282289 0.525509720403112
  2 20 1 862.111782710191 0.218361153170241
  1 21 1 2393.3250677669 0.266433769579894
  2 21 1 1223.66483644747 0.421115605185845
  1 22 1 5389.78740534156 0.374831371194202
  2 22 1 1676.0460811369 0.227391091044855
  1 23 1 1722.54820054123 0.352011231642473
  2 23 1 2730.61869786779 0.384269029090844
  1 24 1 2488.03293523262 0.34725908523047
  2 24 1 666.830727355905 0.331291933735556
  1 25 1 1069.85629776525 0.578696888706846
  2 25 1 1754.66269616689 0.247394190789157
  1 26 1 4175.33828773959 0.459728456052307
  2 26 1 917.934525311901 0.394189312610479
  1 27 1 685.26941366317 0.539982548576019
  2 27 1 2951.96381878015 0.72948972943007
  1 28 1 2278.79112412014 0.364309332200766
  2 28 1 1003.61324610461 0.278656828353639
  1 29 1 1684.05916203807 0.562793580097325
  2 29 1 3324.8464098671 0.316141323613091
  1 30 1 7908.23694951217 0.420348818797864
  2 30 1 3781.62793544543 0.30511736182771
  1 31 1 5644.23725881361 0.403753427903273
  2 31 1 3971.75288335929 0.278331587636247
  1 32 1 7771.8170292255 0.491331418922754
  2 32 1 6445.19256034798 0.329726795744574
  1 33 1 698.059998528219 0.537081122476055
  2 33 1 4934.9593923199 0.33086845072982
  1 34 1 1502.61026917701 0.379030815152119
  2 34 1 674.301790595592 0.278881417082292
  1 35 1 516.701396427792 0.519511456600017
  2 35 1 1555.01225425284 0.27351876283918
  1 36 1 1282.62376957245 0.556056214854877
  2 36 1 413.445258279293 0.714061811185508
  1 37 1 515.615750433526 0.588197671943964
  2 37 1 2302.63999637916 0.340315242626747
  1 38 1 3150.01997312619 0.324588369174256
  2 38 1 1809.61067673928 0.300199803594678
  1 39 1 167.277963656097 0.501841796783066
  2 39 1 4664.16634291582 0.438397059851219
  1 40 1 555.509416371533 0.403101009292275
  2 40 1 291.361758907996 0.410378233550251
  1 41 1 403.295389883145 0.478602624152216
  2 41 1 251.449942359804 0.362128776577143
  1 42 1 72.0163566353192 0.646634922078809
  2 42 1 167.876637266549 0.816170985475773
  1 1 3 154342.960257625 0.499484636786782
  1 2 3 5538.09054326519 0.358153914340203
  2 2 3 62788.9650105881 0.577110518633802
  1 3 3 604708.205428115 0.678339172154909
  2 3 3 27527.6289076227 0.738121970739642
  1 4 3 19220.5809338205 1
  2 4 3 42003.5550876761 0.52056341701904
  1 5 3 70768.7438349458 0.693225535250834
  2 5 3 73680.6823189532 1
  1 6 3 3272.25911046009 1
  2 6 3 4626.1801471782 0.48452157876779
  1 7 3 1760.92865108799 0.912293822979085
  1 8 3 307.898416758636 0.655734850091527
  2 8 3 395.454004371707 0.750382084373246
  1 9 3 174.496938282358 0.670809892238012
  2 9 3 137.977653502957 0.47273108889926
  1 10 3 704.964355134931 0.631102684426709
  2 10 3 71.7448423544986 0.919260399745188
  1 11 3 152.706860119029 0.496475444687371
  1 12 3 67.027490342163 0.740682868109632
  2 12 3 27.6293126489893 1
  1 13 3 405.41698087266 0.360862225436052
  1 14 3 181.35718662769 0.547901331396328
  2 14 3 180.267756945108 0.478873954421528
  1 15 3 271.911819182289 0.429608216382601
  2 15 3 164.416574517791 0.654713783069401
  1 16 3 545.812053464899 0.69118921143411
  2 16 3 332.583053292975 0.8614889831113
  1 17 3 36.8750315830839 0.426971754606328
  2 17 3 59.6949440865563 0.572182042928152
  1 18 3 46.4770829866742 0.505524319387353
  2 18 3 44.4016098787664 0.488492827246527
  1 19 3 83.5744621451853 0.644591984223249
  2 19 3 33.8074942357298 0.51925665989311
  1 20 3 4.32195949244728 0.899065435378594
  2 20 3 20.1749952017731 0.59569628754064
  1 21 3 60.3943137479465 0.543826822033971
  2 21 3 12.4259925780498 0.466111862829518
  1 22 3 102.089733300658 0.88174616562504
  2 22 3 99.5740922336963 0.568444982816852
  1 23 3 362.21206714784 0.408104676406013
  2 23 3 89.4910940937131 0.357346049869971
  1 24 3 35.6626882088251 0.92608255019157
  2 24 3 161.712333983421 0.539541007788685
  1 25 3 12.8983083834922 0.648664057223823
  2 25 3 29.552146144968 0.576168087832409
  1 26 3 56.3990087117577 0.695927823776047
  2 26 3 23.3020362446983 0.549529982814455
  1 27 3 78.2356766097922 0.708713243925404
  2 27 3 55.8597347460927 0.496269825160911
  1 28 3 67.5395592864298 0.489543853646182
  1 29 3 67.1292784119632 0.703511357168505
  2 29 3 179.899234617221 0.875017095315649
  1 30 3 494.769882187521 0.631659802692532
  2 30 3 46.5422667082647 0.908152223575802
  1 31 3 4850.53399983493 0.626570332091694
  2 31 3 686.551385963935 0.712465807947941
  1 32 3 86.4780836607286 0.661895735249442
  2 32 3 408.083799007516 0.86012943797605
  1 33 3 80.0758247172867 0.783155911787346
  2 33 3 62.9083999242744 0.598390099709208
  1 34 3 6.97215864239922 0.542775440757204
  2 34 3 34.5497856731557 0.743173480285892
  1 35 3 4.72148856593061 0.870542376054271
  2 35 3 11.3549234239185 0.446478967244395
  1 36 3 180.118735954818 0.492193512682958
  2 36 3 89.941001638621 0.490110041691513
  1 37 3 5387.1567209416 0.909630520329322
  2 37 3 511.223140993896 0.433872317628348
  1 38 3 2910.18570490119 0.644773009949607
  2 38 3 1906.86081960687 0.484949159815328
  1 39 3 1159.05052316271 0.515045488987725
  2 39 3 542.974688529343 0.388710136036013
  1 40 3 962.038443047293 0.442573167063876
  2 40 3 572.218025586094 0.395139923022642
  1 41 3 32.9823823215934 0.88587618368699
  2 41 3 534.392531920056 0.537531419606343
  1 42 3 605682.153489248 0.983269433580366
  2 42 3 452112.254382357 0.849696423298534
# end survey index observations 
#  
# Survey size comp data 
# Number of observations, init_int Nsurvey_size_obs 
  329
# init_matrix obs_survey_size(1,Nsurvey_size_obs,1,ncol) 
# Survey  Year  Species Type (0=whole, 1=retained, 2=discard) InpN, proportion by length bin 
  1 1 1 0 57 0 1.19298245614035 0.508771929824561 0.0526315789473684 0
  1 2 1 0 65 0.769230769230769 0.738461538461539 0.0307692307692308 0 0
  1 3 1 0 32 1.84375 1.28125 0 0 0
  1 4 1 0 32 1.5 1.625 0 0 0
  1 5 1 0 21 2.52380952380952 2.23809523809524 0 0 0
  1 6 1 0 18 0.722222222222222 3.5 1.27777777777778 0.0555555555555556 0
  1 7 1 0 25 2.16 1.84 0 0 0
  1 8 1 0 20 0.2 3.3 1.5 0 0
  1 9 1 0 16 3.0625 3.1875 0 0 0
  1 10 1 0 19 2.78947368421053 2.26315789473684 0.210526315789474 0 0
  1 11 1 0 20 2.25 2.65 0.1 0 0
  1 12 1 0 22 2.31818181818182 2.18181818181818 0.0454545454545455 0 0
  1 13 1 0 23 2.26086956521739 2.08695652173913 0 0 0
  1 14 1 0 14 3.42857142857143 3.71428571428571 0 0 0
  1 15 1 0 21 2.04761904761905 2.57142857142857 0.142857142857143 0 0
  1 16 1 0 14 4 3.14285714285714 0 0 0
  1 17 1 0 17 2.88235294117647 3 0 0 0
  1 18 1 0 19 2.94736842105263 2.26315789473684 0.0526315789473684 0 0
  1 19 1 0 18 3.33333333333333 2.16666666666667 0.0555555555555556 0 0
  1 20 1 0 15 4.26666666666667 2.4 0 0 0
  1 21 1 0 21 2.38095238095238 2.38095238095238 0 0 0
  1 22 1 0 13 3.84615384615385 3.84615384615385 0 0 0
  1 23 1 0 14 3.57142857142857 3.5 0.0714285714285714 0 0
  1 24 1 0 14 3.64285714285714 3.42857142857143 0.0714285714285714 0 0
  1 25 1 0 18 2.38888888888889 3 0.166666666666667 0 0
  1 26 1 0 14 3.42857142857143 3.64285714285714 0.0714285714285714 0 0
  1 27 1 0 23 2.30434782608696 2.04347826086957 0 0 0
  1 28 1 0 14 3.57142857142857 3.57142857142857 0 0 0
  1 29 1 0 17 3 2.88235294117647 0 0 0
  1 30 1 0 18 3.38888888888889 2.11111111111111 0.0555555555555556 0 0
  1 31 1 0 20 2.65 2.25 0.1 0 0
  1 32 1 0 10 4.9 5 0.1 0 0
  1 33 1 0 15 1.13333333333333 4.26666666666667 1.26666666666667 0 0
  1 34 1 0 18 2.88888888888889 2.66666666666667 0 0 0
  1 35 1 0 8 6 6.25 0.25 0 0
  1 36 1 0 12 4.33333333333333 4 0 0 0
  1 37 1 0 8 5.75 6.75 0 0 0
  1 38 1 0 16 3.1875 3 0.0625 0 0
  1 39 1 0 10 2.6 5.8 1.6 0 0
  1 40 1 0 10 6 3.9 0.1 0 0
  1 41 1 0 13 4.15384615384615 3.53846153846154 0 0 0
  1 42 1 0 8 6.375 5.875 0.25 0 0
  1 1 2 0 11 2.45454545454545 1.54545454545455 1.54545454545455 1.90909090909091 1.63636363636364
  1 4 2 0 1 23 22 18 14 23
  1 5 2 0 5 5.6 4 4.8 2.8 2.8
  1 6 2 0 1 23 19 17 22 19
  1 7 2 0 3 5.66666666666667 7 7.66666666666667 7.66666666666667 5.33333333333333
  1 8 2 0 4 4.75 5 4.5 4 6.75
  1 9 2 0 5 3.8 5.8 3.8 2.6 4
  1 10 2 0 10 2.4 1.5 1.9 2.6 1.6
  1 11 2 0 13 1.76923076923077 1.07692307692308 1.76923076923077 1.38461538461538 1.69230769230769
  1 12 2 0 15 0.866666666666667 1.66666666666667 1.86666666666667 1.26666666666667 1
  1 13 2 0 9 1.88888888888889 1.33333333333333 3.22222222222222 2.66666666666667 2
  1 14 2 0 6 2.83333333333333 3.66666666666667 2.33333333333333 3.66666666666667 4.16666666666667
  1 15 2 0 13 1.69230769230769 1.61538461538462 1.53846153846154 1.46153846153846 1.38461538461538
  1 16 2 0 10 2.6 1.2 1.5 2 2.7
  1 17 2 0 10 1.4 2.4 2.4 2.3 1.5
  1 18 2 0 18 1.5 0.777777777777778 0.944444444444444 1.16666666666667 1.16666666666667
  1 19 2 0 27 0.666666666666667 0.777777777777778 0.814814814814815 0.777777777777778 0.666666666666667
  1 20 2 0 23 0.956521739130435 1 0.695652173913043 0.739130434782609 0.956521739130435
  1 21 2 0 25 0.88 0.88 0.84 0.84 0.56
  1 22 2 0 9 2.44444444444444 2.11111111111111 1.77777777777778 2.66666666666667 2.11111111111111
  1 23 2 0 8 2.5 2.625 3 1.75 2.625
  1 24 2 0 9 1.55555555555556 2.88888888888889 1.77777777777778 2.22222222222222 2.66666666666667
  1 25 2 0 14 1.21428571428571 1.21428571428571 1 2 1.71428571428571
  1 26 2 0 18 1 1.27777777777778 1 0.833333333333333 1.44444444444444
  1 27 2 0 16 1 1.125 1.8125 1.25 1.0625
  1 28 2 0 6 4.33333333333333 3.83333333333333 3.83333333333333 2.16666666666667 2.5
  1 29 2 0 8 2.75 2.25 1.625 3.25 2.625
  1 30 2 0 17 1.41176470588235 1.35294117647059 0.882352941176471 1.47058823529412 0.764705882352941
  1 31 2 0 9 2.44444444444444 1.77777777777778 2.11111111111111 2.55555555555556 2.22222222222222
  1 32 2 0 30 0.633333333333333 0.733333333333333 0.7 0.833333333333333 0.433333333333333
  1 33 2 0 24 0.916666666666667 0.708333333333333 0.875 0.875 0.791666666666667
  1 34 2 0 25 0.88 0.84 0.84 0.8 0.64
  1 35 2 0 16 1.0625 1.125 2.1875 0.6875 1.1875
  1 36 2 0 13 1.61538461538462 1.15384615384615 1.76923076923077 1.38461538461538 1.76923076923077
  1 37 2 0 8 2.5 2.375 2.125 2.25 3.25
  1 38 2 0 10 1.7 1.8 3.1 1.2 2.2
  1 39 2 0 13 1.46153846153846 1.23076923076923 1.38461538461538 1.53846153846154 2.07692307692308
  1 40 2 0 8 2.75 2.125 3.125 2.25 2.25
  1 41 2 0 5 4.4 3.2 4.8 2.4 5.2
  1 42 2 0 17 1.23529411764706 1.35294117647059 1.05882352941176 0.941176470588235 1.29411764705882
  1 1 3 0 27 0 1.11111111111111 1.81481481481481 0.777777777777778 0
  1 2 3 0 13 0 0.230769230769231 3.84615384615385 3.61538461538462 0
  1 3 3 0 5 10.4 9.6 0 0 0
  1 4 3 0 2 4.5 29.5 16 0 0
  1 5 3 0 5 10.6 9.4 0 0 0
  1 6 3 0 1 33 57 10 0 0
  1 7 3 0 3 13.6666666666667 17.3333333333333 2 0.333333333333333 0
  1 8 3 0 3 21 12.3333333333333 0 0 0
  1 9 3 0 4 13.25 11.5 0.25 0 0
  1 10 3 0 4 12.5 12.5 0 0 0
  1 11 3 0 4 14 11 0 0 0
  1 12 3 0 2 23 25.5 1.5 0 0
  1 13 3 0 8 5.875 6.625 0 0 0
  1 14 3 0 19 3.21052631578947 2 0.0526315789473684 0 0
  1 15 3 0 15 4.06666666666667 2.6 0 0 0
  1 16 3 0 12 4.58333333333333 3.66666666666667 0.0833333333333333 0 0
  1 17 3 0 14 0.642857142857143 5 1.5 0 0
  1 18 3 0 14 4.28571428571429 2.85714285714286 0 0 0
  1 19 3 0 15 3.66666666666667 2.93333333333333 0.0666666666666667 0 0
  1 20 3 0 17 3.52941176470588 2.23529411764706 0.117647058823529 0 0
  1 21 3 0 12 4.66666666666667 3.66666666666667 0 0 0
  1 22 3 0 11 3.54545454545455 5.45454545454545 0.0909090909090909 0 0
  1 23 3 0 16 3.375 2.875 0 0 0
  1 24 3 0 15 2.26666666666667 3.66666666666667 0.733333333333333 0 0
  1 25 3 0 4 12 13 0 0 0
  1 26 3 0 14 4.07142857142857 3.07142857142857 0 0 0
  1 27 3 0 6 9 7.66666666666667 0 0 0
  1 28 3 0 4 14 11 0 0 0
  1 29 3 0 2 27 22.5 0.5 0 0
  1 30 3 0 10 5.5 4.5 0 0 0
  1 31 3 0 9 6.11111111111111 4.88888888888889 0.111111111111111 0 0
  1 32 3 0 12 2 5.25 1.08333333333333 0 0
  1 33 3 0 5 10.8 8.8 0.4 0 0
  1 34 3 0 9 6.22222222222222 4.88888888888889 0 0 0
  1 35 3 0 5 9.4 10.4 0.2 0 0
  1 36 3 0 5 13.4 6.6 0 0 0
  1 37 3 0 3 15.3333333333333 18 0 0 0
  1 38 3 0 15 4.2 2.46666666666667 0 0 0
  1 39 3 0 12 4.75 3.58333333333333 0 0 0
  1 40 3 0 9 6 4.88888888888889 0.222222222222222 0 0
  1 41 3 0 8 4.375 6.375 1.5 0.25 0
  1 42 3 0 12 4.25 4.08333333333333 0 0 0
  1 1 4 0 86 0.604651162790698 0.0813953488372093 0.441860465116279 0.0348837209302326 0
  1 2 4 0 100 0.01 0.11 0.83 0.05 0
  1 3 4 0 33 2.36363636363636 0.666666666666667 0 0 0
  1 4 4 0 44 1.84090909090909 0.409090909090909 0.0227272727272727 0 0
  1 5 4 0 34 2.35294117647059 0.588235294117647 0 0 0
  1 6 4 0 40 1.825 0.65 0.025 0 0
  1 7 4 0 39 2.1025641025641 0.461538461538462 0 0 0
  1 8 4 0 49 1.57142857142857 0.448979591836735 0.0204081632653061 0 0
  1 9 4 0 36 1.94444444444444 0.833333333333333 0 0 0
  1 10 4 0 43 1.76744186046512 0.558139534883721 0 0 0
  1 11 4 0 41 2 0.439024390243902 0 0 0
  1 12 4 0 35 2.48571428571429 0.371428571428571 0 0 0
  1 13 4 0 32 2.375 0.75 0 0 0
  1 14 4 0 21 4.04761904761905 0.714285714285714 0 0 0
  1 15 4 0 30 2.5 0.8 0.0333333333333333 0 0
  1 16 4 0 19 4.31578947368421 0.947368421052632 0 0 0
  1 17 4 0 35 2.25714285714286 0.6 0 0 0
  1 18 4 0 27 2.77777777777778 0.925925925925926 0 0 0
  1 19 4 0 34 2.14705882352941 0.794117647058823 0 0 0
  1 20 4 0 42 1.9047619047619 0.476190476190476 0 0 0
  1 21 4 0 41 1.85365853658537 0.585365853658537 0 0 0
  1 22 4 0 44 1.88636363636364 0.386363636363636 0 0 0
  1 23 4 0 28 2.78571428571429 0.785714285714286 0 0 0
  1 24 4 0 34 2.08823529411765 0.852941176470588 0 0 0
  1 25 4 0 36 2.19444444444444 0.583333333333333 0 0 0
  1 26 4 0 31 2.67741935483871 0.548387096774194 0 0 0
  1 27 4 0 39 2.02564102564103 0.538461538461538 0 0 0
  1 28 4 0 38 2.21052631578947 0.421052631578947 0 0 0
  1 29 4 0 48 1.54166666666667 0.541666666666667 0 0 0
  1 30 4 0 38 2.31578947368421 0.315789473684211 0 0 0
  1 31 4 0 61 1.21311475409836 0.426229508196721 0 0 0
  1 32 4 0 48 1.66666666666667 0.416666666666667 0 0 0
  1 33 4 0 49 1.48979591836735 0.551020408163265 0 0 0
  1 34 4 0 44 1.79545454545455 0.477272727272727 0 0 0
  1 35 4 0 61 1.19672131147541 0.442622950819672 0 0 0
  1 36 4 0 67 1.13432835820896 0.358208955223881 0 0 0
  1 37 4 0 57 1.35087719298246 0.403508771929825 0 0 0
  1 38 4 0 38 1.92105263157895 0.710526315789474 0 0 0
  1 39 4 0 52 1.5 0.423076923076923 0 0 0
  1 40 4 0 43 1.7906976744186 0.534883720930233 0 0 0
  1 41 4 0 42 1.73809523809524 0.642857142857143 0 0 0
  1 42 4 0 61 1.26229508196721 0.377049180327869 0 0 0
  2 1 1 0 58 0 0.0172413793103448 1.46551724137931 0.241379310344828 0
  2 2 1 0 83 0 0.44578313253012 0.614457831325301 0.144578313253012 0
  2 3 1 0 63 0.0317460317460317 1.12698412698413 0.428571428571429 0 0
  2 4 1 0 56 0 1.14285714285714 0.642857142857143 0 0
  2 5 1 0 55 0 0.454545454545455 1.36363636363636 0 0
  2 6 1 0 45 0 0.0666666666666667 2.08888888888889 0.0666666666666667 0
  2 7 1 0 46 0.0652173913043478 1.95652173913043 0.130434782608696 0.0217391304347826 0
  2 8 1 0 56 0 0.0892857142857143 1.69642857142857 0 0
  2 9 1 0 51 0.0196078431372549 1.70588235294118 0.176470588235294 0.0588235294117647 0
  2 10 1 0 44 0 1.04545454545455 1.22727272727273 0 0
  2 11 1 0 49 0.0204081632653061 0.653061224489796 1.36734693877551 0 0
  2 12 1 0 50 0 1.46 0.54 0 0
  2 13 1 0 48 0 0.854166666666667 1.22916666666667 0 0
  2 14 1 0 52 0 1.15384615384615 0.769230769230769 0 0
  2 15 1 0 31 0.032258064516129 1.83870967741935 1.35483870967742 0 0
  2 16 1 0 38 0 1.76315789473684 0.868421052631579 0 0
  2 17 1 0 26 0 1.69230769230769 2.15384615384615 0 0
  2 18 1 0 33 0 1.54545454545455 1.48484848484848 0 0
  2 19 1 0 31 0.0645161290322581 2.12903225806452 1.03225806451613 0 0
  2 20 1 0 38 0 2.07894736842105 0.552631578947368 0 0
  2 21 1 0 30 0 2.1 1.23333333333333 0 0
  2 22 1 0 35 0.0571428571428571 2.17142857142857 0.628571428571429 0 0
  2 23 1 0 35 0 0.8 2.05714285714286 0 0
  2 24 1 0 26 0 2.73076923076923 1.11538461538462 0 0
  2 25 1 0 32 0 1.875 1.21875 0.03125 0
  2 26 1 0 26 0 2.92307692307692 0.923076923076923 0 0
  2 27 1 0 37 0 1.02702702702703 1.67567567567568 0 0
  2 28 1 0 35 0 2.02857142857143 0.8 0.0285714285714286 0
  2 29 1 0 33 0 1.33333333333333 1.6969696969697 0 0
  2 30 1 0 45 0.0444444444444444 1.62222222222222 0.555555555555556 0 0
  2 31 1 0 34 0 1.5 1.41176470588235 0.0294117647058824 0
  2 32 1 0 36 0.0277777777777778 1.77777777777778 0.972222222222222 0 0
  2 33 1 0 42 0 0.0952380952380952 2.26190476190476 0.0238095238095238 0
  2 34 1 0 34 0.0294117647058824 2.44117647058824 0.382352941176471 0.0882352941176471 0
  2 35 1 0 35 0 0.657142857142857 2.2 0 0
  2 36 1 0 28 0 2.28571428571429 1.28571428571429 0 0
  2 37 1 0 22 0.0454545454545455 3.63636363636364 0.863636363636364 0 0
  2 38 1 0 32 0 1.25 1.84375 0.03125 0
  2 39 1 0 27 0 0.222222222222222 3.44444444444444 0.037037037037037 0
  2 40 1 0 39 0.0256410256410256 1.58974358974359 0.897435897435897 0.0512820512820513 0
  2 41 1 0 20 0.05 3.35 1.6 0 0
  2 42 1 0 30 0 1 2.33333333333333 0 0
  2 1 2 0 16 0.6875 1 1.75 1.625 1.1875
  2 2 2 0 20 0.75 0.9 0.9 1.15 1.3
  2 3 2 0 34 0.5 0.5 0.705882352941177 0.529411764705882 0.705882352941177
  2 4 2 0 15 0.866666666666667 1 1.86666666666667 1.53333333333333 1.4
  2 5 2 0 4 4.75 4.5 6 3.75 6
  2 6 2 0 7 2.71428571428571 2 3.14285714285714 3 3.42857142857143
  2 7 2 0 18 0.722222222222222 1.55555555555556 1.22222222222222 1.05555555555556 1
  2 8 2 0 22 0.863636363636364 0.818181818181818 0.681818181818182 1.22727272727273 0.954545454545455
  2 9 2 0 21 1 1.23809523809524 0.952380952380952 0.761904761904762 0.80952380952381
  2 10 2 0 11 1.81818181818182 1.36363636363636 2.18181818181818 2.09090909090909 1.63636363636364
  2 11 2 0 7 2.57142857142857 3.28571428571429 3.71428571428571 2.14285714285714 2.57142857142857
  2 12 2 0 19 1.15789473684211 0.736842105263158 1.10526315789474 1.05263157894737 1.21052631578947
  2 13 2 0 32 0.75 0.78125 0.59375 0.59375 0.40625
  2 14 2 0 34 0.705882352941177 0.470588235294118 0.705882352941177 0.735294117647059 0.323529411764706
  2 15 2 0 27 0.888888888888889 0.555555555555556 0.925925925925926 0.518518518518518 0.814814814814815
  2 16 2 0 42 0.5 0.428571428571429 0.5 0.5 0.452380952380952
  2 17 2 0 34 0.558823529411765 0.735294117647059 0.470588235294118 0.558823529411765 0.617647058823529
  2 18 2 0 28 0.678571428571429 0.714285714285714 0.714285714285714 0.821428571428571 0.642857142857143
  2 19 2 0 26 1.19230769230769 0.615384615384615 0.615384615384615 0.730769230769231 0.692307692307692
  2 20 2 0 32 0.625 0.71875 0.4375 0.46875 0.875
  2 21 2 0 37 0.567567567567568 0.459459459459459 0.621621621621622 0.459459459459459 0.594594594594595
  2 22 2 0 38 0.289473684210526 0.736842105263158 0.368421052631579 0.5 0.736842105263158
  2 23 2 0 41 0.365853658536585 0.585365853658537 0.51219512195122 0.536585365853659 0.439024390243902
  2 24 2 0 33 0.696969696969697 0.515151515151515 0.545454545454545 0.606060606060606 0.666666666666667
  2 25 2 0 45 0.533333333333333 0.288888888888889 0.355555555555556 0.577777777777778 0.466666666666667
  2 26 2 0 28 0.821428571428571 0.857142857142857 0.75 0.607142857142857 0.535714285714286
  2 27 2 0 47 0.468085106382979 0.48936170212766 0.404255319148936 0.340425531914894 0.425531914893617
  2 28 2 0 22 0.954545454545455 0.863636363636364 0.636363636363636 1.04545454545455 1.04545454545455
  2 29 2 0 40 0.3 0.575 0.45 0.575 0.6
  2 30 2 0 28 0.75 0.857142857142857 0.714285714285714 0.571428571428571 0.678571428571429
  2 31 2 0 32 0.6875 0.71875 0.53125 0.65625 0.53125
  2 32 2 0 40 0.55 0.325 0.6 0.575 0.45
  2 33 2 0 43 0.325581395348837 0.511627906976744 0.418604651162791 0.465116279069767 0.604651162790698
  2 34 2 0 46 0.5 0.391304347826087 0.369565217391304 0.565217391304348 0.347826086956522
  2 35 2 0 60 0.416666666666667 0.266666666666667 0.383333333333333 0.266666666666667 0.333333333333333
  2 36 2 0 49 0.346938775510204 0.489795918367347 0.224489795918367 0.510204081632653 0.469387755102041
  2 37 2 0 32 0.625 0.5 0.65625 0.6875 0.65625
  2 38 2 0 30 0.7 0.866666666666667 0.633333333333333 0.566666666666667 0.566666666666667
  2 39 2 0 29 0.862068965517241 0.551724137931034 0.586206896551724 0.793103448275862 0.655172413793103
  2 40 2 0 31 0.709677419354839 0.451612903225806 0.903225806451613 0.838709677419355 0.32258064516129
  2 41 2 0 14 1.14285714285714 1.57142857142857 1 1.64285714285714 1.78571428571429
  2 42 2 0 19 0.789473684210526 1.26315789473684 1 1.21052631578947 1
  2 2 3 0 3 0 0 3.66666666666667 29.6666666666667 0
  2 3 3 0 3 3.33333333333333 30 0 0 0
  2 4 3 0 7 0 4 10.1428571428571 0.142857142857143 0
  2 5 3 0 1 12 87 1 0 0
  2 6 3 0 14 0.214285714285714 1.71428571428571 5.21428571428571 0 0
  2 8 3 0 10 0.6 8.8 0.3 0.3 0
  2 9 3 0 6 2.16666666666667 13.8333333333333 0.666666666666667 0 0
  2 10 3 0 2 4.5 42 3.5 0 0
  2 12 3 0 1 15 70 15 0 0
  2 14 3 0 9 1.11111111111111 8.88888888888889 1 0.111111111111111 0
  2 15 3 0 5 2.6 15.2 2.2 0 0
  2 16 3 0 9 0.666666666666667 10.3333333333333 0.111111111111111 0 0
  2 17 3 0 9 0.111111111111111 2.88888888888889 8 0.111111111111111 0
  2 18 3 0 13 0.923076923076923 5.61538461538461 0.538461538461538 0.615384615384615 0
  2 19 3 0 14 0.714285714285714 6.07142857142857 0.285714285714286 0.0714285714285714 0
  2 20 3 0 19 0.0526315789473684 3.10526315789474 2 0.105263157894737 0
  2 21 3 0 20 0.65 4.15 0.15 0.05 0
  2 22 3 0 23 0.652173913043478 3.56521739130435 0.130434782608696 0 0
  2 23 3 0 26 0.423076923076923 3.19230769230769 0.230769230769231 0 0
  2 24 3 0 28 0.107142857142857 1.39285714285714 1.89285714285714 0.178571428571429 0
  2 25 3 0 20 0.7 3.6 0.35 0.35 0
  2 26 3 0 7 1.28571428571429 12.2857142857143 0.571428571428571 0.142857142857143 0
  2 27 3 0 5 2 16.2 1.8 0 0
  2 29 3 0 6 2.66666666666667 13.1666666666667 0.666666666666667 0.166666666666667 0
  2 30 3 0 14 0.5 6.64285714285714 0 0 0
  2 31 3 0 7 1.42857142857143 12.1428571428571 0.714285714285714 0 0
  2 32 3 0 20 0.1 1.05 3.8 0.05 0
  2 33 3 0 18 0.444444444444444 2.83333333333333 1.27777777777778 1 0
  2 34 3 0 15 1 4.33333333333333 0.933333333333333 0.4 0
  2 35 3 0 28 0.5 2.57142857142857 0.464285714285714 0.0357142857142857 0
  2 36 3 0 25 0.4 3.56 0.04 0 0
  2 37 3 0 19 0.368421052631579 4.78947368421053 0.105263157894737 0 0
  2 38 3 0 33 0.272727272727273 2.66666666666667 0.0909090909090909 0 0
  2 39 3 0 32 0.375 2.0625 0.6875 0 0
  2 40 3 0 34 0.323529411764706 2 0.558823529411765 0.0588235294117647 0
  2 41 3 0 20 0 1.25 3.25 0.5 0
  2 42 3 0 27 0.0740740740740741 0.814814814814815 1.33333333333333 1.48148148148148 0
  2 1 4 0 44 0 0.0227272727272727 2.15909090909091 0.0909090909090909 0
  2 2 4 0 75 0 0.0266666666666667 1.28 0.0266666666666667 0
  2 3 4 0 66 0.0151515151515152 1.48484848484848 0.0151515151515152 0 0
  2 4 4 0 54 0.0185185185185185 1.5 0.333333333333333 0 0
  2 5 4 0 31 0 2.2258064516129 1 0 0
  2 6 4 0 24 0 2.04166666666667 2.125 0 0
  2 7 4 0 20 0 4.5 0.5 0 0
  2 8 4 0 25 0.04 1.8 2.16 0 0
  2 9 4 0 44 0.0909090909090909 2.11363636363636 0.0681818181818182 0 0
  2 10 4 0 36 0 2.16666666666667 0.611111111111111 0 0
  2 11 4 0 22 0.136363636363636 2.90909090909091 1.5 0 0
  2 12 4 0 21 0.0476190476190476 4.38095238095238 0.333333333333333 0 0
  2 13 4 0 26 0.0769230769230769 3.34615384615385 0.423076923076923 0 0
  2 14 4 0 35 0.114285714285714 2.28571428571429 0.457142857142857 0 0
  2 15 4 0 21 0.0476190476190476 3.9047619047619 0.80952380952381 0 0
  2 16 4 0 30 0 3.1 0.233333333333333 0 0
  2 17 4 0 40 0 2.1 0.4 0 0
  2 18 4 0 42 0.0238095238095238 2 0.357142857142857 0 0
  2 19 4 0 46 0.0434782608695652 2.04347826086957 0.0869565217391304 0 0
  2 20 4 0 37 0.108108108108108 2.45945945945946 0.135135135135135 0 0
  2 21 4 0 44 0.0227272727272727 1.97727272727273 0.272727272727273 0 0
  2 22 4 0 42 0 2.23809523809524 0.142857142857143 0 0
  2 23 4 0 35 0 2.48571428571429 0.371428571428571 0 0
  2 24 4 0 26 0.0384615384615385 3.15384615384615 0.653846153846154 0 0
  2 25 4 0 19 0.105263157894737 4.26315789473684 0.894736842105263 0 0
  2 26 4 0 29 0.0344827586206897 2.89655172413793 0.517241379310345 0 0
  2 27 4 0 10 0.3 7.8 1.9 0 0
  2 28 4 0 20 0.05 4.45 0.5 0 0
  2 29 4 0 25 0.04 3.36 0.6 0 0
  2 30 4 0 18 0 4.94444444444444 0.611111111111111 0 0
  2 31 4 0 24 0 2.83333333333333 1.33333333333333 0 0
  2 32 4 0 21 0.0476190476190476 4.23809523809524 0.476190476190476 0 0
  2 33 4 0 10 0.1 6.1 3.8 0 0
  2 34 4 0 12 0.166666666666667 7.58333333333333 0.583333333333333 0 0
  2 35 4 0 29 0.0689655172413793 2.79310344827586 0.586206896551724 0 0
  2 36 4 0 17 0.176470588235294 5.29411764705882 0.411764705882353 0 0
  2 37 4 0 39 0.0769230769230769 2.30769230769231 0.179487179487179 0 0
  2 38 4 0 9 0.222222222222222 9 1.88888888888889 0 0
  2 39 4 0 50 0.02 0.96 1.02 0 0
  2 40 4 0 15 0.133333333333333 5.46666666666667 1.06666666666667 0 0
  2 41 4 0 7 0.285714285714286 10.4285714285714 3.57142857142857 0 0
  2 42 4 0 9 0.333333333333333 7.77777777777778 3 0 0
# end survey length observations 
#  
# Fishery catch data 
# Number of observations, init_int Ncatch_obs
  168
# init_matrix obs_catch_biomass(1,Ncatch_obs,1,6) 
# Fleet	Area	Year	Species	Catch(biomass t)	CV 
  1 1 1 1 16659.960257289 0.05
  1 1 2 1 18800.1891607567 0.05
  1 1 3 1 17943.5025054318 0.05
  1 1 4 1 18853.7597963484 0.05
  1 1 5 1 26115.3621838469 0.05
  1 1 6 1 15577.6768331076 0.05
  1 1 7 1 14862.7119702171 0.05
  1 1 8 1 13126.9717478817 0.05
  1 1 9 1 13497.2376679862 0.05
  1 1 10 1 17825.4153198342 0.05
  1 1 11 1 20046.6762745733 0.05
  1 1 12 1 21032.2511493412 0.05
  1 1 13 1 18409.4472462623 0.05
  1 1 14 1 15734.1143342005 0.05
  1 1 15 1 11988.2336161728 0.05
  1 1 16 1 8901.80629965201 0.05
  1 1 17 1 8374.54518618621 0.05
  1 1 18 1 4868.08322039279 0.05
  1 1 19 1 4175.53991677098 0.05
  1 1 20 1 5340.88939481957 0.05
  1 1 21 1 4001.22856492296 0.05
  1 1 22 1 5154.12546161438 0.05
  1 1 23 1 4235.78800718803 0.05
  1 1 24 1 5948.1991056624 0.05
  1 1 25 1 4206.74915375663 0.05
  1 1 26 1 5974.15391716029 0.05
  1 1 27 1 2156.6354046477 0.05
  1 1 28 1 1851.73419522757 0.05
  1 1 29 1 2699.44841083771 0.05
  1 1 30 1 3472.88891077895 0.05
  1 1 31 1 4107.89018693673 0.05
  1 1 32 1 4034.22203352907 0.05
  1 1 33 1 1752.12773466003 0.05
  1 1 34 1 2067.58218808365 0.05
  1 1 35 1 1144.54646823949 0.05
  1 1 36 1 723.404500855971 0.05
  1 1 37 1 1102.19037711248 0.05
  1 1 38 1 1151.99854559252 0.05
  1 1 39 1 879.134026457836 0.05
  1 1 40 1 597.355932327646 0.05
  1 1 41 1 627.023868853544 0.05
  1 1 42 1 358.770649474442 0.05
  1 1 1 4 5826.37616553217 0.05
  1 1 2 4 4349.51765487104 0.05
  1 1 3 4 6505.1596859289 0.05
  1 1 4 4 6916.95575331659 0.05
  1 1 5 4 7782.21369008985 0.05
  1 1 6 4 9002.48767245687 0.05
  1 1 7 4 5822.23959116036 0.05
  1 1 8 4 6373.87152218203 0.05
  1 1 9 4 6866.49259894079 0.05
  1 1 10 4 6732.41360965988 0.05
  1 1 11 4 8354.43459444383 0.05
  1 1 12 4 9599.13879518348 0.05
  1 1 13 4 13676.7698039931 0.05
  1 1 14 4 11385.9448691114 0.05
  1 1 15 4 9222.94450453285 0.05
  1 1 16 4 6058.79291291229 0.05
  1 1 17 4 13189.4380534501 0.05
  1 1 18 4 4926.39595753313 0.05
  1 1 19 4 5651.37477515593 0.05
  1 1 20 4 8807.63384626087 0.05
  1 1 21 4 3927.51812720921 0.05
  1 1 22 4 4575.8785223852 0.05
  1 1 23 4 7171.81216351269 0.05
  1 1 24 4 6767.98976912451 0.05
  1 1 25 4 6284.0711250852 0.05
  1 1 26 4 4779.6706720391 0.05
  1 1 27 4 2975.85089177482 0.05
  1 1 28 4 1814.75449299141 0.05
  1 1 29 4 4919.48721360525 0.05
  1 1 30 4 3456.21098233512 0.05
  1 1 31 4 2158.76170838512 0.05
  1 1 32 4 3434.56762076067 0.05
  1 1 33 4 3135.52796373741 0.05
  1 1 34 4 3183.55417469957 0.05
  1 1 35 4 3611.46532082958 0.05
  1 1 36 4 2874.15773624125 0.05
  1 1 37 4 4859.71606931427 0.05
  1 1 38 4 4030.35072568968 0.05
  1 1 39 4 5278.35573294566 0.05
  1 1 40 4 3958.81237504881 0.05
  1 1 41 4 3404.20070113536 0.05
  1 1 42 4 2500.17012716547 0.05
  2 1 1 2 1394.28217188141 0.05
  2 1 2 2 881.504777554508 0.05
  2 1 3 2 1632.72684110763 0.05
  2 1 4 2 800.845321376298 0.05
  2 1 5 2 1189.20441886693 0.05
  2 1 6 2 1250.71464900685 0.05
  2 1 7 2 766.786311799951 0.05
  2 1 8 2 955.060303972035 0.05
  2 1 9 2 899.598313233617 0.05
  2 1 10 2 875.953447516017 0.05
  2 1 11 2 1096.60329109069 0.05
  2 1 12 2 998.858034521452 0.05
  2 1 13 2 3392.3255855006 0.05
  2 1 14 2 1926.24247692272 0.05
  2 1 15 2 1192.03379042496 0.05
  2 1 16 2 2493.02238945868 0.05
  2 1 17 2 2065.59410527222 0.05
  2 1 18 2 25.8732609270898 0.05
  2 1 19 2 4080.16274257528 0.05
  2 1 20 2 5905.44624805001 0.05
  2 1 21 2 13449.1830892504 0.05
  2 1 22 2 13804.4663705771 0.05
  2 1 23 2 10063.2765241325 0.05
  2 1 24 2 22265.9222589091 0.05
  2 1 25 2 9960.07429225649 0.05
  2 1 26 2 13366.2999368182 0.05
  2 1 27 2 12837.0831145307 0.05
  2 1 28 2 9210.67382057833 0.05
  2 1 29 2 11552.7329457597 0.05
  2 1 30 2 7649.14288700545 0.05
  2 1 31 2 7834.10497925387 0.05
  2 1 32 2 17347.5353217173 0.05
  2 1 33 2 10638.9254967553 0.05
  2 1 34 2 19194.4819916389 0.05
  2 1 35 2 17662.0105638644 0.05
  2 1 36 2 21333.2128917813 0.05
  2 1 37 2 19315.3417422583 0.05
  2 1 38 2 18339.6597093859 0.05
  2 1 39 2 11296.2463010469 0.05
  2 1 40 2 7155.07891567356 0.05
  2 1 41 2 6075.85943783664 0.05
  2 1 42 2 1451.8202573336 0.05
  2 1 1 3 450.652826643122 0.05
  2 1 2 3 216.74604873619 0.05
  2 1 3 3 324.449282531353 0.05
  2 1 4 3 398.706834262187 0.05
  2 1 5 3 3014.29062255144 0.05
  2 1 6 3 3472.95269099789 0.05
  2 1 7 3 2506.25454519064 0.05
  2 1 8 3 2397.09847044183 0.05
  2 1 9 3 3522.92349242084 0.05
  2 1 10 3 2464.17200898477 0.05
  2 1 11 3 3739.54505513748 0.05
  2 1 12 3 585.627613844899 0.05
  2 1 13 3 2279.7395177924 0.05
  2 1 14 3 1384.25226007802 0.05
  2 1 15 3 935.941606883908 0.05
  2 1 16 3 914.136068382429 0.05
  2 1 17 3 18582.6099178175 0.05
  2 1 18 3 1238.07112967071 0.05
  2 1 19 3 904.895940305591 0.05
  2 1 20 3 744.543762194962 0.05
  2 1 21 3 468.500271495168 0.05
  2 1 22 3 2484.33406124188 0.05
  2 1 23 3 1028.76858214286 0.05
  2 1 24 3 217.375078464098 0.05
  2 1 25 3 892.131776102655 0.05
  2 1 26 3 2089.77426766515 0.05
  2 1 27 3 2413.07047780774 0.05
  2 1 28 3 644.192649230969 0.05
  2 1 29 3 1600.11572989714 0.05
  2 1 30 3 2289.81467318065 0.05
  2 1 31 3 1578.97025076637 0.05
  2 1 32 3 611.382255573931 0.05
  2 1 33 3 162.047256545462 0.05
  2 1 34 3 132.035456600835 0.05
  2 1 35 3 142.962893917456 0.05
  2 1 36 3 2065.73498662899 0.05
  2 1 37 3 2411.18446138524 0.05
  2 1 38 3 1096.63978708454 0.05
  2 1 39 3 1022.48800043102 0.05
  2 1 40 3 1612.34182996932 0.05
  2 1 41 3 16463.6880408115 0.05
  2 1 42 3 18771.7813114642 0.05
# end catch observations 
#  
# Fishery size comp data 
# Number of observations, init_int Ncatch_size_obs 
  168
# init_matrix obs_catch_size(1,Ncatch_size_obs,1,ncol) 
# Fleet Area  Year  Species Type (0=whole, 1=retained, 2=discard) InpN, proportion by size bin 
  1 1 1 1 0 81 0 0.419753086419753 0.395061728395062 0.0617283950617284 0.358024691358025
  1 1 2 1 0 73 1.34246575342466 0 0.0136986301369863 0.0136986301369863 0
  1 1 3 1 0 65 1.53846153846154 0 0 0 0
  1 1 4 1 0 56 1.73214285714286 0.0535714285714286 0 0 0
  1 1 5 1 0 120 0.775 0.05 0.00833333333333333 0 0
  1 1 6 1 0 130 0.246153846153846 0.392307692307692 0.130769230769231 0 0
  1 1 7 1 0 94 1.06382978723404 0 0 0 0
  1 1 8 1 0 94 0.404255319148936 0.659574468085106 0 0 0
  1 1 9 1 0 82 1.19512195121951 0.0121951219512195 0.0121951219512195 0 0
  1 1 10 1 0 76 1.26315789473684 0.0526315789473684 0 0 0
  1 1 11 1 0 74 1.31081081081081 0.0405405405405405 0 0 0
  1 1 12 1 0 65 1.53846153846154 0 0 0 0
  1 1 13 1 0 77 1.28571428571429 0.012987012987013 0 0 0
  1 1 14 1 0 88 1.125 0.0113636363636364 0 0 0
  1 1 15 1 0 66 1.5 0.0151515151515152 0 0 0
  1 1 16 1 0 69 1.44927536231884 0 0 0 0
  1 1 17 1 0 43 2.32558139534884 0 0 0 0
  1 1 18 1 0 34 2.91176470588235 0.0294117647058824 0 0 0
  1 1 19 1 0 55 1.81818181818182 0 0 0 0
  1 1 20 1 0 64 1.5625 0 0 0 0
  1 1 21 1 0 77 1.25974025974026 0.038961038961039 0 0 0
  1 1 22 1 0 67 1.49253731343284 0 0 0 0
  1 1 23 1 0 133 0.744360902255639 0.0075187969924812 0 0 0
  1 1 24 1 0 98 1.01020408163265 0.0102040816326531 0 0 0
  1 1 25 1 0 91 1.04395604395604 0.043956043956044 0.010989010989011 0 0
  1 1 26 1 0 77 1.28571428571429 0.012987012987013 0 0 0
  1 1 27 1 0 102 0.911764705882353 0.0686274509803922 0 0 0
  1 1 28 1 0 76 1.31578947368421 0 0 0 0
  1 1 29 1 0 110 0.881818181818182 0.0272727272727273 0 0 0
  1 1 30 1 0 100 1 0 0 0 0
  1 1 31 1 0 108 0.907407407407407 0.00925925925925926 0.00925925925925926 0 0
  1 1 32 1 0 118 0.838983050847458 0.00847457627118644 0 0 0
  1 1 33 1 0 129 0.310077519379845 0.441860465116279 0.0232558139534884 0 0
  1 1 34 1 0 90 1.1 0.0111111111111111 0 0 0
  1 1 35 1 0 69 1.28985507246377 0.144927536231884 0.0144927536231884 0 0
  1 1 36 1 0 80 1.2375 0.0125 0 0 0
  1 1 37 1 0 62 1.61290322580645 0 0 0 0
  1 1 38 1 0 94 1.03191489361702 0.0319148936170213 0 0 0
  1 1 39 1 0 75 0.733333333333333 0.533333333333333 0.0666666666666667 0 0
  1 1 40 1 0 75 1.30666666666667 0.0133333333333333 0.0133333333333333 0 0
  1 1 41 1 0 35 2.85714285714286 0 0 0 0
  1 1 42 1 0 22 4.36363636363636 0.136363636363636 0.0454545454545455 0 0
  1 1 1 4 0 5 4.4 0 0 0 15.6
  1 1 2 4 0 5 20 0 0 0 0
  1 1 3 4 0 5 20 0 0 0 0
  1 1 4 4 0 5 20 0 0 0 0
  1 1 5 4 0 5 20 0 0 0 0
  1 1 6 4 0 5 20 0 0 0 0
  1 1 7 4 0 5 20 0 0 0 0
  1 1 8 4 0 5 20 0 0 0 0
  1 1 9 4 0 5 20 0 0 0 0
  1 1 10 4 0 5 20 0 0 0 0
  1 1 11 4 0 1 100 0 0 0 0
  1 1 12 4 0 5 20 0 0 0 0
  1 1 13 4 0 1 100 0 0 0 0
  1 1 14 4 0 2 50 0 0 0 0
  1 1 15 4 0 8 12.5 0 0 0 0
  1 1 16 4 0 3 33.3333333333333 0 0 0 0
  1 1 17 4 0 3 33.3333333333333 0 0 0 0
  1 1 18 4 0 1 100 0 0 0 0
  1 1 19 4 0 3 33.3333333333333 0 0 0 0
  1 1 20 4 0 3 33.3333333333333 0 0 0 0
  1 1 21 4 0 3 33.3333333333333 0 0 0 0
  1 1 22 4 0 2 50 0 0 0 0
  1 1 23 4 0 6 16.6666666666667 0 0 0 0
  1 1 24 4 0 1 100 0 0 0 0
  1 1 25 4 0 1 100 0 0 0 0
  1 1 26 4 0 2 50 0 0 0 0
  1 1 27 4 0 2 50 0 0 0 0
  1 1 28 4 0 4 25 0 0 0 0
  1 1 29 4 0 7 14.2857142857143 0 0 0 0
  1 1 30 4 0 6 16.6666666666667 0 0 0 0
  1 1 31 4 0 10 10 0 0 0 0
  1 1 32 4 0 7 14.2857142857143 0 0 0 0
  1 1 33 4 0 15 6.66666666666667 0 0 0 0
  1 1 34 4 0 19 5.26315789473684 0 0 0 0
  1 1 35 4 0 13 7.69230769230769 0 0 0 0
  1 1 36 4 0 23 4.34782608695652 0 0 0 0
  1 1 37 4 0 7 14.2857142857143 0 0 0 0
  1 1 38 4 0 7 14.2857142857143 0 0 0 0
  1 1 39 4 0 19 5.26315789473684 0 0 0 0
  1 1 40 4 0 25 4 0 0 0 0
  1 1 41 4 0 31 3.2258064516129 0 0 0 0
  1 1 42 4 0 31 3.2258064516129 0 0 0 0
  2 1 1 2 0 2 0 22 22.5 5.5 0
  2 1 2 2 0 5 4.8 2 8.6 4.6 0
  2 1 3 2 0 2 50 0 0 0 0
  2 1 4 2 0 5 10.4 9.6 0 0 0
  2 1 5 2 0 5 20 0 0 0 0
  2 1 6 2 0 5 17.6 2.4 0 0 0
  2 1 7 2 0 5 20 0 0 0 0
  2 1 8 2 0 1 100 0 0 0 0
  2 1 9 2 0 5 20 0 0 0 0
  2 1 10 2 0 5 20 0 0 0 0
  2 1 11 2 0 2 50 0 0 0 0
  2 1 12 2 0 5 20 0 0 0 0
  2 1 13 2 0 5 20 0 0 0 0
  2 1 14 2 0 5 20 0 0 0 0
  2 1 15 2 0 5 20 0 0 0 0
  2 1 16 2 0 5 19.6 0.4 0 0 0
  2 1 17 2 0 5 20 0 0 0 0
  2 1 18 2 0 5 20 0 0 0 0
  2 1 19 2 0 5 20 0 0 0 0
  2 1 20 2 0 30 3.33333333333333 0 0 0 0
  2 1 21 2 0 46 2.17391304347826 0 0 0 0
  2 1 22 2 0 10 10 0 0 0 0
  2 1 23 2 0 19 5.26315789473684 0 0 0 0
  2 1 24 2 0 61 1.31147540983607 0.327868852459016 0 0 0
  2 1 25 2 0 29 3.44827586206897 0 0 0 0
  2 1 26 2 0 32 3.125 0 0 0 0
  2 1 27 2 0 16 6.1875 0.0625 0 0 0
  2 1 28 2 0 31 3.19354838709677 0.032258064516129 0 0 0
  2 1 29 2 0 44 2.27272727272727 0 0 0 0
  2 1 30 2 0 29 3.44827586206897 0 0 0 0
  2 1 31 2 0 25 3.96 0.04 0 0 0
  2 1 32 2 0 22 2.81818181818182 1.72727272727273 0 0 0
  2 1 33 2 0 35 2.8 0.0571428571428571 0 0 0
  2 1 34 2 0 28 3.5 0.0714285714285714 0 0 0
  2 1 35 2 0 45 2.13333333333333 0.0888888888888889 0 0 0
  2 1 36 2 0 51 1.96078431372549 0 0 0 0
  2 1 37 2 0 41 2.4390243902439 0 0 0 0
  2 1 38 2 0 36 2.72222222222222 0.0555555555555556 0 0 0
  2 1 39 2 0 20 4.85 0.15 0 0 0
  2 1 40 2 0 14 6.92857142857143 0.214285714285714 0 0 0
  2 1 41 2 0 17 5.70588235294118 0.176470588235294 0 0 0
  2 1 42 2 0 24 4.16666666666667 0 0 0 0
  2 1 1 3 0 1 11 0 86 3 0
  2 1 2 3 0 5 6.6 0 6.6 6.8 0
  2 1 3 3 0 5 19.8 0 0.2 0 0
  2 1 4 3 0 1 98 2 0 0 0
  2 1 5 3 0 6 16.1666666666667 0.5 0 0 0
  2 1 6 3 0 4 24.5 0.5 0 0 0
  2 1 7 3 0 5 20 0 0 0 0
  2 1 8 3 0 1 100 0 0 0 0
  2 1 9 3 0 1 100 0 0 0 0
  2 1 10 3 0 1 100 0 0 0 0
  2 1 11 3 0 2 50 0 0 0 0
  2 1 12 3 0 5 20 0 0 0 0
  2 1 13 3 0 4 25 0 0 0 0
  2 1 14 3 0 8 12.5 0 0 0 0
  2 1 15 3 0 11 9.09090909090909 0 0 0 0
  2 1 16 3 0 5 19.8 0.2 0 0 0
  2 1 17 3 0 5 20 0 0 0 0
  2 1 18 3 0 1 100 0 0 0 0
  2 1 19 3 0 1 100 0 0 0 0
  2 1 20 3 0 4 25 0 0 0 0
  2 1 21 3 0 3 33.3333333333333 0 0 0 0
  2 1 22 3 0 4 25 0 0 0 0
  2 1 23 3 0 3 33.3333333333333 0 0 0 0
  2 1 24 3 0 3 33.3333333333333 0 0 0 0
  2 1 25 3 0 2 50 0 0 0 0
  2 1 26 3 0 4 25 0 0 0 0
  2 1 27 3 0 5 19.8 0.2 0 0 0
  2 1 28 3 0 4 25 0 0 0 0
  2 1 29 3 0 4 25 0 0 0 0
  2 1 30 3 0 24 4.125 0 0.0416666666666667 0 0
  2 1 31 3 0 10 9.8 0.2 0 0 0
  2 1 32 3 0 12 8.25 0.0833333333333333 0 0 0
  2 1 33 3 0 4 24.5 0.5 0 0 0
  2 1 34 3 0 6 16.3333333333333 0.333333333333333 0 0 0
  2 1 35 3 0 2 50 0 0 0 0
  2 1 36 3 0 10 10 0 0 0 0
  2 1 37 3 0 9 11.1111111111111 0 0 0 0
  2 1 38 3 0 13 7.53846153846154 0.153846153846154 0 0 0
  2 1 39 3 0 16 6.25 0 0 0 0
  2 1 40 3 0 27 3.7037037037037 0 0 0 0
  2 1 41 3 0 15 6.66666666666667 0 0 0 0
  2 1 42 3 0 16 6.25 0 0 0 0
# end fishery length observations 
#  
# Survey diet proportion observations 
# Number of observations, init_int Ndietprop_obs 
  115
# init_matrix obs_dietprop(1,Ndietprop_obs,1,ncol) 
# Survey  Year  Predator  Predator_size InpN  wt_prey_1 wt_prey_2 wt_prey_3 wt_prey_4 wt_prey_5 wt_prey_6 wt_prey_7 wt_prey_8 wt_prey_9 wt_prey_10 wt_prey_11 other 
  1 12 1 2 100 0 0 0 0 1
  1 12 1 3 100 0.58 0 0 0 0.42
  1 13 1 3 100 0 0.05 0 0 0.95
  1 13 1 4 100 0 0.95 0 0 0.05
  1 15 1 2 100 0 0.09 0 0 0.91
  1 18 1 1 100 0.45 0 0 0 0.55
  1 18 1 2 100 0.06 0 0 0 0.94
  1 18 1 3 100 0 0.3 0 0 0.7
  1 19 1 2 100 0 0.29 0 0 0.71
  1 19 1 3 100 0 0.22 0 0 0.78
  1 20 1 3 100 0 0 0 0 1
  1 21 1 2 100 0 0.05 0 0 0.95
  1 21 1 3 100 0 0.25 0 0 0.75
  1 24 1 3 100 0 0.3 0 0 0.7
  1 25 1 3 100 0 0.2 0 0 0.8
  1 26 1 3 100 0 0.32 0.48 0 0.2
  1 27 1 3 100 0 0.03 0.65 0 0.32
  1 28 1 3 100 0 0.88 0 0 0.12
  1 33 1 3 100 0 0.4 0 0 0.6
  1 34 1 3 100 0 0.35 0 0 0.65
  1 35 1 3 100 0 0.46 0 0 0.54
  1 38 1 3 100 0 0.02 0 0 0.98
  1 39 1 3 100 0 0.41 0 0 0.59
  1 40 1 2 100 0 0.4 0 0 0.6
  1 41 1 2 100 0 0 0.29 0 0.71
  2 2 1 4 100 0 0 0 0 1
  2 11 1 3 100 0 0.18 0 0 0.82
  2 14 1 3 100 0 0.29 0 0 0.71
  2 14 1 4 100 0.21 0 0 0 0.79
  2 15 1 3 100 0 0.24 0 0 0.76
  2 16 1 3 100 0 0.03 0 0 0.97
  2 16 1 4 100 0 0.13 0 0 0.87
  2 19 1 3 100 0 0.98 0 0 0.02
  2 19 1 4 100 0 0.23 0 0 0.77
  2 21 1 3 100 0 0.18 0.11 0 0.71
  2 21 1 4 100 0 0.36 0 0 0.64
  2 22 1 3 100 0 0 0.12 0 0.88
  2 23 1 3 100 0 0 0.19 0 0.81
  2 24 1 3 100 0 0.02 0 0 0.98
  2 24 1 4 100 0 0.18 0 0 0.82
  2 25 1 2 100 0 1 0 0 0
  2 25 1 3 100 0 0 0 0 1
  2 26 1 3 100 0 0 0 0 1
  2 27 1 3 100 0 0 0 0 1
  2 27 1 4 100 0 0 0 0 1
  2 29 1 3 100 0 0.4 0 0 0.6
  2 33 1 3 100 0 0.11 0.12 0 0.77
  2 35 1 1 100 0 0.1 0 0 0.9
  2 35 1 2 100 0 0.5 0 0 0.5
  2 35 1 3 100 0 0.54 0 0 0.46
  2 36 1 3 100 0 0.76 0 0 0.24
  2 39 1 3 100 0 0.67 0 0 0.33
  2 40 1 2 100 0 0 0 0 1
  2 36 2 3 100 0 0 0 0 1
  2 30 3 2 100 0 0.04 0 0 0.96
  2 30 3 4 100 0 0.21 0 0 0.79
  1 8 4 2 100 0 0 0.13 0 0.87
  1 8 4 3 100 0 0.01 0 0 0.99
  1 11 4 3 100 0 0.46 0 0 0.54
  1 13 4 2 100 0 0 0.04 0 0.96
  1 13 4 3 100 0 0.05 0 0 0.95
  1 13 4 4 100 0 0 0 0.09 0.91
  1 14 4 3 100 0 0 0 0 1
  1 15 4 3 100 0 1 0 0 0
  1 15 4 4 100 0 0.11 0 0 0.89
  1 16 4 3 100 0 0.25 0 0 0.75
  1 16 4 4 100 0 0.58 0 0 0.42
  1 17 4 3 100 0 0 0.47 0 0.53
  1 18 4 3 100 0 0.07 0 0 0.93
  1 19 4 2 100 0 0 0 0 1
  1 19 4 3 100 0 0.29 0 0 0.71
  1 20 4 2 100 0 0.15 0 0 0.85
  1 20 4 3 100 0 0.08 0 0 0.92
  1 21 4 3 100 0 0 0.34 0 0.66
  1 22 4 2 100 0 0 0.87 0 0.13
  1 23 4 3 100 0 0 0 0 1
  1 24 4 3 100 1 0 0 0 0
  1 25 4 3 100 0 0.02 0 0 0.98
  1 25 4 4 100 0 0 0 0 1
  1 26 4 3 100 0 0 0 0 1
  1 27 4 2 100 0 0.13 0 0 0.87
  1 27 4 3 100 0 0.17 0 0 0.83
  1 28 4 2 100 0 0.18 0 0 0.82
  1 28 4 3 100 0 0.22 0 0 0.78
  1 29 4 3 100 0 0.28 0 0 0.72
  1 31 4 3 100 0 0.3 0.1 0 0.6
  1 31 4 4 100 0 0 0.24 0 0.76
  1 34 4 3 100 0 0.43 0 0 0.57
  1 40 4 3 100 0 0.3 0.02 0 0.68
  1 40 4 4 100 0 0.05 0.02 0 0.93
  1 42 4 3 100 0 0.99 0 0 0.01
  2 6 4 3 100 0 0 0.03 0 0.97
  2 8 4 3 100 0 0 0.25 0 0.75
  2 9 4 4 100 0 0 0 0.09 0.91
  2 14 4 4 100 0 0 0 0 1
  2 15 4 3 100 0 0 0 0 1
  2 16 4 3 100 0 0.02 0 0 0.98
  2 17 4 2 100 0 0.16 0 0 0.84
  2 18 4 3 100 0 0 0 0 1
  2 19 4 3 100 0 0.05 0 0 0.95
  2 21 4 3 100 0 0.18 0 0 0.82
  2 22 4 3 100 0 0.25 0 0 0.75
  2 23 4 3 100 0 0.11 0.2 0 0.69
  2 24 4 3 100 0 0.48 0.07 0 0.45
  2 25 4 3 100 0 0.28 0 0 0.72
  2 25 4 4 100 0 0 0.93 0 0.07
  2 27 4 3 100 0 0.13 0 0 0.87
  2 30 4 3 100 0 0.22 0 0 0.78
  2 33 4 3 100 0 0.08 0 0 0.92
  2 34 4 3 100 0 1 0 0 0
  2 35 4 3 100 0 0.71 0 0 0.29
  2 36 4 2 100 0 0.78 0 0 0.22
  2 36 4 3 100 0 0.92 0 0 0.08
  2 37 4 3 100 0 0.1 0 0 0.9
  2 42 4 3 100 0 0 0.84 0 0.16
# end survey diet proportion observations 
#  
