# This file was created using the write_tsDatFile function and used all the simulated data from sim_dta.rds found in repo:Hydra-self-testing
# Survey index data 
# Number of observations, init_int Nsurvey_obs
  329
# init_matrix obs_survey_biomass(1,Nsurvey_obs,1,5)
# survey year spp value cv
  1 1 4 600342.435776226 0.212720515437525
  2 1 4 439695.162707435 0.25363203301826
  1 2 4 16741.347399668 0.222168779300385
  2 2 4 19473.9474207751 0.187773345626693
  1 3 4 146982.010606798 0.394113240257454
  2 3 4 3654.81440602102 0.423618201694685
  1 4 4 173124.821266674 0.310035034727007
  2 4 4 4094.93342084006 0.327069686277164
  1 5 4 240127.149273824 0.378629084128514
  2 5 4 7177.4017196697 0.391316523019912
  1 6 4 11290.9015237982 0.494427832556011
  2 6 4 1555.94498340434 0.376280830351703
  1 7 4 61127.2119711617 0.759062286891916
  2 7 4 837.721945772269 0.665352569827422
  1 8 4 3666.72397452719 0.383150869515862
  2 8 4 287.237876131331 0.433685089735353
  1 9 4 19982.1158321495 0.48934963094834
  2 9 4 463.052028660616 0.392371299771634
  1 10 4 16092.3750169102 0.382452035825211
  2 10 4 1370.90487235201 0.333798529002863
  1 11 4 9102.61846494876 0.566792532611316
  2 11 4 366.687903528995 0.868042030585988
  1 12 4 27092.9642128092 0.381518572031255
  2 12 4 452.326485550133 0.445144789260538
  1 13 4 13551.1826967442 0.438380584739347
  2 13 4 498.188623500336 0.947226139495183
  1 14 4 6658.46158840362 0.482345652338289
  2 14 4 108.135409623051 0.377075764230608
  1 15 4 3530.53665355607 0.420835086749712
  2 15 4 118.463978684946 0.614716212748607
  1 16 4 8458.15566072589 0.515165860253858
  2 16 4 38.0123796577441 0.704031323768783
  1 17 4 8865.15775804417 0.559532625975744
  2 17 4 76.5894357687803 0.319774204956139
  1 18 4 822.787050784894 0.479008946214672
  2 18 4 42.1001453012815 0.41351869139049
  1 19 4 8183.04294534799 0.429419179801904
  2 19 4 92.9313121696287 0.387615780132326
  1 20 4 8960.93480722292 0.477074256852948
  2 20 4 81.9897707215711 0.315868813200741
  1 21 4 5446.17986523796 0.410621521476155
  2 21 4 105.767848072964 0.630050999524052
  1 22 4 19536.6298380072 0.294672690077384
  2 22 4 330.426458325379 0.335469505128288
  1 23 4 13019.1080303566 0.477447511398437
  2 23 4 757.047530304224 0.407625761955908
  1 24 4 6563.73542401777 0.384568504019134
  2 24 4 71.9370340789046 0.43049173366256
  1 25 4 2986.78015879703 0.333261603198005
  2 25 4 33.9628701413625 0.843960441627036
  1 26 4 6393.1014715347 0.685474246042822
  2 26 4 61.146599193351 0.429620783824035
  1 27 4 2481.28063865776 0.286882992344226
  2 27 4 211.705401321833 0.81343687860715
  1 28 4 8726.02849071968 0.371822434434906
  2 28 4 268.039813379599 0.53327636373572
  1 29 4 11823.6505634154 0.592639130460935
  2 29 4 413.426577845874 0.590339711107796
  1 30 4 14324.2164180525 0.374062101432949
  2 30 4 822.85527177315 0.701775131617819
  1 31 4 24202.6583169749 0.304499664309564
  2 31 4 678.498678825335 0.210828956182955
  1 32 4 26946.9046958428 0.233962995093855
  2 32 4 698.295966636706 0.329779252894958
  1 33 4 7461.04786961357 0.270006842918168
  2 33 4 242.744434672405 0.460124990024536
  1 34 4 9131.90151673644 0.350007507053818
  2 34 4 401.356380781283 0.837656243552001
  1 35 4 8016.33217618874 0.34274593698132
  2 35 4 164.566634079281 0.291986952078346
  1 36 4 15417.4133333101 0.261906583866089
  2 36 4 240.516358244747 0.425399553458769
  1 37 4 37203.5085688462 0.417429035160016
  2 37 4 917.18604207326 0.287702894520317
  1 38 4 54539.6314773237 0.441211421515246
  2 38 4 1551.63156390545 0.866971810340233
  1 39 4 48317.0079181776 0.495234601454268
  2 39 4 846.374544086603 0.556663444153977
  1 40 4 18725.8554880395 0.237858203733512
  2 40 4 320.651369701577 0.295404104464232
  1 41 4 3500.64617749473 0.327346172729995
  2 41 4 26.0950888466851 0.994030515469621
  1 42 4 1103.86419715333 0.368315456462939
  2 42 4 121.752388720725 0.461505384764764
  1 1 2 5.48969785140436e-264 0.601375663623589
  2 1 2 3.63819879444002e-264 0.565196579518992
  2 2 2 6.69395281834243e-210 0.686052062200317
  2 3 2 5.86488646700008e-187 0.378997614818957
  1 4 2 5.07007195728673e-191 1
  2 4 2 9.08600136831758e-193 0.459316778181236
  1 5 2 3.45518073389905e-194 0.611089023955187
  2 5 2 5.0610558505151e-196 0.780615956536472
  1 6 2 1.31990738150443e-198 0.702037850017464
  2 6 2 1.09972156616665e-199 0.461790555986525
  1 7 2 7.28299850794739e-201 0.948289691951521
  2 7 2 1.50508187589926e-201 0.685175011742778
  1 8 2 1.3060802959856e-202 0.544380631361087
  2 8 2 3.63316373184617e-204 0.424096495665332
  1 9 2 9.6248708490043e-205 0.5393131982084
  2 9 2 2.43628045574337e-205 0.454629127333952
  1 10 2 4.29544153344275e-206 0.88095039530815
  2 10 2 6.63904175770953e-207 0.419344308350161
  1 11 2 3.10883668638898e-207 0.799987970388403
  2 11 2 8.14545190527297e-209 0.839124360078806
  1 12 2 5.30461529615688e-202 0.774991903603438
  2 12 2 6.69951778071258e-204 0.424721667998453
  1 13 2 8.08649701440816e-206 0.863215133786584
  2 13 2 7.7396279526295e-208 0.387073469025502
  1 14 2 3.37303527312085e-208 0.704083892007286
  2 14 2 6.73258423286467e-209 0.312793018147624
  1 15 2 2.64404970179982e-201 0.457459057188701
  2 15 2 1.3716223760462e-203 0.459652287866146
  1 16 2 2.9624952574841e-187 0.853197309912465
  2 16 2 4.41505001820883e-189 0.628928805514438
  1 17 2 1.7218174342403e-200 0.61116783920211
  2 17 2 1.2480508406893e-201 0.3895964128798
  1 18 2 6.33838861088467e-205 0.416775375911518
  2 18 2 3.80989011996008e-206 0.495180348393774
  1 19 2 2.00591126533555e-185 0.69077510766454
  2 19 2 4.92345380322293e-188 0.347120352110889
  1 20 2 2.80925869892471e-190 0.793751288508348
  2 20 2 3.45977038681582e-192 0.526946514998015
  1 21 2 1.20592474476079e-192 0.339376634127756
  2 21 2 5.85863137160104e-194 0.609998621037514
  1 22 2 4.59352405583033e-195 0.601950919776798
  2 22 2 4.07507466638236e-196 0.389299707202565
  1 23 2 1.17802501824284e-196 0.658556209578282
  2 23 2 1.86070406365197e-197 0.288585466763824
  1 24 2 5.64340744772341e-197 0.637453135075156
  2 24 2 5.88079270381879e-199 0.480513100150493
  1 25 2 1.84001302236605e-201 0.510473149998029
  2 25 2 2.71588377452816e-202 0.338488147626423
  1 26 2 2.35503276153068e-190 0.548437091427541
  2 26 2 3.57216732246535e-193 0.345955330423839
  1 27 2 8.41067844843097e-178 0.492912195981742
  2 27 2 7.20144313273738e-180 0.33164245084141
  1 28 2 1.17157391787683e-180 0.747597319880804
  2 28 2 5.69436349223078e-183 0.447853531697379
  1 29 2 6.01608793825391e-184 0.451616070879294
  2 29 2 3.78232237229872e-185 0.305275882623724
  1 30 2 8.41624015907758e-185 0.797269558848634
  2 30 2 1.74529138879547e-186 0.605264936420634
  1 31 2 3.13606660260807e-187 0.666772556553203
  2 31 2 3.80721119833056e-188 0.359836468902791
  1 32 2 4.64125965024044e-189 0.96787270074405
  2 32 2 4.94331779752498e-190 0.422601396160012
  1 33 2 1.38720478729758e-190 0.404694020855087
  2 33 2 6.21024364044542e-192 0.465820030674526
  1 34 2 7.23937869666287e-193 0.814873375751391
  2 34 2 1.2775205524864e-193 0.505954372112585
  1 35 2 1.6389664176492e-195 0.533219898766676
  2 35 2 1.51144568138732e-196 0.287403659199158
  1 36 2 3.9423442282599e-198 0.371953858881132
  2 36 2 5.88493476206267e-199 0.365560779244073
  1 37 2 3.87799342015041e-199 0.791301167226987
  2 37 2 2.12803092286476e-200 0.487536998609889
  1 38 2 1.07358392976856e-200 0.633364993316759
  2 38 2 5.98914937829586e-202 0.644823084547079
  1 39 2 8.11180171279974e-203 0.827253682697507
  2 39 2 3.84692196272691e-203 0.354235596542703
  1 40 2 5.15551437039911e-204 0.900216415173481
  2 40 2 1.65162707076072e-205 0.395846441583114
  1 41 2 5.22303558959754e-207 0.957770995377006
  2 41 2 1.28697123411344e-207 0.496084887173497
  1 42 2 7.11291628813085e-209 0.55870584954739
  2 42 2 8.46886172057247e-210 0.604660139936764
  1 1 1 208701.222921933 0.241799049430762
  2 1 1 1693782.34952968 0.250018379470286
  1 2 1 44084.4178595357 0.142636213550947
  2 2 1 175360.520867117 0.163647146277456
  1 3 1 54944.7593135469 0.225478190042395
  2 3 1 51234.325730012 0.192013183632222
  1 4 1 187259.846978426 0.323579734794357
  2 4 1 149201.594405959 0.162432383538487
  1 5 1 76859.6011188447 0.320666395151501
  2 5 1 182925.273011985 0.822390366318268
  1 6 1 7551.81014090071 0.452044832991261
  2 6 1 45241.0321458534 0.192408532269243
  1 7 1 59595.0765916664 0.28209645893665
  2 7 1 30152.9510937651 0.262097825842625
  1 8 1 3922.95788956099 0.414010381101596
  2 8 1 55791.6932236973 0.189959250209439
  1 9 1 32674.5564815026 0.40638853202345
  2 9 1 8494.77454680183 0.178404315527443
  1 10 1 17921.2249367061 0.290993157294119
  2 10 1 26431.7399456478 0.156753980046499
  1 11 1 4508.08806709348 0.324615016521962
  2 11 1 18665.2051610558 0.174348711952217
  1 12 1 13310.7006941161 0.294780938380682
  2 12 1 8467.42207230215 0.195232854572048
  1 13 1 5693.99475938883 0.440402569626277
  2 13 1 10368.0041707455 0.185762358850192
  1 14 1 5781.73786393827 0.372421878022742
  2 14 1 3949.35847410436 0.151581173531864
  1 15 1 4026.32615299955 0.341871348717721
  2 15 1 2501.90707513647 0.233364310094868
  1 16 1 1782.95075077602 0.416897355424411
  2 16 1 2189.26523251476 0.283802183917676
  1 17 1 1101.50071421061 0.500820840736393
  2 17 1 1533.94033219833 0.495024013362717
  1 18 1 723.373066686288 0.389853340834037
  2 18 1 1993.42706686876 0.390988792530431
  1 19 1 1201.29664660282 0.293941849282161
  2 19 1 590.79111707656 0.322403741112933
  1 20 1 1053.93812694239 0.525509720403112
  2 20 1 775.393449072572 0.218361153170241
  1 21 1 1395.44648427024 0.266433769579894
  2 21 1 1179.61965623288 0.421115605185845
  1 22 1 4707.1917587245 0.374831371194202
  2 22 1 2437.95149075747 0.227391091044855
  1 23 1 1744.87352872011 0.352011231642473
  2 23 1 3648.44407979289 0.384269029090844
  1 24 1 1118.53943151711 0.34725908523047
  2 24 1 2276.12356170123 0.331291933735556
  1 25 1 920.243986569646 0.578696888706846
  2 25 1 1483.03002268473 0.247394190789157
  1 26 1 2353.17116906365 0.459728456052307
  2 26 1 991.52954458393 0.394189312610479
  1 27 1 394.628759148181 0.539982548576019
  2 27 1 1989.87597035259 0.72948972943007
  1 28 1 2299.32733905837 0.364309332200766
  2 28 1 707.181887883698 0.278656828353639
  1 29 1 3800.41337005786 0.562793580097325
  2 29 1 2071.28294859296 0.316141323613091
  1 30 1 5581.78577716747 0.420348818797864
  2 30 1 5401.77009619263 0.30511736182771
  1 31 1 6546.6985861826 0.403753427903273
  2 31 1 4182.23845909494 0.278331587636247
  1 32 1 7017.38443677336 0.491331418922754
  2 32 1 5216.33077167671 0.329726795744574
  1 33 1 498.626664797945 0.537081122476055
  2 33 1 6706.12679755099 0.33086845072982
  1 34 1 1738.57919385224 0.379030815152119
  2 34 1 712.770681705629 0.278881417082292
  1 35 1 1717.03287400178 0.519511456600017
  2 35 1 1261.9786882977 0.27351876283918
  1 36 1 3427.74437238428 0.556056214854877
  2 36 1 886.010069826276 0.714061811185508
  1 37 1 1754.29205663851 0.588197671943964
  2 37 1 1032.51322663152 0.340315242626747
  1 38 1 2661.91543413343 0.324588369174256
  2 38 1 5294.4849369975 0.300199803594678
  1 39 1 367.503172038026 0.501841796783066
  2 39 1 964.0712709067 0.438397059851219
  1 40 1 255.590241988142 0.403101009292275
  2 40 1 196.703136343266 0.410378233550251
  1 41 1 244.046508012391 0.478602624152216
  2 41 1 502.740212585624 0.362128776577143
  1 42 1 126.970605424659 0.646634922078809
  2 42 1 302.898640687195 0.816170985475773
  1 1 3 268915.557415291 0.499484636786782
  1 2 3 2974.0020294447 0.358153914340203
  2 2 3 167998.837318199 0.577110518633802
  1 3 3 434337.483613922 0.678339172154909
  2 3 3 84737.1284923579 0.738121970739642
  1 4 3 74674.8288842447 1
  2 4 3 50831.4775225413 0.52056341701904
  1 5 3 234566.343156581 0.693225535250834
  2 5 3 21467.8372446121 1
  1 6 3 1390.07595601639 1
  2 6 3 8289.57606774011 0.48452157876779
  1 7 3 2017.68949913697 0.912293822979085
  1 8 3 152.524119528194 0.655734850091527
  2 8 3 245.068688137353 0.750382084373246
  1 9 3 327.359431032784 0.670809892238012
  2 9 3 164.959302849531 0.47273108889926
  1 10 3 141.157789632187 0.631102684426709
  2 10 3 337.462144918762 0.919260399745188
  1 11 3 334.735618808964 0.496475444687371
  1 12 3 38.4333785916054 0.740682868109632
  2 12 3 6.36713910874831 1
  1 13 3 319.725183143694 0.360862225436052
  1 14 3 465.880624599288 0.547901331396328
  2 14 3 107.526725423031 0.478873954421528
  1 15 3 104.954447888663 0.429608216382601
  2 15 3 373.214327912079 0.654713783069401
  1 16 3 413.218806186372 0.69118921143411
  2 16 3 309.672577271808 0.8614889831113
  1 17 3 46.0295405454939 0.426971754606328
  2 17 3 131.094264382828 0.572182042928152
  1 18 3 28.0974771609658 0.505524319387353
  2 18 3 60.9991385344349 0.488492827246527
  1 19 3 44.8106184698277 0.644591984223249
  2 19 3 29.5143195408867 0.51925665989311
  1 20 3 16.6080534282579 0.899065435378594
  2 20 3 38.7156488200371 0.59569628754064
  1 21 3 42.9405937520361 0.543826822033971
  2 21 3 10.5613701843247 0.466111862829518
  1 22 3 77.9275325520453 0.88174616562504
  2 22 3 212.461832637709 0.568444982816852
  1 23 3 320.105528483842 0.408104676406013
  2 23 3 158.014262171012 0.357346049869971
  1 24 3 8.76854710807167 0.92608255019157
  2 24 3 104.852705898686 0.539541007788685
  1 25 3 53.2331789249769 0.648664057223823
  2 25 3 58.3523048071139 0.576168087832409
  1 26 3 80.5795234235503 0.695927823776047
  2 26 3 39.3186179489944 0.549529982814455
  1 27 3 47.3175002473294 0.708713243925404
  2 27 3 59.1141770336894 0.496269825160911
  1 28 3 83.8266750537479 0.489543853646182
  1 29 3 128.799061877513 0.703511357168505
  2 29 3 238.036606748485 0.875017095315649
  1 30 3 422.420893111799 0.631659802692532
  2 30 3 520.061361558353 0.908152223575802
  1 31 3 1716.57534065592 0.626570332091694
  2 31 3 318.686947026924 0.712465807947941
  1 32 3 508.771730779502 0.661895735249442
  2 32 3 998.837834097302 0.86012943797605
  1 33 3 210.892526603399 0.783155911787346
  2 33 3 152.205041823403 0.598390099709208
  1 34 3 26.204959582788 0.542775440757204
  2 34 3 19.0698577434458 0.743173480285892
  1 35 3 12.5588035536837 0.870542376054271
  2 35 3 8.78744332809138 0.446478967244395
  1 36 3 125.875547445603 0.492193512682958
  2 36 3 96.050730153468 0.490110041691513
  1 37 3 1696.82005713808 0.909630520329322
  2 37 3 644.595545422879 0.433872317628348
  1 38 3 5208.08565907926 0.644773009949607
  2 38 3 1172.26941099008 0.484949159815328
  1 39 3 1472.89002732906 0.515045488987725
  2 39 3 1267.99342049643 0.388710136036013
  1 40 3 314.855604495425 0.442573167063876
  2 40 3 394.143240327054 0.395139923022642
  1 41 3 59.9645098508721 0.88587618368699
  2 41 3 213.880108835106 0.537531419606343
  1 42 3 858048.393259421 0.983269433580366
  2 42 3 800904.394931455 0.849696423298534
# end survey index observations 
#  
# Survey size comp data 
# Number of observations, init_int Nsurvey_size_obs 
  329
# init_matrix obs_survey_size(1,Nsurvey_size_obs,1,ncol) 
# Survey  Year  Species Type (0=whole, 1=retained, 2=discard) InpN, proportion by length bin 
  1 1 1 0 57 0 1.12280701754386 0.614035087719298 0.0175438596491228 0
  1 2 1 0 65 0.769230769230769 0.738461538461539 0.0307692307692308 0 0
  1 3 1 0 32 1.59375 1.53125 0 0 0
  1 4 1 0 32 1.65625 1.46875 0 0 0
  1 5 1 0 21 2.04761904761905 2.57142857142857 0.142857142857143 0 0
  1 6 1 0 18 0.444444444444444 3.33333333333333 1.72222222222222 0.0555555555555556 0
  1 7 1 0 25 2.16 1.84 0 0 0
  1 8 1 0 20 0.25 3.35 1.4 0 0
  1 9 1 0 16 2.875 3.375 0 0 0
  1 10 1 0 19 2.47368421052632 2.73684210526316 0.0526315789473684 0 0
  1 11 1 0 20 2.35 2.35 0.3 0 0
  1 12 1 0 22 2.68181818181818 1.86363636363636 0 0 0
  1 13 1 0 23 2.08695652173913 2.17391304347826 0.0869565217391304 0 0
  1 14 1 0 14 3.64285714285714 3.28571428571429 0.214285714285714 0 0
  1 15 1 0 21 2.57142857142857 2.19047619047619 0 0 0
  1 16 1 0 14 4 3.14285714285714 0 0 0
  1 17 1 0 17 2.64705882352941 3.11764705882353 0.117647058823529 0 0
  1 18 1 0 19 2.94736842105263 2.31578947368421 0 0 0
  1 19 1 0 18 2.61111111111111 2.94444444444444 0 0 0
  1 20 1 0 15 3.53333333333333 3.13333333333333 0 0 0
  1 21 1 0 21 2.14285714285714 2.57142857142857 0.0476190476190476 0 0
  1 22 1 0 13 3.76923076923077 3.92307692307692 0 0 0
  1 23 1 0 14 3.28571428571429 3.85714285714286 0 0 0
  1 24 1 0 14 3.71428571428571 3.35714285714286 0.0714285714285714 0 0
  1 25 1 0 18 2.88888888888889 2.66666666666667 0 0 0
  1 26 1 0 14 3.78571428571429 3.35714285714286 0 0 0
  1 27 1 0 23 2 2.34782608695652 0 0 0
  1 28 1 0 14 3.21428571428571 3.85714285714286 0.0714285714285714 0 0
  1 29 1 0 17 3 2.82352941176471 0.0588235294117647 0 0
  1 30 1 0 18 2.61111111111111 2.88888888888889 0.0555555555555556 0 0
  1 31 1 0 20 2.5 2.4 0.1 0 0
  1 32 1 0 10 4.7 5.2 0.1 0 0
  1 33 1 0 15 1.33333333333333 3.86666666666667 1.46666666666667 0 0
  1 34 1 0 18 3 2.55555555555556 0 0 0
  1 35 1 0 8 6.75 5.5 0.25 0 0
  1 36 1 0 12 3.91666666666667 4.41666666666667 0 0 0
  1 37 1 0 8 6.125 6.25 0.125 0 0
  1 38 1 0 16 3.3125 2.875 0.0625 0 0
  1 39 1 0 10 2.8 5.2 2 0 0
  1 40 1 0 10 5.5 4.5 0 0 0
  1 41 1 0 13 3.38461538461538 4.23076923076923 0.0769230769230769 0 0
  1 42 1 0 8 5.25 6.625 0.625 0 0
  1 1 2 0 11 1.54545454545455 1.81818181818182 1.81818181818182 2.36363636363636 1.54545454545455
  1 4 2 0 1 23 21 17 20 19
  1 5 2 0 5 3.8 5.6 3.6 3.4 3.6
  1 6 2 0 1 23 11 24 21 21
  1 7 2 0 3 8 5 7 7.66666666666667 5.66666666666667
  1 8 2 0 4 3.75 5 2.75 5 8.5
  1 9 2 0 5 3.6 3.8 5 3.4 4.2
  1 10 2 0 10 2.2 1.6 2.4 1.8 2
  1 11 2 0 13 2.07692307692308 1.46153846153846 1.15384615384615 1.53846153846154 1.46153846153846
  1 12 2 0 15 1.06666666666667 1.26666666666667 1.13333333333333 1.6 1.6
  1 13 2 0 9 2 2.44444444444444 1.55555555555556 2.77777777777778 2.33333333333333
  1 14 2 0 6 3 3.83333333333333 3 3 3.83333333333333
  1 15 2 0 13 1.53846153846154 1.76923076923077 1.46153846153846 1.46153846153846 1.46153846153846
  1 16 2 0 10 2 2 2.3 1.6 2.1
  1 17 2 0 10 1.9 1.9 2.1 2.4 1.7
  1 18 2 0 18 1.05555555555556 1.44444444444444 0.722222222222222 1.27777777777778 1.05555555555556
  1 19 2 0 27 0.555555555555556 0.814814814814815 0.888888888888889 0.888888888888889 0.555555555555556
  1 20 2 0 23 1 0.91304347826087 1 0.478260869565217 0.956521739130435
  1 21 2 0 25 0.8 0.88 0.8 0.84 0.68
  1 22 2 0 9 2.55555555555556 2.11111111111111 2 2.22222222222222 2.22222222222222
  1 23 2 0 8 3.375 1.5 2.375 2.875 2.375
  1 24 2 0 9 2.22222222222222 3 1.66666666666667 2.77777777777778 1.44444444444444
  1 25 2 0 14 1.35714285714286 1.28571428571429 1.57142857142857 1.42857142857143 1.5
  1 26 2 0 18 1.11111111111111 0.888888888888889 1.27777777777778 1.22222222222222 1.05555555555556
  1 27 2 0 16 1.1875 1.125 1 1.5 1.4375
  1 28 2 0 6 2.83333333333333 4.33333333333333 3.16666666666667 3.5 2.83333333333333
  1 29 2 0 8 2.75 2.125 2.625 2.875 2.125
  1 30 2 0 17 1.11764705882353 1.35294117647059 1 1.23529411764706 1.17647058823529
  1 31 2 0 9 2 2.33333333333333 1.55555555555556 2.44444444444444 2.77777777777778
  1 32 2 0 30 0.6 0.666666666666667 0.6 0.666666666666667 0.8
  1 33 2 0 24 0.916666666666667 0.75 0.625 0.875 1
  1 34 2 0 25 0.64 0.76 0.88 0.76 0.96
  1 35 2 0 16 1.125 1.125 1.5 1.625 0.875
  1 36 2 0 13 2.38461538461538 1.23076923076923 1.46153846153846 1.23076923076923 1.38461538461538
  1 37 2 0 8 1.875 2.875 2 3.125 2.625
  1 38 2 0 10 2.5 1.9 1.5 2.1 2
  1 39 2 0 13 1.30769230769231 1.53846153846154 1.92307692307692 1.46153846153846 1.46153846153846
  1 40 2 0 8 2.25 3 2 2.25 3
  1 41 2 0 5 4 3.6 2.8 6 3.6
  1 42 2 0 17 1.41176470588235 1.29411764705882 0.764705882352941 1.05882352941176 1.35294117647059
  1 1 3 0 27 0 0.851851851851852 2 0.851851851851852 0
  1 2 3 0 13 0 0.153846153846154 3.76923076923077 3.76923076923077 0
  1 3 3 0 5 10.2 9.8 0 0 0
  1 4 3 0 2 4.5 35 10.5 0 0
  1 5 3 0 5 11.4 8.6 0 0 0
  1 6 3 0 1 29 63 8 0 0
  1 7 3 0 3 16.3333333333333 15 1.66666666666667 0.333333333333333 0
  1 8 3 0 3 18.3333333333333 15 0 0 0
  1 9 3 0 4 13.25 11.75 0 0 0
  1 10 3 0 4 12.5 12.5 0 0 0
  1 11 3 0 4 15 10 0 0 0
  1 12 3 0 2 24.5 25.5 0 0 0
  1 13 3 0 8 6.5 5.875 0.125 0 0
  1 14 3 0 19 2.94736842105263 2.26315789473684 0.0526315789473684 0 0
  1 15 3 0 15 4.26666666666667 2.4 0 0 0
  1 16 3 0 12 4.25 4 0.0833333333333333 0 0
  1 17 3 0 14 0.857142857142857 4.92857142857143 1.28571428571429 0.0714285714285714 0
  1 18 3 0 14 4 3.07142857142857 0 0.0714285714285714 0
  1 19 3 0 15 3.46666666666667 3.2 0 0 0
  1 20 3 0 17 2.35294117647059 3.29411764705882 0.235294117647059 0 0
  1 21 3 0 12 4.33333333333333 4 0 0 0
  1 22 3 0 11 5.36363636363636 3.72727272727273 0 0 0
  1 23 3 0 16 3.25 2.9375 0.0625 0 0
  1 24 3 0 15 2.26666666666667 3.4 1 0 0
  1 25 3 0 4 15 10 0 0 0
  1 26 3 0 14 4.07142857142857 3.07142857142857 0 0 0
  1 27 3 0 6 8.33333333333333 8.16666666666667 0.166666666666667 0 0
  1 28 3 0 4 12.25 12.5 0.25 0 0
  1 29 3 0 2 27.5 22.5 0 0 0
  1 30 3 0 10 6.1 3.9 0 0 0
  1 31 3 0 9 5.22222222222222 5.88888888888889 0 0 0
  1 32 3 0 12 1.91666666666667 4.91666666666667 1.5 0 0
  1 33 3 0 5 11.4 8.4 0.2 0 0
  1 34 3 0 9 5.88888888888889 4.88888888888889 0.333333333333333 0 0
  1 35 3 0 5 11.6 8.4 0 0 0
  1 36 3 0 5 12.2 7.8 0 0 0
  1 37 3 0 3 19.3333333333333 14 0 0 0
  1 38 3 0 15 3.06666666666667 3.6 0 0 0
  1 39 3 0 12 3.91666666666667 4.33333333333333 0.0833333333333333 0 0
  1 40 3 0 9 6 4.66666666666667 0.444444444444444 0 0
  1 41 3 0 8 3 7.5 2 0 0
  1 42 3 0 12 4.16666666666667 3.41666666666667 0.583333333333333 0.166666666666667 0
  1 1 4 0 86 0.441860465116279 0.197674418604651 0.5 0.0232558139534884 0
  1 2 4 0 100 0.01 0.1 0.83 0.06 0
  1 3 4 0 33 2.54545454545455 0.484848484848485 0 0 0
  1 4 4 0 44 1.79545454545455 0.477272727272727 0 0 0
  1 5 4 0 34 2.41176470588235 0.529411764705882 0 0 0
  1 6 4 0 40 1.975 0.525 0 0 0
  1 7 4 0 39 2.02564102564103 0.538461538461538 0 0 0
  1 8 4 0 49 1.55102040816327 0.469387755102041 0.0204081632653061 0 0
  1 9 4 0 36 2.19444444444444 0.583333333333333 0 0 0
  1 10 4 0 43 1.74418604651163 0.581395348837209 0 0 0
  1 11 4 0 41 1.78048780487805 0.609756097560976 0.0487804878048781 0 0
  1 12 4 0 35 2.28571428571429 0.571428571428571 0 0 0
  1 13 4 0 32 2.5625 0.5625 0 0 0
  1 14 4 0 21 3.76190476190476 1 0 0 0
  1 15 4 0 30 2.6 0.733333333333333 0 0 0
  1 16 4 0 19 3.94736842105263 1.31578947368421 0 0 0
  1 17 4 0 35 2.14285714285714 0.714285714285714 0 0 0
  1 18 4 0 27 2.81481481481481 0.888888888888889 0 0 0
  1 19 4 0 34 2.41176470588235 0.529411764705882 0 0 0
  1 20 4 0 42 1.95238095238095 0.428571428571429 0 0 0
  1 21 4 0 41 2.04878048780488 0.390243902439024 0 0 0
  1 22 4 0 44 1.93181818181818 0.340909090909091 0 0 0
  1 23 4 0 28 2.60714285714286 0.928571428571429 0.0357142857142857 0 0
  1 24 4 0 34 2.26470588235294 0.676470588235294 0 0 0
  1 25 4 0 36 2.25 0.527777777777778 0 0 0
  1 26 4 0 31 2.58064516129032 0.645161290322581 0 0 0
  1 27 4 0 39 2.02564102564103 0.538461538461538 0 0 0
  1 28 4 0 38 2.10526315789474 0.526315789473684 0 0 0
  1 29 4 0 48 1.77083333333333 0.3125 0 0 0
  1 30 4 0 38 2.18421052631579 0.447368421052632 0 0 0
  1 31 4 0 61 1.32786885245902 0.295081967213115 0.0163934426229508 0 0
  1 32 4 0 48 1.70833333333333 0.375 0 0 0
  1 33 4 0 49 1.63265306122449 0.408163265306122 0 0 0
  1 34 4 0 44 1.84090909090909 0.431818181818182 0 0 0
  1 35 4 0 61 1.36065573770492 0.278688524590164 0 0 0
  1 36 4 0 67 1.08955223880597 0.402985074626866 0 0 0
  1 37 4 0 57 1.36842105263158 0.385964912280702 0 0 0
  1 38 4 0 38 2.15789473684211 0.473684210526316 0 0 0
  1 39 4 0 52 1.42307692307692 0.461538461538462 0.0384615384615385 0 0
  1 40 4 0 43 1.7906976744186 0.534883720930233 0 0 0
  1 41 4 0 42 1.88095238095238 0.476190476190476 0.0238095238095238 0 0
  1 42 4 0 61 1.24590163934426 0.39344262295082 0 0 0
  2 1 1 0 58 0 0.103448275862069 1.53448275862069 0.0862068965517241 0
  2 2 1 0 83 0 0.421686746987952 0.650602409638554 0.132530120481928 0
  2 3 1 0 63 0 0.952380952380952 0.634920634920635 0 0
  2 4 1 0 56 0.0178571428571429 1.14285714285714 0.607142857142857 0.0178571428571429 0
  2 5 1 0 55 0 0.4 1.41818181818182 0 0
  2 6 1 0 45 0 0.0888888888888889 2.13333333333333 0 0
  2 7 1 0 46 0 2.10869565217391 0.0652173913043478 0 0
  2 8 1 0 56 0 0.0357142857142857 1.75 0 0
  2 9 1 0 51 0.0392156862745098 1.72549019607843 0.196078431372549 0 0
  2 10 1 0 44 0 1.31818181818182 0.954545454545455 0 0
  2 11 1 0 49 0 0.653061224489796 1.38775510204082 0 0
  2 12 1 0 50 0.02 1.32 0.66 0 0
  2 13 1 0 48 0 0.916666666666667 1.16666666666667 0 0
  2 14 1 0 52 0 1.21153846153846 0.711538461538462 0 0
  2 15 1 0 31 0 1.80645161290323 1.41935483870968 0 0
  2 16 1 0 38 0 1.73684210526316 0.894736842105263 0 0
  2 17 1 0 26 0.0384615384615385 2.03846153846154 1.76923076923077 0 0
  2 18 1 0 33 0 1.36363636363636 1.66666666666667 0 0
  2 19 1 0 31 0 2.06451612903226 1.16129032258065 0 0
  2 20 1 0 38 0.0263157894736842 1.92105263157895 0.684210526315789 0 0
  2 21 1 0 30 0 2.16666666666667 1.16666666666667 0 0
  2 22 1 0 35 0.0285714285714286 1.91428571428571 0.914285714285714 0 0
  2 23 1 0 35 0 0.828571428571429 2.02857142857143 0 0
  2 24 1 0 26 0.0769230769230769 2.46153846153846 1.30769230769231 0 0
  2 25 1 0 32 0 1.875 1.25 0 0
  2 26 1 0 26 0 2.80769230769231 1.03846153846154 0 0
  2 27 1 0 37 0 0.864864864864865 1.83783783783784 0 0
  2 28 1 0 35 0 2.31428571428571 0.542857142857143 0 0
  2 29 1 0 33 0 1.03030303030303 2 0 0
  2 30 1 0 45 0.0222222222222222 1.57777777777778 0.622222222222222 0 0
  2 31 1 0 34 0 1.58823529411765 1.35294117647059 0 0
  2 32 1 0 36 0 1.83333333333333 0.916666666666667 0.0277777777777778 0
  2 33 1 0 42 0 0.142857142857143 2.21428571428571 0.0238095238095238 0
  2 34 1 0 34 0.0294117647058824 2.47058823529412 0.382352941176471 0.0588235294117647 0
  2 35 1 0 35 0 1.14285714285714 1.71428571428571 0 0
  2 36 1 0 28 0.0357142857142857 2.21428571428571 1.25 0.0714285714285714 0
  2 37 1 0 22 0.0454545454545455 3.59090909090909 0.909090909090909 0 0
  2 38 1 0 32 0 1.5 1.625 0 0
  2 39 1 0 27 0 0.222222222222222 3.48148148148148 0 0
  2 40 1 0 39 0 1.64102564102564 0.897435897435897 0.0256410256410256 0
  2 41 1 0 20 0.05 2.9 2.05 0 0
  2 42 1 0 30 0 0.9 2.43333333333333 0 0
  2 1 2 0 16 1.5 1.125 1.0625 1.625 0.9375
  2 2 2 0 20 0.7 1.05 1.1 1.35 0.8
  2 3 2 0 34 0.705882352941177 0.382352941176471 0.647058823529412 0.441176470588235 0.764705882352941
  2 4 2 0 15 1.06666666666667 1.73333333333333 1.13333333333333 1.46666666666667 1.26666666666667
  2 5 2 0 4 4.75 5.5 4.75 4.5 5.5
  2 6 2 0 7 3.14285714285714 2.71428571428571 2.71428571428571 2.85714285714286 2.85714285714286
  2 7 2 0 18 1.44444444444444 1.05555555555556 0.722222222222222 1.33333333333333 1
  2 8 2 0 22 0.772727272727273 1.09090909090909 0.863636363636364 0.909090909090909 0.909090909090909
  2 9 2 0 21 0.952380952380952 0.857142857142857 1.0952380952381 1 0.857142857142857
  2 10 2 0 11 2.27272727272727 2.09090909090909 1.81818181818182 1.45454545454545 1.45454545454545
  2 11 2 0 7 2 3.28571428571429 2.14285714285714 3.42857142857143 3.42857142857143
  2 12 2 0 19 0.947368421052632 0.789473684210526 1.26315789473684 1.36842105263158 0.894736842105263
  2 13 2 0 32 0.5625 0.71875 0.5 0.65625 0.6875
  2 14 2 0 34 0.441176470588235 0.558823529411765 0.794117647058823 0.470588235294118 0.676470588235294
  2 15 2 0 27 0.518518518518518 0.777777777777778 1 1.11111111111111 0.296296296296296
  2 16 2 0 42 0.523809523809524 0.523809523809524 0.404761904761905 0.5 0.428571428571429
  2 17 2 0 34 0.941176470588235 0.352941176470588 0.529411764705882 0.470588235294118 0.647058823529412
  2 18 2 0 28 0.464285714285714 0.714285714285714 0.821428571428571 0.964285714285714 0.607142857142857
  2 19 2 0 26 0.5 0.807692307692308 0.769230769230769 0.846153846153846 0.923076923076923
  2 20 2 0 32 0.5625 0.46875 0.78125 0.625 0.6875
  2 21 2 0 37 0.567567567567568 0.513513513513513 0.567567567567568 0.459459459459459 0.594594594594595
  2 22 2 0 38 0.473684210526316 0.447368421052632 0.473684210526316 0.473684210526316 0.763157894736842
  2 23 2 0 41 0.414634146341463 0.75609756097561 0.463414634146341 0.341463414634146 0.463414634146341
  2 24 2 0 33 0.515151515151515 0.666666666666667 0.606060606060606 0.515151515151515 0.727272727272727
  2 25 2 0 45 0.4 0.333333333333333 0.377777777777778 0.466666666666667 0.644444444444444
  2 26 2 0 28 0.607142857142857 0.357142857142857 1.32142857142857 0.607142857142857 0.678571428571429
  2 27 2 0 47 0.617021276595745 0.382978723404255 0.361702127659574 0.446808510638298 0.319148936170213
  2 28 2 0 22 1 1.04545454545455 0.863636363636364 0.636363636363636 1
  2 29 2 0 40 0.725 0.475 0.525 0.4 0.375
  2 30 2 0 28 0.75 0.964285714285714 0.678571428571429 0.428571428571429 0.75
  2 31 2 0 32 0.75 0.5 0.65625 0.46875 0.75
  2 32 2 0 40 0.675 0.3 0.575 0.525 0.425
  2 33 2 0 43 0.325581395348837 0.465116279069767 0.488372093023256 0.627906976744186 0.418604651162791
  2 34 2 0 46 0.521739130434783 0.304347826086957 0.347826086956522 0.5 0.5
  2 35 2 0 60 0.316666666666667 0.35 0.266666666666667 0.4 0.333333333333333
  2 36 2 0 49 0.408163265306122 0.36734693877551 0.489795918367347 0.387755102040816 0.387755102040816
  2 37 2 0 32 0.59375 0.6875 0.90625 0.375 0.5625
  2 38 2 0 30 0.733333333333333 0.666666666666667 0.6 0.666666666666667 0.666666666666667
  2 39 2 0 29 0.655172413793103 0.931034482758621 0.724137931034483 0.620689655172414 0.517241379310345
  2 40 2 0 31 0.451612903225806 0.806451612903226 0.645161290322581 0.741935483870968 0.580645161290323
  2 41 2 0 14 1.28571428571429 1.21428571428571 1.57142857142857 1.5 1.57142857142857
  2 42 2 0 19 1 1 0.631578947368421 1.42105263157895 1.21052631578947
  2 2 3 0 3 0 0 2 31.3333333333333 0
  2 3 3 0 3 4.33333333333333 28.6666666666667 0 0.333333333333333 0
  2 4 3 0 7 0 1.71428571428571 12.5714285714286 0 0
  2 5 3 0 1 15 82 2 1 0
  2 6 3 0 14 0.142857142857143 2 4.92857142857143 0.0714285714285714 0
  2 8 3 0 10 1.2 8.3 0.1 0.4 0
  2 9 3 0 6 2.83333333333333 12.8333333333333 0.833333333333333 0.166666666666667 0
  2 10 3 0 2 5.5 40.5 3.5 0.5 0
  2 12 3 0 1 9 75 16 0 0
  2 14 3 0 9 1 8.88888888888889 1.22222222222222 0 0
  2 15 3 0 5 2.2 15.2 2.4 0.2 0
  2 16 3 0 9 1.44444444444444 9.22222222222222 0.444444444444444 0 0
  2 17 3 0 9 0.333333333333333 2.44444444444444 8.22222222222222 0.111111111111111 0
  2 18 3 0 13 0.846153846153846 5.38461538461539 1 0.461538461538462 0
  2 19 3 0 14 0.714285714285714 6.07142857142857 0.285714285714286 0.0714285714285714 0
  2 20 3 0 19 0.315789473684211 2.89473684210526 2 0.0526315789473684 0
  2 21 3 0 20 0.6 4.25 0.15 0 0
  2 22 3 0 23 0.521739130434783 3.69565217391304 0.130434782608696 0 0
  2 23 3 0 26 0.5 3.15384615384615 0.192307692307692 0 0
  2 24 3 0 28 0.0714285714285714 1.14285714285714 2.35714285714286 0 0
  2 25 3 0 20 0.4 3.9 0.45 0.25 0
  2 26 3 0 7 2 11.8571428571429 0.428571428571429 0 0
  2 27 3 0 5 2.8 15.8 1.4 0 0
  2 29 3 0 6 0.833333333333333 15 0.833333333333333 0 0
  2 30 3 0 14 0.785714285714286 6.21428571428571 0.142857142857143 0 0
  2 31 3 0 7 1.14285714285714 12.5714285714286 0.571428571428571 0 0
  2 32 3 0 20 0 1.3 3.65 0.05 0
  2 33 3 0 18 0.444444444444444 4.05555555555556 0.666666666666667 0.388888888888889 0
  2 34 3 0 15 1.13333333333333 4.46666666666667 0.866666666666667 0.2 0
  2 35 3 0 28 0.428571428571429 2.57142857142857 0.428571428571429 0.142857142857143 0
  2 36 3 0 25 0.48 3.52 0 0 0
  2 37 3 0 19 0.526315789473684 4.52631578947368 0.210526315789474 0 0
  2 38 3 0 33 0.212121212121212 2.63636363636364 0.181818181818182 0 0
  2 39 3 0 32 0.1875 2.46875 0.4375 0.03125 0
  2 40 3 0 34 0.294117647058824 2.17647058823529 0.470588235294118 0 0
  2 41 3 0 20 0.05 1.45 2.95 0.55 0
  2 42 3 0 27 0.111111111111111 0.666666666666667 1.2962962962963 1.62962962962963 0
  2 1 4 0 44 0 0 2.11363636363636 0.159090909090909 0
  2 2 4 0 75 0 0 1.26666666666667 0.0666666666666667 0
  2 3 4 0 66 0 1.48484848484848 0.0303030303030303 0 0
  2 4 4 0 54 0.0185185185185185 1.53703703703704 0.296296296296296 0 0
  2 5 4 0 31 0.0645161290322581 2.61290322580645 0.548387096774194 0 0
  2 6 4 0 24 0.125 2.125 1.91666666666667 0 0
  2 7 4 0 20 0.15 4.6 0.25 0 0
  2 8 4 0 25 0 1.64 2.36 0 0
  2 9 4 0 44 0.0454545454545455 2.18181818181818 0.0454545454545455 0 0
  2 10 4 0 36 0.0555555555555556 2.11111111111111 0.611111111111111 0 0
  2 11 4 0 22 0 3.09090909090909 1.45454545454545 0 0
  2 12 4 0 21 0.0952380952380952 4.33333333333333 0.333333333333333 0 0
  2 13 4 0 26 0.0384615384615385 3.46153846153846 0.346153846153846 0 0
  2 14 4 0 35 0.0571428571428571 2.51428571428571 0.285714285714286 0 0
  2 15 4 0 21 0 4 0.761904761904762 0 0
  2 16 4 0 30 0.1 2.93333333333333 0.3 0 0
  2 17 4 0 40 0 2.225 0.275 0 0
  2 18 4 0 42 0 2.04761904761905 0.333333333333333 0 0
  2 19 4 0 46 0.0652173913043478 2.06521739130435 0.0434782608695652 0 0
  2 20 4 0 37 0.027027027027027 2.54054054054054 0.135135135135135 0 0
  2 21 4 0 44 0.0454545454545455 1.90909090909091 0.318181818181818 0 0
  2 22 4 0 42 0.0238095238095238 2.21428571428571 0.142857142857143 0 0
  2 23 4 0 35 0.0285714285714286 2.4 0.428571428571429 0 0
  2 24 4 0 26 0.0384615384615385 3.11538461538462 0.692307692307692 0 0
  2 25 4 0 19 0.157894736842105 4.36842105263158 0.736842105263158 0 0
  2 26 4 0 29 0 2.89655172413793 0.551724137931034 0 0
  2 27 4 0 10 0 8.4 1.6 0 0
  2 28 4 0 20 0 4.7 0.3 0 0
  2 29 4 0 25 0 3.56 0.44 0 0
  2 30 4 0 18 0.111111111111111 4.61111111111111 0.833333333333333 0 0
  2 31 4 0 24 0.0416666666666667 2.70833333333333 1.41666666666667 0 0
  2 32 4 0 21 0 4.42857142857143 0.333333333333333 0 0
  2 33 4 0 10 0.1 6.4 3.5 0 0
  2 34 4 0 12 0 7.91666666666667 0.416666666666667 0 0
  2 35 4 0 29 0.0344827586206897 2.68965517241379 0.724137931034483 0 0
  2 36 4 0 17 0 5.17647058823529 0.705882352941177 0 0
  2 37 4 0 39 0.0512820512820513 2.43589743589744 0.0769230769230769 0 0
  2 38 4 0 9 0.111111111111111 8.22222222222222 2.77777777777778 0 0
  2 39 4 0 50 0 1.16 0.84 0 0
  2 40 4 0 15 0.0666666666666667 5 1.6 0 0
  2 41 4 0 7 0.285714285714286 9.57142857142857 4.42857142857143 0 0
  2 42 4 0 9 0 7.55555555555556 3.55555555555556 0 0
# end survey length observations 
#  
# Fishery catch data 
# Number of observations, init_int Ncatch_obs
  168
# init_matrix obs_catch_biomass(1,Ncatch_obs,1,6) 
# Fleet	Area	Year	Species	Catch(biomass t)	CV 
  1 1 1 1 14548.2303594245 0.05
  1 1 2 1 20940.8996863012 0.05
  1 1 3 1 16441.3484084303 0.05
  1 1 4 1 19962.1457502835 0.05
  1 1 5 1 26213.8124214824 0.05
  1 1 6 1 15779.5533587839 0.05
  1 1 7 1 16574.1704333468 0.05
  1 1 8 1 13301.1761413383 0.05
  1 1 9 1 13154.5773902887 0.05
  1 1 10 1 17323.3668209763 0.05
  1 1 11 1 20770.2885830299 0.05
  1 1 12 1 17393.1655045137 0.05
  1 1 13 1 18537.1284497768 0.05
  1 1 14 1 15944.9946752485 0.05
  1 1 15 1 12048.6453108533 0.05
  1 1 16 1 8942.09697782022 0.05
  1 1 17 1 7756.04620825049 0.05
  1 1 18 1 4993.58440666799 0.05
  1 1 19 1 4142.70531994915 0.05
  1 1 20 1 5066.89859023199 0.05
  1 1 21 1 4345.25517867147 0.05
  1 1 22 1 5574.72462048104 0.05
  1 1 23 1 4438.2511460202 0.05
  1 1 24 1 6124.7906503087 0.05
  1 1 25 1 4233.54136542419 0.05
  1 1 26 1 5085.84172065869 0.05
  1 1 27 1 2030.23682914697 0.05
  1 1 28 1 1854.70441472958 0.05
  1 1 29 1 2264.43401611064 0.05
  1 1 30 1 3521.19139347881 0.05
  1 1 31 1 4065.29451095372 0.05
  1 1 32 1 3773.80021079237 0.05
  1 1 33 1 1734.05066264677 0.05
  1 1 34 1 1867.7590167457 0.05
  1 1 35 1 1200.93031401156 0.05
  1 1 36 1 655.293056462714 0.05
  1 1 37 1 1118.4294911899 0.05
  1 1 38 1 1139.98340776092 0.05
  1 1 39 1 853.770237053649 0.05
  1 1 40 1 614.621009068491 0.05
  1 1 41 1 623.175971061194 0.05
  1 1 42 1 372.808980582244 0.05
  1 1 1 4 6374.80067117949 0.05
  1 1 2 4 4143.22355719885 0.05
  1 1 3 4 6237.50184795118 0.05
  1 1 4 4 6542.59681495983 0.05
  1 1 5 4 7720.18766170788 0.05
  1 1 6 4 8801.42132977718 0.05
  1 1 7 4 6166.81507414831 0.05
  1 1 8 4 7184.49501265616 0.05
  1 1 9 4 7364.83703932061 0.05
  1 1 10 4 7343.42436040555 0.05
  1 1 11 4 7637.32463023737 0.05
  1 1 12 4 9335.75095868154 0.05
  1 1 13 4 13878.756610937 0.05
  1 1 14 4 12174.1445977876 0.05
  1 1 15 4 8751.74654639961 0.05
  1 1 16 4 5963.80140926337 0.05
  1 1 17 4 13556.7285247024 0.05
  1 1 18 4 4927.51496564862 0.05
  1 1 19 4 5340.26510031733 0.05
  1 1 20 4 9239.11172614671 0.05
  1 1 21 4 4330.76549752329 0.05
  1 1 22 4 4300.49449276408 0.05
  1 1 23 4 7756.10893826223 0.05
  1 1 24 4 6604.16599618765 0.05
  1 1 25 4 5602.16630988715 0.05
  1 1 26 4 4161.94738662288 0.05
  1 1 27 4 3249.516818347 0.05
  1 1 28 4 1953.42132413672 0.05
  1 1 29 4 4514.7662776302 0.05
  1 1 30 4 3466.42194763066 0.05
  1 1 31 4 2104.31436648799 0.05
  1 1 32 4 3593.49885217055 0.05
  1 1 33 4 3125.30279777133 0.05
  1 1 34 4 3177.95386915046 0.05
  1 1 35 4 3311.13675825139 0.05
  1 1 36 4 2660.07023836984 0.05
  1 1 37 4 4820.49060205746 0.05
  1 1 38 4 4191.77622004283 0.05
  1 1 39 4 5177.37681193374 0.05
  1 1 40 4 3524.54024340011 0.05
  1 1 41 4 3608.76965999747 0.05
  1 1 42 4 2385.94340132579 0.05
  2 1 1 2 1280.77105965372 0.05
  2 1 2 2 922.201903522901 0.05
  2 1 3 2 1432.67689078663 0.05
  2 1 4 2 915.438222941213 0.05
  2 1 5 2 1222.6870547566 0.05
  2 1 6 2 1240.12125571345 0.05
  2 1 7 2 736.883988017395 0.05
  2 1 8 2 972.744334933538 0.05
  2 1 9 2 824.565057394508 0.05
  2 1 10 2 792.406936059292 0.05
  2 1 11 2 1040.61844458007 0.05
  2 1 12 2 986.492732923436 0.05
  2 1 13 2 3227.46728554902 0.05
  2 1 14 2 1845.61054885114 0.05
  2 1 15 2 1081.83813175857 0.05
  2 1 16 2 2775.84630262721 0.05
  2 1 17 2 2080.85393454917 0.05
  2 1 18 2 26.808407493267 0.05
  2 1 19 2 3750.8867345167 0.05
  2 1 20 2 5988.63433369088 0.05
  2 1 21 2 13734.2115573289 0.05
  2 1 22 2 16078.4878303547 0.05
  2 1 23 2 8845.55542496764 0.05
  2 1 24 2 20906.5301682993 0.05
  2 1 25 2 9787.35317067739 0.05
  2 1 26 2 13357.7711931023 0.05
  2 1 27 2 13174.0146426902 0.05
  2 1 28 2 8560.38710325657 0.05
  2 1 29 2 10362.8049807068 0.05
  2 1 30 2 7420.81985446794 0.05
  2 1 31 2 8211.53604226984 0.05
  2 1 32 2 19577.6994226781 0.05
  2 1 33 2 9941.52911181541 0.05
  2 1 34 2 18292.7931793981 0.05
  2 1 35 2 17233.7437308035 0.05
  2 1 36 2 20460.631511628 0.05
  2 1 37 2 19907.4922654747 0.05
  2 1 38 2 17918.4841312616 0.05
  2 1 39 2 10432.2654152026 0.05
  2 1 40 2 6395.85993581282 0.05
  2 1 41 2 5844.56978834116 0.05
  2 1 42 2 1533.57575831486 0.05
  2 1 1 3 485.590903508561 0.05
  2 1 2 3 219.551047144571 0.05
  2 1 3 3 330.326408339957 0.05
  2 1 4 3 414.409838734186 0.05
  2 1 5 3 3299.4336743431 0.05
  2 1 6 3 3516.58869615225 0.05
  2 1 7 3 2610.69861993751 0.05
  2 1 8 3 2677.70023212537 0.05
  2 1 9 3 3420.66454410065 0.05
  2 1 10 3 2588.94877301205 0.05
  2 1 11 3 3109.0066729137 0.05
  2 1 12 3 634.353569800728 0.05
  2 1 13 3 2241.26401871724 0.05
  2 1 14 3 1378.35124673995 0.05
  2 1 15 3 914.772132804098 0.05
  2 1 16 3 873.420167444322 0.05
  2 1 17 3 16181.5873062281 0.05
  2 1 18 3 1219.16015918421 0.05
  2 1 19 3 903.92614526338 0.05
  2 1 20 3 753.116045651012 0.05
  2 1 21 3 520.808432562057 0.05
  2 1 22 3 2372.21319947607 0.05
  2 1 23 3 985.544987565414 0.05
  2 1 24 3 219.326712288571 0.05
  2 1 25 3 880.004132580126 0.05
  2 1 26 3 2187.78912162347 0.05
  2 1 27 3 2448.20044402919 0.05
  2 1 28 3 707.114712671012 0.05
  2 1 29 3 1462.18064658383 0.05
  2 1 30 3 2159.76750494685 0.05
  2 1 31 3 1510.37575292382 0.05
  2 1 32 3 660.230281153389 0.05
  2 1 33 3 151.969598783694 0.05
  2 1 34 3 129.461150395796 0.05
  2 1 35 3 144.4771051642 0.05
  2 1 36 3 2331.97682318833 0.05
  2 1 37 3 2356.94872848853 0.05
  2 1 38 3 969.517153232965 0.05
  2 1 39 3 912.195772443929 0.05
  2 1 40 3 1560.11631054656 0.05
  2 1 41 3 15438.2536812097 0.05
  2 1 42 3 17127.5755674713 0.05
# end catch observations 
#  
# Fishery size comp data 
# Number of observations, init_int Ncatch_size_obs 
  168
# init_matrix obs_catch_size(1,Ncatch_size_obs,1,ncol) 
# Fleet Area  Year  Species Type (0=whole, 1=retained, 2=discard) InpN, proportion by size bin 
  1 1 1 1 0 81 0.037037037037037 0.493827160493827 0.358024691358025 0.111111111111111 0.234567901234568
  1 1 2 1 0 73 1.32876712328767 0 0.0273972602739726 0.0136986301369863 0
  1 1 3 1 0 65 1.50769230769231 0.0307692307692308 0 0 0
  1 1 4 1 0 56 1.78571428571429 0 0 0 0
  1 1 5 1 0 120 0.791666666666667 0.0416666666666667 0 0 0
  1 1 6 1 0 130 0.284615384615385 0.392307692307692 0.0923076923076923 0 0
  1 1 7 1 0 94 1.06382978723404 0 0 0 0
  1 1 8 1 0 94 0.404255319148936 0.648936170212766 0.0106382978723404 0 0
  1 1 9 1 0 82 1.21951219512195 0 0 0 0
  1 1 10 1 0 76 1.30263157894737 0.0131578947368421 0 0 0
  1 1 11 1 0 74 1.31081081081081 0.0405405405405405 0 0 0
  1 1 12 1 0 65 1.50769230769231 0.0153846153846154 0.0153846153846154 0 0
  1 1 13 1 0 77 1.28571428571429 0 0.012987012987013 0 0
  1 1 14 1 0 88 1.11363636363636 0.0113636363636364 0.0113636363636364 0 0
  1 1 15 1 0 66 1.5 0.0151515151515152 0 0 0
  1 1 16 1 0 69 1.39130434782609 0.0579710144927536 0 0 0
  1 1 17 1 0 43 2.30232558139535 0.0232558139534884 0 0 0
  1 1 18 1 0 34 2.85294117647059 0.0882352941176471 0 0 0
  1 1 19 1 0 55 1.74545454545455 0.0727272727272727 0 0 0
  1 1 20 1 0 64 1.5625 0 0 0 0
  1 1 21 1 0 77 1.28571428571429 0.012987012987013 0 0 0
  1 1 22 1 0 67 1.49253731343284 0 0 0 0
  1 1 23 1 0 133 0.729323308270677 0.0225563909774436 0 0 0
  1 1 24 1 0 98 1.02040816326531 0 0 0 0
  1 1 25 1 0 91 1.05494505494505 0.043956043956044 0 0 0
  1 1 26 1 0 77 1.28571428571429 0.012987012987013 0 0 0
  1 1 27 1 0 102 0.941176470588235 0.0294117647058824 0.00980392156862745 0 0
  1 1 28 1 0 76 1.28947368421053 0.0263157894736842 0 0 0
  1 1 29 1 0 110 0.872727272727273 0.0363636363636364 0 0 0
  1 1 30 1 0 100 0.99 0.01 0 0 0
  1 1 31 1 0 108 0.916666666666667 0.00925925925925926 0 0 0
  1 1 32 1 0 118 0.838983050847458 0 0.00847457627118644 0 0
  1 1 33 1 0 129 0.441860465116279 0.333333333333333 0 0 0
  1 1 34 1 0 90 1.11111111111111 0 0 0 0
  1 1 35 1 0 69 1.39130434782609 0.0579710144927536 0 0 0
  1 1 36 1 0 80 1.225 0.025 0 0 0
  1 1 37 1 0 62 1.61290322580645 0 0 0 0
  1 1 38 1 0 94 1.03191489361702 0.0319148936170213 0 0 0
  1 1 39 1 0 75 0.8 0.48 0.0533333333333333 0 0
  1 1 40 1 0 75 1.28 0.0266666666666667 0.0266666666666667 0 0
  1 1 41 1 0 35 2.8 0.0571428571428571 0 0 0
  1 1 42 1 0 22 4.36363636363636 0.181818181818182 0 0 0
  1 1 1 4 0 5 4.6 0 0 0 15.4
  1 1 2 4 0 5 20 0 0 0 0
  1 1 3 4 0 5 20 0 0 0 0
  1 1 4 4 0 5 20 0 0 0 0
  1 1 5 4 0 5 20 0 0 0 0
  1 1 6 4 0 5 20 0 0 0 0
  1 1 7 4 0 5 20 0 0 0 0
  1 1 8 4 0 5 20 0 0 0 0
  1 1 9 4 0 5 20 0 0 0 0
  1 1 10 4 0 5 20 0 0 0 0
  1 1 11 4 0 1 100 0 0 0 0
  1 1 12 4 0 5 20 0 0 0 0
  1 1 13 4 0 1 100 0 0 0 0
  1 1 14 4 0 2 50 0 0 0 0
  1 1 15 4 0 8 12.5 0 0 0 0
  1 1 16 4 0 3 33.3333333333333 0 0 0 0
  1 1 17 4 0 3 33.3333333333333 0 0 0 0
  1 1 18 4 0 1 100 0 0 0 0
  1 1 19 4 0 3 33.3333333333333 0 0 0 0
  1 1 20 4 0 3 33.3333333333333 0 0 0 0
  1 1 21 4 0 3 33.3333333333333 0 0 0 0
  1 1 22 4 0 2 50 0 0 0 0
  1 1 23 4 0 6 16.6666666666667 0 0 0 0
  1 1 24 4 0 1 100 0 0 0 0
  1 1 25 4 0 1 100 0 0 0 0
  1 1 26 4 0 2 50 0 0 0 0
  1 1 27 4 0 2 50 0 0 0 0
  1 1 28 4 0 4 25 0 0 0 0
  1 1 29 4 0 7 14.2857142857143 0 0 0 0
  1 1 30 4 0 6 16.6666666666667 0 0 0 0
  1 1 31 4 0 10 10 0 0 0 0
  1 1 32 4 0 7 14.2857142857143 0 0 0 0
  1 1 33 4 0 15 6.66666666666667 0 0 0 0
  1 1 34 4 0 19 5.26315789473684 0 0 0 0
  1 1 35 4 0 13 7.69230769230769 0 0 0 0
  1 1 36 4 0 23 4.34782608695652 0 0 0 0
  1 1 37 4 0 7 14.2857142857143 0 0 0 0
  1 1 38 4 0 7 14.2857142857143 0 0 0 0
  1 1 39 4 0 19 5.26315789473684 0 0 0 0
  1 1 40 4 0 25 4 0 0 0 0
  1 1 41 4 0 31 3.2258064516129 0 0 0 0
  1 1 42 4 0 31 3.2258064516129 0 0 0 0
  2 1 1 2 0 2 0 20 25.5 4.5 0
  2 1 2 2 0 5 5.2 3.2 8 3.6 0
  2 1 3 2 0 2 50 0 0 0 0
  2 1 4 2 0 5 10 10 0 0 0
  2 1 5 2 0 5 20 0 0 0 0
  2 1 6 2 0 5 17.2 2.8 0 0 0
  2 1 7 2 0 5 20 0 0 0 0
  2 1 8 2 0 1 99 1 0 0 0
  2 1 9 2 0 5 20 0 0 0 0
  2 1 10 2 0 5 20 0 0 0 0
  2 1 11 2 0 2 50 0 0 0 0
  2 1 12 2 0 5 20 0 0 0 0
  2 1 13 2 0 5 20 0 0 0 0
  2 1 14 2 0 5 19.8 0.2 0 0 0
  2 1 15 2 0 5 19.8 0.2 0 0 0
  2 1 16 2 0 5 20 0 0 0 0
  2 1 17 2 0 5 20 0 0 0 0
  2 1 18 2 0 5 20 0 0 0 0
  2 1 19 2 0 5 20 0 0 0 0
  2 1 20 2 0 30 3.33333333333333 0 0 0 0
  2 1 21 2 0 46 2.17391304347826 0 0 0 0
  2 1 22 2 0 10 9.9 0.1 0 0 0
  2 1 23 2 0 19 5.15789473684211 0.105263157894737 0 0 0
  2 1 24 2 0 61 1.29508196721311 0.344262295081967 0 0 0
  2 1 25 2 0 29 3.44827586206897 0 0 0 0
  2 1 26 2 0 32 3.09375 0.03125 0 0 0
  2 1 27 2 0 16 6.25 0 0 0 0
  2 1 28 2 0 31 3.19354838709677 0.032258064516129 0 0 0
  2 1 29 2 0 44 2.27272727272727 0 0 0 0
  2 1 30 2 0 29 3.44827586206897 0 0 0 0
  2 1 31 2 0 25 4 0 0 0 0
  2 1 32 2 0 22 3.13636363636364 1.40909090909091 0 0 0
  2 1 33 2 0 35 2.82857142857143 0.0285714285714286 0 0 0
  2 1 34 2 0 28 3.5 0.0714285714285714 0 0 0
  2 1 35 2 0 45 2.2 0.0222222222222222 0 0 0
  2 1 36 2 0 51 1.96078431372549 0 0 0 0
  2 1 37 2 0 41 2.4390243902439 0 0 0 0
  2 1 38 2 0 36 2.72222222222222 0.0555555555555556 0 0 0
  2 1 39 2 0 20 4.95 0.05 0 0 0
  2 1 40 2 0 14 7.14285714285714 0 0 0 0
  2 1 41 2 0 17 5.76470588235294 0.117647058823529 0 0 0
  2 1 42 2 0 24 4.16666666666667 0 0 0 0
  2 1 1 3 0 1 14 0 82 4 0
  2 1 2 3 0 5 6 0 5.8 8.2 0
  2 1 3 3 0 5 20 0 0 0 0
  2 1 4 3 0 1 99 1 0 0 0
  2 1 5 3 0 6 16.1666666666667 0.333333333333333 0.166666666666667 0 0
  2 1 6 3 0 4 25 0 0 0 0
  2 1 7 3 0 5 20 0 0 0 0
  2 1 8 3 0 1 99 1 0 0 0
  2 1 9 3 0 1 100 0 0 0 0
  2 1 10 3 0 1 100 0 0 0 0
  2 1 11 3 0 2 50 0 0 0 0
  2 1 12 3 0 5 20 0 0 0 0
  2 1 13 3 0 4 25 0 0 0 0
  2 1 14 3 0 8 12.5 0 0 0 0
  2 1 15 3 0 11 9.09090909090909 0 0 0 0
  2 1 16 3 0 5 20 0 0 0 0
  2 1 17 3 0 5 20 0 0 0 0
  2 1 18 3 0 1 100 0 0 0 0
  2 1 19 3 0 1 100 0 0 0 0
  2 1 20 3 0 4 25 0 0 0 0
  2 1 21 3 0 3 33 0.333333333333333 0 0 0
  2 1 22 3 0 4 25 0 0 0 0
  2 1 23 3 0 3 33 0.333333333333333 0 0 0
  2 1 24 3 0 3 33.3333333333333 0 0 0 0
  2 1 25 3 0 2 50 0 0 0 0
  2 1 26 3 0 4 25 0 0 0 0
  2 1 27 3 0 5 20 0 0 0 0
  2 1 28 3 0 4 25 0 0 0 0
  2 1 29 3 0 4 24.75 0.25 0 0 0
  2 1 30 3 0 24 4.16666666666667 0 0 0 0
  2 1 31 3 0 10 10 0 0 0 0
  2 1 32 3 0 12 8.33333333333333 0 0 0 0
  2 1 33 3 0 4 24.25 0.75 0 0 0
  2 1 34 3 0 6 16.6666666666667 0 0 0 0
  2 1 35 3 0 2 50 0 0 0 0
  2 1 36 3 0 10 9.8 0.2 0 0 0
  2 1 37 3 0 9 11.1111111111111 0 0 0 0
  2 1 38 3 0 13 7.69230769230769 0 0 0 0
  2 1 39 3 0 16 6.1875 0.0625 0 0 0
  2 1 40 3 0 27 3.66666666666667 0.037037037037037 0 0 0
  2 1 41 3 0 15 6.46666666666667 0.2 0 0 0
  2 1 42 3 0 16 6.1875 0.0625 0 0 0
# end fishery length observations 
#  
# Survey diet proportion observations 
# Number of observations, init_int Ndietprop_obs 
  115
# init_matrix obs_dietprop(1,Ndietprop_obs,1,ncol) 
# Survey  Year  Predator  Predator_size InpN  wt_prey_1 wt_prey_2 wt_prey_3 wt_prey_4 wt_prey_5 wt_prey_6 wt_prey_7 wt_prey_8 wt_prey_9 wt_prey_10 wt_prey_11 other 
  1 12 1 2 100 0 0 0 0 1
  1 12 1 3 100 0.02 0 0 0 0.98
  1 13 1 3 100 0 0.2 0 0 0.8
  1 13 1 4 100 0 0.95 0 0 0.05
  1 15 1 2 100 0 0.53 0 0 0.47
  1 18 1 1 100 0.61 0 0 0 0.39
  1 18 1 2 100 0 0 0 0 1
  1 18 1 3 100 0 0.07 0 0 0.93
  1 19 1 2 100 0 0.02 0 0 0.98
  1 19 1 3 100 0 0.59 0 0 0.41
  1 20 1 3 100 0 0 0 0 1
  1 21 1 2 100 0 0 0 0 1
  1 21 1 3 100 0 0.52 0 0 0.48
  1 24 1 3 100 0 0.64 0 0 0.36
  1 25 1 3 100 0 1 0 0 0
  1 26 1 3 100 0 0.5 0.04 0 0.46
  1 27 1 3 100 0 0 1 0 0
  1 28 1 3 100 0 1 0 0 0
  1 33 1 3 100 0 0.97 0 0 0.03
  1 34 1 3 100 0 0.25 0 0 0.75
  1 35 1 3 100 0 0.14 0 0 0.86
  1 38 1 3 100 0 0 0 0 1
  1 39 1 3 100 0 0.3 0 0 0.7
  1 40 1 2 100 0 0.32 0 0 0.68
  1 41 1 2 100 0 0 0.51 0 0.49
  2 2 1 4 100 0 0 0 0 1
  2 11 1 3 100 0 0.63 0 0 0.37
  2 14 1 3 100 0 0 0 0 1
  2 14 1 4 100 0 0 0 0 1
  2 15 1 3 100 0 0 0 0 1
  2 16 1 3 100 0 0.03 0 0 0.97
  2 16 1 4 100 0 1 0 0 0
  2 19 1 3 100 0 0.68 0 0 0.32
  2 19 1 4 100 0 0.23 0 0 0.77
  2 21 1 3 100 0 0.43 0 0 0.57
  2 21 1 4 100 0 0 0 0 1
  2 22 1 3 100 0 0 0.85 0 0.15
  2 23 1 3 100 0 0 0 0 1
  2 24 1 3 100 0 0 0 0 1
  2 24 1 4 100 0 1 0 0 0
  2 25 1 2 100 0 0 0 0 1
  2 25 1 3 100 0 0 0 0 1
  2 26 1 3 100 0 0 0 0 1
  2 27 1 3 100 0 0 0 0 1
  2 27 1 4 100 0 0.72 0 0 0.28
  2 29 1 3 100 0 0 0 0 1
  2 33 1 3 100 0 0 0 0 1
  2 35 1 1 100 0 0.26 0 0 0.74
  2 35 1 2 100 0 0.86 0 0 0.14
  2 35 1 3 100 0 0.29 0 0 0.71
  2 36 1 3 100 0 1 0 0 0
  2 39 1 3 100 0 0 0 0 1
  2 40 1 2 100 0 0 0 0 1
  2 36 2 3 100 0 0 0 0 1
  2 30 3 2 100 0 0.54 0 0 0.46
  2 30 3 4 100 0 0 0 0 1
  1 8 4 2 100 0 0 0 0 1
  1 8 4 3 100 0 0.7 0 0 0.3
  1 11 4 3 100 0 0 0 0 1
  1 13 4 2 100 0 0 0 0 1
  1 13 4 3 100 0 0 0 0 1
  1 13 4 4 100 0 0 0 0 1
  1 14 4 3 100 0 1 0 0 0
  1 15 4 3 100 0 0 0 0 1
  1 15 4 4 100 0 0 0 0 1
  1 16 4 3 100 0 0.3 0 0 0.7
  1 16 4 4 100 0 0 0.33 0 0.67
  1 17 4 3 100 0 0 0 0 1
  1 18 4 3 100 0 0 0 0 1
  1 19 4 2 100 0 0.53 0 0 0.47
  1 19 4 3 100 0 0.51 0 0 0.49
  1 20 4 2 100 0 0 0 0 1
  1 20 4 3 100 0 0 0.5 0 0.5
  1 21 4 3 100 0 0 0.86 0 0.14
  1 22 4 2 100 0 0 0 0 1
  1 23 4 3 100 1 0 0 0 0
  1 24 4 3 100 0 0 0 0 1
  1 25 4 3 100 0 0 0 0 1
  1 25 4 4 100 0 0 0 0 1
  1 26 4 3 100 0 0.95 0 0 0.05
  1 27 4 2 100 0 0 0 0 1
  1 27 4 3 100 0 0.12 0 0 0.88
  1 28 4 2 100 0 0.9 0 0 0.1
  1 28 4 3 100 0 0.2 0 0 0.8
  1 29 4 3 100 0 0.02 0 0 0.98
  1 31 4 3 100 0 0 0.8 0 0.2
  1 31 4 4 100 0 0.04 0 0 0.96
  1 34 4 3 100 0 0.03 0 0 0.97
  1 40 4 3 100 0 0.17 0 0 0.83
  1 40 4 4 100 0 1 0 0 0
  1 42 4 3 100 0 0 0 0 1
  2 6 4 3 100 0 0 0.09 0 0.91
  2 8 4 3 100 0 0 0.12 0 0.88
  2 9 4 4 100 0 0 0 0.16 0.84
  2 14 4 4 100 0 0 0 0 1
  2 15 4 3 100 0 0 0 0 1
  2 16 4 3 100 0 0 0 0 1
  2 17 4 2 100 0 0 0 0 1
  2 18 4 3 100 0 0 0 0 1
  2 19 4 3 100 0 0 0 0 1
  2 21 4 3 100 0 0.03 0 0 0.97
  2 22 4 3 100 0 0.54 0 0 0.46
  2 23 4 3 100 0 0 0.89 0 0.11
  2 24 4 3 100 0 0.48 0 0 0.52
  2 25 4 3 100 0 1 0 0 0
  2 25 4 4 100 0 0 0.39 0 0.61
  2 27 4 3 100 0 0 0 0 1
  2 30 4 3 100 0 0.68 0 0 0.32
  2 33 4 3 100 0 0 0 0 1
  2 34 4 3 100 0 1 0 0 0
  2 35 4 3 100 0 0.8 0 0 0.2
  2 36 4 2 100 0 0.95 0 0 0.05
  2 36 4 3 100 0 1 0 0 0
  2 37 4 3 100 0 0.25 0 0 0.75
  2 42 4 3 100 0 0 1 0 0
# end survey diet proportion observations 
#  
