# This file was created using the write_tsDatFile function and used all the simulated data from sim_dta.rds found in repo:Hydra-self-testing
# Survey index data 
# Number of observations, init_int Nsurvey_obs
  329
# init_matrix obs_survey_biomass(1,Nsurvey_obs,1,5)
# survey year spp value cv
  1 1 4 623671.517178828 0.212720515437525
  2 1 4 501736.483350361 0.25363203301826
  1 2 4 25343.8540839038 0.222168779300385
  2 2 4 16149.4650639053 0.187773345626693
  1 3 4 214453.461105868 0.394113240257454
  2 3 4 3149.02362402685 0.423618201694685
  1 4 4 260756.219424895 0.310035034727007
  2 4 4 9988.13000567098 0.327069686277164
  1 5 4 116551.603019899 0.378629084128514
  2 5 4 8975.41109317357 0.391316523019912
  1 6 4 19297.3428438568 0.494427832556011
  2 6 4 1135.24877997453 0.376280830351703
  1 7 4 120967.188624722 0.759062286891916
  2 7 4 4070.84068162875 0.665352569827422
  1 8 4 3684.06300831293 0.383150869515862
  2 8 4 206.991975348194 0.433685089735353
  1 9 4 15481.4194643503 0.48934963094834
  2 9 4 603.958662922126 0.392371299771634
  1 10 4 20099.2858894864 0.382452035825211
  2 10 4 690.755002479969 0.333798529002863
  1 11 4 9696.65676832645 0.566792532611316
  2 11 4 589.336363358168 0.868042030585988
  1 12 4 18758.9248512652 0.381518572031255
  2 12 4 413.591508091485 0.445144789260538
  1 13 4 11117.900968098 0.438380584739347
  2 13 4 457.928963362325 0.947226139495183
  1 14 4 6260.74707592296 0.482345652338289
  2 14 4 151.078718323836 0.377075764230608
  1 15 4 2975.30362246037 0.420835086749712
  2 15 4 162.799095855416 0.614716212748607
  1 16 4 11784.8924874668 0.515165860253858
  2 16 4 952.945382533164 0.704031323768783
  1 17 4 4176.96544469623 0.559532625975744
  2 17 4 102.166432786286 0.319774204956139
  1 18 4 789.23734640905 0.479008946214672
  2 18 4 31.1298071915386 0.41351869139049
  1 19 4 1383.34652901305 0.429419179801904
  2 19 4 46.7674316982219 0.387615780132326
  1 20 4 6365.71947413298 0.477074256852948
  2 20 4 127.3696833044 0.315868813200741
  1 21 4 4413.80617477166 0.410621521476155
  2 21 4 55.8762820721202 0.630050999524052
  1 22 4 12341.2545869923 0.294672690077384
  2 22 4 430.05457645803 0.335469505128288
  1 23 4 13969.9826473592 0.477447511398437
  2 23 4 233.021027410007 0.407625761955908
  1 24 4 9679.50686934025 0.384568504019134
  2 24 4 176.631108893209 0.43049173366256
  1 25 4 4186.6728756836 0.333261603198005
  2 25 4 126.270329568374 0.843960441627036
  1 26 4 1636.8019772007 0.685474246042822
  2 26 4 167.114902516371 0.429620783824035
  1 27 4 4907.91817777189 0.286882992344226
  2 27 4 73.7025384395159 0.81343687860715
  1 28 4 7954.01025993739 0.371822434434906
  2 28 4 100.861274176508 0.53327636373572
  1 29 4 14176.2355673505 0.592639130460935
  2 29 4 307.101879597037 0.590339711107796
  1 30 4 21394.5871960415 0.374062101432949
  2 30 4 343.741561103587 0.701775131617819
  1 31 4 15718.0466140002 0.304499664309564
  2 31 4 402.925110122146 0.210828956182955
  1 32 4 23073.4765249359 0.233962995093855
  2 32 4 1003.32983682464 0.329779252894958
  1 33 4 10511.7345639196 0.270006842918168
  2 33 4 306.438862338563 0.460124990024536
  1 34 4 19249.0141528134 0.350007507053818
  2 34 4 408.204684757912 0.837656243552001
  1 35 4 6252.59051676656 0.34274593698132
  2 35 4 187.97865165164 0.291986952078346
  1 36 4 15302.0051054975 0.261906583866089
  2 36 4 491.177158448406 0.425399553458769
  1 37 4 62392.4864297323 0.417429035160016
  2 37 4 1288.61198035006 0.287702894520317
  1 38 4 164659.998252687 0.441211421515246
  2 38 4 6257.02239418679 0.866971810340233
  1 39 4 31983.8610523887 0.495234601454268
  2 39 4 7200.81106392735 0.556663444153977
  1 40 4 6796.08442224209 0.237858203733512
  2 40 4 417.45363021558 0.295404104464232
  1 41 4 6222.11341924518 0.327346172729995
  2 41 4 353.245096808371 0.994030515469621
  1 42 4 2999.24915965289 0.368315456462939
  2 42 4 32.9309568715463 0.461505384764764
  1 1 2 8.65190332329118e-264 0.601375663623589
  2 1 2 1.51169021169187e-264 0.565196579518992
  2 2 2 6.27481223837753e-210 0.686052062200317
  2 3 2 3.34542103077554e-187 0.378997614818957
  1 4 2 2.44704089553671e-191 1
  2 4 2 1.30923895576172e-192 0.459316778181236
  1 5 2 4.05340322583627e-194 0.611089023955187
  2 5 2 3.61782162542612e-195 0.780615956536472
  1 6 2 1.61229072653518e-198 0.702037850017464
  2 6 2 1.2051172186896e-199 0.461790555986525
  1 7 2 1.89004586166191e-200 0.948289691951521
  2 7 2 1.36465371352923e-201 0.685175011742778
  1 8 2 3.61361121060153e-203 0.544380631361087
  2 8 2 3.33393445157251e-204 0.424096495665332
  1 9 2 5.63535794797954e-205 0.5393131982084
  2 9 2 1.79010739790326e-205 0.454629127333952
  1 10 2 5.46717036647531e-207 0.88095039530815
  2 10 2 3.74327143574226e-207 0.419344308350161
  1 11 2 8.5217807055968e-208 0.799987970388403
  2 11 2 2.29244308135023e-208 0.839124360078806
  1 12 2 1.36064451361174e-201 0.774991903603438
  2 12 2 3.1681608712053e-204 0.424721667998453
  1 13 2 3.37064396848588e-206 0.863215133786584
  2 13 2 9.85690878114349e-208 0.387073469025502
  1 14 2 1.12521555685418e-207 0.704083892007286
  2 14 2 6.55413504227336e-209 0.312793018147624
  1 15 2 4.24562582532374e-201 0.457459057188701
  2 15 2 7.60210540292017e-204 0.459652287866146
  1 16 2 1.36456929605528e-187 0.853197309912465
  2 16 2 1.41816756756002e-189 0.628928805514438
  1 17 2 2.87369799669145e-200 0.61116783920211
  2 17 2 7.23342259218014e-202 0.3895964128798
  1 18 2 3.50456632978836e-205 0.416775375911518
  2 18 2 4.57602489385236e-206 0.495180348393774
  1 19 2 1.2271029797714e-185 0.69077510766454
  2 19 2 5.52824001421242e-188 0.347120352110889
  1 20 2 2.18338592785467e-190 0.793751288508348
  2 20 2 4.46224289230576e-192 0.526946514998015
  1 21 2 1.00150771443881e-192 0.339376634127756
  2 21 2 5.63780474688074e-194 0.609998621037514
  1 22 2 8.57204321360749e-195 0.601950919776798
  2 22 2 5.50717829410363e-196 0.389299707202565
  1 23 2 6.46008420284709e-197 0.658556209578282
  2 23 2 7.93273725460741e-198 0.288585466763824
  1 24 2 4.49586648883222e-197 0.637453135075156
  2 24 2 2.27380220159149e-199 0.480513100150493
  1 25 2 1.25667784673313e-201 0.510473149998029
  2 25 2 2.24174043693893e-202 0.338488147626423
  1 26 2 3.09796046395196e-191 0.548437091427541
  2 26 2 2.60504712839785e-193 0.345955330423839
  1 27 2 2.25558007449945e-177 0.492912195981742
  2 27 2 4.41790538874824e-180 0.33164245084141
  1 28 2 1.11950636389995e-180 0.747597319880804
  2 28 2 9.09757799382745e-183 0.447853531697379
  1 29 2 2.59030148809212e-183 0.451616070879294
  2 29 2 4.33095161534906e-185 0.305275882623724
  1 30 2 5.52731712665678e-185 0.797269558848634
  2 30 2 1.844055064322e-186 0.605264936420634
  1 31 2 1.28636463642286e-186 0.666772556553203
  2 31 2 6.68595981190196e-188 0.359836468902791
  1 32 2 1.1981816796282e-188 0.96787270074405
  2 32 2 4.68968020124445e-190 0.422601396160012
  1 33 2 6.50807171428879e-191 0.404694020855087
  2 33 2 1.23338683961245e-191 0.465820030674526
  1 34 2 3.44347191887507e-193 0.814873375751391
  2 34 2 1.04578794386193e-193 0.505954372112585
  1 35 2 2.5528737250122e-195 0.533219898766676
  2 35 2 1.92244492327935e-196 0.287403659199158
  1 36 2 3.52470425488705e-198 0.371953858881132
  2 36 2 9.94218693807243e-199 0.365560779244073
  1 37 2 2.06730096335481e-199 0.791301167226987
  2 37 2 2.61349727771204e-200 0.487536998609889
  1 38 2 5.21173888002505e-201 0.633364993316759
  2 38 2 1.77347482010736e-201 0.644823084547079
  1 39 2 9.81606506290859e-203 0.827253682697507
  2 39 2 1.47286983276527e-203 0.354235596542703
  1 40 2 8.95591230650962e-204 0.900216415173481
  2 40 2 3.70473695371718e-205 0.395846441583114
  1 41 2 3.75426364969659e-206 0.957770995377006
  2 41 2 8.09819189556607e-208 0.496084887173497
  1 42 2 5.56882441017815e-209 0.55870584954739
  2 42 2 4.45206197155372e-210 0.604660139936764
  1 1 1 116216.332954677 0.241799049430762
  2 1 1 2208326.86626406 0.250018379470286
  1 2 1 38118.8511439241 0.142636213550947
  2 2 1 147331.934978788 0.163647146277456
  1 3 1 59393.0025561341 0.225478190042395
  2 3 1 47815.6785249408 0.192013183632222
  1 4 1 157411.937784593 0.323579734794357
  2 4 1 127241.716146594 0.162432383538487
  1 5 1 63527.6660543911 0.320666395151501
  2 5 1 280053.440605324 0.822390366318268
  1 6 1 4023.13475387935 0.452044832991261
  2 6 1 67610.106609723 0.192408532269243
  1 7 1 61996.2711531501 0.28209645893665
  2 7 1 26993.1240397988 0.262097825842625
  1 8 1 6296.00690822531 0.414010381101596
  2 8 1 36922.8261336835 0.189959250209439
  1 9 1 33019.7342520116 0.40638853202345
  2 9 1 10280.5079528423 0.178404315527443
  1 10 1 24319.9747491805 0.290993157294119
  2 10 1 26567.0800697633 0.156753980046499
  1 11 1 6786.77277640351 0.324615016521962
  2 11 1 14231.2093901477 0.174348711952217
  1 12 1 13100.7015070049 0.294780938380682
  2 12 1 7881.68073500877 0.195232854572048
  1 13 1 4255.14952371325 0.440402569626277
  2 13 1 12144.6851041867 0.185762358850192
  1 14 1 7892.40489701499 0.372421878022742
  2 14 1 4383.81734693616 0.151581173531864
  1 15 1 1928.29512252566 0.341871348717721
  2 15 1 4438.84039157248 0.233364310094868
  1 16 1 2431.76178325669 0.416897355424411
  2 16 1 1637.53755605688 0.283802183917676
  1 17 1 1358.33590671738 0.500820840736393
  2 17 1 2165.85737987615 0.495024013362717
  1 18 1 1635.04052222485 0.389853340834037
  2 18 1 821.758924018166 0.390988792530431
  1 19 1 1032.60482629752 0.293941849282161
  2 19 1 417.855111870956 0.322403741112933
  1 20 1 924.683167691475 0.525509720403112
  2 20 1 1441.27241318056 0.218361153170241
  1 21 1 1846.84504590663 0.266433769579894
  2 21 1 1495.48471537192 0.421115605185845
  1 22 1 3601.23916958834 0.374831371194202
  2 22 1 2194.42545133436 0.227391091044855
  1 23 1 1731.35551141841 0.352011231642473
  2 23 1 6111.2308600762 0.384269029090844
  1 24 1 2091.90047330107 0.34725908523047
  2 24 1 2072.90771264326 0.331291933735556
  1 25 1 1740.59837278858 0.578696888706846
  2 25 1 1860.64416621871 0.247394190789157
  1 26 1 2087.28385072064 0.459728456052307
  2 26 1 980.549815961305 0.394189312610479
  1 27 1 424.712055592964 0.539982548576019
  2 27 1 1310.36741745704 0.72948972943007
  1 28 1 1961.46413490567 0.364309332200766
  2 28 1 1025.35165920063 0.278656828353639
  1 29 1 1536.8790381715 0.562793580097325
  2 29 1 1810.20387534318 0.316141323613091
  1 30 1 6982.47698838954 0.420348818797864
  2 30 1 2477.776128792 0.30511736182771
  1 31 1 7028.17553584137 0.403753427903273
  2 31 1 6412.79494024246 0.278331587636247
  1 32 1 5053.10806983174 0.491331418922754
  2 32 1 7014.91506853228 0.329726795744574
  1 33 1 1004.61843735519 0.537081122476055
  2 33 1 8470.14630639581 0.33086845072982
  1 34 1 889.545290355412 0.379030815152119
  2 34 1 597.821503089466 0.278881417082292
  1 35 1 1337.43797286383 0.519511456600017
  2 35 1 839.520384968851 0.27351876283918
  1 36 1 956.51693648932 0.556056214854877
  2 36 1 291.791663834505 0.714061811185508
  1 37 1 3325.9661347112 0.588197671943964
  2 37 1 1812.14599806713 0.340315242626747
  1 38 1 2724.48208218141 0.324588369174256
  2 38 1 4687.869916706 0.300199803594678
  1 39 1 194.528842425569 0.501841796783066
  2 39 1 3056.18945759039 0.438397059851219
  1 40 1 191.004832866782 0.403101009292275
  2 40 1 170.600419614707 0.410378233550251
  1 41 1 322.403650617616 0.478602624152216
  2 41 1 315.118180987134 0.362128776577143
  1 42 1 264.348364865663 0.646634922078809
  2 42 1 232.53389639941 0.816170985475773
  1 1 3 73220.4233076959 0.499484636786782
  1 2 3 2246.82532937318 0.358153914340203
  2 2 3 121825.424276619 0.577110518633802
  1 3 3 242362.790813365 0.678339172154909
  2 3 3 15927.0761266875 0.738121970739642
  1 4 3 5440.36269158221 1
  2 4 3 75057.7543982316 0.52056341701904
  1 5 3 51462.8799540681 0.693225535250834
  2 5 3 28684.4982173988 1
  1 6 3 4989.73531951146 1
  2 6 3 7216.19897969434 0.48452157876779
  1 7 3 1405.02084480103 0.912293822979085
  1 8 3 277.72653792339 0.655734850091527
  2 8 3 177.487870269635 0.750382084373246
  1 9 3 237.127580560451 0.670809892238012
  2 9 3 319.736758029576 0.47273108889926
  1 10 3 107.472718426984 0.631102684426709
  2 10 3 47.1507281790949 0.919260399745188
  1 11 3 107.527428892086 0.496475444687371
  1 12 3 107.648718146988 0.740682868109632
  2 12 3 53.5558597569921 1
  1 13 3 360.321534045988 0.360862225436052
  1 14 3 350.402495915953 0.547901331396328
  2 14 3 127.012299577896 0.478873954421528
  1 15 3 249.824734362193 0.429608216382601
  2 15 3 419.197142692352 0.654713783069401
  1 16 3 515.202326054409 0.69118921143411
  2 16 3 162.823566117161 0.8614889831113
  1 17 3 38.2522810451153 0.426971754606328
  2 17 3 70.6199969413149 0.572182042928152
  1 18 3 30.6909731231931 0.505524319387353
  2 18 3 23.1553617770688 0.488492827246527
  1 19 3 84.0213582794131 0.644591984223249
  2 19 3 23.6321324666575 0.51925665989311
  1 20 3 11.0992914493017 0.899065435378594
  2 20 3 26.5745356378409 0.59569628754064
  1 21 3 35.1957326113709 0.543826822033971
  2 21 3 20.6657735915103 0.466111862829518
  1 22 3 90.0726286786964 0.88174616562504
  2 22 3 65.5003182962327 0.568444982816852
  1 23 3 117.208557804758 0.408104676406013
  2 23 3 83.0418341426684 0.357346049869971
  1 24 3 22.4026923145801 0.92608255019157
  2 24 3 89.3539431029525 0.539541007788685
  1 25 3 12.3824159008071 0.648664057223823
  2 25 3 48.6063282739781 0.576168087832409
  1 26 3 49.9060790389572 0.695927823776047
  2 26 3 45.8260001250788 0.549529982814455
  1 27 3 64.6495290979902 0.708713243925404
  2 27 3 47.0608781388056 0.496269825160911
  1 28 3 70.9168503803064 0.489543853646182
  1 29 3 146.314343985203 0.703511357168505
  2 29 3 95.1513496736 0.875017095315649
  1 30 3 364.901771064665 0.631659802692532
  2 30 3 140.665045664315 0.908152223575802
  1 31 3 1002.57976784208 0.626570332091694
  2 31 3 1736.15381463113 0.712465807947941
  1 32 3 397.255870284844 0.661895735249442
  2 32 3 1043.28566357101 0.86012943797605
  1 33 3 16.5752427028988 0.783155911787346
  2 33 3 59.6771748436438 0.598390099709208
  1 34 3 36.1925752305282 0.542775440757204
  2 34 3 38.6933037373089 0.743173480285892
  1 35 3 7.83333210249753 0.870542376054271
  2 35 3 13.5683874091788 0.446478967244395
  1 36 3 89.9303397945393 0.492193512682958
  2 36 3 44.9703380717995 0.490110041691513
  1 37 3 2689.42206930945 0.909630520329322
  2 37 3 479.538684932273 0.433872317628348
  1 38 3 3082.81838329103 0.644773009949607
  2 38 3 1333.6260078509 0.484949159815328
  1 39 3 852.639388856549 0.515045488987725
  2 39 3 1852.56897450538 0.388710136036013
  1 40 3 389.143345186692 0.442573167063876
  2 40 3 355.958196595334 0.395139923022642
  1 41 3 78.4056634011502 0.88587618368699
  2 41 3 134.014994745829 0.537531419606343
  1 42 3 485109.191384287 0.983269433580366
  2 42 3 453495.163622061 0.849696423298534
# end survey index observations 
#  
# Survey size comp data 
# Number of observations, init_int Nsurvey_size_obs 
  329
# init_matrix obs_survey_size(1,Nsurvey_size_obs,1,ncol) 
# Survey  Year  Species Type (0=whole, 1=retained, 2=discard) InpN, proportion by length bin 
  1 1 1 0 57 0.0175438596491228 1.17543859649123 0.526315789473684 0.0350877192982456 0
  1 2 1 0 65 0.661538461538462 0.846153846153846 0.0307692307692308 0 0
  1 3 1 0 32 1.59375 1.53125 0 0 0
  1 4 1 0 32 1.8125 1.25 0.0625 0 0
  1 5 1 0 21 1.66666666666667 3.04761904761905 0.0476190476190476 0 0
  1 6 1 0 18 0.722222222222222 3 1.83333333333333 0 0
  1 7 1 0 25 2.12 1.88 0 0 0
  1 8 1 0 20 0.4 3.25 1.35 0 0
  1 9 1 0 16 3.5625 2.6875 0 0 0
  1 10 1 0 19 2.78947368421053 2.47368421052632 0 0 0
  1 11 1 0 20 2.4 2.55 0.05 0 0
  1 12 1 0 22 2.04545454545455 2.45454545454545 0.0454545454545455 0 0
  1 13 1 0 23 2.17391304347826 2.17391304347826 0 0 0
  1 14 1 0 14 3.92857142857143 3.21428571428571 0 0 0
  1 15 1 0 21 2.23809523809524 2.42857142857143 0.0952380952380952 0 0
  1 16 1 0 14 3 4.14285714285714 0 0 0
  1 17 1 0 17 2.76470588235294 2.94117647058824 0.176470588235294 0 0
  1 18 1 0 19 2.26315789473684 3 0 0 0
  1 19 1 0 18 3.05555555555556 2.38888888888889 0.111111111111111 0 0
  1 20 1 0 15 3.73333333333333 2.93333333333333 0 0 0
  1 21 1 0 21 2.61904761904762 2.14285714285714 0 0 0
  1 22 1 0 13 4.30769230769231 3.38461538461538 0 0 0
  1 23 1 0 14 3.21428571428571 3.71428571428571 0.214285714285714 0 0
  1 24 1 0 14 3.07142857142857 4.07142857142857 0 0 0
  1 25 1 0 18 2.61111111111111 2.88888888888889 0.0555555555555556 0 0
  1 26 1 0 14 3.28571428571429 3.85714285714286 0 0 0
  1 27 1 0 23 2.56521739130435 1.78260869565217 0 0 0
  1 28 1 0 14 4.07142857142857 3.07142857142857 0 0 0
  1 29 1 0 17 3 2.58823529411765 0.294117647058824 0 0
  1 30 1 0 18 3.11111111111111 2.44444444444444 0 0 0
  1 31 1 0 20 2.4 2.6 0 0 0
  1 32 1 0 10 5.5 4.5 0 0 0
  1 33 1 0 15 1.73333333333333 3.6 1.33333333333333 0 0
  1 34 1 0 18 2.72222222222222 2.77777777777778 0.0555555555555556 0 0
  1 35 1 0 8 5.625 6.625 0.25 0 0
  1 36 1 0 12 4.41666666666667 3.91666666666667 0 0 0
  1 37 1 0 8 6.625 5.75 0.125 0 0
  1 38 1 0 16 2.9375 3.1875 0.125 0 0
  1 39 1 0 10 3 5.9 1.1 0 0
  1 40 1 0 10 5.3 4.7 0 0 0
  1 41 1 0 13 3.84615384615385 3.76923076923077 0.0769230769230769 0 0
  1 42 1 0 8 5.75 6.5 0.25 0 0
  1 1 2 0 11 2.27272727272727 1.45454545454545 2 1.72727272727273 1.63636363636364
  1 4 2 0 1 13 23 24 19 21
  1 5 2 0 5 4.2 4.8 4.2 3.6 3.2
  1 6 2 0 1 21 29 18 17 15
  1 7 2 0 3 8 5.66666666666667 6 7 6.66666666666667
  1 8 2 0 4 4.75 4.25 4.5 5.5 6
  1 9 2 0 5 2.4 4.6 5 3.2 4.8
  1 10 2 0 10 1.8 1.6 2.7 2.3 1.6
  1 11 2 0 13 1.46153846153846 1.84615384615385 1.07692307692308 1.92307692307692 1.38461538461538
  1 12 2 0 15 1.73333333333333 1.93333333333333 1.2 1.06666666666667 0.733333333333333
  1 13 2 0 9 2.55555555555556 1.55555555555556 2.55555555555556 2.77777777777778 1.66666666666667
  1 14 2 0 6 2.5 4 3.66666666666667 3.83333333333333 2.66666666666667
  1 15 2 0 13 1.38461538461538 2.07692307692308 1.38461538461538 1.23076923076923 1.61538461538462
  1 16 2 0 10 2.6 1.7 2.3 1.4 2
  1 17 2 0 10 1.8 1.6 3 1.5 2.1
  1 18 2 0 18 0.944444444444444 1.27777777777778 1.5 0.944444444444444 0.888888888888889
  1 19 2 0 27 0.62962962962963 0.666666666666667 1 0.592592592592593 0.814814814814815
  1 20 2 0 23 0.826086956521739 0.956521739130435 0.782608695652174 0.869565217391304 0.91304347826087
  1 21 2 0 25 0.84 0.72 0.64 0.92 0.88
  1 22 2 0 9 2.66666666666667 2.22222222222222 1.77777777777778 2.66666666666667 1.77777777777778
  1 23 2 0 8 2 2.625 3.5 2.625 1.75
  1 24 2 0 9 2.22222222222222 2 1.22222222222222 2.88888888888889 2.77777777777778
  1 25 2 0 14 1.07142857142857 1 1.28571428571429 1.57142857142857 2.21428571428571
  1 26 2 0 18 0.777777777777778 1.11111111111111 1.22222222222222 1.22222222222222 1.22222222222222
  1 27 2 0 16 1.25 1.4375 1.25 1.25 1.0625
  1 28 2 0 6 3.16666666666667 3.83333333333333 3.16666666666667 1.5 5
  1 29 2 0 8 1.375 2.5 3.25 2.875 2.5
  1 30 2 0 17 1 1.47058823529412 1.23529411764706 1.41176470588235 0.764705882352941
  1 31 2 0 9 2.88888888888889 1.77777777777778 2.55555555555556 1.44444444444444 2.44444444444444
  1 32 2 0 30 0.533333333333333 0.633333333333333 0.7 0.766666666666667 0.7
  1 33 2 0 24 0.958333333333333 0.875 0.916666666666667 0.625 0.791666666666667
  1 34 2 0 25 0.68 1 0.8 0.72 0.8
  1 35 2 0 16 1.4375 1.4375 1 1.0625 1.3125
  1 36 2 0 13 1.76923076923077 1.23076923076923 1.53846153846154 1.38461538461538 1.76923076923077
  1 37 2 0 8 2.75 2.5 2.75 2.625 1.875
  1 38 2 0 10 2.4 1.1 1.5 3 2
  1 39 2 0 13 2.07692307692308 1.15384615384615 1.38461538461538 1.23076923076923 1.84615384615385
  1 40 2 0 8 1.75 2.5 3.5 2.125 2.625
  1 41 2 0 5 4.6 3.2 3.6 3.4 5.2
  1 42 2 0 17 1.23529411764706 1.52941176470588 1.35294117647059 0.823529411764706 0.941176470588235
  1 1 3 0 27 0 0.814814814814815 1.85185185185185 1.03703703703704 0
  1 2 3 0 13 0 0.307692307692308 3.15384615384615 4.23076923076923 0
  1 3 3 0 5 11.4 8.6 0 0 0
  1 4 3 0 2 3 36 10.5 0.5 0
  1 5 3 0 5 10.2 9.8 0 0 0
  1 6 3 0 1 38 55 7 0 0
  1 7 3 0 3 12 17.6666666666667 3.33333333333333 0.333333333333333 0
  1 8 3 0 3 18.6666666666667 14.6666666666667 0 0 0
  1 9 3 0 4 14.75 9.75 0.5 0 0
  1 10 3 0 4 12.25 12.75 0 0 0
  1 11 3 0 4 13.5 11.25 0.25 0 0
  1 12 3 0 2 22.5 27.5 0 0 0
  1 13 3 0 8 7.625 4.875 0 0 0
  1 14 3 0 19 2.73684210526316 2.52631578947368 0 0 0
  1 15 3 0 15 3.66666666666667 3 0 0 0
  1 16 3 0 12 4.16666666666667 4.16666666666667 0 0 0
  1 17 3 0 14 1.28571428571429 4.5 1.35714285714286 0 0
  1 18 3 0 14 3.92857142857143 3.21428571428571 0 0 0
  1 19 3 0 15 3.46666666666667 3.2 0 0 0
  1 20 3 0 17 2.76470588235294 3 0.117647058823529 0 0
  1 21 3 0 12 4.66666666666667 3.66666666666667 0 0 0
  1 22 3 0 11 5.63636363636364 3.36363636363636 0.0909090909090909 0 0
  1 23 3 0 16 3.25 3 0 0 0
  1 24 3 0 15 2.26666666666667 3.46666666666667 0.933333333333333 0 0
  1 25 3 0 4 17.25 7.75 0 0 0
  1 26 3 0 14 3.57142857142857 3.57142857142857 0 0 0
  1 27 3 0 6 7.66666666666667 9 0 0 0
  1 28 3 0 4 14 11 0 0 0
  1 29 3 0 2 25 24.5 0.5 0 0
  1 30 3 0 10 5.9 4.1 0 0 0
  1 31 3 0 9 6.44444444444444 4.55555555555556 0.111111111111111 0 0
  1 32 3 0 12 2.25 3.83333333333333 2.25 0 0
  1 33 3 0 5 9.8 9.8 0.4 0 0
  1 34 3 0 9 6 4.77777777777778 0.333333333333333 0 0
  1 35 3 0 5 9.2 10.8 0 0 0
  1 36 3 0 5 10.8 9.2 0 0 0
  1 37 3 0 3 17.6666666666667 15.6666666666667 0 0 0
  1 38 3 0 15 3.46666666666667 3.13333333333333 0.0666666666666667 0 0
  1 39 3 0 12 4.25 3.83333333333333 0.25 0 0
  1 40 3 0 9 5.33333333333333 5.66666666666667 0.111111111111111 0 0
  1 41 3 0 8 3.875 6.25 2.375 0 0
  1 42 3 0 12 4.5 3.25 0.583333333333333 0 0
  1 1 4 0 86 0.569767441860465 0.13953488372093 0.430232558139535 0.0232558139534884 0
  1 2 4 0 100 0.04 0.12 0.8 0.04 0
  1 3 4 0 33 2.42424242424242 0.606060606060606 0 0 0
  1 4 4 0 44 1.77272727272727 0.5 0 0 0
  1 5 4 0 34 2.29411764705882 0.647058823529412 0 0 0
  1 6 4 0 40 2.05 0.45 0 0 0
  1 7 4 0 39 2.28205128205128 0.282051282051282 0 0 0
  1 8 4 0 49 1.36734693877551 0.612244897959184 0.0612244897959184 0 0
  1 9 4 0 36 2.13888888888889 0.638888888888889 0 0 0
  1 10 4 0 43 1.88372093023256 0.418604651162791 0.0232558139534884 0 0
  1 11 4 0 41 1.97560975609756 0.463414634146341 0 0 0
  1 12 4 0 35 2.22857142857143 0.6 0.0285714285714286 0 0
  1 13 4 0 32 2.25 0.875 0 0 0
  1 14 4 0 21 3.9047619047619 0.857142857142857 0 0 0
  1 15 4 0 30 2.7 0.633333333333333 0 0 0
  1 16 4 0 19 4.36842105263158 0.894736842105263 0 0 0
  1 17 4 0 35 2.42857142857143 0.4 0.0285714285714286 0 0
  1 18 4 0 27 2.92592592592593 0.777777777777778 0 0 0
  1 19 4 0 34 2.11764705882353 0.823529411764706 0 0 0
  1 20 4 0 42 2.02380952380952 0.357142857142857 0 0 0
  1 21 4 0 41 2.1219512195122 0.317073170731707 0 0 0
  1 22 4 0 44 1.90909090909091 0.363636363636364 0 0 0
  1 23 4 0 28 2.85714285714286 0.714285714285714 0 0 0
  1 24 4 0 34 2.20588235294118 0.735294117647059 0 0 0
  1 25 4 0 36 2.22222222222222 0.555555555555556 0 0 0
  1 26 4 0 31 2.51612903225806 0.709677419354839 0 0 0
  1 27 4 0 39 2.05128205128205 0.512820512820513 0 0 0
  1 28 4 0 38 2.18421052631579 0.447368421052632 0 0 0
  1 29 4 0 48 1.60416666666667 0.479166666666667 0 0 0
  1 30 4 0 38 2.15789473684211 0.473684210526316 0 0 0
  1 31 4 0 61 1.32786885245902 0.311475409836066 0 0 0
  1 32 4 0 48 1.5625 0.520833333333333 0 0 0
  1 33 4 0 49 1.6530612244898 0.387755102040816 0 0 0
  1 34 4 0 44 1.70454545454545 0.568181818181818 0 0 0
  1 35 4 0 61 1.32786885245902 0.311475409836066 0 0 0
  1 36 4 0 67 1.22388059701493 0.26865671641791 0 0 0
  1 37 4 0 57 1.45614035087719 0.298245614035088 0 0 0
  1 38 4 0 38 2.10526315789474 0.526315789473684 0 0 0
  1 39 4 0 52 1.51923076923077 0.403846153846154 0 0 0
  1 40 4 0 43 1.69767441860465 0.627906976744186 0 0 0
  1 41 4 0 42 1.92857142857143 0.452380952380952 0 0 0
  1 42 4 0 61 1.21311475409836 0.426229508196721 0 0 0
  2 1 1 0 58 0 0.0172413793103448 1.53448275862069 0.172413793103448 0
  2 2 1 0 83 0 0.325301204819277 0.662650602409639 0.216867469879518 0
  2 3 1 0 63 0 1.12698412698413 0.444444444444444 0.0158730158730159 0
  2 4 1 0 56 0.0178571428571429 1.19642857142857 0.571428571428571 0 0
  2 5 1 0 55 0 0.709090909090909 1.10909090909091 0 0
  2 6 1 0 45 0 0.0888888888888889 2.08888888888889 0.0444444444444444 0
  2 7 1 0 46 0.0434782608695652 2.02173913043478 0.0652173913043478 0.0434782608695652 0
  2 8 1 0 56 0 0.0535714285714286 1.73214285714286 0 0
  2 9 1 0 51 0 1.84313725490196 0.0784313725490196 0.0392156862745098 0
  2 10 1 0 44 0 1.36363636363636 0.909090909090909 0 0
  2 11 1 0 49 0 0.653061224489796 1.38775510204082 0 0
  2 12 1 0 50 0 1.32 0.68 0 0
  2 13 1 0 48 0 0.979166666666667 1.10416666666667 0 0
  2 14 1 0 52 0 0.961538461538462 0.961538461538462 0 0
  2 15 1 0 31 0 1.80645161290323 1.41935483870968 0 0
  2 16 1 0 38 0 1.52631578947368 1.10526315789474 0 0
  2 17 1 0 26 0 1.88461538461538 1.96153846153846 0 0
  2 18 1 0 33 0 1.42424242424242 1.60606060606061 0 0
  2 19 1 0 31 0 2.12903225806452 1.09677419354839 0 0
  2 20 1 0 38 0 1.76315789473684 0.868421052631579 0 0
  2 21 1 0 30 0 1.73333333333333 1.6 0 0
  2 22 1 0 35 0 2.05714285714286 0.8 0 0
  2 23 1 0 35 0 0.914285714285714 1.94285714285714 0 0
  2 24 1 0 26 0 2.57692307692308 1.26923076923077 0 0
  2 25 1 0 32 0 1.75 1.375 0 0
  2 26 1 0 26 0 3.07692307692308 0.769230769230769 0 0
  2 27 1 0 37 0 0.891891891891892 1.81081081081081 0 0
  2 28 1 0 35 0 2.22857142857143 0.6 0.0285714285714286 0
  2 29 1 0 33 0 1.42424242424242 1.60606060606061 0 0
  2 30 1 0 45 0.0222222222222222 1.53333333333333 0.666666666666667 0 0
  2 31 1 0 34 0.0294117647058824 1.5 1.41176470588235 0 0
  2 32 1 0 36 0 1.55555555555556 1.22222222222222 0 0
  2 33 1 0 42 0 0.166666666666667 2.21428571428571 0 0
  2 34 1 0 34 0 2.38235294117647 0.558823529411765 0 0
  2 35 1 0 35 0.0285714285714286 0.971428571428571 1.85714285714286 0 0
  2 36 1 0 28 0 2.57142857142857 1 0 0
  2 37 1 0 22 0 3.5 1.04545454545455 0 0
  2 38 1 0 32 0 1.28125 1.84375 0 0
  2 39 1 0 27 0 0.296296296296296 3.40740740740741 0 0
  2 40 1 0 39 0 1.74358974358974 0.82051282051282 0 0
  2 41 1 0 20 0.05 2.95 2 0 0
  2 42 1 0 30 0 0.9 2.43333333333333 0 0
  2 1 2 0 16 1.1875 1.1875 1.375 1.3125 1.1875
  2 2 2 0 20 1 1.1 1.15 0.7 1.05
  2 3 2 0 34 0.411764705882353 0.529411764705882 0.676470588235294 0.705882352941177 0.617647058823529
  2 4 2 0 15 1.53333333333333 1.26666666666667 1.73333333333333 1 1.13333333333333
  2 5 2 0 4 4.75 4.75 5.5 4.75 5.25
  2 6 2 0 7 2.71428571428571 2 2.57142857142857 3.42857142857143 3.57142857142857
  2 7 2 0 18 1.05555555555556 1.22222222222222 1.11111111111111 1.16666666666667 1
  2 8 2 0 22 0.681818181818182 1 1.18181818181818 0.818181818181818 0.863636363636364
  2 9 2 0 21 1.14285714285714 0.857142857142857 0.857142857142857 0.80952380952381 1.0952380952381
  2 10 2 0 11 1.72727272727273 1.90909090909091 1.09090909090909 2.36363636363636 2
  2 11 2 0 7 3.14285714285714 2.14285714285714 3.85714285714286 2.57142857142857 2.57142857142857
  2 12 2 0 19 0.894736842105263 1.31578947368421 0.684210526315789 1.10526315789474 1.26315789473684
  2 13 2 0 32 0.71875 0.53125 0.4375 0.71875 0.71875
  2 14 2 0 34 0.705882352941177 0.558823529411765 0.705882352941177 0.411764705882353 0.558823529411765
  2 15 2 0 27 0.962962962962963 0.481481481481481 0.962962962962963 0.481481481481481 0.814814814814815
  2 16 2 0 42 0.428571428571429 0.571428571428571 0.476190476190476 0.452380952380952 0.452380952380952
  2 17 2 0 34 0.529411764705882 0.558823529411765 0.647058823529412 0.705882352941177 0.5
  2 18 2 0 28 0.821428571428571 0.75 0.857142857142857 0.714285714285714 0.428571428571429
  2 19 2 0 26 0.653846153846154 0.923076923076923 0.692307692307692 0.846153846153846 0.730769230769231
  2 20 2 0 32 0.46875 0.71875 0.8125 0.5625 0.5625
  2 21 2 0 37 0.594594594594595 0.567567567567568 0.405405405405405 0.459459459459459 0.675675675675676
  2 22 2 0 38 0.5 0.447368421052632 0.842105263157895 0.368421052631579 0.473684210526316
  2 23 2 0 41 0.463414634146341 0.341463414634146 0.634146341463415 0.560975609756098 0.439024390243902
  2 24 2 0 33 0.575757575757576 0.575757575757576 0.696969696969697 0.606060606060606 0.575757575757576
  2 25 2 0 45 0.444444444444444 0.355555555555556 0.422222222222222 0.511111111111111 0.488888888888889
  2 26 2 0 28 0.535714285714286 0.821428571428571 0.607142857142857 0.642857142857143 0.964285714285714
  2 27 2 0 47 0.425531914893617 0.531914893617021 0.404255319148936 0.425531914893617 0.340425531914894
  2 28 2 0 22 0.863636363636364 0.727272727272727 0.863636363636364 0.909090909090909 1.18181818181818
  2 29 2 0 40 0.55 0.65 0.375 0.425 0.5
  2 30 2 0 28 0.75 0.75 0.678571428571429 0.464285714285714 0.928571428571429
  2 31 2 0 32 0.5625 0.4375 0.59375 0.96875 0.5625
  2 32 2 0 40 0.525 0.6 0.475 0.325 0.575
  2 33 2 0 43 0.511627906976744 0.534883720930233 0.488372093023256 0.302325581395349 0.488372093023256
  2 34 2 0 46 0.369565217391304 0.326086956521739 0.391304347826087 0.58695652173913 0.5
  2 35 2 0 60 0.266666666666667 0.35 0.466666666666667 0.366666666666667 0.216666666666667
  2 36 2 0 49 0.408163265306122 0.387755102040816 0.428571428571429 0.510204081632653 0.306122448979592
  2 37 2 0 32 0.84375 0.6875 0.5625 0.65625 0.375
  2 38 2 0 30 0.766666666666667 0.633333333333333 0.666666666666667 0.433333333333333 0.833333333333333
  2 39 2 0 29 0.724137931034483 0.689655172413793 0.620689655172414 0.724137931034483 0.689655172413793
  2 40 2 0 31 0.645161290322581 0.612903225806452 0.645161290322581 0.870967741935484 0.451612903225806
  2 41 2 0 14 1.78571428571429 1.92857142857143 1.5 0.928571428571429 1
  2 42 2 0 19 1.26315789473684 1.21052631578947 0.736842105263158 0.894736842105263 1.15789473684211
  2 2 3 0 3 0 0 2.66666666666667 30.6666666666667 0
  2 3 3 0 3 2.33333333333333 31 0 0 0
  2 4 3 0 7 0.142857142857143 3.57142857142857 10.5714285714286 0 0
  2 5 3 0 1 7 88 0 5 0
  2 6 3 0 14 0.0714285714285714 2.07142857142857 4.71428571428571 0.285714285714286 0
  2 8 3 0 10 1.2 8.4 0 0.4 0
  2 9 3 0 6 1.5 13.8333333333333 1.16666666666667 0.166666666666667 0
  2 10 3 0 2 5 39 5.5 0.5 0
  2 12 3 0 1 7 75 16 2 0
  2 14 3 0 9 1.33333333333333 9.22222222222222 0.555555555555556 0 0
  2 15 3 0 5 1.8 15.4 2.6 0.2 0
  2 16 3 0 9 1.22222222222222 9.44444444444444 0.444444444444444 0 0
  2 17 3 0 9 0.222222222222222 4.11111111111111 6.66666666666667 0.111111111111111 0
  2 18 3 0 13 0.846153846153846 5.46153846153846 1.07692307692308 0.307692307692308 0
  2 19 3 0 14 1 6.07142857142857 0 0.0714285714285714 0
  2 20 3 0 19 0.473684210526316 2.89473684210526 1.84210526315789 0.0526315789473684 0
  2 21 3 0 20 0.4 4.4 0.15 0.05 0
  2 22 3 0 23 0.521739130434783 3.60869565217391 0.217391304347826 0 0
  2 23 3 0 26 0.307692307692308 3.38461538461538 0.153846153846154 0 0
  2 24 3 0 28 0.142857142857143 1.10714285714286 2.28571428571429 0.0357142857142857 0
  2 25 3 0 20 0.85 3.85 0.1 0.2 0
  2 26 3 0 7 1.28571428571429 12.5714285714286 0.285714285714286 0.142857142857143 0
  2 27 3 0 5 2.2 17.4 0.4 0 0
  2 29 3 0 6 2.83333333333333 12.8333333333333 0.833333333333333 0.166666666666667 0
  2 30 3 0 14 1.42857142857143 5.42857142857143 0.285714285714286 0 0
  2 31 3 0 7 1.57142857142857 12.2857142857143 0.428571428571429 0 0
  2 32 3 0 20 0 1.45 3.45 0.1 0
  2 33 3 0 18 0.222222222222222 3.33333333333333 0.944444444444444 1.05555555555556 0
  2 34 3 0 15 0.733333333333333 4.46666666666667 1.06666666666667 0.4 0
  2 35 3 0 28 0.464285714285714 2.64285714285714 0.428571428571429 0.0357142857142857 0
  2 36 3 0 25 0.8 3.2 0 0 0
  2 37 3 0 19 0.578947368421053 4.68421052631579 0 0 0
  2 38 3 0 33 0.424242424242424 2.33333333333333 0.272727272727273 0 0
  2 39 3 0 32 0.34375 2.15625 0.5625 0.0625 0
  2 40 3 0 34 0.235294117647059 2.11764705882353 0.529411764705882 0.0588235294117647 0
  2 41 3 0 20 0.15 1.4 2.8 0.65 0
  2 42 3 0 27 0.0740740740740741 0.740740740740741 1.03703703703704 1.85185185185185 0
  2 1 4 0 44 0 0 2.20454545454545 0.0681818181818182 0
  2 2 4 0 75 0 0 1.2 0.133333333333333 0
  2 3 4 0 66 0.0303030303030303 1.42424242424242 0.0606060606060606 0 0
  2 4 4 0 54 0 1.5 0.351851851851852 0 0
  2 5 4 0 31 0.0967741935483871 2.29032258064516 0.838709677419355 0 0
  2 6 4 0 24 0.0416666666666667 2.20833333333333 1.91666666666667 0 0
  2 7 4 0 20 0.1 4.5 0.4 0 0
  2 8 4 0 25 0.04 1.72 2.24 0 0
  2 9 4 0 44 0.0454545454545455 2.18181818181818 0.0454545454545455 0 0
  2 10 4 0 36 0 2.22222222222222 0.555555555555556 0 0
  2 11 4 0 22 0 3.40909090909091 1.13636363636364 0 0
  2 12 4 0 21 0.0476190476190476 4.33333333333333 0.380952380952381 0 0
  2 13 4 0 26 0 3.46153846153846 0.384615384615385 0 0
  2 14 4 0 35 0.0571428571428571 2.57142857142857 0.228571428571429 0 0
  2 15 4 0 21 0.0476190476190476 4.09523809523809 0.619047619047619 0 0
  2 16 4 0 30 0.1 3 0.233333333333333 0 0
  2 17 4 0 40 0.025 2.1 0.375 0 0
  2 18 4 0 42 0.0476190476190476 1.76190476190476 0.571428571428571 0 0
  2 19 4 0 46 0 2.15217391304348 0.0217391304347826 0 0
  2 20 4 0 37 0.0810810810810811 2.35135135135135 0.27027027027027 0 0
  2 21 4 0 44 0.0454545454545455 1.90909090909091 0.318181818181818 0 0
  2 22 4 0 42 0.0238095238095238 2.19047619047619 0.166666666666667 0 0
  2 23 4 0 35 0.0571428571428571 2.42857142857143 0.371428571428571 0 0
  2 24 4 0 26 0 3.23076923076923 0.615384615384615 0 0
  2 25 4 0 19 0.0526315789473684 4.63157894736842 0.578947368421053 0 0
  2 26 4 0 29 0.0344827586206897 3.10344827586207 0.310344827586207 0 0
  2 27 4 0 10 0.4 8.3 1.3 0 0
  2 28 4 0 20 0.05 4.45 0.5 0 0
  2 29 4 0 25 0.04 3.44 0.52 0 0
  2 30 4 0 18 0.111111111111111 5 0.444444444444444 0 0
  2 31 4 0 24 0.0833333333333333 2.95833333333333 1.125 0 0
  2 32 4 0 21 0.0476190476190476 4.14285714285714 0.571428571428571 0 0
  2 33 4 0 10 0 6 4 0 0
  2 34 4 0 12 0 7.91666666666667 0.416666666666667 0 0
  2 35 4 0 29 0.0344827586206897 2.79310344827586 0.620689655172414 0 0
  2 36 4 0 17 0.176470588235294 5.58823529411765 0.117647058823529 0 0
  2 37 4 0 39 0 2.38461538461538 0.179487179487179 0 0
  2 38 4 0 9 0.111111111111111 8 3 0 0
  2 39 4 0 50 0.04 1.08 0.88 0 0
  2 40 4 0 15 0.0666666666666667 5.46666666666667 1.13333333333333 0 0
  2 41 4 0 7 0.142857142857143 9.71428571428571 4.42857142857143 0 0
  2 42 4 0 9 0.333333333333333 7.44444444444444 3.33333333333333 0 0
# end survey length observations 
#  
# Fishery catch data 
# Number of observations, init_int Ncatch_obs
  168
# init_matrix obs_catch_biomass(1,Ncatch_obs,1,6) 
# Fleet	Area	Year	Species	Catch(biomass t)	CV 
  1 1 1 1 15800.0858044245 0.05
  1 1 2 1 18325.1879006782 0.05
  1 1 3 1 18628.985614617 0.05
  1 1 4 1 20450.5788101023 0.05
  1 1 5 1 23578.635667131 0.05
  1 1 6 1 16585.4871945709 0.05
  1 1 7 1 15480.3024762603 0.05
  1 1 8 1 14469.1374685602 0.05
  1 1 9 1 12386.9885590767 0.05
  1 1 10 1 17542.8236615855 0.05
  1 1 11 1 18654.1850973653 0.05
  1 1 12 1 17959.7651526446 0.05
  1 1 13 1 18313.8082499489 0.05
  1 1 14 1 16867.5316801011 0.05
  1 1 15 1 12164.8102586505 0.05
  1 1 16 1 8130.65583900386 0.05
  1 1 17 1 8424.22569563841 0.05
  1 1 18 1 5160.5932485336 0.05
  1 1 19 1 3696.25360706452 0.05
  1 1 20 1 5339.37353514994 0.05
  1 1 21 1 3775.39969325153 0.05
  1 1 22 1 5403.21483386471 0.05
  1 1 23 1 4599.69860965038 0.05
  1 1 24 1 6234.65379200212 0.05
  1 1 25 1 4362.62430199501 0.05
  1 1 26 1 6350.8440513774 0.05
  1 1 27 1 2216.19210411752 0.05
  1 1 28 1 2034.39155790249 0.05
  1 1 29 1 2553.46041204489 0.05
  1 1 30 1 3547.89525700027 0.05
  1 1 31 1 3969.57158680044 0.05
  1 1 32 1 3863.44505939697 0.05
  1 1 33 1 1658.12206850191 0.05
  1 1 34 1 1918.65553963495 0.05
  1 1 35 1 1321.63972260315 0.05
  1 1 36 1 653.802780187387 0.05
  1 1 37 1 1040.84153521831 0.05
  1 1 38 1 1081.40595168391 0.05
  1 1 39 1 902.241316603074 0.05
  1 1 40 1 605.504052709673 0.05
  1 1 41 1 649.28771614873 0.05
  1 1 42 1 382.758562808586 0.05
  1 1 1 4 6240.44125802632 0.05
  1 1 2 4 4374.52645625266 0.05
  1 1 3 4 6594.36478737319 0.05
  1 1 4 4 7032.7055358917 0.05
  1 1 5 4 8142.36286294803 0.05
  1 1 6 4 9199.65561377984 0.05
  1 1 7 4 5638.66308656937 0.05
  1 1 8 4 7185.35712228638 0.05
  1 1 9 4 5674.38933370651 0.05
  1 1 10 4 7580.76155559367 0.05
  1 1 11 4 8137.70547632625 0.05
  1 1 12 4 9280.25201599711 0.05
  1 1 13 4 14237.1922671282 0.05
  1 1 14 4 12392.0703503344 0.05
  1 1 15 4 8353.60209620684 0.05
  1 1 16 4 6058.98372968804 0.05
  1 1 17 4 12928.1191472885 0.05
  1 1 18 4 4537.37182135676 0.05
  1 1 19 4 5378.21021799113 0.05
  1 1 20 4 9200.0756019515 0.05
  1 1 21 4 4034.13366244224 0.05
  1 1 22 4 4526.81295640534 0.05
  1 1 23 4 7296.6740574669 0.05
  1 1 24 4 7042.54416723325 0.05
  1 1 25 4 5776.2392382973 0.05
  1 1 26 4 4563.32720757524 0.05
  1 1 27 4 2928.41427324665 0.05
  1 1 28 4 1826.16983607733 0.05
  1 1 29 4 4667.39004805419 0.05
  1 1 30 4 3494.47450700018 0.05
  1 1 31 4 2306.32133323353 0.05
  1 1 32 4 3331.23311732971 0.05
  1 1 33 4 3030.31795463581 0.05
  1 1 34 4 3045.18943630852 0.05
  1 1 35 4 3364.30407221196 0.05
  1 1 36 4 2875.95596883728 0.05
  1 1 37 4 4690.21705167953 0.05
  1 1 38 4 3950.06675198185 0.05
  1 1 39 4 5306.02546199168 0.05
  1 1 40 4 4372.17483127298 0.05
  1 1 41 4 3600.75552076368 0.05
  1 1 42 4 2451.10436647653 0.05
  2 1 1 2 1445.97319919047 0.05
  2 1 2 2 816.26223125355 0.05
  2 1 3 2 1551.24640681363 0.05
  2 1 4 2 834.989259396003 0.05
  2 1 5 2 1385.82658461214 0.05
  2 1 6 2 1051.84831163638 0.05
  2 1 7 2 648.936132704381 0.05
  2 1 8 2 978.720356138089 0.05
  2 1 9 2 883.436796041185 0.05
  2 1 10 2 776.731963113062 0.05
  2 1 11 2 992.458560639209 0.05
  2 1 12 2 935.702130762104 0.05
  2 1 13 2 3668.78680501216 0.05
  2 1 14 2 1891.33530303107 0.05
  2 1 15 2 1100.37439389756 0.05
  2 1 16 2 2421.47969943827 0.05
  2 1 17 2 2096.69955482646 0.05
  2 1 18 2 26.9794230650251 0.05
  2 1 19 2 3917.46597788014 0.05
  2 1 20 2 6163.01176693338 0.05
  2 1 21 2 13869.9453010474 0.05
  2 1 22 2 15726.0814363044 0.05
  2 1 23 2 9000.0060421456 0.05
  2 1 24 2 20722.2193815339 0.05
  2 1 25 2 10692.8912185281 0.05
  2 1 26 2 14187.3641734157 0.05
  2 1 27 2 14330.2429829581 0.05
  2 1 28 2 9359.58303827067 0.05
  2 1 29 2 10102.5048862272 0.05
  2 1 30 2 7111.577387836 0.05
  2 1 31 2 8610.59632196537 0.05
  2 1 32 2 18416.3869699792 0.05
  2 1 33 2 10650.6627052978 0.05
  2 1 34 2 19126.208582294 0.05
  2 1 35 2 18163.32023261 0.05
  2 1 36 2 23123.2003077539 0.05
  2 1 37 2 20153.6250298372 0.05
  2 1 38 2 18057.5341170463 0.05
  2 1 39 2 10459.3269640956 0.05
  2 1 40 2 7474.70698781071 0.05
  2 1 41 2 5856.5031647318 0.05
  2 1 42 2 1384.12919970753 0.05
  2 1 1 3 488.566645763451 0.05
  2 1 2 3 253.241755235318 0.05
  2 1 3 3 321.878632705639 0.05
  2 1 4 3 400.677881921606 0.05
  2 1 5 3 2881.40746498169 0.05
  2 1 6 3 3539.03608316938 0.05
  2 1 7 3 2498.32850520932 0.05
  2 1 8 3 2532.21654809598 0.05
  2 1 9 3 3329.71685261309 0.05
  2 1 10 3 2716.11662787567 0.05
  2 1 11 3 3007.96753754973 0.05
  2 1 12 3 618.567821306303 0.05
  2 1 13 3 2410.35733843798 0.05
  2 1 14 3 1270.70554385906 0.05
  2 1 15 3 1073.77478007387 0.05
  2 1 16 3 828.800354988191 0.05
  2 1 17 3 15268.0963879732 0.05
  2 1 18 3 1189.51526013959 0.05
  2 1 19 3 912.709324779575 0.05
  2 1 20 3 708.856268355183 0.05
  2 1 21 3 542.22321487337 0.05
  2 1 22 3 2367.05349626472 0.05
  2 1 23 3 1105.29046605385 0.05
  2 1 24 3 227.923240608195 0.05
  2 1 25 3 909.913214568301 0.05
  2 1 26 3 2117.31067917257 0.05
  2 1 27 3 2402.90444169422 0.05
  2 1 28 3 669.192276563517 0.05
  2 1 29 3 1381.11145124626 0.05
  2 1 30 3 2351.51764596966 0.05
  2 1 31 3 1653.63545328345 0.05
  2 1 32 3 630.197159066263 0.05
  2 1 33 3 159.498825017115 0.05
  2 1 34 3 138.020041598348 0.05
  2 1 35 3 141.450847652839 0.05
  2 1 36 3 1906.03090861365 0.05
  2 1 37 3 2427.03872771072 0.05
  2 1 38 3 1062.66332442083 0.05
  2 1 39 3 848.457357901555 0.05
  2 1 40 3 1689.63377295136 0.05
  2 1 41 3 16739.4394296001 0.05
  2 1 42 3 19943.8166268 0.05
# end catch observations 
#  
# Fishery size comp data 
# Number of observations, init_int Ncatch_size_obs 
  168
# init_matrix obs_catch_size(1,Ncatch_size_obs,1,ncol) 
# Fleet Area  Year  Species Type (0=whole, 1=retained, 2=discard) InpN, proportion by size bin 
  1 1 1 1 0 81 0.0123456790123457 0.45679012345679 0.320987654320988 0.0987654320987654 0.345679012345679
  1 1 2 1 0 73 1.36986301369863 0 0 0 0
  1 1 3 1 0 65 1.49230769230769 0.0307692307692308 0.0153846153846154 0 0
  1 1 4 1 0 56 1.78571428571429 0 0 0 0
  1 1 5 1 0 120 0.791666666666667 0.0333333333333333 0.00833333333333333 0 0
  1 1 6 1 0 130 0.253846153846154 0.376923076923077 0.138461538461538 0 0
  1 1 7 1 0 94 1.06382978723404 0 0 0 0
  1 1 8 1 0 94 0.468085106382979 0.585106382978723 0.0106382978723404 0 0
  1 1 9 1 0 82 1.21951219512195 0 0 0 0
  1 1 10 1 0 76 1.28947368421053 0.0263157894736842 0 0 0
  1 1 11 1 0 74 1.32432432432432 0.027027027027027 0 0 0
  1 1 12 1 0 65 1.53846153846154 0 0 0 0
  1 1 13 1 0 77 1.25974025974026 0.038961038961039 0 0 0
  1 1 14 1 0 88 1.11363636363636 0.0227272727272727 0 0 0
  1 1 15 1 0 66 1.51515151515152 0 0 0 0
  1 1 16 1 0 69 1.42028985507246 0.0289855072463768 0 0 0
  1 1 17 1 0 43 2.30232558139535 0.0232558139534884 0 0 0
  1 1 18 1 0 34 2.88235294117647 0.0588235294117647 0 0 0
  1 1 19 1 0 55 1.8 0.0181818181818182 0 0 0
  1 1 20 1 0 64 1.5625 0 0 0 0
  1 1 21 1 0 77 1.28571428571429 0.012987012987013 0 0 0
  1 1 22 1 0 67 1.49253731343284 0 0 0 0
  1 1 23 1 0 133 0.714285714285714 0.037593984962406 0 0 0
  1 1 24 1 0 98 1 0.0102040816326531 0.0102040816326531 0 0
  1 1 25 1 0 91 1.07692307692308 0.021978021978022 0 0 0
  1 1 26 1 0 77 1.27272727272727 0.025974025974026 0 0 0
  1 1 27 1 0 102 0.941176470588235 0.0392156862745098 0 0 0
  1 1 28 1 0 76 1.30263157894737 0.0131578947368421 0 0 0
  1 1 29 1 0 110 0.890909090909091 0.0181818181818182 0 0 0
  1 1 30 1 0 100 0.99 0.01 0 0 0
  1 1 31 1 0 108 0.888888888888889 0.037037037037037 0 0 0
  1 1 32 1 0 118 0.838983050847458 0.00847457627118644 0 0 0
  1 1 33 1 0 129 0.387596899224806 0.348837209302326 0.0387596899224806 0 0
  1 1 34 1 0 90 1.1 0.0111111111111111 0 0 0
  1 1 35 1 0 69 1.36231884057971 0.0869565217391304 0 0 0
  1 1 36 1 0 80 1.2375 0.0125 0 0 0
  1 1 37 1 0 62 1.58064516129032 0.032258064516129 0 0 0
  1 1 38 1 0 94 1.03191489361702 0.0319148936170213 0 0 0
  1 1 39 1 0 75 0.786666666666667 0.533333333333333 0.0133333333333333 0 0
  1 1 40 1 0 75 1.30666666666667 0.0266666666666667 0 0 0
  1 1 41 1 0 35 2.74285714285714 0.114285714285714 0 0 0
  1 1 42 1 0 22 4.22727272727273 0.318181818181818 0 0 0
  1 1 1 4 0 5 4.4 0 0 0 15.6
  1 1 2 4 0 5 20 0 0 0 0
  1 1 3 4 0 5 20 0 0 0 0
  1 1 4 4 0 5 20 0 0 0 0
  1 1 5 4 0 5 20 0 0 0 0
  1 1 6 4 0 5 20 0 0 0 0
  1 1 7 4 0 5 20 0 0 0 0
  1 1 8 4 0 5 20 0 0 0 0
  1 1 9 4 0 5 20 0 0 0 0
  1 1 10 4 0 5 20 0 0 0 0
  1 1 11 4 0 1 100 0 0 0 0
  1 1 12 4 0 5 20 0 0 0 0
  1 1 13 4 0 1 100 0 0 0 0
  1 1 14 4 0 2 50 0 0 0 0
  1 1 15 4 0 8 12.5 0 0 0 0
  1 1 16 4 0 3 33.3333333333333 0 0 0 0
  1 1 17 4 0 3 33.3333333333333 0 0 0 0
  1 1 18 4 0 1 100 0 0 0 0
  1 1 19 4 0 3 33.3333333333333 0 0 0 0
  1 1 20 4 0 3 33.3333333333333 0 0 0 0
  1 1 21 4 0 3 33.3333333333333 0 0 0 0
  1 1 22 4 0 2 50 0 0 0 0
  1 1 23 4 0 6 16.6666666666667 0 0 0 0
  1 1 24 4 0 1 100 0 0 0 0
  1 1 25 4 0 1 100 0 0 0 0
  1 1 26 4 0 2 50 0 0 0 0
  1 1 27 4 0 2 50 0 0 0 0
  1 1 28 4 0 4 25 0 0 0 0
  1 1 29 4 0 7 14.2857142857143 0 0 0 0
  1 1 30 4 0 6 16.6666666666667 0 0 0 0
  1 1 31 4 0 10 10 0 0 0 0
  1 1 32 4 0 7 14.2857142857143 0 0 0 0
  1 1 33 4 0 15 6.66666666666667 0 0 0 0
  1 1 34 4 0 19 5.26315789473684 0 0 0 0
  1 1 35 4 0 13 7.69230769230769 0 0 0 0
  1 1 36 4 0 23 4.34782608695652 0 0 0 0
  1 1 37 4 0 7 14.2857142857143 0 0 0 0
  1 1 38 4 0 7 14.2857142857143 0 0 0 0
  1 1 39 4 0 19 5.26315789473684 0 0 0 0
  1 1 40 4 0 25 4 0 0 0 0
  1 1 41 4 0 31 3.2258064516129 0 0 0 0
  1 1 42 4 0 31 3.2258064516129 0 0 0 0
  2 1 1 2 0 2 0 24.5 19.5 6 0
  2 1 2 2 0 5 4.6 2.4 8.6 4.4 0
  2 1 3 2 0 2 50 0 0 0 0
  2 1 4 2 0 5 11 9 0 0 0
  2 1 5 2 0 5 19.8 0.2 0 0 0
  2 1 6 2 0 5 17.2 2.8 0 0 0
  2 1 7 2 0 5 19.8 0.2 0 0 0
  2 1 8 2 0 1 100 0 0 0 0
  2 1 9 2 0 5 20 0 0 0 0
  2 1 10 2 0 5 20 0 0 0 0
  2 1 11 2 0 2 50 0 0 0 0
  2 1 12 2 0 5 20 0 0 0 0
  2 1 13 2 0 5 20 0 0 0 0
  2 1 14 2 0 5 20 0 0 0 0
  2 1 15 2 0 5 20 0 0 0 0
  2 1 16 2 0 5 20 0 0 0 0
  2 1 17 2 0 5 19.8 0.2 0 0 0
  2 1 18 2 0 5 20 0 0 0 0
  2 1 19 2 0 5 20 0 0 0 0
  2 1 20 2 0 30 3.3 0.0333333333333333 0 0 0
  2 1 21 2 0 46 2.17391304347826 0 0 0 0
  2 1 22 2 0 10 10 0 0 0 0
  2 1 23 2 0 19 5.15789473684211 0.105263157894737 0 0 0
  2 1 24 2 0 61 1.50819672131148 0.131147540983607 0 0 0
  2 1 25 2 0 29 3.44827586206897 0 0 0 0
  2 1 26 2 0 32 3.09375 0.03125 0 0 0
  2 1 27 2 0 16 6.1875 0.0625 0 0 0
  2 1 28 2 0 31 3.2258064516129 0 0 0 0
  2 1 29 2 0 44 2.27272727272727 0 0 0 0
  2 1 30 2 0 29 3.44827586206897 0 0 0 0
  2 1 31 2 0 25 4 0 0 0 0
  2 1 32 2 0 22 2.86363636363636 1.68181818181818 0 0 0
  2 1 33 2 0 35 2.82857142857143 0.0285714285714286 0 0 0
  2 1 34 2 0 28 3.46428571428571 0.107142857142857 0 0 0
  2 1 35 2 0 45 2.2 0 0.0222222222222222 0 0
  2 1 36 2 0 51 1.96078431372549 0 0 0 0
  2 1 37 2 0 41 2.4390243902439 0 0 0 0
  2 1 38 2 0 36 2.77777777777778 0 0 0 0
  2 1 39 2 0 20 4.9 0.1 0 0 0
  2 1 40 2 0 14 6.92857142857143 0.214285714285714 0 0 0
  2 1 41 2 0 17 5.58823529411765 0.294117647058824 0 0 0
  2 1 42 2 0 24 4.16666666666667 0 0 0 0
  2 1 1 3 0 1 19 0 80 1 0
  2 1 2 3 0 5 6.8 0 6.8 6.4 0
  2 1 3 3 0 5 20 0 0 0 0
  2 1 4 3 0 1 100 0 0 0 0
  2 1 5 3 0 6 16.3333333333333 0.333333333333333 0 0 0
  2 1 6 3 0 4 24.5 0.5 0 0 0
  2 1 7 3 0 5 20 0 0 0 0
  2 1 8 3 0 1 98 2 0 0 0
  2 1 9 3 0 1 100 0 0 0 0
  2 1 10 3 0 1 100 0 0 0 0
  2 1 11 3 0 2 49 1 0 0 0
  2 1 12 3 0 5 19.8 0.2 0 0 0
  2 1 13 3 0 4 25 0 0 0 0
  2 1 14 3 0 8 12.5 0 0 0 0
  2 1 15 3 0 11 8.90909090909091 0.181818181818182 0 0 0
  2 1 16 3 0 5 20 0 0 0 0
  2 1 17 3 0 5 20 0 0 0 0
  2 1 18 3 0 1 100 0 0 0 0
  2 1 19 3 0 1 100 0 0 0 0
  2 1 20 3 0 4 25 0 0 0 0
  2 1 21 3 0 3 33.3333333333333 0 0 0 0
  2 1 22 3 0 4 24.75 0.25 0 0 0
  2 1 23 3 0 3 33.3333333333333 0 0 0 0
  2 1 24 3 0 3 33.3333333333333 0 0 0 0
  2 1 25 3 0 2 50 0 0 0 0
  2 1 26 3 0 4 25 0 0 0 0
  2 1 27 3 0 5 20 0 0 0 0
  2 1 28 3 0 4 25 0 0 0 0
  2 1 29 3 0 4 25 0 0 0 0
  2 1 30 3 0 24 4.16666666666667 0 0 0 0
  2 1 31 3 0 10 9.8 0.2 0 0 0
  2 1 32 3 0 12 8.25 0.0833333333333333 0 0 0
  2 1 33 3 0 4 25 0 0 0 0
  2 1 34 3 0 6 16.5 0.166666666666667 0 0 0
  2 1 35 3 0 2 48.5 1.5 0 0 0
  2 1 36 3 0 10 10 0 0 0 0
  2 1 37 3 0 9 10.8888888888889 0.222222222222222 0 0 0
  2 1 38 3 0 13 7.61538461538461 0.0769230769230769 0 0 0
  2 1 39 3 0 16 6.125 0.125 0 0 0
  2 1 40 3 0 27 3.7037037037037 0 0 0 0
  2 1 41 3 0 15 6.66666666666667 0 0 0 0
  2 1 42 3 0 16 6.25 0 0 0 0
# end fishery length observations 
#  
# Survey diet proportion observations 
# Number of observations, init_int Ndietprop_obs 
  115
# init_matrix obs_dietprop(1,Ndietprop_obs,1,ncol) 
# Survey  Year  Predator  Predator_size InpN  wt_prey_1 wt_prey_2 wt_prey_3 wt_prey_4 wt_prey_5 wt_prey_6 wt_prey_7 wt_prey_8 wt_prey_9 wt_prey_10 wt_prey_11 other 
  1 12 1 2 100 0 0 0 0 1
  1 12 1 3 100 0.04 0 0 0 0.96
  1 13 1 3 100 0 0.18 0 0 0.82
  1 13 1 4 100 0 0.96 0 0 0.04
  1 15 1 2 100 0 0.35 0 0 0.65
  1 18 1 1 100 0.57 0 0 0 0.43
  1 18 1 2 100 0.02 0 0 0 0.98
  1 18 1 3 100 0 0.12 0 0 0.88
  1 19 1 2 100 0 0.05 0 0 0.95
  1 19 1 3 100 0 0.58 0 0 0.42
  1 20 1 3 100 0 0 0 0 1
  1 21 1 2 100 0 0 0 0 1
  1 21 1 3 100 0 0.79 0 0 0.21
  1 24 1 3 100 0 0.45 0 0 0.55
  1 25 1 3 100 0 1 0 0 0
  1 26 1 3 100 0 0.79 0.1 0 0.11
  1 27 1 3 100 0 0 1 0 0
  1 28 1 3 100 0 1 0 0 0
  1 33 1 3 100 0 0.96 0 0 0.04
  1 34 1 3 100 0 0.22 0 0 0.78
  1 35 1 3 100 0 0.12 0 0 0.88
  1 38 1 3 100 0 0 0 0 1
  1 39 1 3 100 0 0.17 0 0 0.83
  1 40 1 2 100 0 0.34 0 0 0.66
  1 41 1 2 100 0 0 0.6 0 0.4
  2 2 1 4 100 0 0 0 0 1
  2 11 1 3 100 0 0 0 0 1
  2 14 1 3 100 0 1 0 0 0
  2 14 1 4 100 0 0 0 0 1
  2 15 1 3 100 0 0 0 0 1
  2 16 1 3 100 0 0 0 0 1
  2 16 1 4 100 0 0 0 0 1
  2 19 1 3 100 0 0.81 0 0 0.19
  2 19 1 4 100 0 0 0 0 1
  2 21 1 3 100 0 0 0 0 1
  2 21 1 4 100 0 0.23 0 0 0.77
  2 22 1 3 100 0 0.75 0 0 0.25
  2 23 1 3 100 0 0.35 0 0 0.65
  2 24 1 3 100 0 1 0 0 0
  2 24 1 4 100 0 0 0 0 1
  2 25 1 2 100 0 0 0 0 1
  2 25 1 3 100 0 0 0 0 1
  2 26 1 3 100 0 0.53 0 0 0.47
  2 27 1 3 100 0 0 0 0 1
  2 27 1 4 100 0 0 0 0 1
  2 29 1 3 100 0 0.59 0 0 0.41
  2 33 1 3 100 0 0 0 0 1
  2 35 1 1 100 0 0 0 0 1
  2 35 1 2 100 0 0 0 0 1
  2 35 1 3 100 0 0 0 0 1
  2 36 1 3 100 0 1 0 0 0
  2 39 1 3 100 0 0 0 0 1
  2 40 1 2 100 0 0 0 0 1
  2 36 2 3 100 0 0.33 0 0 0.67
  2 30 3 2 100 0 0 0.45 0 0.55
  2 30 3 4 100 0 0.05 0 0 0.95
  1 8 4 2 100 0 0 0 0 1
  1 8 4 3 100 0 0.32 0 0 0.68
  1 11 4 3 100 0 0.21 0 0 0.79
  1 13 4 2 100 0 0 0 0 1
  1 13 4 3 100 0 0 0.51 0 0.49
  1 13 4 4 100 0 0 0.89 0 0.11
  1 14 4 3 100 0 0 0 0 1
  1 15 4 3 100 1 0 0 0 0
  1 15 4 4 100 0 0 0 0 1
  1 16 4 3 100 0 0 0 0 1
  1 16 4 4 100 0 0 0 0 1
  1 17 4 3 100 0 0.98 0 0 0.02
  1 18 4 3 100 0 0 0 0 1
  1 19 4 2 100 0 0.12 0 0 0.88
  1 19 4 3 100 0 0.87 0 0 0.13
  1 20 4 2 100 0 0.23 0 0 0.77
  1 20 4 3 100 0 0.1 0 0 0.9
  1 21 4 3 100 0 0 0.81 0 0.19
  1 22 4 2 100 0 0.11 0 0 0.89
  1 23 4 3 100 0 0.17 0 0 0.83
  1 24 4 3 100 0 0.08 0 0 0.92
  1 25 4 3 100 0 1 0 0 0
  1 25 4 4 100 0 0 0 0 1
  1 26 4 3 100 0 0 0 0 1
  1 27 4 2 100 0 0.46 0 0 0.54
  1 27 4 3 100 0.04 0 0 0 0.96
  1 28 4 2 100 0 0.07 0 0 0.93
  1 28 4 3 100 0 0 0 0 1
  1 29 4 3 100 0 0.09 0 0 0.91
  1 31 4 3 100 0 1 0 0 0
  1 31 4 4 100 0 0.64 0 0 0.36
  1 34 4 3 100 0 0.45 0 0 0.55
  1 40 4 3 100 0 0.34 0 0 0.66
  1 40 4 4 100 0 0 0.05 0 0.95
  1 42 4 3 100 0 0 0.88 0 0.12
  2 6 4 3 100 0 0 0.11 0 0.89
  2 8 4 3 100 0 0 0.04 0 0.96
  2 9 4 4 100 0 0 0 0.15 0.85
  2 14 4 4 100 0 0 0 0 1
  2 15 4 3 100 0 0 0 0 1
  2 16 4 3 100 0 0 0 0 1
  2 17 4 2 100 0 0 0 0 1
  2 18 4 3 100 0 0 0 0 1
  2 19 4 3 100 0 0 0 0 1
  2 21 4 3 100 0 0.06 0 0 0.94
  2 22 4 3 100 0 0.53 0 0 0.47
  2 23 4 3 100 0 0 0.87 0 0.13
  2 24 4 3 100 0 0.53 0 0 0.47
  2 25 4 3 100 0 1 0 0 0
  2 25 4 4 100 0 0 0.56 0 0.44
  2 27 4 3 100 0 0 0 0 1
  2 30 4 3 100 0 0.68 0 0 0.32
  2 33 4 3 100 0 0 0 0 1
  2 34 4 3 100 0 1 0 0 0
  2 35 4 3 100 0 0.82 0 0 0.18
  2 36 4 2 100 0 0.95 0 0 0.05
  2 36 4 3 100 0 1 0 0 0
  2 37 4 3 100 0 0.41 0 0 0.59
  2 42 4 3 100 0 0 1 0 0
# end survey diet proportion observations 
#  
