# This file was created using the write_tsDatFile function and used all the simulated data from sim_dta.rds found in repo:Hydra-self-testing
# Survey index data 
# Number of observations, init_int Nsurvey_obs
  329
# init_matrix obs_survey_biomass(1,Nsurvey_obs,1,5)
# survey year spp value cv
  1 1 4 403466.970490118 0.212720515437525
  2 1 4 401869.690371232 0.25363203301826
  1 2 4 15053.784644124 0.222168779300385
  2 2 4 21221.2451512989 0.187773345626693
  1 3 4 162071.55077188 0.394113240257454
  2 3 4 8586.52908266138 0.423618201694685
  1 4 4 231970.365003144 0.310035034727007
  2 4 4 8256.95279003183 0.327069686277164
  1 5 4 229475.103604112 0.378629084128514
  2 5 4 8600.34093801385 0.391316523019912
  1 6 4 26523.5745133638 0.494427832556011
  2 6 4 2658.00023482733 0.376280830351703
  1 7 4 81843.5777190224 0.759062286891916
  2 7 4 3202.50825698499 0.665352569827422
  1 8 4 3767.35847843361 0.383150869515862
  2 8 4 314.376468868878 0.433685089735353
  1 9 4 18279.9522077871 0.48934963094834
  2 9 4 434.066044605493 0.392371299771634
  1 10 4 29481.4469958777 0.382452035825211
  2 10 4 832.842606008583 0.333798529002863
  1 11 4 6289.53608195426 0.566792532611316
  2 11 4 154.560478169486 0.868042030585988
  1 12 4 14309.001306709 0.381518572031255
  2 12 4 169.23208565856 0.445144789260538
  1 13 4 17116.0035511962 0.438380584739347
  2 13 4 191.47788625947 0.947226139495183
  1 14 4 4773.72962083647 0.482345652338289
  2 14 4 148.766685958905 0.377075764230608
  1 15 4 2761.14554233888 0.420835086749712
  2 15 4 165.309905968928 0.614716212748607
  1 16 4 9635.30077191013 0.515165860253858
  2 16 4 97.0703718597611 0.704031323768783
  1 17 4 1470.36177529137 0.559532625975744
  2 17 4 92.3395541607011 0.319774204956139
  1 18 4 1786.63483542892 0.479008946214672
  2 18 4 50.213190234617 0.41351869139049
  1 19 4 2142.37226031078 0.429419179801904
  2 19 4 81.8509708272108 0.387615780132326
  1 20 4 4207.89671554263 0.477074256852948
  2 20 4 101.026576199602 0.315868813200741
  1 21 4 5050.26249287838 0.410621521476155
  2 21 4 188.483134254412 0.630050999524052
  1 22 4 9550.35321714107 0.294672690077384
  2 22 4 210.35223122172 0.335469505128288
  1 23 4 13244.6875677746 0.477447511398437
  2 23 4 386.726139298595 0.407625761955908
  1 24 4 9772.75899068414 0.384568504019134
  2 24 4 146.562495516179 0.43049173366256
  1 25 4 6324.15994728889 0.333261603198005
  2 25 4 69.8462527961655 0.843960441627036
  1 26 4 3848.47705104354 0.685474246042822
  2 26 4 47.2498339741646 0.429620783824035
  1 27 4 3856.08744618432 0.286882992344226
  2 27 4 10.3984110979555 0.81343687860715
  1 28 4 7625.59662026909 0.371822434434906
  2 28 4 281.015850852963 0.53327636373572
  1 29 4 23049.6579648132 0.592639130460935
  2 29 4 276.42679298882 0.590339711107796
  1 30 4 11408.2436786079 0.374062101432949
  2 30 4 284.285356788941 0.701775131617819
  1 31 4 17512.9866882173 0.304499664309564
  2 31 4 361.929702882332 0.210828956182955
  1 32 4 36356.4381608316 0.233962995093855
  2 32 4 450.992232154653 0.329779252894958
  1 33 4 9577.18007827378 0.270006842918168
  2 33 4 829.272852716504 0.460124990024536
  1 34 4 8129.66094854434 0.350007507053818
  2 34 4 131.026261597807 0.837656243552001
  1 35 4 9960.69474451713 0.34274593698132
  2 35 4 201.4922382107 0.291986952078346
  1 36 4 23490.4933364149 0.261906583866089
  2 36 4 324.287974531747 0.425399553458769
  1 37 4 111397.330461204 0.417429035160016
  2 37 4 1072.15362124562 0.287702894520317
  1 38 4 63833.6501935733 0.441211421515246
  2 38 4 1806.62298437654 0.866971810340233
  1 39 4 9211.26763526694 0.495234601454268
  2 39 4 1331.95979707712 0.556663444153977
  1 40 4 16869.8281830319 0.237858203733512
  2 40 4 568.014913514424 0.295404104464232
  1 41 4 4575.36275375637 0.327346172729995
  2 41 4 34.2243494421868 0.994030515469621
  1 42 4 2522.07067262046 0.368315456462939
  2 42 4 78.7809942593945 0.461505384764764
  1 1 2 8.59490052490767e-264 0.601375663623589
  2 1 2 2.13400156063599e-264 0.565196579518992
  2 2 2 6.46380481757212e-209 0.686052062200317
  2 3 2 6.35438023201367e-187 0.378997614818957
  1 4 2 9.85257328323205e-192 1
  2 4 2 7.33105784472063e-193 0.459316778181236
  1 5 2 2.34906689863839e-194 0.611089023955187
  2 5 2 4.91092724534278e-196 0.780615956536472
  1 6 2 2.03041526527513e-198 0.702037850017464
  2 6 2 2.29826476836937e-199 0.461790555986525
  1 7 2 7.63396539003806e-199 0.948289691951521
  2 7 2 1.45908871465565e-201 0.685175011742778
  1 8 2 1.7563976903808e-203 0.544380631361087
  2 8 2 3.36735154774932e-204 0.424096495665332
  1 9 2 1.94302340088366e-204 0.5393131982084
  2 9 2 6.25887803211091e-206 0.454629127333952
  1 10 2 3.77766136808629e-206 0.88095039530815
  2 10 2 8.03530191801918e-207 0.419344308350161
  1 11 2 1.40254140686634e-207 0.799987970388403
  2 11 2 1.22686252855356e-208 0.839124360078806
  1 12 2 9.82684250687299e-202 0.774991903603438
  2 12 2 3.09325724478215e-204 0.424721667998453
  1 13 2 7.4257018715171e-206 0.863215133786584
  2 13 2 7.86330239180532e-208 0.387073469025502
  1 14 2 1.26994718635507e-207 0.704083892007286
  2 14 2 9.55840946095643e-209 0.312793018147624
  1 15 2 3.76317559212774e-201 0.457459057188701
  2 15 2 5.51654053964879e-204 0.459652287866146
  1 16 2 3.18582747710277e-187 0.853197309912465
  2 16 2 2.33718553441127e-189 0.628928805514438
  1 17 2 2.93261558358712e-200 0.61116783920211
  2 17 2 5.49413341378455e-202 0.3895964128798
  1 18 2 6.50409718376249e-205 0.416775375911518
  2 18 2 3.30144399452927e-206 0.495180348393774
  1 19 2 1.21057033177366e-185 0.69077510766454
  2 19 2 4.14686384144115e-188 0.347120352110889
  1 20 2 9.39495080441722e-190 0.793751288508348
  2 20 2 5.97827417500126e-192 0.526946514998015
  1 21 2 1.17676964808989e-192 0.339376634127756
  2 21 2 2.28263632049179e-194 0.609998621037514
  1 22 2 3.59385388301065e-195 0.601950919776798
  2 22 2 7.47477523509595e-196 0.389299707202565
  1 23 2 5.26502700681503e-197 0.658556209578282
  2 23 2 6.98574456235979e-198 0.288585466763824
  1 24 2 4.6501798264672e-197 0.637453135075156
  2 24 2 5.84314069115439e-199 0.480513100150493
  1 25 2 8.21285195356248e-202 0.510473149998029
  2 25 2 1.57618929057192e-202 0.338488147626423
  1 26 2 9.15992233711919e-191 0.548437091427541
  2 26 2 2.33758020160021e-193 0.345955330423839
  1 27 2 1.22746667388838e-177 0.492912195981742
  2 27 2 2.82626297896641e-180 0.33164245084141
  1 28 2 4.63580787363305e-181 0.747597319880804
  2 28 2 1.24564153671918e-182 0.447853531697379
  1 29 2 1.64195129755755e-183 0.451616070879294
  2 29 2 3.30920160942842e-185 0.305275882623724
  1 30 2 1.32318121211636e-185 0.797269558848634
  2 30 2 1.53649558980039e-186 0.605264936420634
  1 31 2 5.49582132061829e-187 0.666772556553203
  2 31 2 6.27104431024739e-188 0.359836468902791
  1 32 2 4.778120305801e-188 0.96787270074405
  2 32 2 9.02440207389729e-190 0.422601396160012
  1 33 2 3.44372413943846e-191 0.404694020855087
  2 33 2 6.13344920817754e-192 0.465820030674526
  1 34 2 1.36215312742469e-193 0.814873375751391
  2 34 2 4.19146749168984e-194 0.505954372112585
  1 35 2 1.29623462958562e-195 0.533219898766676
  2 35 2 1.58941165680026e-196 0.287403659199158
  1 36 2 5.91455606013383e-198 0.371953858881132
  2 36 2 3.51952619016317e-199 0.365560779244073
  1 37 2 1.97559560397923e-199 0.791301167226987
  2 37 2 2.29538939983974e-200 0.487536998609889
  1 38 2 8.25745547579073e-201 0.633364993316759
  2 38 2 3.41871248547062e-202 0.644823084547079
  1 39 2 5.8608106179494e-202 0.827253682697507
  2 39 2 1.73803691993214e-203 0.354235596542703
  1 40 2 1.86711505848192e-204 0.900216415173481
  2 40 2 3.01619566718385e-205 0.395846441583114
  1 41 2 1.07910517474618e-205 0.957770995377006
  2 41 2 1.45206149655331e-207 0.496084887173497
  1 42 2 8.79168578688605e-209 0.55870584954739
  2 42 2 1.21318679618745e-209 0.604660139936764
  1 1 1 162362.752917662 0.241799049430762
  2 1 1 1149792.54865412 0.250018379470286
  1 2 1 53926.092558228 0.142636213550947
  2 2 1 160394.236541011 0.163647146277456
  1 3 1 41107.9317872549 0.225478190042395
  2 3 1 41654.6945065957 0.192013183632222
  1 4 1 165657.019474752 0.323579734794357
  2 4 1 143719.860497427 0.162432383538487
  1 5 1 68617.7355495737 0.320666395151501
  2 5 1 189055.637625091 0.822390366318268
  1 6 1 8453.0159303095 0.452044832991261
  2 6 1 56985.0834961645 0.192408532269243
  1 7 1 99308.0980570685 0.28209645893665
  2 7 1 26026.4511113949 0.262097825842625
  1 8 1 4301.232417241 0.414010381101596
  2 8 1 39120.6001523058 0.189959250209439
  1 9 1 24145.7173986533 0.40638853202345
  2 9 1 10318.2306990359 0.178404315527443
  1 10 1 20327.0356596166 0.290993157294119
  2 10 1 34122.9614180039 0.156753980046499
  1 11 1 9182.45216422966 0.324615016521962
  2 11 1 17588.9331401569 0.174348711952217
  1 12 1 7329.64044415444 0.294780938380682
  2 12 1 8846.04665802052 0.195232854572048
  1 13 1 10562.4202197603 0.440402569626277
  2 13 1 8997.02750085393 0.185762358850192
  1 14 1 3285.37363268248 0.372421878022742
  2 14 1 4145.17442717327 0.151581173531864
  1 15 1 2024.98659984834 0.341871348717721
  2 15 1 2334.82341591711 0.233364310094868
  1 16 1 2610.46480015264 0.416897355424411
  2 16 1 1296.80890326455 0.283802183917676
  1 17 1 1837.37300468576 0.500820840736393
  2 17 1 8446.86530500692 0.495024013362717
  1 18 1 777.122630623313 0.389853340834037
  2 18 1 1012.91208538793 0.390988792530431
  1 19 1 1210.7714944765 0.293941849282161
  2 19 1 446.699467516994 0.322403741112933
  1 20 1 867.570939717773 0.525509720403112
  2 20 1 1446.90747058059 0.218361153170241
  1 21 1 2385.05918653124 0.266433769579894
  2 21 1 3043.17069590141 0.421115605185845
  1 22 1 3130.47436539823 0.374831371194202
  2 22 1 4136.46998031935 0.227391091044855
  1 23 1 1194.66794187691 0.352011231642473
  2 23 1 5084.15986313262 0.384269029090844
  1 24 1 1683.63246761578 0.34725908523047
  2 24 1 1117.96302705128 0.331291933735556
  1 25 1 838.73439501745 0.578696888706846
  2 25 1 1415.32661409161 0.247394190789157
  1 26 1 2093.52257979798 0.459728456052307
  2 26 1 2261.31312256502 0.394189312610479
  1 27 1 919.763438761005 0.539982548576019
  2 27 1 1988.23039157041 0.72948972943007
  1 28 1 2479.94452641677 0.364309332200766
  2 28 1 1631.69097858911 0.278656828353639
  1 29 1 1478.22982956095 0.562793580097325
  2 29 1 3346.97263369092 0.316141323613091
  1 30 1 5399.11290462409 0.420348818797864
  2 30 1 2344.73454488846 0.30511736182771
  1 31 1 7288.17210993631 0.403753427903273
  2 31 1 4093.74856174789 0.278331587636247
  1 32 1 5176.93170917301 0.491331418922754
  2 32 1 11703.3958018177 0.329726795744574
  1 33 1 1084.83520380199 0.537081122476055
  2 33 1 6065.45922765023 0.33086845072982
  1 34 1 2943.51205155659 0.379030815152119
  2 34 1 768.844150083614 0.278881417082292
  1 35 1 759.253765574325 0.519511456600017
  2 35 1 1559.49309583751 0.27351876283918
  1 36 1 592.571540081781 0.556056214854877
  2 36 1 388.409625490249 0.714061811185508
  1 37 1 897.54443827574 0.588197671943964
  2 37 1 1450.46889512013 0.340315242626747
  1 38 1 2935.68609580263 0.324588369174256
  2 38 1 2610.55269903993 0.300199803594678
  1 39 1 646.010717468246 0.501841796783066
  2 39 1 1707.64259985424 0.438397059851219
  1 40 1 186.63874729275 0.403101009292275
  2 40 1 345.608060328148 0.410378233550251
  1 41 1 541.696783130782 0.478602624152216
  2 41 1 208.068153364259 0.362128776577143
  1 42 1 147.177658192664 0.646634922078809
  2 42 1 100.650634682062 0.816170985475773
  1 1 3 109125.23128103 0.499484636786782
  1 2 3 2601.68872371964 0.358153914340203
  2 2 3 61252.5126462853 0.577110518633802
  1 3 3 360724.206971864 0.678339172154909
  2 3 3 80248.6765263525 0.738121970739642
  1 4 3 5724.96805445631 1
  2 4 3 48349.7603963913 0.52056341701904
  1 5 3 55989.8803381655 0.693225535250834
  2 5 3 13977.7163003352 1
  1 6 3 35136.6459640725 1
  2 6 3 4336.31405521723 0.48452157876779
  1 7 3 341.450585567498 0.912293822979085
  1 8 3 152.675094406115 0.655734850091527
  2 8 3 109.363547325274 0.750382084373246
  1 9 3 362.714158368415 0.670809892238012
  2 9 3 82.3887426573333 0.47273108889926
  1 10 3 107.397625793132 0.631102684426709
  2 10 3 142.223439968273 0.919260399745188
  1 11 3 130.844960618168 0.496475444687371
  1 12 3 62.6657789950961 0.740682868109632
  2 12 3 224.226356165442 1
  1 13 3 240.968942962308 0.360862225436052
  1 14 3 185.365766817084 0.547901331396328
  2 14 3 331.312539709749 0.478873954421528
  1 15 3 319.202747947949 0.429608216382601
  2 15 3 484.115960061321 0.654713783069401
  1 16 3 1727.48622604962 0.69118921143411
  2 16 3 1466.20677405103 0.8614889831113
  1 17 3 51.0923009251186 0.426971754606328
  2 17 3 161.870983265892 0.572182042928152
  1 18 3 13.3073823532019 0.505524319387353
  2 18 3 29.0735239085901 0.488492827246527
  1 19 3 44.2274283060132 0.644591984223249
  2 19 3 125.633307902973 0.51925665989311
  1 20 3 52.0369735684801 0.899065435378594
  2 20 3 26.8505309125828 0.59569628754064
  1 21 3 10.4099322289055 0.543826822033971
  2 21 3 14.3774062949973 0.466111862829518
  1 22 3 351.240409316831 0.88174616562504
  2 22 3 84.6236575725651 0.568444982816852
  1 23 3 333.720284150082 0.408104676406013
  2 23 3 80.693269074635 0.357346049869971
  1 24 3 38.6412041394441 0.92608255019157
  2 24 3 77.1108041347796 0.539541007788685
  1 25 3 22.7709329516376 0.648664057223823
  2 25 3 23.8792462839801 0.576168087832409
  1 26 3 57.5335907959504 0.695927823776047
  2 26 3 16.6290201018093 0.549529982814455
  1 27 3 42.3359833324382 0.708713243925404
  2 27 3 37.4591385092101 0.496269825160911
  1 28 3 18.9206305221992 0.489543853646182
  1 29 3 143.532165761377 0.703511357168505
  2 29 3 25.478786460194 0.875017095315649
  1 30 3 316.168322787528 0.631659802692532
  2 30 3 856.62964484631 0.908152223575802
  1 31 3 867.348657525672 0.626570332091694
  2 31 3 805.544650818941 0.712465807947941
  1 32 3 174.486543577876 0.661895735249442
  2 32 3 318.420264165959 0.86012943797605
  1 33 3 8.71329474656525 0.783155911787346
  2 33 3 111.944578555363 0.598390099709208
  1 34 3 9.58164080017789 0.542775440757204
  2 34 3 20.9892249322006 0.743173480285892
  1 35 3 4.32195336427455 0.870542376054271
  2 35 3 11.3378906994397 0.446478967244395
  1 36 3 129.537604248768 0.492193512682958
  2 36 3 49.1262977890308 0.490110041691513
  1 37 3 3802.90726494268 0.909630520329322
  2 37 3 732.186724149537 0.433872317628348
  1 38 3 1876.18708970543 0.644773009949607
  2 38 3 3173.50135189579 0.484949159815328
  1 39 3 1153.58043642541 0.515045488987725
  2 39 3 1879.20533398144 0.388710136036013
  1 40 3 564.960364083914 0.442573167063876
  2 40 3 732.663298205488 0.395139923022642
  1 41 3 59.9458436994721 0.88587618368699
  2 41 3 135.242179600289 0.537531419606343
  1 42 3 391654.241334891 0.983269433580366
  2 42 3 504246.26592415 0.849696423298534
# end survey index observations 
#  
# Survey size comp data 
# Number of observations, init_int Nsurvey_size_obs 
  329
# init_matrix obs_survey_size(1,Nsurvey_size_obs,1,ncol) 
# Survey  Year  Species Type (0=whole, 1=retained, 2=discard) InpN, proportion by length bin 
  1 1 1 0 57 0 1.07017543859649 0.631578947368421 0.0526315789473684 0
  1 2 1 0 65 0.8 0.723076923076923 0.0153846153846154 0 0
  1 3 1 0 32 1.5625 1.5 0.0625 0 0
  1 4 1 0 32 1.59375 1.53125 0 0 0
  1 5 1 0 21 1.57142857142857 3.14285714285714 0.0476190476190476 0 0
  1 6 1 0 18 0.5 3.66666666666667 1.38888888888889 0 0
  1 7 1 0 25 2.4 1.6 0 0 0
  1 8 1 0 20 0.3 3.25 1.45 0 0
  1 9 1 0 16 3.5 2.75 0 0 0
  1 10 1 0 19 2.42105263157895 2.84210526315789 0 0 0
  1 11 1 0 20 2.45 2.3 0.25 0 0
  1 12 1 0 22 2.27272727272727 2.27272727272727 0 0 0
  1 13 1 0 23 2.43478260869565 1.82608695652174 0.0869565217391304 0 0
  1 14 1 0 14 3 4.14285714285714 0 0 0
  1 15 1 0 21 2.04761904761905 2.57142857142857 0.142857142857143 0 0
  1 16 1 0 14 3.64285714285714 3.42857142857143 0.0714285714285714 0 0
  1 17 1 0 17 2.76470588235294 3.05882352941176 0.0588235294117647 0 0
  1 18 1 0 19 2.73684210526316 2.42105263157895 0.105263157894737 0 0
  1 19 1 0 18 2.83333333333333 2.66666666666667 0.0555555555555556 0 0
  1 20 1 0 15 3.53333333333333 3.06666666666667 0.0666666666666667 0 0
  1 21 1 0 21 2.38095238095238 2.33333333333333 0.0476190476190476 0 0
  1 22 1 0 13 3.92307692307692 3.69230769230769 0.0769230769230769 0 0
  1 23 1 0 14 3.57142857142857 3.5 0.0714285714285714 0 0
  1 24 1 0 14 2.85714285714286 4.28571428571429 0 0 0
  1 25 1 0 18 3.11111111111111 2.38888888888889 0.0555555555555556 0 0
  1 26 1 0 14 3.92857142857143 3.21428571428571 0 0 0
  1 27 1 0 23 2.34782608695652 1.8695652173913 0.130434782608696 0 0
  1 28 1 0 14 3.92857142857143 3.21428571428571 0 0 0
  1 29 1 0 17 3.23529411764706 2.64705882352941 0 0 0
  1 30 1 0 18 2.88888888888889 2.66666666666667 0 0 0
  1 31 1 0 20 2.55 2.35 0.1 0 0
  1 32 1 0 10 4.5 5.4 0.1 0 0
  1 33 1 0 15 1.06666666666667 3.8 1.8 0 0
  1 34 1 0 18 2.55555555555556 3 0 0 0
  1 35 1 0 8 6.875 5.5 0.125 0 0
  1 36 1 0 12 4.16666666666667 4.16666666666667 0 0 0
  1 37 1 0 8 6.875 5.625 0 0 0
  1 38 1 0 16 3.3125 2.875 0.0625 0 0
  1 39 1 0 10 2.9 5.5 1.6 0 0
  1 40 1 0 10 5.3 4.6 0.1 0 0
  1 41 1 0 13 2.76923076923077 4.84615384615385 0.0769230769230769 0 0
  1 42 1 0 8 5.75 6.25 0.5 0 0
  1 1 2 0 11 2.09090909090909 1.90909090909091 1.36363636363636 1.45454545454545 2.27272727272727
  1 4 2 0 1 22 24 21 16 17
  1 5 2 0 5 3.6 4.2 3.4 3.4 5.4
  1 6 2 0 1 22 26 12 19 21
  1 7 2 0 3 9.66666666666667 6.33333333333333 4 7 6.33333333333333
  1 8 2 0 4 5 5.75 3.25 6 5
  1 9 2 0 5 3.2 4 4 4.4 4.4
  1 10 2 0 10 2.4 1.9 1.7 2.3 1.7
  1 11 2 0 13 1.46153846153846 1.30769230769231 1.69230769230769 1.76923076923077 1.46153846153846
  1 12 2 0 15 1.33333333333333 1.26666666666667 1.4 1.53333333333333 1.13333333333333
  1 13 2 0 9 2.66666666666667 1.22222222222222 2.88888888888889 1.77777777777778 2.55555555555556
  1 14 2 0 6 2.83333333333333 2.66666666666667 3.33333333333333 4 3.83333333333333
  1 15 2 0 13 2.15384615384615 1.61538461538462 1.53846153846154 1.23076923076923 1.15384615384615
  1 16 2 0 10 1.5 2.2 2.2 2 2.1
  1 17 2 0 10 1.5 1.4 2.7 2.3 2.1
  1 18 2 0 18 1.11111111111111 1.05555555555556 0.611111111111111 1.66666666666667 1.11111111111111
  1 19 2 0 27 0.666666666666667 0.814814814814815 0.666666666666667 0.703703703703704 0.851851851851852
  1 20 2 0 23 0.869565217391304 0.652173913043478 1.08695652173913 0.652173913043478 1.08695652173913
  1 21 2 0 25 0.72 0.96 0.64 0.8 0.88
  1 22 2 0 9 1.77777777777778 2.55555555555556 2.88888888888889 2 1.88888888888889
  1 23 2 0 8 3.125 2.625 2.875 1.75 2.125
  1 24 2 0 9 3 1.77777777777778 2.44444444444444 1.88888888888889 2
  1 25 2 0 14 1.71428571428571 1.14285714285714 0.857142857142857 1.07142857142857 2.35714285714286
  1 26 2 0 18 1.33333333333333 1.22222222222222 1 1.11111111111111 0.888888888888889
  1 27 2 0 16 1.125 1.5625 1.0625 1.1875 1.3125
  1 28 2 0 6 4 3.16666666666667 2.66666666666667 2.83333333333333 4
  1 29 2 0 8 3.125 1.75 2.25 2.125 3.25
  1 30 2 0 17 1.11764705882353 0.941176470588235 1.05882352941176 1.05882352941176 1.70588235294118
  1 31 2 0 9 2.44444444444444 2 2 2 2.66666666666667
  1 32 2 0 30 0.533333333333333 0.866666666666667 0.6 0.6 0.733333333333333
  1 33 2 0 24 1 0.833333333333333 0.708333333333333 0.666666666666667 0.958333333333333
  1 34 2 0 25 0.96 0.72 0.92 0.8 0.6
  1 35 2 0 16 1.9375 1.0625 1.125 0.8125 1.3125
  1 36 2 0 13 1.69230769230769 1.61538461538462 1.38461538461538 1.61538461538462 1.38461538461538
  1 37 2 0 8 1.625 2.625 2 3.5 2.75
  1 38 2 0 10 1.3 2.5 2.3 2.3 1.6
  1 39 2 0 13 2.07692307692308 1.84615384615385 1.69230769230769 1.07692307692308 1
  1 40 2 0 8 2.375 2.5 2.375 2 3.25
  1 41 2 0 5 3.4 4.8 3 3.8 5
  1 42 2 0 17 1.05882352941176 1.05882352941176 1.35294117647059 1.11764705882353 1.29411764705882
  1 1 3 0 27 0 0.592592592592593 2.33333333333333 0.777777777777778 0
  1 2 3 0 13 0 0.307692307692308 3.84615384615385 3.53846153846154 0
  1 3 3 0 5 10.2 9.8 0 0 0
  1 4 3 0 2 5 29.5 15.5 0 0
  1 5 3 0 5 11.8 8.2 0 0 0
  1 6 3 0 1 32 58 10 0 0
  1 7 3 0 3 15.3333333333333 15.3333333333333 2.33333333333333 0.333333333333333 0
  1 8 3 0 3 18.6666666666667 14.6666666666667 0 0 0
  1 9 3 0 4 10.75 14 0.25 0 0
  1 10 3 0 4 14.5 10.5 0 0 0
  1 11 3 0 4 13 11.75 0.25 0 0
  1 12 3 0 2 29.5 19.5 1 0 0
  1 13 3 0 8 7 5.5 0 0 0
  1 14 3 0 19 2.63157894736842 2.52631578947368 0.105263157894737 0 0
  1 15 3 0 15 3.73333333333333 2.86666666666667 0.0666666666666667 0 0
  1 16 3 0 12 3.91666666666667 4.33333333333333 0.0833333333333333 0 0
  1 17 3 0 14 1.28571428571429 4.42857142857143 1.42857142857143 0 0
  1 18 3 0 14 3.64285714285714 3.42857142857143 0.0714285714285714 0 0
  1 19 3 0 15 3.93333333333333 2.73333333333333 0 0 0
  1 20 3 0 17 3 2.64705882352941 0.235294117647059 0 0
  1 21 3 0 12 4.16666666666667 4.16666666666667 0 0 0
  1 22 3 0 11 5.81818181818182 3.27272727272727 0 0 0
  1 23 3 0 16 2.8125 3.4375 0 0 0
  1 24 3 0 15 2.33333333333333 3.53333333333333 0.8 0 0
  1 25 3 0 4 13 12 0 0 0
  1 26 3 0 14 3.64285714285714 3.5 0 0 0
  1 27 3 0 6 9.66666666666667 7 0 0 0
  1 28 3 0 4 14.5 10.25 0.25 0 0
  1 29 3 0 2 28 21.5 0.5 0 0
  1 30 3 0 10 5.1 4.9 0 0 0
  1 31 3 0 9 5.33333333333333 5.77777777777778 0 0 0
  1 32 3 0 12 1.58333333333333 4.75 2 0 0
  1 33 3 0 5 11.6 8 0.4 0 0
  1 34 3 0 9 7 3.77777777777778 0.333333333333333 0 0
  1 35 3 0 5 10.6 9 0.4 0 0
  1 36 3 0 5 10 10 0 0 0
  1 37 3 0 3 19.6666666666667 13.6666666666667 0 0 0
  1 38 3 0 15 3.53333333333333 3 0.133333333333333 0 0
  1 39 3 0 12 4.66666666666667 3.66666666666667 0 0 0
  1 40 3 0 9 6.44444444444444 4.55555555555556 0.111111111111111 0 0
  1 41 3 0 8 2.875 6.75 2.875 0 0
  1 42 3 0 12 3.5 4.25 0.5 0.0833333333333333 0
  1 1 4 0 86 0.465116279069767 0.104651162790698 0.581395348837209 0.0116279069767442 0
  1 2 4 0 100 0.03 0.1 0.84 0.03 0
  1 3 4 0 33 2.03030303030303 1 0 0 0
  1 4 4 0 44 1.93181818181818 0.340909090909091 0 0 0
  1 5 4 0 34 2.23529411764706 0.705882352941177 0 0 0
  1 6 4 0 40 1.825 0.675 0 0 0
  1 7 4 0 39 1.97435897435897 0.58974358974359 0 0 0
  1 8 4 0 49 1.61224489795918 0.428571428571429 0 0 0
  1 9 4 0 36 2.16666666666667 0.611111111111111 0 0 0
  1 10 4 0 43 1.83720930232558 0.488372093023256 0 0 0
  1 11 4 0 41 2 0.439024390243902 0 0 0
  1 12 4 0 35 2.2 0.657142857142857 0 0 0
  1 13 4 0 32 2.40625 0.71875 0 0 0
  1 14 4 0 21 3.9047619047619 0.857142857142857 0 0 0
  1 15 4 0 30 2.66666666666667 0.666666666666667 0 0 0
  1 16 4 0 19 4.42105263157895 0.842105263157895 0 0 0
  1 17 4 0 35 2.31428571428571 0.542857142857143 0 0 0
  1 18 4 0 27 2.74074074074074 0.925925925925926 0.037037037037037 0 0
  1 19 4 0 34 2.38235294117647 0.558823529411765 0 0 0
  1 20 4 0 42 1.83333333333333 0.547619047619048 0 0 0
  1 21 4 0 41 2 0.439024390243902 0 0 0
  1 22 4 0 44 1.79545454545455 0.477272727272727 0 0 0
  1 23 4 0 28 3 0.571428571428571 0 0 0
  1 24 4 0 34 2.26470588235294 0.676470588235294 0 0 0
  1 25 4 0 36 2.22222222222222 0.555555555555556 0 0 0
  1 26 4 0 31 2.58064516129032 0.645161290322581 0 0 0
  1 27 4 0 39 2 0.538461538461538 0.0256410256410256 0 0
  1 28 4 0 38 2.26315789473684 0.368421052631579 0 0 0
  1 29 4 0 48 1.60416666666667 0.479166666666667 0 0 0
  1 30 4 0 38 2.18421052631579 0.447368421052632 0 0 0
  1 31 4 0 61 1.34426229508197 0.295081967213115 0 0 0
  1 32 4 0 48 1.79166666666667 0.291666666666667 0 0 0
  1 33 4 0 49 1.69387755102041 0.346938775510204 0 0 0
  1 34 4 0 44 1.93181818181818 0.340909090909091 0 0 0
  1 35 4 0 61 1.29508196721311 0.344262295081967 0 0 0
  1 36 4 0 67 1.19402985074627 0.298507462686567 0 0 0
  1 37 4 0 57 1.3859649122807 0.368421052631579 0 0 0
  1 38 4 0 38 2.21052631578947 0.421052631578947 0 0 0
  1 39 4 0 52 1.38461538461538 0.519230769230769 0.0192307692307692 0 0
  1 40 4 0 43 1.7906976744186 0.534883720930233 0 0 0
  1 41 4 0 42 1.85714285714286 0.523809523809524 0 0 0
  1 42 4 0 61 1.36065573770492 0.278688524590164 0 0 0
  2 1 1 0 58 0 0.0689655172413793 1.53448275862069 0.120689655172414 0
  2 2 1 0 83 0 0.421686746987952 0.566265060240964 0.216867469879518 0
  2 3 1 0 63 0 0.968253968253968 0.619047619047619 0 0
  2 4 1 0 56 0 1.35714285714286 0.410714285714286 0.0178571428571429 0
  2 5 1 0 55 0 0.472727272727273 1.34545454545455 0 0
  2 6 1 0 45 0 0.0666666666666667 2.13333333333333 0.0222222222222222 0
  2 7 1 0 46 0.0217391304347826 2.02173913043478 0.108695652173913 0.0217391304347826 0
  2 8 1 0 56 0 0.0714285714285714 1.71428571428571 0 0
  2 9 1 0 51 0.0196078431372549 1.68627450980392 0.215686274509804 0.0392156862745098 0
  2 10 1 0 44 0.0454545454545455 1.15909090909091 1.06818181818182 0 0
  2 11 1 0 49 0 0.612244897959184 1.42857142857143 0 0
  2 12 1 0 50 0.02 1.26 0.72 0 0
  2 13 1 0 48 0 0.791666666666667 1.29166666666667 0 0
  2 14 1 0 52 0 1.01923076923077 0.903846153846154 0 0
  2 15 1 0 31 0 1.83870967741935 1.38709677419355 0 0
  2 16 1 0 38 0 1.68421052631579 0.947368421052632 0 0
  2 17 1 0 26 0 2 1.84615384615385 0 0
  2 18 1 0 33 0 1.54545454545455 1.48484848484848 0 0
  2 19 1 0 31 0.032258064516129 2.2258064516129 0.967741935483871 0 0
  2 20 1 0 38 0.0263157894736842 1.89473684210526 0.710526315789474 0 0
  2 21 1 0 30 0.0333333333333333 1.76666666666667 1.53333333333333 0 0
  2 22 1 0 35 0.0571428571428571 2.22857142857143 0.571428571428571 0 0
  2 23 1 0 35 0 0.857142857142857 2 0 0
  2 24 1 0 26 0.115384615384615 2.53846153846154 1.19230769230769 0 0
  2 25 1 0 32 0 1.34375 1.78125 0 0
  2 26 1 0 26 0 3.03846153846154 0.807692307692308 0 0
  2 27 1 0 37 0 1.21621621621622 1.48648648648649 0 0
  2 28 1 0 35 0 2.08571428571429 0.771428571428571 0 0
  2 29 1 0 33 0 1.15151515151515 1.87878787878788 0 0
  2 30 1 0 45 0 1.8 0.422222222222222 0 0
  2 31 1 0 34 0 1.67647058823529 1.26470588235294 0 0
  2 32 1 0 36 0 1.72222222222222 1.05555555555556 0 0
  2 33 1 0 42 0 0.119047619047619 2.26190476190476 0 0
  2 34 1 0 34 0 2.5 0.441176470588235 0 0
  2 35 1 0 35 0 1.02857142857143 1.82857142857143 0 0
  2 36 1 0 28 0.0357142857142857 2.03571428571429 1.5 0 0
  2 37 1 0 22 0.0454545454545455 3.5 1 0 0
  2 38 1 0 32 0 1.65625 1.46875 0 0
  2 39 1 0 27 0 0.185185185185185 3.48148148148148 0.037037037037037 0
  2 40 1 0 39 0 1.58974358974359 0.948717948717949 0.0256410256410256 0
  2 41 1 0 20 0 3.35 1.65 0 0
  2 42 1 0 30 0 1.06666666666667 2.26666666666667 0 0
  2 1 2 0 16 1.25 1.375 1.125 1.3125 1.1875
  2 2 2 0 20 0.95 1.35 1.05 1.1 0.55
  2 3 2 0 34 0.617647058823529 0.529411764705882 0.588235294117647 0.470588235294118 0.735294117647059
  2 4 2 0 15 1.53333333333333 1.4 1.26666666666667 1.26666666666667 1.2
  2 5 2 0 4 5.75 5.5 5.25 5 3.5
  2 6 2 0 7 3 1.71428571428571 3.57142857142857 2.71428571428571 3.28571428571429
  2 7 2 0 18 1.38888888888889 0.888888888888889 1 1.33333333333333 0.944444444444444
  2 8 2 0 22 1 0.954545454545455 0.727272727272727 1.22727272727273 0.636363636363636
  2 9 2 0 21 1 1 1 0.761904761904762 1
  2 10 2 0 11 1.18181818181818 1.90909090909091 1.54545454545455 2.18181818181818 2.27272727272727
  2 11 2 0 7 2.14285714285714 2.42857142857143 3 2.85714285714286 3.85714285714286
  2 12 2 0 19 1.31578947368421 0.789473684210526 0.894736842105263 1.36842105263158 0.894736842105263
  2 13 2 0 32 0.5625 0.5 0.8125 0.5625 0.6875
  2 14 2 0 34 0.617647058823529 0.529411764705882 0.588235294117647 0.617647058823529 0.588235294117647
  2 15 2 0 27 0.740740740740741 0.777777777777778 0.703703703703704 0.777777777777778 0.703703703703704
  2 16 2 0 42 0.476190476190476 0.619047619047619 0.285714285714286 0.476190476190476 0.523809523809524
  2 17 2 0 34 0.5 0.558823529411765 0.5 0.764705882352941 0.617647058823529
  2 18 2 0 28 0.5 0.75 1 0.821428571428571 0.5
  2 19 2 0 26 0.961538461538462 0.884615384615385 0.423076923076923 0.807692307692308 0.769230769230769
  2 20 2 0 32 0.625 0.78125 0.4375 0.625 0.65625
  2 21 2 0 37 0.594594594594595 0.594594594594595 0.513513513513513 0.567567567567568 0.432432432432432
  2 22 2 0 38 0.394736842105263 0.526315789473684 0.473684210526316 0.526315789473684 0.710526315789474
  2 23 2 0 41 0.682926829268293 0.560975609756098 0.390243902439024 0.341463414634146 0.463414634146341
  2 24 2 0 33 0.515151515151515 0.666666666666667 0.424242424242424 0.757575757575758 0.666666666666667
  2 25 2 0 45 0.444444444444444 0.422222222222222 0.577777777777778 0.4 0.377777777777778
  2 26 2 0 28 0.857142857142857 0.642857142857143 0.714285714285714 0.821428571428571 0.535714285714286
  2 27 2 0 47 0.425531914893617 0.446808510638298 0.531914893617021 0.404255319148936 0.319148936170213
  2 28 2 0 22 0.909090909090909 0.863636363636364 0.772727272727273 0.818181818181818 1.18181818181818
  2 29 2 0 40 0.425 0.45 0.425 0.575 0.625
  2 30 2 0 28 0.571428571428571 0.857142857142857 1.07142857142857 0.464285714285714 0.607142857142857
  2 31 2 0 32 0.65625 0.78125 0.40625 0.78125 0.5
  2 32 2 0 40 0.425 0.425 0.525 0.7 0.425
  2 33 2 0 43 0.441860465116279 0.441860465116279 0.418604651162791 0.418604651162791 0.604651162790698
  2 34 2 0 46 0.521739130434783 0.5 0.326086956521739 0.347826086956522 0.478260869565217
  2 35 2 0 60 0.216666666666667 0.333333333333333 0.333333333333333 0.433333333333333 0.35
  2 36 2 0 49 0.346938775510204 0.306122448979592 0.408163265306122 0.428571428571429 0.551020408163265
  2 37 2 0 32 0.625 0.71875 0.46875 0.8125 0.5
  2 38 2 0 30 0.466666666666667 0.833333333333333 0.833333333333333 0.666666666666667 0.533333333333333
  2 39 2 0 29 0.724137931034483 0.655172413793103 0.793103448275862 0.448275862068966 0.827586206896552
  2 40 2 0 31 0.741935483870968 0.645161290322581 0.451612903225806 0.580645161290323 0.806451612903226
  2 41 2 0 14 1.42857142857143 1.35714285714286 1.35714285714286 1.85714285714286 1.14285714285714
  2 42 2 0 19 1.52631578947368 1.10526315789474 1.15789473684211 0.789473684210526 0.684210526315789
  2 2 3 0 3 0 0 3 30.3333333333333 0
  2 3 3 0 3 7 26.3333333333333 0 0 0
  2 4 3 0 7 0 3.85714285714286 10.4285714285714 0 0
  2 5 3 0 1 17 81 0 2 0
  2 6 3 0 14 0.0714285714285714 2.14285714285714 4.71428571428571 0.214285714285714 0
  2 8 3 0 10 1.4 8 0.5 0.1 0
  2 9 3 0 6 2.66666666666667 13.1666666666667 0.833333333333333 0 0
  2 10 3 0 2 3 42 4.5 0.5 0
  2 12 3 0 1 12 69 16 3 0
  2 14 3 0 9 1.33333333333333 9.22222222222222 0.555555555555556 0 0
  2 15 3 0 5 2.6 16.4 1 0 0
  2 16 3 0 9 1.22222222222222 9.55555555555556 0.333333333333333 0 0
  2 17 3 0 9 0 3 7.55555555555556 0.555555555555556 0
  2 18 3 0 13 0.538461538461538 5.23076923076923 0.769230769230769 1.15384615384615 0
  2 19 3 0 14 1.07142857142857 5.64285714285714 0.428571428571429 0 0
  2 20 3 0 19 0.157894736842105 2.52631578947368 2.57894736842105 0 0
  2 21 3 0 20 0.4 4.25 0.25 0.1 0
  2 22 3 0 23 0.521739130434783 3.82608695652174 0 0 0
  2 23 3 0 26 0.538461538461538 3 0.307692307692308 0 0
  2 24 3 0 28 0.0357142857142857 1.25 2.10714285714286 0.178571428571429 0
  2 25 3 0 20 0.65 3.65 0.45 0.25 0
  2 26 3 0 7 2 11.5714285714286 0.571428571428571 0.142857142857143 0
  2 27 3 0 5 1.6 17.6 0.6 0.2 0
  2 29 3 0 6 0.833333333333333 14.5 1.33333333333333 0 0
  2 30 3 0 14 1 5.92857142857143 0.214285714285714 0 0
  2 31 3 0 7 1.14285714285714 12.8571428571429 0.285714285714286 0 0
  2 32 3 0 20 0.2 1.3 3.4 0.1 0
  2 33 3 0 18 0.666666666666667 2.94444444444444 1.22222222222222 0.722222222222222 0
  2 34 3 0 15 0.733333333333333 4.73333333333333 0.866666666666667 0.333333333333333 0
  2 35 3 0 28 0.321428571428571 2.67857142857143 0.464285714285714 0.107142857142857 0
  2 36 3 0 25 0.48 3.52 0 0 0
  2 37 3 0 19 0.631578947368421 4.52631578947368 0.105263157894737 0 0
  2 38 3 0 33 0.212121212121212 2.6969696969697 0.121212121212121 0 0
  2 39 3 0 32 0.21875 2.4375 0.4375 0.03125 0
  2 40 3 0 34 0.264705882352941 2.08823529411765 0.529411764705882 0.0588235294117647 0
  2 41 3 0 20 0.1 1.05 3.05 0.8 0
  2 42 3 0 27 0.0740740740740741 0.740740740740741 1.14814814814815 1.74074074074074 0
  2 1 4 0 44 0 0 2.13636363636364 0.136363636363636 0
  2 2 4 0 75 0 0.0133333333333333 1.22666666666667 0.0933333333333333 0
  2 3 4 0 66 0.0303030303030303 1.46969696969697 0.0151515151515152 0 0
  2 4 4 0 54 0 1.61111111111111 0.240740740740741 0 0
  2 5 4 0 31 0 2.09677419354839 1.12903225806452 0 0
  2 6 4 0 24 0 1.91666666666667 2.25 0 0
  2 7 4 0 20 0.05 4.65 0.3 0 0
  2 8 4 0 25 0.04 1.56 2.4 0 0
  2 9 4 0 44 0.0227272727272727 2.15909090909091 0.0909090909090909 0 0
  2 10 4 0 36 0.0555555555555556 2.05555555555556 0.666666666666667 0 0
  2 11 4 0 22 0 3 1.54545454545455 0 0
  2 12 4 0 21 0.142857142857143 4.33333333333333 0.285714285714286 0 0
  2 13 4 0 26 0 3.34615384615385 0.5 0 0
  2 14 4 0 35 0 2.48571428571429 0.371428571428571 0 0
  2 15 4 0 21 0 4.28571428571429 0.476190476190476 0 0
  2 16 4 0 30 0 3.13333333333333 0.2 0 0
  2 17 4 0 40 0.05 1.9 0.55 0 0
  2 18 4 0 42 0.0714285714285714 1.78571428571429 0.523809523809524 0 0
  2 19 4 0 46 0.0434782608695652 2.02173913043478 0.108695652173913 0 0
  2 20 4 0 37 0 2.45945945945946 0.243243243243243 0 0
  2 21 4 0 44 0.0454545454545455 1.88636363636364 0.340909090909091 0 0
  2 22 4 0 42 0.0476190476190476 2.11904761904762 0.214285714285714 0 0
  2 23 4 0 35 0.0571428571428571 2.31428571428571 0.485714285714286 0 0
  2 24 4 0 26 0.0384615384615385 3.23076923076923 0.576923076923077 0 0
  2 25 4 0 19 0.263157894736842 4.42105263157895 0.578947368421053 0 0
  2 26 4 0 29 0.103448275862069 3 0.344827586206897 0 0
  2 27 4 0 10 0.2 8.8 1 0 0
  2 28 4 0 20 0 4.35 0.65 0 0
  2 29 4 0 25 0.04 3.36 0.6 0 0
  2 30 4 0 18 0.0555555555555556 4.77777777777778 0.722222222222222 0 0
  2 31 4 0 24 0.0416666666666667 3.41666666666667 0.708333333333333 0 0
  2 32 4 0 21 0.0952380952380952 4.04761904761905 0.619047619047619 0 0
  2 33 4 0 10 0.3 5.2 4.5 0 0
  2 34 4 0 12 0.166666666666667 7.66666666666667 0.5 0 0
  2 35 4 0 29 0 3 0.448275862068966 0 0
  2 36 4 0 17 0.0588235294117647 5.05882352941176 0.764705882352941 0 0
  2 37 4 0 39 0.0769230769230769 2.30769230769231 0.179487179487179 0 0
  2 38 4 0 9 0.111111111111111 8.55555555555556 2.44444444444444 0 0
  2 39 4 0 50 0.02 1.28 0.7 0 0
  2 40 4 0 15 0.133333333333333 5.4 1.13333333333333 0 0
  2 41 4 0 7 0.142857142857143 10.8571428571429 3.28571428571429 0 0
  2 42 4 0 9 0.111111111111111 7.11111111111111 3.88888888888889 0 0
# end survey length observations 
#  
# Fishery catch data 
# Number of observations, init_int Ncatch_obs
  168
# init_matrix obs_catch_biomass(1,Ncatch_obs,1,6) 
# Fleet	Area	Year	Species	Catch(biomass t)	CV 
  1 1 1 1 15670.5013359838 0.05
  1 1 2 1 20987.9742902151 0.05
  1 1 3 1 18326.7089963151 0.05
  1 1 4 1 20918.2674448575 0.05
  1 1 5 1 24664.2687407443 0.05
  1 1 6 1 14660.4370234278 0.05
  1 1 7 1 14641.2627979536 0.05
  1 1 8 1 13548.2052972195 0.05
  1 1 9 1 12568.4065478919 0.05
  1 1 10 1 16535.510083626 0.05
  1 1 11 1 19325.6376167532 0.05
  1 1 12 1 18617.610231499 0.05
  1 1 13 1 18069.051942257 0.05
  1 1 14 1 16134.2497537817 0.05
  1 1 15 1 12283.9897853983 0.05
  1 1 16 1 8539.31201472708 0.05
  1 1 17 1 8507.48989057531 0.05
  1 1 18 1 4679.90680740673 0.05
  1 1 19 1 3770.66267068799 0.05
  1 1 20 1 4910.9551748469 0.05
  1 1 21 1 3818.60513630395 0.05
  1 1 22 1 5559.17202451032 0.05
  1 1 23 1 4589.81943457603 0.05
  1 1 24 1 6039.53547002993 0.05
  1 1 25 1 4373.0288292007 0.05
  1 1 26 1 5645.11829626199 0.05
  1 1 27 1 2039.45505314224 0.05
  1 1 28 1 1774.75127885514 0.05
  1 1 29 1 2419.68637310676 0.05
  1 1 30 1 3712.80868500774 0.05
  1 1 31 1 3969.10804617149 0.05
  1 1 32 1 3888.79031425179 0.05
  1 1 33 1 1715.64016045891 0.05
  1 1 34 1 2047.35638238127 0.05
  1 1 35 1 1303.48466968708 0.05
  1 1 36 1 716.053545207068 0.05
  1 1 37 1 1091.7595301982 0.05
  1 1 38 1 1033.94613325233 0.05
  1 1 39 1 848.996822222349 0.05
  1 1 40 1 555.229102648399 0.05
  1 1 41 1 674.937613480931 0.05
  1 1 42 1 354.021746860251 0.05
  1 1 1 4 6417.03677093556 0.05
  1 1 2 4 4048.3342427429 0.05
  1 1 3 4 6344.16297924134 0.05
  1 1 4 4 6167.47706717632 0.05
  1 1 5 4 9096.92838785949 0.05
  1 1 6 4 9212.22965332976 0.05
  1 1 7 4 5825.73536387722 0.05
  1 1 8 4 7038.08907304247 0.05
  1 1 9 4 7152.80343313985 0.05
  1 1 10 4 7193.68441793756 0.05
  1 1 11 4 8189.59886437295 0.05
  1 1 12 4 9364.11615523306 0.05
  1 1 13 4 13745.9568063395 0.05
  1 1 14 4 12994.0749713194 0.05
  1 1 15 4 8112.25428013386 0.05
  1 1 16 4 6451.22876106617 0.05
  1 1 17 4 12300.9709329828 0.05
  1 1 18 4 5103.62824672771 0.05
  1 1 19 4 5364.22406099709 0.05
  1 1 20 4 8778.58347833947 0.05
  1 1 21 4 4674.54783167212 0.05
  1 1 22 4 4493.81414050011 0.05
  1 1 23 4 7686.38814317826 0.05
  1 1 24 4 6629.52496148758 0.05
  1 1 25 4 6268.58114936522 0.05
  1 1 26 4 4371.16353533424 0.05
  1 1 27 4 2893.10088120937 0.05
  1 1 28 4 1763.84234110471 0.05
  1 1 29 4 5235.92850509432 0.05
  1 1 30 4 3629.5370308582 0.05
  1 1 31 4 2393.23152265423 0.05
  1 1 32 4 3438.7382240898 0.05
  1 1 33 4 3044.28060925322 0.05
  1 1 34 4 2965.45494153645 0.05
  1 1 35 4 3538.69438236005 0.05
  1 1 36 4 2515.71906572487 0.05
  1 1 37 4 4663.42566667874 0.05
  1 1 38 4 4555.38557185422 0.05
  1 1 39 4 5380.52795349737 0.05
  1 1 40 4 3781.68902167469 0.05
  1 1 41 4 3430.04401463297 0.05
  1 1 42 4 2376.77711703641 0.05
  2 1 1 2 1415.4629481644 0.05
  2 1 2 2 869.410251076303 0.05
  2 1 3 2 1549.51335627029 0.05
  2 1 4 2 902.82954065373 0.05
  2 1 5 2 1283.26843999722 0.05
  2 1 6 2 1133.56304964898 0.05
  2 1 7 2 747.164674870536 0.05
  2 1 8 2 867.763366727644 0.05
  2 1 9 2 909.51296103199 0.05
  2 1 10 2 789.503606197278 0.05
  2 1 11 2 1084.32056690264 0.05
  2 1 12 2 966.867258761065 0.05
  2 1 13 2 3741.29003604017 0.05
  2 1 14 2 1677.00595272996 0.05
  2 1 15 2 1173.72712349082 0.05
  2 1 16 2 2506.74889666779 0.05
  2 1 17 2 1929.09137997168 0.05
  2 1 18 2 27.5465312262609 0.05
  2 1 19 2 3707.55426969234 0.05
  2 1 20 2 6161.80943182533 0.05
  2 1 21 2 13062.4294058559 0.05
  2 1 22 2 14882.316855116 0.05
  2 1 23 2 8984.2066341373 0.05
  2 1 24 2 22860.8420682827 0.05
  2 1 25 2 10219.2691505146 0.05
  2 1 26 2 13398.1596639598 0.05
  2 1 27 2 12834.8008343315 0.05
  2 1 28 2 8664.67835173156 0.05
  2 1 29 2 9810.4885996771 0.05
  2 1 30 2 8225.41535047044 0.05
  2 1 31 2 8341.64659616277 0.05
  2 1 32 2 18422.9258288485 0.05
  2 1 33 2 9876.15240899387 0.05
  2 1 34 2 19224.6714163952 0.05
  2 1 35 2 18907.7006151843 0.05
  2 1 36 2 22171.7834815428 0.05
  2 1 37 2 18715.2665400565 0.05
  2 1 38 2 18083.1212025039 0.05
  2 1 39 2 10453.9807619099 0.05
  2 1 40 2 7053.06130112982 0.05
  2 1 41 2 6265.41555819792 0.05
  2 1 42 2 1443.18349542546 0.05
  2 1 1 3 488.020811870078 0.05
  2 1 2 3 230.243863735463 0.05
  2 1 3 3 315.050824752118 0.05
  2 1 4 3 364.271374216357 0.05
  2 1 5 3 2633.14378663272 0.05
  2 1 6 3 3219.93074038207 0.05
  2 1 7 3 2881.27841422226 0.05
  2 1 8 3 2586.59919354961 0.05
  2 1 9 3 3337.71139816088 0.05
  2 1 10 3 2320.71267157241 0.05
  2 1 11 3 3260.77095036414 0.05
  2 1 12 3 566.193937612858 0.05
  2 1 13 3 2422.33198619214 0.05
  2 1 14 3 1236.87107768993 0.05
  2 1 15 3 1028.65418166056 0.05
  2 1 16 3 867.296472872142 0.05
  2 1 17 3 15940.4855928758 0.05
  2 1 18 3 1238.80054151356 0.05
  2 1 19 3 774.972178614183 0.05
  2 1 20 3 756.890027995445 0.05
  2 1 21 3 468.324726763534 0.05
  2 1 22 3 2586.34937666658 0.05
  2 1 23 3 1029.85188594771 0.05
  2 1 24 3 254.257752534679 0.05
  2 1 25 3 909.388034391061 0.05
  2 1 26 3 2205.83065750422 0.05
  2 1 27 3 2428.48028105369 0.05
  2 1 28 3 715.419029119116 0.05
  2 1 29 3 1552.5716830651 0.05
  2 1 30 3 2083.2829736907 0.05
  2 1 31 3 1650.11949494924 0.05
  2 1 32 3 670.958833156712 0.05
  2 1 33 3 170.515459611636 0.05
  2 1 34 3 129.2770107354 0.05
  2 1 35 3 154.81749320635 0.05
  2 1 36 3 2058.45992420805 0.05
  2 1 37 3 2430.92957148457 0.05
  2 1 38 3 1032.74750408637 0.05
  2 1 39 3 878.049347258103 0.05
  2 1 40 3 1619.52857327471 0.05
  2 1 41 3 17336.8082855426 0.05
  2 1 42 3 18265.6573497052 0.05
# end catch observations 
#  
# Fishery size comp data 
# Number of observations, init_int Ncatch_size_obs 
  168
# init_matrix obs_catch_size(1,Ncatch_size_obs,1,ncol) 
# Fleet Area  Year  Species Type (0=whole, 1=retained, 2=discard) InpN, proportion by size bin 
  1 1 1 1 0 81 0.0123456790123457 0.45679012345679 0.493827160493827 0.0246913580246914 0.246913580246914
  1 1 2 1 0 73 1.35616438356164 0 0.0136986301369863 0 0
  1 1 3 1 0 65 1.46153846153846 0.0153846153846154 0.0461538461538462 0.0153846153846154 0
  1 1 4 1 0 56 1.75 0.0357142857142857 0 0 0
  1 1 5 1 0 120 0.775 0.0416666666666667 0.0166666666666667 0 0
  1 1 6 1 0 130 0.269230769230769 0.361538461538462 0.138461538461538 0 0
  1 1 7 1 0 94 1.06382978723404 0 0 0 0
  1 1 8 1 0 94 0.457446808510638 0.595744680851064 0.0106382978723404 0 0
  1 1 9 1 0 82 1.21951219512195 0 0 0 0
  1 1 10 1 0 76 1.28947368421053 0.0263157894736842 0 0 0
  1 1 11 1 0 74 1.27027027027027 0.0675675675675676 0.0135135135135135 0 0
  1 1 12 1 0 65 1.52307692307692 0.0153846153846154 0 0 0
  1 1 13 1 0 77 1.27272727272727 0.025974025974026 0 0 0
  1 1 14 1 0 88 1.10227272727273 0.0340909090909091 0 0 0
  1 1 15 1 0 66 1.5 0.0151515151515152 0 0 0
  1 1 16 1 0 69 1.43478260869565 0.0144927536231884 0 0 0
  1 1 17 1 0 43 2.30232558139535 0.0232558139534884 0 0 0
  1 1 18 1 0 34 2.88235294117647 0.0588235294117647 0 0 0
  1 1 19 1 0 55 1.78181818181818 0.0363636363636364 0 0 0
  1 1 20 1 0 64 1.546875 0.015625 0 0 0
  1 1 21 1 0 77 1.28571428571429 0.012987012987013 0 0 0
  1 1 22 1 0 67 1.49253731343284 0 0 0 0
  1 1 23 1 0 133 0.736842105263158 0.0075187969924812 0.0075187969924812 0 0
  1 1 24 1 0 98 1.01020408163265 0.0102040816326531 0 0 0
  1 1 25 1 0 91 1.0989010989011 0 0 0 0
  1 1 26 1 0 77 1.28571428571429 0.012987012987013 0 0 0
  1 1 27 1 0 102 0.96078431372549 0.0196078431372549 0 0 0
  1 1 28 1 0 76 1.31578947368421 0 0 0 0
  1 1 29 1 0 110 0.881818181818182 0.0272727272727273 0 0 0
  1 1 30 1 0 100 0.98 0.02 0 0 0
  1 1 31 1 0 108 0.925925925925926 0 0 0 0
  1 1 32 1 0 118 0.805084745762712 0.0423728813559322 0 0 0
  1 1 33 1 0 129 0.395348837209302 0.325581395348837 0.0542635658914729 0 0
  1 1 34 1 0 90 1.1 0.0111111111111111 0 0 0
  1 1 35 1 0 69 1.40579710144928 0.0434782608695652 0 0 0
  1 1 36 1 0 80 1.25 0 0 0 0
  1 1 37 1 0 62 1.61290322580645 0 0 0 0
  1 1 38 1 0 94 1.04255319148936 0.0212765957446809 0 0 0
  1 1 39 1 0 75 0.826666666666667 0.413333333333333 0.0933333333333333 0 0
  1 1 40 1 0 75 1.30666666666667 0.0266666666666667 0 0 0
  1 1 41 1 0 35 2.82857142857143 0 0.0285714285714286 0 0
  1 1 42 1 0 22 4.5 0.0454545454545455 0 0 0
  1 1 1 4 0 5 5.4 0 0 0 14.6
  1 1 2 4 0 5 20 0 0 0 0
  1 1 3 4 0 5 20 0 0 0 0
  1 1 4 4 0 5 20 0 0 0 0
  1 1 5 4 0 5 20 0 0 0 0
  1 1 6 4 0 5 20 0 0 0 0
  1 1 7 4 0 5 20 0 0 0 0
  1 1 8 4 0 5 20 0 0 0 0
  1 1 9 4 0 5 20 0 0 0 0
  1 1 10 4 0 5 20 0 0 0 0
  1 1 11 4 0 1 100 0 0 0 0
  1 1 12 4 0 5 20 0 0 0 0
  1 1 13 4 0 1 100 0 0 0 0
  1 1 14 4 0 2 50 0 0 0 0
  1 1 15 4 0 8 12.5 0 0 0 0
  1 1 16 4 0 3 33.3333333333333 0 0 0 0
  1 1 17 4 0 3 33.3333333333333 0 0 0 0
  1 1 18 4 0 1 100 0 0 0 0
  1 1 19 4 0 3 33.3333333333333 0 0 0 0
  1 1 20 4 0 3 33.3333333333333 0 0 0 0
  1 1 21 4 0 3 33.3333333333333 0 0 0 0
  1 1 22 4 0 2 50 0 0 0 0
  1 1 23 4 0 6 16.6666666666667 0 0 0 0
  1 1 24 4 0 1 100 0 0 0 0
  1 1 25 4 0 1 100 0 0 0 0
  1 1 26 4 0 2 50 0 0 0 0
  1 1 27 4 0 2 50 0 0 0 0
  1 1 28 4 0 4 25 0 0 0 0
  1 1 29 4 0 7 14.2857142857143 0 0 0 0
  1 1 30 4 0 6 16.6666666666667 0 0 0 0
  1 1 31 4 0 10 10 0 0 0 0
  1 1 32 4 0 7 14.2857142857143 0 0 0 0
  1 1 33 4 0 15 6.66666666666667 0 0 0 0
  1 1 34 4 0 19 5.26315789473684 0 0 0 0
  1 1 35 4 0 13 7.69230769230769 0 0 0 0
  1 1 36 4 0 23 4.34782608695652 0 0 0 0
  1 1 37 4 0 7 14.2857142857143 0 0 0 0
  1 1 38 4 0 7 14.2857142857143 0 0 0 0
  1 1 39 4 0 19 5.26315789473684 0 0 0 0
  1 1 40 4 0 25 4 0 0 0 0
  1 1 41 4 0 31 3.2258064516129 0 0 0 0
  1 1 42 4 0 31 3.2258064516129 0 0 0 0
  2 1 1 2 0 2 0 23 21.5 5.5 0
  2 1 2 2 0 5 5 2.2 8.2 4.6 0
  2 1 3 2 0 2 50 0 0 0 0
  2 1 4 2 0 5 11 9 0 0 0
  2 1 5 2 0 5 20 0 0 0 0
  2 1 6 2 0 5 16.6 3.4 0 0 0
  2 1 7 2 0 5 20 0 0 0 0
  2 1 8 2 0 1 100 0 0 0 0
  2 1 9 2 0 5 20 0 0 0 0
  2 1 10 2 0 5 20 0 0 0 0
  2 1 11 2 0 2 50 0 0 0 0
  2 1 12 2 0 5 20 0 0 0 0
  2 1 13 2 0 5 20 0 0 0 0
  2 1 14 2 0 5 20 0 0 0 0
  2 1 15 2 0 5 19.8 0.2 0 0 0
  2 1 16 2 0 5 19.8 0.2 0 0 0
  2 1 17 2 0 5 20 0 0 0 0
  2 1 18 2 0 5 20 0 0 0 0
  2 1 19 2 0 5 20 0 0 0 0
  2 1 20 2 0 30 3.33333333333333 0 0 0 0
  2 1 21 2 0 46 2.15217391304348 0.0217391304347826 0 0 0
  2 1 22 2 0 10 10 0 0 0 0
  2 1 23 2 0 19 5.26315789473684 0 0 0 0
  2 1 24 2 0 61 1.36065573770492 0.278688524590164 0 0 0
  2 1 25 2 0 29 3.44827586206897 0 0 0 0
  2 1 26 2 0 32 3.125 0 0 0 0
  2 1 27 2 0 16 6.1875 0.0625 0 0 0
  2 1 28 2 0 31 3.2258064516129 0 0 0 0
  2 1 29 2 0 44 2.27272727272727 0 0 0 0
  2 1 30 2 0 29 3.44827586206897 0 0 0 0
  2 1 31 2 0 25 4 0 0 0 0
  2 1 32 2 0 22 2.90909090909091 1.63636363636364 0 0 0
  2 1 33 2 0 35 2.8 0.0285714285714286 0.0285714285714286 0 0
  2 1 34 2 0 28 3.57142857142857 0 0 0 0
  2 1 35 2 0 45 2.22222222222222 0 0 0 0
  2 1 36 2 0 51 1.96078431372549 0 0 0 0
  2 1 37 2 0 41 2.4390243902439 0 0 0 0
  2 1 38 2 0 36 2.77777777777778 0 0 0 0
  2 1 39 2 0 20 4.9 0.1 0 0 0
  2 1 40 2 0 14 7 0.142857142857143 0 0 0
  2 1 41 2 0 17 5.58823529411765 0.294117647058824 0 0 0
  2 1 42 2 0 24 4.16666666666667 0 0 0 0
  2 1 1 3 0 1 13 0 82 5 0
  2 1 2 3 0 5 8.8 0 5.8 5.4 0
  2 1 3 3 0 5 20 0 0 0 0
  2 1 4 3 0 1 99 1 0 0 0
  2 1 5 3 0 6 16.6666666666667 0 0 0 0
  2 1 6 3 0 4 24.75 0.25 0 0 0
  2 1 7 3 0 5 20 0 0 0 0
  2 1 8 3 0 1 99 1 0 0 0
  2 1 9 3 0 1 100 0 0 0 0
  2 1 10 3 0 1 100 0 0 0 0
  2 1 11 3 0 2 49.5 0.5 0 0 0
  2 1 12 3 0 5 20 0 0 0 0
  2 1 13 3 0 4 24.75 0.25 0 0 0
  2 1 14 3 0 8 12.5 0 0 0 0
  2 1 15 3 0 11 9.09090909090909 0 0 0 0
  2 1 16 3 0 5 20 0 0 0 0
  2 1 17 3 0 5 20 0 0 0 0
  2 1 18 3 0 1 100 0 0 0 0
  2 1 19 3 0 1 100 0 0 0 0
  2 1 20 3 0 4 24.75 0.25 0 0 0
  2 1 21 3 0 3 33 0.333333333333333 0 0 0
  2 1 22 3 0 4 25 0 0 0 0
  2 1 23 3 0 3 33.3333333333333 0 0 0 0
  2 1 24 3 0 3 33.3333333333333 0 0 0 0
  2 1 25 3 0 2 50 0 0 0 0
  2 1 26 3 0 4 25 0 0 0 0
  2 1 27 3 0 5 20 0 0 0 0
  2 1 28 3 0 4 25 0 0 0 0
  2 1 29 3 0 4 25 0 0 0 0
  2 1 30 3 0 24 4.16666666666667 0 0 0 0
  2 1 31 3 0 10 9.9 0.1 0 0 0
  2 1 32 3 0 12 8.25 0.0833333333333333 0 0 0
  2 1 33 3 0 4 25 0 0 0 0
  2 1 34 3 0 6 16.6666666666667 0 0 0 0
  2 1 35 3 0 2 50 0 0 0 0
  2 1 36 3 0 10 9.9 0.1 0 0 0
  2 1 37 3 0 9 11.1111111111111 0 0 0 0
  2 1 38 3 0 13 7.46153846153846 0.230769230769231 0 0 0
  2 1 39 3 0 16 6.25 0 0 0 0
  2 1 40 3 0 27 3.66666666666667 0.037037037037037 0 0 0
  2 1 41 3 0 15 6.66666666666667 0 0 0 0
  2 1 42 3 0 16 6.1875 0.0625 0 0 0
# end fishery length observations 
#  
# Survey diet proportion observations 
# Number of observations, init_int Ndietprop_obs 
  115
# init_matrix obs_dietprop(1,Ndietprop_obs,1,ncol) 
# Survey  Year  Predator  Predator_size InpN  wt_prey_1 wt_prey_2 wt_prey_3 wt_prey_4 wt_prey_5 wt_prey_6 wt_prey_7 wt_prey_8 wt_prey_9 wt_prey_10 wt_prey_11 other 
  1 12 1 2 100 0 0 0 0 1
  1 12 1 3 100 0 0 0 0 1
  1 13 1 3 100 0 0.09 0 0 0.91
  1 13 1 4 100 0 0.92 0 0 0.08
  1 15 1 2 100 0 0.87 0 0 0.13
  1 18 1 1 100 0.08 0 0 0 0.92
  1 18 1 2 100 0 0 0 0 1
  1 18 1 3 100 0 0 0 0 1
  1 19 1 2 100 0 0 0 0 1
  1 19 1 3 100 0 0.65 0 0 0.35
  1 20 1 3 100 0 0 0 0 1
  1 21 1 2 100 0 0 0 0 1
  1 21 1 3 100 0 0.24 0 0 0.76
  1 24 1 3 100 0 0.82 0 0 0.18
  1 25 1 3 100 0 1 0 0 0
  1 26 1 3 100 0 0.27 0 0 0.73
  1 27 1 3 100 0 0 1 0 0
  1 28 1 3 100 0 1 0 0 0
  1 33 1 3 100 0 1 0 0 0
  1 34 1 3 100 0 0.38 0 0 0.62
  1 35 1 3 100 0 0.09 0 0 0.91
  1 38 1 3 100 0 0 0 0 1
  1 39 1 3 100 0 0.01 0 0 0.99
  1 40 1 2 100 0 0.55 0 0 0.45
  1 41 1 2 100 0 0 0.53 0 0.47
  2 2 1 4 100 0 1 0 0 0
  2 11 1 3 100 0 0 0 0 1
  2 14 1 3 100 0 0 0 0 1
  2 14 1 4 100 0 0 0 0 1
  2 15 1 3 100 0 0 0 0 1
  2 16 1 3 100 0 0.48 0 0 0.52
  2 16 1 4 100 0 0 0 0 1
  2 19 1 3 100 0 0 0 0 1
  2 19 1 4 100 0 0.03 0 0 0.97
  2 21 1 3 100 0 0.8 0 0 0.2
  2 21 1 4 100 0 0.23 0 0 0.77
  2 22 1 3 100 0 1 0 0 0
  2 23 1 3 100 0 0 0 0 1
  2 24 1 3 100 0 0 0 0 1
  2 24 1 4 100 0 0 0 0 1
  2 25 1 2 100 0 0.68 0 0 0.32
  2 25 1 3 100 0 0 0 0 1
  2 26 1 3 100 0 0 0 0 1
  2 27 1 3 100 0 0.8 0 0 0.2
  2 27 1 4 100 0 0 0 0 1
  2 29 1 3 100 0 0 0 0 1
  2 33 1 3 100 0 0 0 0 1
  2 35 1 1 100 0 0 0 0 1
  2 35 1 2 100 0 1 0 0 0
  2 35 1 3 100 0 0 0 0 1
  2 36 1 3 100 0 0 0 0 1
  2 39 1 3 100 0 0.02 0 0 0.98
  2 40 1 2 100 0 0 0.15 0 0.85
  2 36 2 3 100 0 0 0 0 1
  2 30 3 2 100 0 0 0 0 1
  2 30 3 4 100 0 0.61 0 0 0.39
  1 8 4 2 100 0 0.64 0 0 0.36
  1 8 4 3 100 0 0 0 0 1
  1 11 4 3 100 0 0 0.56 0 0.44
  1 13 4 2 100 0 0 0.88 0 0.12
  1 13 4 3 100 0 0 0 0 1
  1 13 4 4 100 1 0 0 0 0
  1 14 4 3 100 0 0 0 0 1
  1 15 4 3 100 0 0 0 0 1
  1 15 4 4 100 0 0 0 0 1
  1 16 4 3 100 0 1 0 0 0
  1 16 4 4 100 0 0 0 0 1
  1 17 4 3 100 0 0.2 0 0 0.8
  1 18 4 3 100 0 1 0 0 0
  1 19 4 2 100 0 0.3 0 0 0.7
  1 19 4 3 100 0 0 0 0 1
  1 20 4 2 100 0 0 0.96 0 0.04
  1 20 4 3 100 0 0 0 0 1
  1 21 4 3 100 0 0 0 0 1
  1 22 4 2 100 0 0.22 0 0 0.78
  1 23 4 3 100 0 1 0 0 0
  1 24 4 3 100 0 0 0 0 1
  1 25 4 3 100 0 0 0 0 1
  1 25 4 4 100 0 0.42 0 0 0.58
  1 26 4 3 100 0 0 0 0 1
  1 27 4 2 100 0 0 0 0 1
  1 27 4 3 100 0 0 0 0 1
  1 28 4 2 100 0 0 0 0 1
  1 28 4 3 100 0 1 0 0 0
  1 29 4 3 100 0 0.42 0 0 0.58
  1 31 4 3 100 0 0.13 0 0 0.87
  1 31 4 4 100 0 0.35 0 0 0.65
  1 34 4 3 100 0 0 0 0 1
  1 40 4 3 100 0 0 1 0 0
  1 40 4 4 100 0 0 0 0 1
  1 42 4 3 100 0 0 0 0 1
  2 6 4 3 100 0 0 0.03 0 0.97
  2 8 4 3 100 0 0 0 0 1
  2 9 4 4 100 0 0 0 0.26 0.74
  2 14 4 4 100 0 0 0 0 1
  2 15 4 3 100 0 0 0 0 1
  2 16 4 3 100 0 0 0 0 1
  2 17 4 2 100 0 0 0 0 1
  2 18 4 3 100 0 0 0 0 1
  2 19 4 3 100 0 0 0 0 1
  2 21 4 3 100 0 0 0 0 1
  2 22 4 3 100 0 0.54 0 0 0.46
  2 23 4 3 100 0 0 1 0 0
  2 24 4 3 100 0 0.87 0 0 0.13
  2 25 4 3 100 0 1 0 0 0
  2 25 4 4 100 0 0 0.06 0 0.94
  2 27 4 3 100 0 0 0 0 1
  2 30 4 3 100 0 0.72 0 0 0.28
  2 33 4 3 100 0 0 0 0 1
  2 34 4 3 100 0 1 0 0 0
  2 35 4 3 100 0 0.94 0 0 0.06
  2 36 4 2 100 0 0.78 0 0 0.22
  2 36 4 3 100 0 1 0 0 0
  2 37 4 3 100 0 0.03 0 0 0.97
  2 42 4 3 100 0 0 1 0 0
# end survey diet proportion observations 
#  
